      xx/10.        Omega0        Omega1        Omega2           C_l         r_avg
         [-]       [kg^-1]     [m kg^-1]   [m^2 kg^-1]           [-]           [m]
 1.02500E+00   0.00000E+00   0.00000E+00   0.00000E+00   0.00000E+00           NaN
 1.07500E+00   0.00000E+00   0.00000E+00   0.00000E+00   0.00000E+00           NaN
 1.12500E+00   0.00000E+00   0.00000E+00   0.00000E+00   0.00000E+00           NaN
 1.17500E+00   0.00000E+00   0.00000E+00   0.00000E+00   0.00000E+00           NaN
 1.22500E+00   0.00000E+00   0.00000E+00   0.00000E+00   0.00000E+00           NaN
 1.27500E+00   0.00000E+00   0.00000E+00   0.00000E+00   0.00000E+00           NaN
 1.32500E+00   0.00000E+00   0.00000E+00   0.00000E+00   0.00000E+00           NaN
 1.37500E+00   0.00000E+00   0.00000E+00   0.00000E+00   0.00000E+00           NaN
 1.42500E+00   0.00000E+00   0.00000E+00   0.00000E+00   0.00000E+00           NaN
 1.47500E+00   0.00000E+00   0.00000E+00   0.00000E+00   0.00000E+00           NaN
 1.52500E+00   0.00000E+00   0.00000E+00   0.00000E+00   0.00000E+00           NaN
 1.57500E+00   0.00000E+00   0.00000E+00   0.00000E+00   0.00000E+00           NaN
 1.62500E+00   0.00000E+00   0.00000E+00   0.00000E+00   0.00000E+00           NaN
 1.67500E+00   0.00000E+00   0.00000E+00   0.00000E+00   0.00000E+00           NaN
 1.72500E+00   0.00000E+00   0.00000E+00   0.00000E+00   0.00000E+00           NaN
 1.77500E+00   0.00000E+00   0.00000E+00   0.00000E+00   0.00000E+00           NaN
 1.82500E+00   0.00000E+00   0.00000E+00   0.00000E+00   0.00000E+00           NaN
 1.87500E+00   0.00000E+00   0.00000E+00   0.00000E+00   0.00000E+00           NaN
 1.92500E+00   0.00000E+00   0.00000E+00   0.00000E+00   0.00000E+00           NaN
 1.97500E+00   0.00000E+00   0.00000E+00   0.00000E+00   0.00000E+00           NaN
 2.02500E+00   0.00000E+00   0.00000E+00   0.00000E+00   0.00000E+00           NaN
 2.07500E+00   0.00000E+00   0.00000E+00   0.00000E+00   0.00000E+00           NaN
 2.12500E+00   0.00000E+00   0.00000E+00   0.00000E+00   0.00000E+00           NaN
 2.17500E+00   0.00000E+00   0.00000E+00   0.00000E+00   0.00000E+00           NaN
 2.22500E+00   0.00000E+00   0.00000E+00   0.00000E+00   0.00000E+00           NaN
 2.27500E+00   0.00000E+00   0.00000E+00   0.00000E+00   0.00000E+00           NaN
 2.32500E+00   0.00000E+00   0.00000E+00   0.00000E+00   0.00000E+00           NaN
 2.37500E+00   0.00000E+00   0.00000E+00   0.00000E+00   0.00000E+00           NaN
 2.42500E+00   0.00000E+00   0.00000E+00   0.00000E+00   0.00000E+00           NaN
 2.47500E+00   0.00000E+00   0.00000E+00   0.00000E+00   0.00000E+00           NaN
 2.52500E+00   0.00000E+00   0.00000E+00   0.00000E+00   0.00000E+00           NaN
 2.57500E+00   0.00000E+00   0.00000E+00   0.00000E+00   0.00000E+00           NaN
 2.62500E+00   0.00000E+00   0.00000E+00   0.00000E+00   0.00000E+00           NaN
 2.67500E+00   0.00000E+00   0.00000E+00   0.00000E+00   0.00000E+00           NaN
 2.72500E+00   0.00000E+00   0.00000E+00   0.00000E+00   0.00000E+00           NaN
 2.77500E+00   0.00000E+00   0.00000E+00   0.00000E+00   0.00000E+00           NaN
 2.82500E+00   0.00000E+00   0.00000E+00   0.00000E+00   0.00000E+00           NaN
 2.87500E+00   0.00000E+00   0.00000E+00   0.00000E+00   0.00000E+00           NaN
 2.92500E+00   0.00000E+00   0.00000E+00   0.00000E+00   0.00000E+00           NaN
 2.97500E+00   0.00000E+00   0.00000E+00   0.00000E+00   0.00000E+00           NaN
 3.02500E+00   0.00000E+00   0.00000E+00   0.00000E+00   0.00000E+00           NaN
 3.07500E+00   0.00000E+00   0.00000E+00   0.00000E+00   0.00000E+00           NaN
 3.12500E+00   0.00000E+00   0.00000E+00   0.00000E+00   0.00000E+00           NaN
 3.17500E+00   0.00000E+00   0.00000E+00   0.00000E+00   0.00000E+00           NaN
 3.22500E+00   0.00000E+00   0.00000E+00   0.00000E+00   0.00000E+00           NaN
 3.27500E+00   0.00000E+00   0.00000E+00   0.00000E+00   0.00000E+00           NaN
 3.32500E+00   0.00000E+00   0.00000E+00   0.00000E+00   0.00000E+00           NaN
 3.37500E+00   0.00000E+00   0.00000E+00   0.00000E+00   0.00000E+00           NaN
 3.42500E+00   0.00000E+00   0.00000E+00   0.00000E+00   0.00000E+00           NaN
 3.47500E+00   0.00000E+00   0.00000E+00   0.00000E+00   0.00000E+00           NaN
 3.52500E+00   0.00000E+00   0.00000E+00   0.00000E+00   0.00000E+00           NaN
 3.57500E+00   0.00000E+00   0.00000E+00   0.00000E+00   0.00000E+00           NaN
 3.62500E+00   0.00000E+00   0.00000E+00   0.00000E+00   0.00000E+00           NaN
 3.67500E+00   0.00000E+00   0.00000E+00   0.00000E+00   0.00000E+00           NaN
 3.72500E+00   0.00000E+00   0.00000E+00   0.00000E+00   0.00000E+00           NaN
 3.77500E+00   0.00000E+00   0.00000E+00   0.00000E+00   0.00000E+00           NaN
 3.82500E+00   0.00000E+00   0.00000E+00   0.00000E+00   0.00000E+00           NaN
 3.87500E+00   0.00000E+00   0.00000E+00   0.00000E+00   0.00000E+00           NaN
 3.92500E+00   0.00000E+00   0.00000E+00   0.00000E+00   0.00000E+00           NaN
 3.97500E+00   0.00000E+00   0.00000E+00   0.00000E+00   0.00000E+00           NaN
 4.02500E+00   0.00000E+00   0.00000E+00   0.00000E+00   0.00000E+00           NaN
 4.07500E+00   0.00000E+00   0.00000E+00   0.00000E+00   0.00000E+00           NaN
 4.12500E+00   0.00000E+00   0.00000E+00   0.00000E+00   0.00000E+00           NaN
 4.17500E+00   0.00000E+00   0.00000E+00   0.00000E+00   0.00000E+00           NaN
 4.22500E+00   0.00000E+00   0.00000E+00   0.00000E+00   0.00000E+00           NaN
 4.27500E+00   0.00000E+00   0.00000E+00   0.00000E+00   0.00000E+00           NaN
 4.32500E+00   0.00000E+00   0.00000E+00   0.00000E+00   0.00000E+00           NaN
 4.37500E+00   0.00000E+00   0.00000E+00   0.00000E+00   0.00000E+00           NaN
 4.42500E+00   0.00000E+00   0.00000E+00   0.00000E+00   0.00000E+00           NaN
 4.47500E+00   0.00000E+00   0.00000E+00   0.00000E+00   0.00000E+00           NaN
 4.52500E+00   0.00000E+00   0.00000E+00   0.00000E+00   0.00000E+00           NaN
 4.57500E+00   0.00000E+00   0.00000E+00   0.00000E+00   0.00000E+00           NaN
 4.62500E+00   0.00000E+00   0.00000E+00   0.00000E+00   0.00000E+00           NaN
 4.67500E+00   0.00000E+00   0.00000E+00   0.00000E+00   0.00000E+00           NaN
 4.72500E+00   0.00000E+00   0.00000E+00   0.00000E+00   0.00000E+00           NaN
 4.77500E+00   0.00000E+00   0.00000E+00   0.00000E+00   0.00000E+00           NaN
 4.82500E+00   0.00000E+00   0.00000E+00   0.00000E+00   0.00000E+00           NaN
 4.87500E+00   0.00000E+00   0.00000E+00   0.00000E+00   0.00000E+00           NaN
 4.92500E+00   0.00000E+00   0.00000E+00   0.00000E+00   0.00000E+00           NaN
 4.97500E+00   0.00000E+00   0.00000E+00   0.00000E+00   0.00000E+00           NaN
 5.02500E+00   0.00000E+00   0.00000E+00   0.00000E+00   0.00000E+00           NaN
 5.07500E+00   0.00000E+00   0.00000E+00   0.00000E+00   0.00000E+00           NaN
 5.12500E+00   0.00000E+00   0.00000E+00   0.00000E+00   0.00000E+00           NaN
 5.17500E+00   0.00000E+00   0.00000E+00   0.00000E+00   0.00000E+00           NaN
 5.22500E+00   0.00000E+00   0.00000E+00   0.00000E+00   0.00000E+00           NaN
 5.27500E+00   0.00000E+00   0.00000E+00   0.00000E+00   0.00000E+00           NaN
 5.32500E+00   0.00000E+00   0.00000E+00   0.00000E+00   0.00000E+00           NaN
 5.37500E+00   0.00000E+00   0.00000E+00   0.00000E+00   0.00000E+00           NaN
 5.42500E+00   0.00000E+00   0.00000E+00   0.00000E+00   0.00000E+00           NaN
 5.47500E+00   0.00000E+00   0.00000E+00   0.00000E+00   0.00000E+00           NaN
 5.52500E+00   0.00000E+00   0.00000E+00   0.00000E+00   0.00000E+00           NaN
 5.57500E+00   0.00000E+00   0.00000E+00   0.00000E+00   0.00000E+00           NaN
 5.62500E+00   0.00000E+00   0.00000E+00   0.00000E+00   0.00000E+00           NaN
 5.67500E+00   0.00000E+00   0.00000E+00   0.00000E+00   0.00000E+00           NaN
 5.72500E+00   0.00000E+00   0.00000E+00   0.00000E+00   0.00000E+00           NaN
 5.77500E+00   0.00000E+00   0.00000E+00   0.00000E+00   0.00000E+00           NaN
 5.82500E+00   0.00000E+00   0.00000E+00   0.00000E+00   0.00000E+00           NaN
 5.87500E+00   0.00000E+00   0.00000E+00   0.00000E+00   0.00000E+00           NaN
 5.92500E+00   0.00000E+00   0.00000E+00   0.00000E+00   0.00000E+00           NaN
 5.97500E+00   0.00000E+00   0.00000E+00   0.00000E+00   0.00000E+00           NaN
 6.02500E+00   0.00000E+00   0.00000E+00   0.00000E+00   0.00000E+00           NaN
 6.07500E+00   0.00000E+00   0.00000E+00   0.00000E+00   0.00000E+00           NaN
 6.12500E+00   0.00000E+00   0.00000E+00   0.00000E+00   0.00000E+00           NaN
 6.17500E+00   0.00000E+00   0.00000E+00   0.00000E+00   0.00000E+00           NaN
 6.22500E+00   0.00000E+00   0.00000E+00   0.00000E+00   0.00000E+00           NaN
 6.27500E+00   0.00000E+00   0.00000E+00   0.00000E+00   0.00000E+00           NaN
 6.32500E+00   0.00000E+00   0.00000E+00   0.00000E+00   0.00000E+00           NaN
 6.37500E+00   0.00000E+00   0.00000E+00   0.00000E+00   0.00000E+00           NaN
 6.42500E+00   0.00000E+00   0.00000E+00   0.00000E+00   0.00000E+00           NaN
 6.47500E+00   0.00000E+00   0.00000E+00   0.00000E+00   0.00000E+00           NaN
 6.52500E+00   0.00000E+00   0.00000E+00   0.00000E+00   0.00000E+00           NaN
 6.57500E+00   0.00000E+00   0.00000E+00   0.00000E+00   0.00000E+00           NaN
 6.62500E+00   0.00000E+00   0.00000E+00   0.00000E+00   0.00000E+00           NaN
 6.67500E+00   0.00000E+00   0.00000E+00   0.00000E+00   0.00000E+00           NaN
 6.72500E+00   0.00000E+00   0.00000E+00   0.00000E+00   0.00000E+00           NaN
 6.77500E+00   0.00000E+00   0.00000E+00   0.00000E+00   0.00000E+00           NaN
 6.82500E+00   0.00000E+00   0.00000E+00   0.00000E+00   0.00000E+00           NaN
 6.87500E+00   0.00000E+00   0.00000E+00   0.00000E+00   0.00000E+00           NaN
 6.92500E+00   0.00000E+00   0.00000E+00   0.00000E+00   0.00000E+00           NaN
 6.97500E+00   0.00000E+00   0.00000E+00   0.00000E+00   0.00000E+00           NaN
 7.02500E+00   0.00000E+00   0.00000E+00   0.00000E+00   0.00000E+00           NaN
 7.07500E+00   0.00000E+00   0.00000E+00   0.00000E+00   0.00000E+00           NaN
 7.12500E+00   0.00000E+00   0.00000E+00   0.00000E+00   0.00000E+00           NaN
 7.17500E+00   0.00000E+00   0.00000E+00   0.00000E+00   0.00000E+00           NaN
 7.22500E+00   0.00000E+00   0.00000E+00   0.00000E+00   0.00000E+00           NaN
 7.27500E+00   0.00000E+00   0.00000E+00   0.00000E+00   0.00000E+00           NaN
 7.32500E+00   0.00000E+00   0.00000E+00   0.00000E+00   0.00000E+00           NaN
 7.37500E+00   0.00000E+00   0.00000E+00   0.00000E+00   0.00000E+00           NaN
 7.42500E+00   0.00000E+00   0.00000E+00   0.00000E+00   0.00000E+00           NaN
 7.47500E+00   0.00000E+00   0.00000E+00   0.00000E+00   0.00000E+00           NaN
 7.52500E+00   0.00000E+00   0.00000E+00   0.00000E+00   0.00000E+00           NaN
 7.57500E+00   0.00000E+00   0.00000E+00   0.00000E+00   0.00000E+00           NaN
 7.62500E+00   0.00000E+00   0.00000E+00   0.00000E+00   0.00000E+00           NaN
 7.67500E+00   0.00000E+00   0.00000E+00   0.00000E+00   0.00000E+00           NaN
 7.72500E+00   0.00000E+00   0.00000E+00   0.00000E+00   0.00000E+00           NaN
 7.77500E+00   0.00000E+00   0.00000E+00   0.00000E+00   0.00000E+00           NaN
 7.82500E+00   0.00000E+00   0.00000E+00   0.00000E+00   0.00000E+00           NaN
 7.87500E+00   0.00000E+00   0.00000E+00   0.00000E+00   0.00000E+00           NaN
 7.92500E+00   0.00000E+00   0.00000E+00   0.00000E+00   0.00000E+00           NaN
 7.97500E+00   0.00000E+00   0.00000E+00   0.00000E+00   0.00000E+00           NaN
 8.02500E+00   0.00000E+00   0.00000E+00   0.00000E+00   0.00000E+00           NaN
 8.07500E+00   0.00000E+00   0.00000E+00   0.00000E+00   0.00000E+00           NaN
 8.12500E+00   0.00000E+00   0.00000E+00   0.00000E+00   0.00000E+00           NaN
 8.17500E+00   0.00000E+00   0.00000E+00   0.00000E+00   0.00000E+00           NaN
 8.22500E+00   0.00000E+00   0.00000E+00   0.00000E+00   0.00000E+00           NaN
 8.27500E+00   0.00000E+00   0.00000E+00   0.00000E+00   0.00000E+00           NaN
 8.32500E+00   0.00000E+00   0.00000E+00   0.00000E+00   0.00000E+00           NaN
 8.37500E+00   0.00000E+00   0.00000E+00   0.00000E+00   0.00000E+00           NaN
 8.42500E+00   0.00000E+00   0.00000E+00   0.00000E+00   0.00000E+00           NaN
 8.47500E+00   0.00000E+00   0.00000E+00   0.00000E+00   0.00000E+00           NaN
 8.52500E+00   0.00000E+00   0.00000E+00   0.00000E+00   0.00000E+00           NaN
 8.57500E+00   0.00000E+00   0.00000E+00   0.00000E+00   0.00000E+00           NaN
 8.62500E+00   0.00000E+00   0.00000E+00   0.00000E+00   0.00000E+00           NaN
 8.67500E+00   0.00000E+00   0.00000E+00   0.00000E+00   0.00000E+00           NaN
 8.72500E+00   0.00000E+00   0.00000E+00   0.00000E+00   0.00000E+00           NaN
 8.77500E+00   0.00000E+00   0.00000E+00   0.00000E+00   0.00000E+00           NaN
 8.82500E+00   0.00000E+00   0.00000E+00   0.00000E+00   0.00000E+00           NaN
 8.87500E+00   0.00000E+00   0.00000E+00   0.00000E+00   0.00000E+00           NaN
 8.92500E+00   0.00000E+00   0.00000E+00   0.00000E+00   0.00000E+00           NaN
 8.97500E+00   0.00000E+00   0.00000E+00   0.00000E+00   0.00000E+00           NaN
 9.02500E+00   0.00000E+00   0.00000E+00   0.00000E+00   0.00000E+00           NaN
 9.07500E+00   0.00000E+00   0.00000E+00   0.00000E+00   0.00000E+00           NaN
 9.12500E+00   0.00000E+00   0.00000E+00   0.00000E+00   0.00000E+00           NaN
 9.17500E+00   0.00000E+00   0.00000E+00   0.00000E+00   0.00000E+00           NaN
 9.22500E+00   0.00000E+00   0.00000E+00   0.00000E+00   0.00000E+00           NaN
 9.27500E+00   0.00000E+00   0.00000E+00   0.00000E+00   0.00000E+00           NaN
 9.32500E+00   0.00000E+00   0.00000E+00   0.00000E+00   0.00000E+00           NaN
 9.37500E+00   0.00000E+00   0.00000E+00   0.00000E+00   0.00000E+00           NaN
 9.42500E+00   0.00000E+00   0.00000E+00   0.00000E+00   0.00000E+00           NaN
 9.47500E+00   0.00000E+00   0.00000E+00   0.00000E+00   0.00000E+00           NaN
 9.52500E+00   0.00000E+00   0.00000E+00   0.00000E+00   0.00000E+00           NaN
 9.57500E+00   0.00000E+00   0.00000E+00   0.00000E+00   0.00000E+00           NaN
 9.62500E+00   0.00000E+00   0.00000E+00   0.00000E+00   0.00000E+00           NaN
 9.67500E+00   0.00000E+00   0.00000E+00   0.00000E+00   0.00000E+00           NaN
 9.72500E+00   0.00000E+00   0.00000E+00   0.00000E+00   0.00000E+00           NaN
 9.77500E+00   0.00000E+00   0.00000E+00   0.00000E+00   0.00000E+00           NaN
 9.82500E+00   0.00000E+00   0.00000E+00   0.00000E+00   0.00000E+00           NaN
 9.87500E+00   0.00000E+00   0.00000E+00   0.00000E+00   0.00000E+00           NaN
 9.92500E+00   0.00000E+00   0.00000E+00   0.00000E+00   0.00000E+00           NaN
 9.97500E+00   0.00000E+00   0.00000E+00   0.00000E+00   0.00000E+00           NaN
 1.00250E+01   0.00000E+00   0.00000E+00   0.00000E+00   0.00000E+00           NaN
 1.00750E+01   0.00000E+00   0.00000E+00   0.00000E+00   0.00000E+00           NaN
 1.01250E+01   0.00000E+00   0.00000E+00   0.00000E+00   0.00000E+00           NaN
 1.01750E+01   0.00000E+00   0.00000E+00   0.00000E+00   0.00000E+00           NaN
 1.02250E+01   0.00000E+00   0.00000E+00   0.00000E+00   0.00000E+00           NaN
 1.02750E+01   0.00000E+00   0.00000E+00   0.00000E+00   0.00000E+00           NaN
 1.03250E+01   0.00000E+00   0.00000E+00   0.00000E+00   0.00000E+00           NaN
 1.03750E+01   0.00000E+00   0.00000E+00   0.00000E+00   0.00000E+00           NaN
 1.04250E+01   0.00000E+00   0.00000E+00   0.00000E+00   0.00000E+00           NaN
 1.04750E+01   0.00000E+00   0.00000E+00   0.00000E+00   0.00000E+00           NaN
 1.05250E+01   0.00000E+00   0.00000E+00   0.00000E+00   0.00000E+00           NaN
 1.05750E+01   0.00000E+00   0.00000E+00   0.00000E+00   0.00000E+00           NaN
 1.06250E+01   0.00000E+00   0.00000E+00   0.00000E+00   0.00000E+00           NaN
 1.06750E+01   0.00000E+00   0.00000E+00   0.00000E+00   0.00000E+00           NaN
 1.07250E+01   0.00000E+00   0.00000E+00   0.00000E+00   0.00000E+00           NaN
 1.07750E+01   0.00000E+00   0.00000E+00   0.00000E+00   0.00000E+00           NaN
 1.08250E+01   0.00000E+00   0.00000E+00   0.00000E+00   0.00000E+00           NaN
 1.08750E+01   0.00000E+00   0.00000E+00   0.00000E+00   0.00000E+00           NaN
 1.09250E+01   0.00000E+00   0.00000E+00   0.00000E+00   0.00000E+00           NaN
 1.09750E+01   0.00000E+00   0.00000E+00   0.00000E+00   0.00000E+00           NaN
 1.10250E+01   0.00000E+00   0.00000E+00   0.00000E+00   0.00000E+00           NaN
 1.10750E+01   0.00000E+00   0.00000E+00   0.00000E+00   0.00000E+00           NaN
 1.11250E+01   0.00000E+00   0.00000E+00   0.00000E+00   0.00000E+00           NaN
 1.11750E+01   0.00000E+00   0.00000E+00   0.00000E+00   0.00000E+00           NaN
 1.12250E+01   0.00000E+00   0.00000E+00   0.00000E+00   0.00000E+00           NaN
 1.12750E+01   0.00000E+00   0.00000E+00   0.00000E+00   0.00000E+00           NaN
 1.13250E+01   0.00000E+00   0.00000E+00   0.00000E+00   0.00000E+00           NaN
 1.13750E+01   0.00000E+00   0.00000E+00   0.00000E+00   0.00000E+00           NaN
 1.14250E+01   0.00000E+00   0.00000E+00   0.00000E+00   0.00000E+00           NaN
 1.14750E+01   0.00000E+00   0.00000E+00   0.00000E+00   0.00000E+00           NaN
 1.15250E+01   0.00000E+00   0.00000E+00   0.00000E+00   0.00000E+00           NaN
 1.15750E+01   0.00000E+00   0.00000E+00   0.00000E+00   0.00000E+00           NaN
 1.16250E+01   0.00000E+00   0.00000E+00   0.00000E+00   0.00000E+00           NaN
 1.16750E+01   0.00000E+00   0.00000E+00   0.00000E+00   0.00000E+00           NaN
 1.17250E+01   0.00000E+00   0.00000E+00   0.00000E+00   0.00000E+00           NaN
 1.17750E+01   0.00000E+00   0.00000E+00   0.00000E+00   0.00000E+00           NaN
 1.18250E+01   0.00000E+00   0.00000E+00   0.00000E+00   0.00000E+00           NaN
 1.18750E+01   0.00000E+00   0.00000E+00   0.00000E+00   0.00000E+00           NaN
 1.19250E+01   0.00000E+00   0.00000E+00   0.00000E+00   0.00000E+00           NaN
 1.19750E+01   0.00000E+00   0.00000E+00   0.00000E+00   0.00000E+00           NaN
 1.20250E+01   0.00000E+00   0.00000E+00   0.00000E+00   0.00000E+00           NaN
 1.20750E+01   0.00000E+00   0.00000E+00   0.00000E+00   0.00000E+00           NaN
 1.21250E+01   0.00000E+00   0.00000E+00   0.00000E+00   0.00000E+00           NaN
 1.21750E+01   0.00000E+00   0.00000E+00   0.00000E+00   0.00000E+00           NaN
 1.22250E+01   0.00000E+00   0.00000E+00   0.00000E+00   0.00000E+00           NaN
 1.22750E+01   0.00000E+00   0.00000E+00   0.00000E+00   0.00000E+00           NaN
 1.23250E+01   0.00000E+00   0.00000E+00   0.00000E+00   0.00000E+00           NaN
 1.23750E+01   0.00000E+00   0.00000E+00   0.00000E+00   0.00000E+00           NaN
 1.24250E+01   0.00000E+00   0.00000E+00   0.00000E+00   0.00000E+00           NaN
 1.24750E+01   0.00000E+00   0.00000E+00   0.00000E+00   0.00000E+00           NaN
 1.25250E+01   0.00000E+00   0.00000E+00   0.00000E+00   0.00000E+00           NaN
 1.25750E+01   0.00000E+00   0.00000E+00   0.00000E+00   0.00000E+00           NaN
 1.26250E+01   0.00000E+00   0.00000E+00   0.00000E+00   0.00000E+00           NaN
 1.26750E+01   0.00000E+00   0.00000E+00   0.00000E+00   0.00000E+00           NaN
 1.27250E+01   0.00000E+00   0.00000E+00   0.00000E+00   0.00000E+00           NaN
 1.27750E+01   0.00000E+00   0.00000E+00   0.00000E+00   0.00000E+00           NaN
 1.28250E+01   0.00000E+00   0.00000E+00   0.00000E+00   0.00000E+00           NaN
 1.28750E+01   0.00000E+00   0.00000E+00   0.00000E+00   0.00000E+00           NaN
 1.29250E+01   0.00000E+00   0.00000E+00   0.00000E+00   0.00000E+00           NaN
 1.29750E+01   0.00000E+00   0.00000E+00   0.00000E+00   0.00000E+00           NaN
 1.30250E+01   0.00000E+00   0.00000E+00   0.00000E+00   0.00000E+00           NaN
 1.30750E+01   0.00000E+00   0.00000E+00   0.00000E+00   0.00000E+00           NaN
 1.31250E+01   0.00000E+00   0.00000E+00   0.00000E+00   0.00000E+00           NaN
 1.31750E+01   0.00000E+00   0.00000E+00   0.00000E+00   0.00000E+00           NaN
 1.32250E+01   0.00000E+00   0.00000E+00   0.00000E+00   0.00000E+00           NaN
 1.32750E+01   0.00000E+00   0.00000E+00   0.00000E+00   0.00000E+00           NaN
 1.33250E+01   0.00000E+00   0.00000E+00   0.00000E+00   0.00000E+00           NaN
 1.33750E+01   0.00000E+00   0.00000E+00   0.00000E+00   0.00000E+00           NaN
 1.34250E+01   0.00000E+00   0.00000E+00   0.00000E+00   0.00000E+00           NaN
 1.34750E+01   0.00000E+00   0.00000E+00   0.00000E+00   0.00000E+00           NaN
 1.35250E+01   0.00000E+00   0.00000E+00   0.00000E+00   0.00000E+00           NaN
 1.35750E+01   0.00000E+00   0.00000E+00   0.00000E+00   0.00000E+00           NaN
 1.36250E+01   0.00000E+00   0.00000E+00   0.00000E+00   0.00000E+00           NaN
 1.36750E+01   0.00000E+00   0.00000E+00   0.00000E+00   0.00000E+00           NaN
 1.37250E+01   0.00000E+00   0.00000E+00   0.00000E+00   0.00000E+00           NaN
 1.37750E+01   0.00000E+00   0.00000E+00   0.00000E+00   0.00000E+00           NaN
 1.38250E+01   0.00000E+00   0.00000E+00   0.00000E+00   0.00000E+00           NaN
 1.38750E+01   0.00000E+00   0.00000E+00   0.00000E+00   0.00000E+00           NaN
 1.39250E+01   0.00000E+00   0.00000E+00   0.00000E+00   0.00000E+00           NaN
 1.39750E+01   0.00000E+00   0.00000E+00   0.00000E+00   0.00000E+00           NaN
 1.40250E+01   0.00000E+00   0.00000E+00   0.00000E+00   0.00000E+00           NaN
 1.40750E+01   0.00000E+00   0.00000E+00   0.00000E+00   0.00000E+00           NaN
 1.41250E+01   0.00000E+00   0.00000E+00   0.00000E+00   0.00000E+00           NaN
 1.41750E+01   0.00000E+00   0.00000E+00   0.00000E+00   0.00000E+00           NaN
 1.42250E+01   0.00000E+00   0.00000E+00   0.00000E+00   0.00000E+00           NaN
 1.42750E+01   0.00000E+00   0.00000E+00   0.00000E+00   0.00000E+00           NaN
 1.43250E+01   0.00000E+00   0.00000E+00   0.00000E+00   0.00000E+00           NaN
 1.43750E+01   0.00000E+00   0.00000E+00   0.00000E+00   0.00000E+00           NaN
 1.44250E+01   0.00000E+00   0.00000E+00   0.00000E+00   0.00000E+00           NaN
 1.44750E+01   0.00000E+00   0.00000E+00   0.00000E+00   0.00000E+00           NaN
 1.45250E+01   0.00000E+00   0.00000E+00   0.00000E+00   0.00000E+00           NaN
 1.45750E+01   0.00000E+00   0.00000E+00   0.00000E+00   0.00000E+00           NaN
 1.46250E+01   0.00000E+00   0.00000E+00   0.00000E+00   0.00000E+00           NaN
 1.46750E+01   0.00000E+00   0.00000E+00   0.00000E+00   0.00000E+00           NaN
 1.47250E+01   0.00000E+00   0.00000E+00   0.00000E+00   0.00000E+00           NaN
 1.47750E+01   0.00000E+00   0.00000E+00   0.00000E+00   0.00000E+00           NaN
 1.48250E+01   0.00000E+00   0.00000E+00   0.00000E+00   0.00000E+00           NaN
 1.48750E+01   0.00000E+00   0.00000E+00   0.00000E+00   0.00000E+00           NaN
 1.49250E+01   0.00000E+00   0.00000E+00   0.00000E+00   0.00000E+00           NaN
 1.49750E+01   0.00000E+00   0.00000E+00   0.00000E+00   0.00000E+00           NaN
 1.50250E+01   0.00000E+00   0.00000E+00   0.00000E+00   0.00000E+00           NaN
 1.50750E+01   0.00000E+00   0.00000E+00   0.00000E+00   0.00000E+00           NaN
 1.51250E+01   0.00000E+00   0.00000E+00   0.00000E+00   0.00000E+00           NaN
 1.51750E+01   0.00000E+00   0.00000E+00   0.00000E+00   0.00000E+00           NaN
 1.52250E+01   0.00000E+00   0.00000E+00   0.00000E+00   0.00000E+00           NaN
 1.52750E+01   0.00000E+00   0.00000E+00   0.00000E+00   0.00000E+00           NaN
 1.53250E+01   0.00000E+00   0.00000E+00   0.00000E+00   0.00000E+00           NaN
 1.53750E+01   0.00000E+00   0.00000E+00   0.00000E+00   0.00000E+00           NaN
 1.54250E+01   0.00000E+00   0.00000E+00   0.00000E+00   0.00000E+00           NaN
 1.54750E+01   0.00000E+00   0.00000E+00   0.00000E+00   0.00000E+00           NaN
 1.55250E+01   0.00000E+00   0.00000E+00   0.00000E+00   0.00000E+00           NaN
 1.55750E+01   0.00000E+00   0.00000E+00   0.00000E+00   0.00000E+00           NaN
 1.56250E+01   0.00000E+00   0.00000E+00   0.00000E+00   0.00000E+00           NaN
 1.56750E+01   0.00000E+00   0.00000E+00   0.00000E+00   0.00000E+00           NaN
 1.57250E+01   0.00000E+00   0.00000E+00   0.00000E+00   0.00000E+00           NaN
 1.57750E+01   0.00000E+00   0.00000E+00   0.00000E+00   0.00000E+00           NaN
 1.58250E+01   0.00000E+00   0.00000E+00   0.00000E+00   0.00000E+00           NaN
 1.58750E+01   0.00000E+00   0.00000E+00   0.00000E+00   0.00000E+00           NaN
 1.59250E+01   0.00000E+00   0.00000E+00   0.00000E+00   0.00000E+00           NaN
 1.59750E+01   0.00000E+00   0.00000E+00   0.00000E+00   0.00000E+00           NaN
 1.60250E+01   0.00000E+00   0.00000E+00   0.00000E+00   0.00000E+00           NaN
 1.60750E+01   0.00000E+00   0.00000E+00   0.00000E+00   0.00000E+00           NaN
 1.61250E+01   0.00000E+00   0.00000E+00   0.00000E+00   0.00000E+00           NaN
 1.61750E+01   0.00000E+00   0.00000E+00   0.00000E+00   0.00000E+00           NaN
 1.62250E+01   0.00000E+00   0.00000E+00   0.00000E+00   0.00000E+00           NaN
 1.62750E+01   0.00000E+00   0.00000E+00   0.00000E+00   0.00000E+00           NaN
 1.63250E+01   0.00000E+00   0.00000E+00   0.00000E+00   0.00000E+00           NaN
 1.63750E+01   0.00000E+00   0.00000E+00   0.00000E+00   0.00000E+00           NaN
 1.64250E+01   0.00000E+00   0.00000E+00   0.00000E+00   0.00000E+00           NaN
 1.64750E+01   0.00000E+00   0.00000E+00   0.00000E+00   0.00000E+00           NaN
 1.65250E+01   0.00000E+00   0.00000E+00   0.00000E+00   0.00000E+00           NaN
 1.65750E+01   0.00000E+00   0.00000E+00   0.00000E+00   0.00000E+00           NaN
 1.66250E+01   0.00000E+00   0.00000E+00   0.00000E+00   0.00000E+00           NaN
 1.66750E+01   0.00000E+00   0.00000E+00   0.00000E+00   0.00000E+00           NaN
 1.67250E+01   0.00000E+00   0.00000E+00   0.00000E+00   0.00000E+00           NaN
 1.67750E+01   0.00000E+00   0.00000E+00   0.00000E+00   0.00000E+00           NaN
 1.68250E+01   0.00000E+00   0.00000E+00   0.00000E+00   0.00000E+00           NaN
 1.68750E+01   0.00000E+00   0.00000E+00   0.00000E+00   0.00000E+00           NaN
 1.69250E+01   0.00000E+00   0.00000E+00   0.00000E+00   0.00000E+00           NaN
 1.69750E+01   0.00000E+00   0.00000E+00   0.00000E+00   0.00000E+00           NaN
 1.70250E+01   0.00000E+00   0.00000E+00   0.00000E+00   0.00000E+00           NaN
 1.70750E+01   0.00000E+00   0.00000E+00   0.00000E+00   0.00000E+00           NaN
 1.71250E+01   0.00000E+00   0.00000E+00   0.00000E+00   0.00000E+00           NaN
 1.71750E+01   0.00000E+00   0.00000E+00   0.00000E+00   0.00000E+00           NaN
 1.72250E+01   0.00000E+00   0.00000E+00   0.00000E+00   0.00000E+00           NaN
 1.72750E+01   0.00000E+00   0.00000E+00   0.00000E+00   0.00000E+00           NaN
 1.73250E+01   0.00000E+00   0.00000E+00   0.00000E+00   0.00000E+00           NaN
 1.73750E+01   0.00000E+00   0.00000E+00   0.00000E+00   0.00000E+00           NaN
 1.74250E+01   0.00000E+00   0.00000E+00   0.00000E+00   0.00000E+00           NaN
 1.74750E+01   0.00000E+00   0.00000E+00   0.00000E+00   0.00000E+00           NaN
 1.75250E+01   0.00000E+00   0.00000E+00   0.00000E+00   0.00000E+00           NaN
 1.75750E+01   0.00000E+00   0.00000E+00   0.00000E+00   0.00000E+00           NaN
 1.76250E+01   0.00000E+00   0.00000E+00   0.00000E+00   0.00000E+00           NaN
 1.76750E+01   0.00000E+00   0.00000E+00   0.00000E+00   0.00000E+00           NaN
 1.77250E+01   0.00000E+00   0.00000E+00   0.00000E+00   0.00000E+00           NaN
 1.77750E+01   0.00000E+00   0.00000E+00   0.00000E+00   0.00000E+00           NaN
 1.78250E+01   0.00000E+00   0.00000E+00   0.00000E+00   0.00000E+00           NaN
 1.78750E+01   0.00000E+00   0.00000E+00   0.00000E+00   0.00000E+00           NaN
 1.79250E+01   0.00000E+00   0.00000E+00   0.00000E+00   0.00000E+00           NaN
 1.79750E+01   0.00000E+00   0.00000E+00   0.00000E+00   0.00000E+00           NaN
 1.80250E+01   0.00000E+00   0.00000E+00   0.00000E+00   0.00000E+00           NaN
 1.80750E+01   0.00000E+00   0.00000E+00   0.00000E+00   0.00000E+00           NaN
 1.81250E+01   0.00000E+00   0.00000E+00   0.00000E+00   0.00000E+00           NaN
 1.81750E+01   0.00000E+00   0.00000E+00   0.00000E+00   0.00000E+00           NaN
 1.82250E+01   0.00000E+00   0.00000E+00   0.00000E+00   0.00000E+00           NaN
 1.82750E+01   0.00000E+00   0.00000E+00   0.00000E+00   0.00000E+00           NaN
 1.83250E+01   0.00000E+00   0.00000E+00   0.00000E+00   0.00000E+00           NaN
 1.83750E+01   0.00000E+00   0.00000E+00   0.00000E+00   0.00000E+00           NaN
 1.84250E+01   0.00000E+00   0.00000E+00   0.00000E+00   0.00000E+00           NaN
 1.84750E+01   0.00000E+00   0.00000E+00   0.00000E+00   0.00000E+00           NaN
 1.85250E+01   0.00000E+00   0.00000E+00   0.00000E+00   0.00000E+00           NaN
 1.85750E+01   0.00000E+00   0.00000E+00   0.00000E+00   0.00000E+00           NaN
 1.86250E+01   0.00000E+00   0.00000E+00   0.00000E+00   0.00000E+00           NaN
 1.86750E+01   0.00000E+00   0.00000E+00   0.00000E+00   0.00000E+00           NaN
 1.87250E+01   0.00000E+00   0.00000E+00   0.00000E+00   0.00000E+00           NaN
 1.87750E+01   0.00000E+00   0.00000E+00   0.00000E+00   0.00000E+00           NaN
 1.88250E+01   0.00000E+00   0.00000E+00   0.00000E+00   0.00000E+00           NaN
 1.88750E+01   0.00000E+00   0.00000E+00   0.00000E+00   0.00000E+00           NaN
 1.89250E+01   0.00000E+00   0.00000E+00   0.00000E+00   0.00000E+00           NaN
 1.89750E+01   0.00000E+00   0.00000E+00   0.00000E+00   0.00000E+00           NaN
 1.90250E+01   0.00000E+00   0.00000E+00   0.00000E+00   0.00000E+00           NaN
 1.90750E+01   0.00000E+00   0.00000E+00   0.00000E+00   0.00000E+00           NaN
 1.91250E+01   0.00000E+00   0.00000E+00   0.00000E+00   0.00000E+00           NaN
 1.91750E+01   0.00000E+00   0.00000E+00   0.00000E+00   0.00000E+00           NaN
 1.92250E+01   0.00000E+00   0.00000E+00   0.00000E+00   0.00000E+00           NaN
 1.92750E+01   0.00000E+00   0.00000E+00   0.00000E+00   0.00000E+00           NaN
 1.93250E+01   0.00000E+00   0.00000E+00   0.00000E+00   0.00000E+00           NaN
 1.93750E+01   0.00000E+00   0.00000E+00   0.00000E+00   0.00000E+00           NaN
 1.94250E+01   0.00000E+00   0.00000E+00   0.00000E+00   0.00000E+00           NaN
 1.94750E+01   0.00000E+00   0.00000E+00   0.00000E+00   0.00000E+00           NaN
 1.95250E+01   0.00000E+00   0.00000E+00   0.00000E+00   0.00000E+00           NaN
 1.95750E+01   0.00000E+00   0.00000E+00   0.00000E+00   0.00000E+00           NaN
 1.96250E+01   0.00000E+00   0.00000E+00   0.00000E+00   0.00000E+00           NaN
 1.96750E+01   0.00000E+00   0.00000E+00   0.00000E+00   0.00000E+00           NaN
 1.97250E+01   0.00000E+00   0.00000E+00   0.00000E+00   0.00000E+00           NaN
 1.97750E+01   0.00000E+00   0.00000E+00   0.00000E+00   0.00000E+00           NaN
 1.98250E+01   0.00000E+00   0.00000E+00   0.00000E+00   0.00000E+00           NaN
 1.98750E+01   0.00000E+00   0.00000E+00   0.00000E+00   0.00000E+00           NaN
 1.99250E+01   0.00000E+00   0.00000E+00   0.00000E+00   0.00000E+00           NaN
 1.99750E+01   0.00000E+00   0.00000E+00   0.00000E+00   0.00000E+00           NaN
 2.00250E+01   0.00000E+00   0.00000E+00   0.00000E+00   0.00000E+00           NaN
 2.00750E+01   0.00000E+00   0.00000E+00   0.00000E+00   0.00000E+00           NaN
 2.01250E+01   0.00000E+00   0.00000E+00   0.00000E+00   0.00000E+00           NaN
 2.01750E+01   0.00000E+00   0.00000E+00   0.00000E+00   0.00000E+00           NaN
 2.02250E+01   0.00000E+00   0.00000E+00   0.00000E+00   0.00000E+00           NaN
 2.02750E+01   0.00000E+00   0.00000E+00   0.00000E+00   0.00000E+00           NaN
 2.03250E+01   0.00000E+00   0.00000E+00   0.00000E+00   0.00000E+00           NaN
 2.03750E+01   0.00000E+00   0.00000E+00   0.00000E+00   0.00000E+00           NaN
 2.04250E+01   0.00000E+00   0.00000E+00   0.00000E+00   0.00000E+00           NaN
 2.04750E+01   0.00000E+00   0.00000E+00   0.00000E+00   0.00000E+00           NaN
 2.05250E+01   0.00000E+00   0.00000E+00   0.00000E+00   0.00000E+00           NaN
 2.05750E+01   0.00000E+00   0.00000E+00   0.00000E+00   0.00000E+00           NaN
 2.06250E+01   0.00000E+00   0.00000E+00   0.00000E+00   0.00000E+00           NaN
 2.06750E+01   0.00000E+00   0.00000E+00   0.00000E+00   0.00000E+00           NaN
 2.07250E+01   0.00000E+00   0.00000E+00   0.00000E+00   0.00000E+00           NaN
 2.07750E+01   0.00000E+00   0.00000E+00   0.00000E+00   0.00000E+00           NaN
 2.08250E+01   0.00000E+00   0.00000E+00   0.00000E+00   0.00000E+00           NaN
 2.08750E+01   0.00000E+00   0.00000E+00   0.00000E+00   0.00000E+00           NaN
 2.09250E+01   0.00000E+00   0.00000E+00   0.00000E+00   0.00000E+00           NaN
 2.09750E+01   0.00000E+00   0.00000E+00   0.00000E+00   0.00000E+00           NaN
 2.10250E+01   0.00000E+00   0.00000E+00   0.00000E+00   0.00000E+00           NaN
 2.10750E+01   0.00000E+00   0.00000E+00   0.00000E+00   0.00000E+00           NaN
 2.11250E+01   0.00000E+00   0.00000E+00   0.00000E+00   0.00000E+00           NaN
 2.11750E+01   0.00000E+00   0.00000E+00   0.00000E+00   0.00000E+00           NaN
 2.12250E+01   0.00000E+00   0.00000E+00   0.00000E+00   0.00000E+00           NaN
 2.12750E+01   0.00000E+00   0.00000E+00   0.00000E+00   0.00000E+00           NaN
 2.13250E+01   0.00000E+00   0.00000E+00   0.00000E+00   0.00000E+00           NaN
 2.13750E+01   0.00000E+00   0.00000E+00   0.00000E+00   0.00000E+00           NaN
 2.14250E+01   0.00000E+00   0.00000E+00   0.00000E+00   0.00000E+00           NaN
 2.14750E+01   0.00000E+00   0.00000E+00   0.00000E+00   0.00000E+00           NaN
 2.15250E+01   0.00000E+00   0.00000E+00   0.00000E+00   0.00000E+00           NaN
 2.15750E+01   0.00000E+00   0.00000E+00   0.00000E+00   0.00000E+00           NaN
 2.16250E+01   0.00000E+00   0.00000E+00   0.00000E+00   0.00000E+00           NaN
 2.16750E+01   0.00000E+00   0.00000E+00   0.00000E+00   0.00000E+00           NaN
 2.17250E+01   0.00000E+00   0.00000E+00   0.00000E+00   0.00000E+00           NaN
 2.17750E+01   0.00000E+00   0.00000E+00   0.00000E+00   0.00000E+00           NaN
 2.18250E+01   0.00000E+00   0.00000E+00   0.00000E+00   0.00000E+00           NaN
 2.18750E+01   0.00000E+00   0.00000E+00   0.00000E+00   0.00000E+00           NaN
 2.19250E+01   0.00000E+00   0.00000E+00   0.00000E+00   0.00000E+00           NaN
 2.19750E+01   0.00000E+00   0.00000E+00   0.00000E+00   0.00000E+00           NaN
 2.20250E+01   0.00000E+00   0.00000E+00   0.00000E+00   0.00000E+00           NaN
 2.20750E+01   0.00000E+00   0.00000E+00   0.00000E+00   0.00000E+00           NaN
 2.21250E+01   0.00000E+00   0.00000E+00   0.00000E+00   0.00000E+00           NaN
 2.21750E+01   0.00000E+00   0.00000E+00   0.00000E+00   0.00000E+00           NaN
 2.22250E+01   0.00000E+00   0.00000E+00   0.00000E+00   0.00000E+00           NaN
 2.22750E+01   0.00000E+00   0.00000E+00   0.00000E+00   0.00000E+00           NaN
 2.23250E+01   0.00000E+00   0.00000E+00   0.00000E+00   0.00000E+00           NaN
 2.23750E+01   0.00000E+00   0.00000E+00   0.00000E+00   0.00000E+00           NaN
 2.24250E+01   0.00000E+00   0.00000E+00   0.00000E+00   0.00000E+00           NaN
 2.24750E+01   0.00000E+00   0.00000E+00   0.00000E+00   0.00000E+00           NaN
 2.25250E+01   0.00000E+00   0.00000E+00   0.00000E+00   0.00000E+00           NaN
 2.25750E+01   0.00000E+00   0.00000E+00   0.00000E+00   0.00000E+00           NaN
 2.26250E+01   0.00000E+00   0.00000E+00   0.00000E+00   0.00000E+00           NaN
 2.26750E+01   0.00000E+00   0.00000E+00   0.00000E+00   0.00000E+00           NaN
 2.27250E+01   0.00000E+00   0.00000E+00   0.00000E+00   0.00000E+00           NaN
 2.27750E+01   0.00000E+00   0.00000E+00   0.00000E+00   0.00000E+00           NaN
 2.28250E+01   0.00000E+00   0.00000E+00   0.00000E+00   0.00000E+00           NaN
 2.28750E+01   0.00000E+00   0.00000E+00   0.00000E+00   0.00000E+00           NaN
 2.29250E+01   0.00000E+00   0.00000E+00   0.00000E+00   0.00000E+00           NaN
 2.29750E+01   0.00000E+00   0.00000E+00   0.00000E+00   0.00000E+00           NaN
 2.30250E+01   0.00000E+00   0.00000E+00   0.00000E+00   0.00000E+00           NaN
 2.30750E+01   0.00000E+00   0.00000E+00   0.00000E+00   0.00000E+00           NaN
 2.31250E+01   0.00000E+00   0.00000E+00   0.00000E+00   0.00000E+00           NaN
 2.31750E+01   0.00000E+00   0.00000E+00   0.00000E+00   0.00000E+00           NaN
 2.32250E+01   0.00000E+00   0.00000E+00   0.00000E+00   0.00000E+00           NaN
 2.32750E+01   0.00000E+00   0.00000E+00   0.00000E+00   0.00000E+00           NaN
 2.33250E+01   0.00000E+00   0.00000E+00   0.00000E+00   0.00000E+00           NaN
 2.33750E+01   0.00000E+00   0.00000E+00   0.00000E+00   0.00000E+00           NaN
 2.34250E+01   0.00000E+00   0.00000E+00   0.00000E+00   0.00000E+00           NaN
 2.34750E+01   0.00000E+00   0.00000E+00   0.00000E+00   0.00000E+00           NaN
 2.35250E+01   0.00000E+00   0.00000E+00   0.00000E+00   0.00000E+00           NaN
 2.35750E+01   0.00000E+00   0.00000E+00   0.00000E+00   0.00000E+00           NaN
 2.36250E+01   0.00000E+00   0.00000E+00   0.00000E+00   0.00000E+00           NaN
 2.36750E+01   0.00000E+00   0.00000E+00   0.00000E+00   0.00000E+00           NaN
 2.37250E+01   0.00000E+00   0.00000E+00   0.00000E+00   0.00000E+00           NaN
 2.37750E+01   0.00000E+00   0.00000E+00   0.00000E+00   0.00000E+00           NaN
 2.38250E+01   0.00000E+00   0.00000E+00   0.00000E+00   0.00000E+00           NaN
 2.38750E+01   0.00000E+00   0.00000E+00   0.00000E+00   0.00000E+00           NaN
 2.39250E+01   0.00000E+00   0.00000E+00   0.00000E+00   0.00000E+00           NaN
 2.39750E+01   0.00000E+00   0.00000E+00   0.00000E+00   0.00000E+00           NaN
 2.40250E+01   0.00000E+00   0.00000E+00   0.00000E+00   0.00000E+00           NaN
 2.40750E+01   0.00000E+00   0.00000E+00   0.00000E+00   0.00000E+00           NaN
 2.41250E+01   0.00000E+00   0.00000E+00   0.00000E+00   0.00000E+00           NaN
 2.41750E+01   0.00000E+00   0.00000E+00   0.00000E+00   0.00000E+00           NaN
 2.42250E+01   0.00000E+00   0.00000E+00   0.00000E+00   0.00000E+00           NaN
 2.42750E+01   0.00000E+00   0.00000E+00   0.00000E+00   0.00000E+00           NaN
 2.43250E+01   0.00000E+00   0.00000E+00   0.00000E+00   0.00000E+00           NaN
 2.43750E+01   0.00000E+00   0.00000E+00   0.00000E+00   0.00000E+00           NaN
 2.44250E+01   0.00000E+00   0.00000E+00   0.00000E+00   0.00000E+00           NaN
 2.44750E+01   0.00000E+00   0.00000E+00   0.00000E+00   0.00000E+00           NaN
 2.45250E+01   0.00000E+00   0.00000E+00   0.00000E+00   0.00000E+00           NaN
 2.45750E+01   0.00000E+00   0.00000E+00   0.00000E+00   0.00000E+00           NaN
 2.46250E+01   0.00000E+00   0.00000E+00   0.00000E+00   0.00000E+00           NaN
 2.46750E+01   0.00000E+00   0.00000E+00   0.00000E+00   0.00000E+00           NaN
 2.47250E+01   0.00000E+00   0.00000E+00   0.00000E+00   0.00000E+00           NaN
 2.47750E+01   0.00000E+00   0.00000E+00   0.00000E+00   0.00000E+00           NaN
 2.48250E+01   0.00000E+00   0.00000E+00   0.00000E+00   0.00000E+00           NaN
 2.48750E+01   0.00000E+00   0.00000E+00   0.00000E+00   0.00000E+00           NaN
 2.49250E+01   0.00000E+00   0.00000E+00   0.00000E+00   0.00000E+00           NaN
 2.49750E+01   0.00000E+00   0.00000E+00   0.00000E+00   0.00000E+00           NaN
 2.50250E+01   0.00000E+00   0.00000E+00   0.00000E+00   0.00000E+00           NaN
 2.50750E+01   0.00000E+00   0.00000E+00   0.00000E+00   0.00000E+00           NaN
 2.51250E+01   0.00000E+00   0.00000E+00   0.00000E+00   0.00000E+00           NaN
 2.51750E+01   0.00000E+00   0.00000E+00   0.00000E+00   0.00000E+00           NaN
 2.52250E+01   0.00000E+00   0.00000E+00   0.00000E+00   0.00000E+00           NaN
 2.52750E+01   0.00000E+00   0.00000E+00   0.00000E+00   0.00000E+00           NaN
 2.53250E+01   0.00000E+00   0.00000E+00   0.00000E+00   0.00000E+00           NaN
 2.53750E+01   0.00000E+00   0.00000E+00   0.00000E+00   0.00000E+00           NaN
 2.54250E+01   0.00000E+00   0.00000E+00   0.00000E+00   0.00000E+00           NaN
 2.54750E+01   0.00000E+00   0.00000E+00   0.00000E+00   0.00000E+00           NaN
 2.55250E+01   0.00000E+00   0.00000E+00   0.00000E+00   0.00000E+00           NaN
 2.55750E+01   0.00000E+00   0.00000E+00   0.00000E+00   0.00000E+00           NaN
 2.56250E+01   0.00000E+00   0.00000E+00   0.00000E+00   0.00000E+00           NaN
 2.56750E+01   0.00000E+00   0.00000E+00   0.00000E+00   0.00000E+00           NaN
 2.57250E+01   0.00000E+00   0.00000E+00   0.00000E+00   0.00000E+00           NaN
 2.57750E+01   0.00000E+00   0.00000E+00   0.00000E+00   0.00000E+00           NaN
 2.58250E+01   0.00000E+00   0.00000E+00   0.00000E+00   0.00000E+00           NaN
 2.58750E+01   0.00000E+00   0.00000E+00   0.00000E+00   0.00000E+00           NaN
 2.59250E+01   0.00000E+00   0.00000E+00   0.00000E+00   0.00000E+00           NaN
 2.59750E+01   0.00000E+00   0.00000E+00   0.00000E+00   0.00000E+00           NaN
 2.60250E+01   0.00000E+00   0.00000E+00   0.00000E+00   0.00000E+00           NaN
 2.60750E+01   0.00000E+00   0.00000E+00   0.00000E+00   0.00000E+00           NaN
 2.61250E+01   0.00000E+00   0.00000E+00   0.00000E+00   0.00000E+00           NaN
 2.61750E+01   0.00000E+00   0.00000E+00   0.00000E+00   0.00000E+00           NaN
 2.62250E+01   0.00000E+00   0.00000E+00   0.00000E+00   0.00000E+00           NaN
 2.62750E+01   0.00000E+00   0.00000E+00   0.00000E+00   0.00000E+00           NaN
 2.63250E+01   0.00000E+00   0.00000E+00   0.00000E+00   0.00000E+00           NaN
 2.63750E+01   0.00000E+00   0.00000E+00   0.00000E+00   0.00000E+00           NaN
 2.64250E+01   0.00000E+00   0.00000E+00   0.00000E+00   0.00000E+00           NaN
 2.64750E+01   0.00000E+00   0.00000E+00   0.00000E+00   0.00000E+00           NaN
 2.65250E+01   0.00000E+00   0.00000E+00   0.00000E+00   0.00000E+00           NaN
 2.65750E+01   0.00000E+00   0.00000E+00   0.00000E+00   0.00000E+00           NaN
 2.66250E+01   0.00000E+00   0.00000E+00   0.00000E+00   0.00000E+00           NaN
 2.66750E+01   0.00000E+00   0.00000E+00   0.00000E+00   0.00000E+00           NaN
 2.67250E+01   0.00000E+00   0.00000E+00   0.00000E+00   0.00000E+00           NaN
 2.67750E+01   0.00000E+00   0.00000E+00   0.00000E+00   0.00000E+00           NaN
 2.68250E+01   0.00000E+00   0.00000E+00   0.00000E+00   0.00000E+00           NaN
 2.68750E+01   0.00000E+00   0.00000E+00   0.00000E+00   0.00000E+00           NaN
 2.69250E+01   0.00000E+00   0.00000E+00   0.00000E+00   0.00000E+00           NaN
 2.69750E+01   0.00000E+00   0.00000E+00   0.00000E+00   0.00000E+00           NaN
 2.70250E+01   0.00000E+00   0.00000E+00   0.00000E+00   0.00000E+00           NaN
 2.70750E+01   0.00000E+00   0.00000E+00   0.00000E+00   0.00000E+00           NaN
 2.71250E+01   0.00000E+00   0.00000E+00   0.00000E+00   0.00000E+00           NaN
 2.71750E+01   0.00000E+00   0.00000E+00   0.00000E+00   0.00000E+00           NaN
 2.72250E+01   0.00000E+00   0.00000E+00   0.00000E+00   0.00000E+00           NaN
 2.72750E+01   0.00000E+00   0.00000E+00   0.00000E+00   0.00000E+00           NaN
 2.73250E+01   0.00000E+00   0.00000E+00   0.00000E+00   0.00000E+00           NaN
 2.73750E+01   0.00000E+00   0.00000E+00   0.00000E+00   0.00000E+00           NaN
 2.74250E+01   0.00000E+00   0.00000E+00   0.00000E+00   0.00000E+00           NaN
 2.74750E+01   0.00000E+00   0.00000E+00   0.00000E+00   0.00000E+00           NaN
 2.75250E+01   0.00000E+00   0.00000E+00   0.00000E+00   0.00000E+00           NaN
 2.75750E+01   0.00000E+00   0.00000E+00   0.00000E+00   0.00000E+00           NaN
 2.76250E+01   0.00000E+00   0.00000E+00   0.00000E+00   0.00000E+00           NaN
 2.76750E+01   0.00000E+00   0.00000E+00   0.00000E+00   0.00000E+00           NaN
 2.77250E+01   0.00000E+00   0.00000E+00   0.00000E+00   0.00000E+00           NaN
 2.77750E+01   0.00000E+00   0.00000E+00   0.00000E+00   0.00000E+00           NaN
 2.78250E+01   0.00000E+00   0.00000E+00   0.00000E+00   0.00000E+00           NaN
 2.78750E+01   0.00000E+00   0.00000E+00   0.00000E+00   0.00000E+00           NaN
 2.79250E+01   0.00000E+00   0.00000E+00   0.00000E+00   0.00000E+00           NaN
 2.79750E+01   0.00000E+00   0.00000E+00   0.00000E+00   0.00000E+00           NaN
 2.80250E+01   0.00000E+00   0.00000E+00   0.00000E+00   0.00000E+00           NaN
 2.80750E+01   0.00000E+00   0.00000E+00   0.00000E+00   0.00000E+00           NaN
 2.81250E+01   0.00000E+00   0.00000E+00   0.00000E+00   0.00000E+00           NaN
 2.81750E+01   0.00000E+00   0.00000E+00   0.00000E+00   0.00000E+00           NaN
 2.82250E+01   0.00000E+00   0.00000E+00   0.00000E+00   0.00000E+00           NaN
 2.82750E+01   0.00000E+00   0.00000E+00   0.00000E+00   0.00000E+00           NaN
 2.83250E+01   0.00000E+00   0.00000E+00   0.00000E+00   0.00000E+00           NaN
 2.83750E+01   0.00000E+00   0.00000E+00   0.00000E+00   0.00000E+00           NaN
 2.84250E+01   0.00000E+00   0.00000E+00   0.00000E+00   0.00000E+00           NaN
 2.84750E+01   0.00000E+00   0.00000E+00   0.00000E+00   0.00000E+00           NaN
 2.85250E+01   0.00000E+00   0.00000E+00   0.00000E+00   0.00000E+00           NaN
 2.85750E+01   0.00000E+00   0.00000E+00   0.00000E+00   0.00000E+00           NaN
 2.86250E+01   0.00000E+00   0.00000E+00   0.00000E+00   0.00000E+00           NaN
 2.86750E+01   0.00000E+00   0.00000E+00   0.00000E+00   0.00000E+00           NaN
 2.87250E+01   0.00000E+00   0.00000E+00   0.00000E+00   0.00000E+00           NaN
 2.87750E+01   0.00000E+00   0.00000E+00   0.00000E+00   0.00000E+00           NaN
 2.88250E+01   0.00000E+00   0.00000E+00   0.00000E+00   0.00000E+00           NaN
 2.88750E+01   0.00000E+00   0.00000E+00   0.00000E+00   0.00000E+00           NaN
 2.89250E+01   0.00000E+00   0.00000E+00   0.00000E+00   0.00000E+00           NaN
 2.89750E+01   0.00000E+00   0.00000E+00   0.00000E+00   0.00000E+00           NaN
 2.90250E+01   0.00000E+00   0.00000E+00   0.00000E+00   0.00000E+00           NaN
 2.90750E+01   0.00000E+00   0.00000E+00   0.00000E+00   0.00000E+00           NaN
 2.91250E+01   0.00000E+00   0.00000E+00   0.00000E+00   0.00000E+00           NaN
 2.91750E+01   0.00000E+00   0.00000E+00   0.00000E+00   0.00000E+00           NaN
 2.92250E+01   0.00000E+00   0.00000E+00   0.00000E+00   0.00000E+00           NaN
 2.92750E+01   0.00000E+00   0.00000E+00   0.00000E+00   0.00000E+00           NaN
 2.93250E+01   0.00000E+00   0.00000E+00   0.00000E+00   0.00000E+00           NaN
 2.93750E+01   0.00000E+00   0.00000E+00   0.00000E+00   0.00000E+00           NaN
 2.94250E+01   0.00000E+00   0.00000E+00   0.00000E+00   0.00000E+00           NaN
 2.94750E+01   0.00000E+00   0.00000E+00   0.00000E+00   0.00000E+00           NaN
 2.95250E+01   0.00000E+00   0.00000E+00   0.00000E+00   0.00000E+00           NaN
 2.95750E+01   0.00000E+00   0.00000E+00   0.00000E+00   0.00000E+00           NaN
 2.96250E+01   0.00000E+00   0.00000E+00   0.00000E+00   0.00000E+00           NaN
 2.96750E+01   0.00000E+00   0.00000E+00   0.00000E+00   0.00000E+00           NaN
 2.97250E+01   0.00000E+00   0.00000E+00   0.00000E+00   0.00000E+00           NaN
 2.97750E+01   0.00000E+00   0.00000E+00   0.00000E+00   0.00000E+00           NaN
 2.98250E+01   0.00000E+00   0.00000E+00   0.00000E+00   0.00000E+00           NaN
 2.98750E+01   0.00000E+00   0.00000E+00   0.00000E+00   0.00000E+00           NaN
 2.99250E+01   0.00000E+00   0.00000E+00   0.00000E+00   0.00000E+00           NaN
 2.99750E+01   0.00000E+00   0.00000E+00   0.00000E+00   0.00000E+00           NaN
 3.00250E+01   0.00000E+00   0.00000E+00   0.00000E+00   0.00000E+00           NaN
 3.00750E+01   0.00000E+00   0.00000E+00   0.00000E+00   0.00000E+00           NaN
 3.01250E+01   0.00000E+00   0.00000E+00   0.00000E+00   0.00000E+00           NaN
 3.01750E+01   0.00000E+00   0.00000E+00   0.00000E+00   0.00000E+00           NaN
 3.02250E+01   0.00000E+00   0.00000E+00   0.00000E+00   0.00000E+00           NaN
 3.02750E+01   0.00000E+00   0.00000E+00   0.00000E+00   0.00000E+00           NaN
 3.03250E+01   0.00000E+00   0.00000E+00   0.00000E+00   0.00000E+00           NaN
 3.03750E+01   0.00000E+00   0.00000E+00   0.00000E+00   0.00000E+00           NaN
 3.04250E+01   0.00000E+00   0.00000E+00   0.00000E+00   0.00000E+00           NaN
 3.04750E+01   0.00000E+00   0.00000E+00   0.00000E+00   0.00000E+00           NaN
 3.05250E+01   0.00000E+00   0.00000E+00   0.00000E+00   0.00000E+00           NaN
 3.05750E+01   0.00000E+00   0.00000E+00   0.00000E+00   0.00000E+00           NaN
 3.06250E+01   0.00000E+00   0.00000E+00   0.00000E+00   0.00000E+00           NaN
 3.06750E+01   0.00000E+00   0.00000E+00   0.00000E+00   0.00000E+00           NaN
 3.07250E+01   0.00000E+00   0.00000E+00   0.00000E+00   0.00000E+00           NaN
 3.07750E+01   0.00000E+00   0.00000E+00   0.00000E+00   0.00000E+00           NaN
 3.08250E+01   0.00000E+00   0.00000E+00   0.00000E+00   0.00000E+00           NaN
 3.08750E+01   0.00000E+00   0.00000E+00   0.00000E+00   0.00000E+00           NaN
 3.09250E+01   0.00000E+00   0.00000E+00   0.00000E+00   0.00000E+00           NaN
 3.09750E+01   0.00000E+00   0.00000E+00   0.00000E+00   0.00000E+00           NaN
 3.10250E+01   0.00000E+00   0.00000E+00   0.00000E+00   0.00000E+00           NaN
 3.10750E+01   0.00000E+00   0.00000E+00   0.00000E+00   0.00000E+00           NaN
 3.11250E+01   0.00000E+00   0.00000E+00   0.00000E+00   0.00000E+00           NaN
 3.11750E+01   0.00000E+00   0.00000E+00   0.00000E+00   0.00000E+00           NaN
 3.12250E+01   0.00000E+00   0.00000E+00   0.00000E+00   0.00000E+00           NaN
 3.12750E+01   0.00000E+00   0.00000E+00   0.00000E+00   0.00000E+00           NaN
 3.13250E+01   0.00000E+00   0.00000E+00   0.00000E+00   0.00000E+00           NaN
 3.13750E+01   0.00000E+00   0.00000E+00   0.00000E+00   0.00000E+00           NaN
 3.14250E+01   0.00000E+00   0.00000E+00   0.00000E+00   0.00000E+00           NaN
 3.14750E+01   0.00000E+00   0.00000E+00   0.00000E+00   0.00000E+00           NaN
 3.15250E+01   0.00000E+00   0.00000E+00   0.00000E+00   0.00000E+00           NaN
 3.15750E+01   0.00000E+00   0.00000E+00   0.00000E+00   0.00000E+00           NaN
 3.16250E+01   0.00000E+00   0.00000E+00   0.00000E+00   0.00000E+00           NaN
 3.16750E+01   0.00000E+00   0.00000E+00   0.00000E+00   0.00000E+00           NaN
 3.17250E+01   0.00000E+00   0.00000E+00   0.00000E+00   0.00000E+00           NaN
 3.17750E+01   0.00000E+00   0.00000E+00   0.00000E+00   0.00000E+00           NaN
 3.18250E+01   0.00000E+00   0.00000E+00   0.00000E+00   0.00000E+00           NaN
 3.18750E+01   0.00000E+00   0.00000E+00   0.00000E+00   0.00000E+00           NaN
 3.19250E+01   0.00000E+00   0.00000E+00   0.00000E+00   0.00000E+00           NaN
 3.19750E+01   0.00000E+00   0.00000E+00   0.00000E+00   0.00000E+00           NaN
 3.20250E+01   0.00000E+00   0.00000E+00   0.00000E+00   0.00000E+00           NaN
 3.20750E+01   0.00000E+00   0.00000E+00   0.00000E+00   0.00000E+00           NaN
 3.21250E+01   0.00000E+00   0.00000E+00   0.00000E+00   0.00000E+00           NaN
 3.21750E+01   0.00000E+00   0.00000E+00   0.00000E+00   0.00000E+00           NaN
 3.22250E+01   0.00000E+00   0.00000E+00   0.00000E+00   0.00000E+00           NaN
 3.22750E+01   0.00000E+00   0.00000E+00   0.00000E+00   0.00000E+00           NaN
 3.23250E+01   0.00000E+00   0.00000E+00   0.00000E+00   0.00000E+00           NaN
 3.23750E+01   0.00000E+00   0.00000E+00   0.00000E+00   0.00000E+00           NaN
 3.24250E+01   0.00000E+00   0.00000E+00   0.00000E+00   0.00000E+00           NaN
 3.24750E+01   0.00000E+00   0.00000E+00   0.00000E+00   0.00000E+00           NaN
 3.25250E+01   0.00000E+00   0.00000E+00   0.00000E+00   0.00000E+00           NaN
 3.25750E+01   0.00000E+00   0.00000E+00   0.00000E+00   0.00000E+00           NaN
 3.26250E+01   0.00000E+00   0.00000E+00   0.00000E+00   0.00000E+00           NaN
 3.26750E+01   0.00000E+00   0.00000E+00   0.00000E+00   0.00000E+00           NaN
 3.27250E+01   0.00000E+00   0.00000E+00   0.00000E+00   0.00000E+00           NaN
 3.27750E+01   0.00000E+00   0.00000E+00   0.00000E+00   0.00000E+00           NaN
 3.28250E+01   0.00000E+00   0.00000E+00   0.00000E+00   0.00000E+00           NaN
 3.28750E+01   0.00000E+00   0.00000E+00   0.00000E+00   0.00000E+00           NaN
 3.29250E+01   0.00000E+00   0.00000E+00   0.00000E+00   0.00000E+00           NaN
 3.29750E+01   0.00000E+00   0.00000E+00   0.00000E+00   0.00000E+00           NaN
 3.30250E+01   0.00000E+00   0.00000E+00   0.00000E+00   0.00000E+00           NaN
 3.30750E+01   0.00000E+00   0.00000E+00   0.00000E+00   0.00000E+00           NaN
 3.31250E+01   0.00000E+00   0.00000E+00   0.00000E+00   0.00000E+00           NaN
 3.31750E+01   0.00000E+00   0.00000E+00   0.00000E+00   0.00000E+00           NaN
 3.32250E+01   0.00000E+00   0.00000E+00   0.00000E+00   0.00000E+00           NaN
 3.32750E+01   0.00000E+00   0.00000E+00   0.00000E+00   0.00000E+00           NaN
 3.33250E+01   0.00000E+00   0.00000E+00   0.00000E+00   0.00000E+00           NaN
 3.33750E+01   0.00000E+00   0.00000E+00   0.00000E+00   0.00000E+00           NaN
 3.34250E+01   0.00000E+00   0.00000E+00   0.00000E+00   0.00000E+00           NaN
 3.34750E+01   0.00000E+00   0.00000E+00   0.00000E+00   0.00000E+00           NaN
 3.35250E+01   0.00000E+00   0.00000E+00   0.00000E+00   0.00000E+00           NaN
 3.35750E+01   0.00000E+00   0.00000E+00   0.00000E+00   0.00000E+00           NaN
 3.36250E+01   0.00000E+00   0.00000E+00   0.00000E+00   0.00000E+00           NaN
 3.36750E+01   0.00000E+00   0.00000E+00   0.00000E+00   0.00000E+00           NaN
 3.37250E+01   0.00000E+00   0.00000E+00   0.00000E+00   0.00000E+00           NaN
 3.37750E+01   0.00000E+00   0.00000E+00   0.00000E+00   0.00000E+00           NaN
 3.38250E+01   0.00000E+00   0.00000E+00   0.00000E+00   0.00000E+00           NaN
 3.38750E+01   0.00000E+00   0.00000E+00   0.00000E+00   0.00000E+00           NaN
 3.39250E+01   0.00000E+00   0.00000E+00   0.00000E+00   0.00000E+00           NaN
 3.39750E+01   0.00000E+00   0.00000E+00   0.00000E+00   0.00000E+00           NaN
 3.40250E+01   0.00000E+00   0.00000E+00   0.00000E+00   0.00000E+00           NaN
 3.40750E+01   0.00000E+00   0.00000E+00   0.00000E+00   0.00000E+00           NaN
 3.41250E+01   0.00000E+00   0.00000E+00   0.00000E+00   0.00000E+00           NaN
 3.41750E+01   0.00000E+00   0.00000E+00   0.00000E+00   0.00000E+00           NaN
 3.42250E+01   0.00000E+00   0.00000E+00   0.00000E+00   0.00000E+00           NaN
 3.42750E+01   0.00000E+00   0.00000E+00   0.00000E+00   0.00000E+00           NaN
 3.43250E+01   0.00000E+00   0.00000E+00   0.00000E+00   0.00000E+00           NaN
 3.43750E+01   0.00000E+00   0.00000E+00   0.00000E+00   0.00000E+00           NaN
 3.44250E+01   0.00000E+00   0.00000E+00   0.00000E+00   0.00000E+00           NaN
 3.44750E+01   0.00000E+00   0.00000E+00   0.00000E+00   0.00000E+00           NaN
 3.45250E+01   0.00000E+00   0.00000E+00   0.00000E+00   0.00000E+00           NaN
 3.45750E+01   0.00000E+00   0.00000E+00   0.00000E+00   0.00000E+00           NaN
 3.46250E+01   0.00000E+00   0.00000E+00   0.00000E+00   0.00000E+00           NaN
 3.46750E+01   0.00000E+00   0.00000E+00   0.00000E+00   0.00000E+00           NaN
 3.47250E+01   0.00000E+00   0.00000E+00   0.00000E+00   0.00000E+00           NaN
 3.47750E+01   0.00000E+00   0.00000E+00   0.00000E+00   0.00000E+00           NaN
 3.48250E+01   0.00000E+00   0.00000E+00   0.00000E+00   0.00000E+00           NaN
 3.48750E+01   0.00000E+00   0.00000E+00   0.00000E+00   0.00000E+00           NaN
 3.49250E+01   0.00000E+00   0.00000E+00   0.00000E+00   0.00000E+00           NaN
 3.49750E+01   0.00000E+00   0.00000E+00   0.00000E+00   0.00000E+00           NaN
 3.50250E+01   0.00000E+00   0.00000E+00   0.00000E+00   0.00000E+00           NaN
 3.50750E+01   0.00000E+00   0.00000E+00   0.00000E+00   0.00000E+00           NaN
 3.51250E+01   0.00000E+00   0.00000E+00   0.00000E+00   0.00000E+00           NaN
 3.51750E+01   0.00000E+00   0.00000E+00   0.00000E+00   0.00000E+00           NaN
 3.52250E+01   0.00000E+00   0.00000E+00   0.00000E+00   0.00000E+00           NaN
 3.52750E+01   0.00000E+00   0.00000E+00   0.00000E+00   0.00000E+00           NaN
 3.53250E+01   0.00000E+00   0.00000E+00   0.00000E+00   0.00000E+00           NaN
 3.53750E+01   0.00000E+00   0.00000E+00   0.00000E+00   0.00000E+00           NaN
 3.54250E+01   0.00000E+00   0.00000E+00   0.00000E+00   0.00000E+00           NaN
 3.54750E+01   0.00000E+00   0.00000E+00   0.00000E+00   0.00000E+00           NaN
 3.55250E+01   0.00000E+00   0.00000E+00   0.00000E+00   0.00000E+00           NaN
 3.55750E+01   0.00000E+00   0.00000E+00   0.00000E+00   0.00000E+00           NaN
 3.56250E+01   0.00000E+00   0.00000E+00   0.00000E+00   0.00000E+00           NaN
 3.56750E+01   0.00000E+00   0.00000E+00   0.00000E+00   0.00000E+00           NaN
 3.57250E+01   0.00000E+00   0.00000E+00   0.00000E+00   0.00000E+00           NaN
 3.57750E+01   0.00000E+00   0.00000E+00   0.00000E+00   0.00000E+00           NaN
 3.58250E+01   0.00000E+00   0.00000E+00   0.00000E+00   0.00000E+00           NaN
 3.58750E+01   0.00000E+00   0.00000E+00   0.00000E+00   0.00000E+00           NaN
 3.59250E+01   0.00000E+00   0.00000E+00   0.00000E+00   0.00000E+00           NaN
 3.59750E+01   0.00000E+00   0.00000E+00   0.00000E+00   0.00000E+00           NaN
 3.60250E+01   0.00000E+00   0.00000E+00   0.00000E+00   0.00000E+00           NaN
 3.60750E+01   0.00000E+00   0.00000E+00   0.00000E+00   0.00000E+00           NaN
 3.61250E+01   0.00000E+00   0.00000E+00   0.00000E+00   0.00000E+00           NaN
 3.61750E+01   0.00000E+00   0.00000E+00   0.00000E+00   0.00000E+00           NaN
 3.62250E+01   0.00000E+00   0.00000E+00   0.00000E+00   0.00000E+00           NaN
 3.62750E+01   0.00000E+00   0.00000E+00   0.00000E+00   0.00000E+00           NaN
 3.63250E+01   0.00000E+00   0.00000E+00   0.00000E+00   0.00000E+00           NaN
 3.63750E+01   0.00000E+00   0.00000E+00   0.00000E+00   0.00000E+00           NaN
 3.64250E+01   0.00000E+00   0.00000E+00   0.00000E+00   0.00000E+00           NaN
 3.64750E+01   0.00000E+00   0.00000E+00   0.00000E+00   0.00000E+00           NaN
 3.65250E+01   0.00000E+00   0.00000E+00   0.00000E+00   0.00000E+00           NaN
 3.65750E+01   0.00000E+00   0.00000E+00   0.00000E+00   0.00000E+00           NaN
 3.66250E+01   0.00000E+00   0.00000E+00   0.00000E+00   0.00000E+00           NaN
 3.66750E+01   0.00000E+00   0.00000E+00   0.00000E+00   0.00000E+00           NaN
 3.67250E+01   0.00000E+00   0.00000E+00   0.00000E+00   0.00000E+00           NaN
 3.67750E+01   0.00000E+00   0.00000E+00   0.00000E+00   0.00000E+00           NaN
 3.68250E+01   0.00000E+00   0.00000E+00   0.00000E+00   0.00000E+00           NaN
 3.68750E+01   0.00000E+00   0.00000E+00   0.00000E+00   0.00000E+00           NaN
 3.69250E+01   0.00000E+00   0.00000E+00   0.00000E+00   0.00000E+00           NaN
 3.69750E+01   0.00000E+00   0.00000E+00   0.00000E+00   0.00000E+00           NaN
 3.70250E+01   0.00000E+00   0.00000E+00   0.00000E+00   0.00000E+00           NaN
 3.70750E+01   0.00000E+00   0.00000E+00   0.00000E+00   0.00000E+00           NaN
 3.71250E+01   0.00000E+00   0.00000E+00   0.00000E+00   0.00000E+00           NaN
 3.71750E+01   0.00000E+00   0.00000E+00   0.00000E+00   0.00000E+00           NaN
 3.72250E+01   0.00000E+00   0.00000E+00   0.00000E+00   0.00000E+00           NaN
 3.72750E+01   0.00000E+00   0.00000E+00   0.00000E+00   0.00000E+00           NaN
 3.73250E+01   0.00000E+00   0.00000E+00   0.00000E+00   0.00000E+00           NaN
 3.73750E+01   0.00000E+00   0.00000E+00   0.00000E+00   0.00000E+00           NaN
 3.74250E+01   0.00000E+00   0.00000E+00   0.00000E+00   0.00000E+00           NaN
 3.74750E+01   0.00000E+00   0.00000E+00   0.00000E+00   0.00000E+00           NaN
 3.75250E+01   0.00000E+00   0.00000E+00   0.00000E+00   0.00000E+00           NaN
 3.75750E+01   0.00000E+00   0.00000E+00   0.00000E+00   0.00000E+00           NaN
 3.76250E+01   0.00000E+00   0.00000E+00   0.00000E+00   0.00000E+00           NaN
 3.76750E+01   0.00000E+00   0.00000E+00   0.00000E+00   0.00000E+00           NaN
 3.77250E+01   0.00000E+00   0.00000E+00   0.00000E+00   0.00000E+00           NaN
 3.77750E+01   0.00000E+00   0.00000E+00   0.00000E+00   0.00000E+00           NaN
 3.78250E+01   0.00000E+00   0.00000E+00   0.00000E+00   0.00000E+00           NaN
 3.78750E+01   0.00000E+00   0.00000E+00   0.00000E+00   0.00000E+00           NaN
 3.79250E+01   0.00000E+00   0.00000E+00   0.00000E+00   0.00000E+00           NaN
 3.79750E+01   0.00000E+00   0.00000E+00   0.00000E+00   0.00000E+00           NaN
 3.80250E+01   0.00000E+00   0.00000E+00   0.00000E+00   0.00000E+00           NaN
 3.80750E+01   0.00000E+00   0.00000E+00   0.00000E+00   0.00000E+00           NaN
 3.81250E+01   0.00000E+00   0.00000E+00   0.00000E+00   0.00000E+00           NaN
 3.81750E+01   0.00000E+00   0.00000E+00   0.00000E+00   0.00000E+00           NaN
 3.82250E+01   0.00000E+00   0.00000E+00   0.00000E+00   0.00000E+00           NaN
 3.82750E+01   0.00000E+00   0.00000E+00   0.00000E+00   0.00000E+00           NaN
 3.83250E+01   0.00000E+00   0.00000E+00   0.00000E+00   0.00000E+00           NaN
 3.83750E+01   0.00000E+00   0.00000E+00   0.00000E+00   0.00000E+00           NaN
 3.84250E+01   0.00000E+00   0.00000E+00   0.00000E+00   0.00000E+00           NaN
 3.84750E+01   0.00000E+00   0.00000E+00   0.00000E+00   0.00000E+00           NaN
 3.85250E+01   0.00000E+00   0.00000E+00   0.00000E+00   0.00000E+00           NaN
 3.85750E+01   0.00000E+00   0.00000E+00   0.00000E+00   0.00000E+00           NaN
 3.86250E+01   0.00000E+00   0.00000E+00   0.00000E+00   0.00000E+00           NaN
 3.86750E+01   0.00000E+00   0.00000E+00   0.00000E+00   0.00000E+00           NaN
 3.87250E+01   0.00000E+00   0.00000E+00   0.00000E+00   0.00000E+00           NaN
 3.87750E+01   0.00000E+00   0.00000E+00   0.00000E+00   0.00000E+00           NaN
 3.88250E+01   0.00000E+00   0.00000E+00   0.00000E+00   0.00000E+00           NaN
 3.88750E+01   0.00000E+00   0.00000E+00   0.00000E+00   0.00000E+00           NaN
 3.89250E+01   0.00000E+00   0.00000E+00   0.00000E+00   0.00000E+00           NaN
 3.89750E+01   0.00000E+00   0.00000E+00   0.00000E+00   0.00000E+00           NaN
 3.90250E+01   0.00000E+00   0.00000E+00   0.00000E+00   0.00000E+00           NaN
 3.90750E+01   0.00000E+00   0.00000E+00   0.00000E+00   0.00000E+00           NaN
 3.91250E+01   0.00000E+00   0.00000E+00   0.00000E+00   0.00000E+00           NaN
 3.91750E+01   0.00000E+00   0.00000E+00   0.00000E+00   0.00000E+00           NaN
 3.92250E+01   0.00000E+00   0.00000E+00   0.00000E+00   0.00000E+00           NaN
 3.92750E+01   0.00000E+00   0.00000E+00   0.00000E+00   0.00000E+00           NaN
 3.93250E+01   0.00000E+00   0.00000E+00   0.00000E+00   0.00000E+00           NaN
 3.93750E+01   0.00000E+00   0.00000E+00   0.00000E+00   0.00000E+00           NaN
 3.94250E+01   0.00000E+00   0.00000E+00   0.00000E+00   0.00000E+00           NaN
 3.94750E+01   0.00000E+00   0.00000E+00   0.00000E+00   0.00000E+00           NaN
 3.95250E+01   0.00000E+00   0.00000E+00   0.00000E+00   0.00000E+00           NaN
 3.95750E+01   0.00000E+00   0.00000E+00   0.00000E+00   0.00000E+00           NaN
 3.96250E+01   0.00000E+00   0.00000E+00   0.00000E+00   0.00000E+00           NaN
 3.96750E+01   0.00000E+00   0.00000E+00   0.00000E+00   0.00000E+00           NaN
 3.97250E+01   0.00000E+00   0.00000E+00   0.00000E+00   0.00000E+00           NaN
 3.97750E+01   0.00000E+00   0.00000E+00   0.00000E+00   0.00000E+00           NaN
 3.98250E+01   0.00000E+00   0.00000E+00   0.00000E+00   0.00000E+00           NaN
 3.98750E+01   0.00000E+00   0.00000E+00   0.00000E+00   0.00000E+00           NaN
 3.99250E+01   0.00000E+00   0.00000E+00   0.00000E+00   0.00000E+00           NaN
 3.99750E+01   0.00000E+00   0.00000E+00   0.00000E+00   0.00000E+00           NaN
 4.00250E+01   0.00000E+00   0.00000E+00   0.00000E+00   0.00000E+00           NaN
 4.00750E+01   0.00000E+00   0.00000E+00   0.00000E+00   0.00000E+00           NaN
 4.01250E+01   0.00000E+00   0.00000E+00   0.00000E+00   0.00000E+00           NaN
 4.01750E+01   0.00000E+00   0.00000E+00   0.00000E+00   0.00000E+00           NaN
 4.02250E+01   0.00000E+00   0.00000E+00   0.00000E+00   0.00000E+00           NaN
 4.02750E+01   0.00000E+00   0.00000E+00   0.00000E+00   0.00000E+00           NaN
 4.03250E+01   0.00000E+00   0.00000E+00   0.00000E+00   0.00000E+00           NaN
 4.03750E+01   0.00000E+00   0.00000E+00   0.00000E+00   0.00000E+00           NaN
 4.04250E+01   0.00000E+00   0.00000E+00   0.00000E+00   0.00000E+00           NaN
 4.04750E+01   0.00000E+00   0.00000E+00   0.00000E+00   0.00000E+00           NaN
 4.05250E+01   0.00000E+00   0.00000E+00   0.00000E+00   0.00000E+00           NaN
 4.05750E+01   0.00000E+00   0.00000E+00   0.00000E+00   0.00000E+00           NaN
 4.06250E+01   0.00000E+00   0.00000E+00   0.00000E+00   0.00000E+00           NaN
 4.06750E+01   0.00000E+00   0.00000E+00   0.00000E+00   0.00000E+00           NaN
 4.07250E+01   0.00000E+00   0.00000E+00   0.00000E+00   0.00000E+00           NaN
 4.07750E+01   0.00000E+00   0.00000E+00   0.00000E+00   0.00000E+00           NaN
 4.08250E+01   0.00000E+00   0.00000E+00   0.00000E+00   0.00000E+00           NaN
 4.08750E+01   0.00000E+00   0.00000E+00   0.00000E+00   0.00000E+00           NaN
 4.09250E+01   0.00000E+00   0.00000E+00   0.00000E+00   0.00000E+00           NaN
 4.09750E+01   0.00000E+00   0.00000E+00   0.00000E+00   0.00000E+00           NaN
 4.10250E+01   0.00000E+00   0.00000E+00   0.00000E+00   0.00000E+00           NaN
 4.10750E+01   0.00000E+00   0.00000E+00   0.00000E+00   0.00000E+00           NaN
 4.11250E+01   0.00000E+00   0.00000E+00   0.00000E+00   0.00000E+00           NaN
 4.11750E+01   0.00000E+00   0.00000E+00   0.00000E+00   0.00000E+00           NaN
 4.12250E+01   0.00000E+00   0.00000E+00   0.00000E+00   0.00000E+00           NaN
 4.12750E+01   0.00000E+00   0.00000E+00   0.00000E+00   0.00000E+00           NaN
 4.13250E+01   0.00000E+00   0.00000E+00   0.00000E+00   0.00000E+00           NaN
 4.13750E+01   0.00000E+00   0.00000E+00   0.00000E+00   0.00000E+00           NaN
 4.14250E+01   0.00000E+00   0.00000E+00   0.00000E+00   0.00000E+00           NaN
 4.14750E+01   0.00000E+00   0.00000E+00   0.00000E+00   0.00000E+00           NaN
 4.15250E+01   0.00000E+00   0.00000E+00   0.00000E+00   0.00000E+00           NaN
 4.15750E+01   0.00000E+00   0.00000E+00   0.00000E+00   0.00000E+00           NaN
 4.16250E+01   0.00000E+00   0.00000E+00   0.00000E+00   0.00000E+00           NaN
 4.16750E+01   0.00000E+00   0.00000E+00   0.00000E+00   0.00000E+00           NaN
 4.17250E+01   0.00000E+00   0.00000E+00   0.00000E+00   0.00000E+00           NaN
 4.17750E+01   0.00000E+00   0.00000E+00   0.00000E+00   0.00000E+00           NaN
 4.18250E+01   0.00000E+00   0.00000E+00   0.00000E+00   0.00000E+00           NaN
 4.18750E+01   0.00000E+00   0.00000E+00   0.00000E+00   0.00000E+00           NaN
 4.19250E+01   0.00000E+00   0.00000E+00   0.00000E+00   0.00000E+00           NaN
 4.19750E+01   0.00000E+00   0.00000E+00   0.00000E+00   0.00000E+00           NaN
 4.20250E+01   0.00000E+00   0.00000E+00   0.00000E+00   0.00000E+00           NaN
 4.20750E+01   0.00000E+00   0.00000E+00   0.00000E+00   0.00000E+00           NaN
 4.21250E+01   0.00000E+00   0.00000E+00   0.00000E+00   0.00000E+00           NaN
 4.21750E+01   0.00000E+00   0.00000E+00   0.00000E+00   0.00000E+00           NaN
 4.22250E+01   0.00000E+00   0.00000E+00   0.00000E+00   0.00000E+00           NaN
 4.22750E+01   0.00000E+00   0.00000E+00   0.00000E+00   0.00000E+00           NaN
 4.23250E+01   0.00000E+00   0.00000E+00   0.00000E+00   0.00000E+00           NaN
 4.23750E+01   0.00000E+00   0.00000E+00   0.00000E+00   0.00000E+00           NaN
 4.24250E+01   0.00000E+00   0.00000E+00   0.00000E+00   0.00000E+00           NaN
 4.24750E+01   0.00000E+00   0.00000E+00   0.00000E+00   0.00000E+00           NaN
 4.25250E+01   0.00000E+00   0.00000E+00   0.00000E+00   0.00000E+00           NaN
 4.25750E+01   0.00000E+00   0.00000E+00   0.00000E+00   0.00000E+00           NaN
 4.26250E+01   0.00000E+00   0.00000E+00   0.00000E+00   0.00000E+00           NaN
 4.26750E+01   0.00000E+00   0.00000E+00   0.00000E+00   0.00000E+00           NaN
 4.27250E+01   0.00000E+00   0.00000E+00   0.00000E+00   0.00000E+00           NaN
 4.27750E+01   0.00000E+00   0.00000E+00   0.00000E+00   0.00000E+00           NaN
 4.28250E+01   0.00000E+00   0.00000E+00   0.00000E+00   0.00000E+00           NaN
 4.28750E+01   0.00000E+00   0.00000E+00   0.00000E+00   0.00000E+00           NaN
 4.29250E+01   0.00000E+00   0.00000E+00   0.00000E+00   0.00000E+00           NaN
 4.29750E+01   0.00000E+00   0.00000E+00   0.00000E+00   0.00000E+00           NaN
 4.30250E+01   0.00000E+00   0.00000E+00   0.00000E+00   0.00000E+00           NaN
 4.30750E+01   0.00000E+00   0.00000E+00   0.00000E+00   0.00000E+00           NaN
 4.31250E+01   0.00000E+00   0.00000E+00   0.00000E+00   0.00000E+00           NaN
 4.31750E+01   0.00000E+00   0.00000E+00   0.00000E+00   0.00000E+00           NaN
 4.32250E+01   0.00000E+00   0.00000E+00   0.00000E+00   0.00000E+00           NaN
 4.32750E+01   0.00000E+00   0.00000E+00   0.00000E+00   0.00000E+00           NaN
 4.33250E+01   0.00000E+00   0.00000E+00   0.00000E+00   0.00000E+00           NaN
 4.33750E+01   0.00000E+00   0.00000E+00   0.00000E+00   0.00000E+00           NaN
 4.34250E+01   0.00000E+00   0.00000E+00   0.00000E+00   0.00000E+00           NaN
 4.34750E+01   0.00000E+00   0.00000E+00   0.00000E+00   0.00000E+00           NaN
 4.35250E+01   0.00000E+00   0.00000E+00   0.00000E+00   0.00000E+00           NaN
 4.35750E+01   0.00000E+00   0.00000E+00   0.00000E+00   0.00000E+00           NaN
 4.36250E+01   0.00000E+00   0.00000E+00   0.00000E+00   0.00000E+00           NaN
 4.36750E+01   0.00000E+00   0.00000E+00   0.00000E+00   0.00000E+00           NaN
 4.37250E+01   0.00000E+00   0.00000E+00   0.00000E+00   0.00000E+00           NaN
 4.37750E+01   0.00000E+00   0.00000E+00   0.00000E+00   0.00000E+00           NaN
 4.38250E+01   0.00000E+00   0.00000E+00   0.00000E+00   0.00000E+00           NaN
 4.38750E+01   0.00000E+00   0.00000E+00   0.00000E+00   0.00000E+00           NaN
 4.39250E+01   0.00000E+00   0.00000E+00   0.00000E+00   0.00000E+00           NaN
 4.39750E+01   0.00000E+00   0.00000E+00   0.00000E+00   0.00000E+00           NaN
 4.40250E+01   0.00000E+00   0.00000E+00   0.00000E+00   0.00000E+00           NaN
 4.40750E+01   0.00000E+00   0.00000E+00   0.00000E+00   0.00000E+00           NaN
 4.41250E+01   0.00000E+00   0.00000E+00   0.00000E+00   0.00000E+00           NaN
 4.41750E+01   0.00000E+00   0.00000E+00   0.00000E+00   0.00000E+00           NaN
 4.42250E+01   0.00000E+00   0.00000E+00   0.00000E+00   0.00000E+00           NaN
 4.42750E+01   0.00000E+00   0.00000E+00   0.00000E+00   0.00000E+00           NaN
 4.43250E+01   0.00000E+00   0.00000E+00   0.00000E+00   0.00000E+00           NaN
 4.43750E+01   0.00000E+00   0.00000E+00   0.00000E+00   0.00000E+00           NaN
 4.44250E+01   0.00000E+00   0.00000E+00   0.00000E+00   0.00000E+00           NaN
 4.44750E+01   0.00000E+00   0.00000E+00   0.00000E+00   0.00000E+00           NaN
 4.45250E+01   0.00000E+00   0.00000E+00   0.00000E+00   0.00000E+00           NaN
 4.45750E+01   0.00000E+00   0.00000E+00   0.00000E+00   0.00000E+00           NaN
 4.46250E+01   0.00000E+00   0.00000E+00   0.00000E+00   0.00000E+00           NaN
 4.46750E+01   0.00000E+00   0.00000E+00   0.00000E+00   0.00000E+00           NaN
 4.47250E+01   0.00000E+00   0.00000E+00   0.00000E+00   0.00000E+00           NaN
 4.47750E+01   0.00000E+00   0.00000E+00   0.00000E+00   0.00000E+00           NaN
 4.48250E+01   0.00000E+00   0.00000E+00   0.00000E+00   0.00000E+00           NaN
 4.48750E+01   0.00000E+00   0.00000E+00   0.00000E+00   0.00000E+00           NaN
 4.49250E+01   0.00000E+00   0.00000E+00   0.00000E+00   0.00000E+00           NaN
 4.49750E+01   0.00000E+00   0.00000E+00   0.00000E+00   0.00000E+00           NaN
 4.50250E+01   0.00000E+00   0.00000E+00   0.00000E+00   0.00000E+00           NaN
 4.50750E+01   0.00000E+00   0.00000E+00   0.00000E+00   0.00000E+00           NaN
 4.51250E+01   0.00000E+00   0.00000E+00   0.00000E+00   0.00000E+00           NaN
 4.51750E+01   0.00000E+00   0.00000E+00   0.00000E+00   0.00000E+00           NaN
 4.52250E+01   0.00000E+00   0.00000E+00   0.00000E+00   0.00000E+00           NaN
 4.52750E+01   0.00000E+00   0.00000E+00   0.00000E+00   0.00000E+00           NaN
 4.53250E+01   0.00000E+00   0.00000E+00   0.00000E+00   0.00000E+00           NaN
 4.53750E+01   0.00000E+00   0.00000E+00   0.00000E+00   0.00000E+00           NaN
 4.54250E+01   0.00000E+00   0.00000E+00   0.00000E+00   0.00000E+00           NaN
 4.54750E+01   0.00000E+00   0.00000E+00   0.00000E+00   0.00000E+00           NaN
 4.55250E+01   0.00000E+00   0.00000E+00   0.00000E+00   0.00000E+00           NaN
 4.55750E+01   0.00000E+00   0.00000E+00   0.00000E+00   0.00000E+00           NaN
 4.56250E+01   0.00000E+00   0.00000E+00   0.00000E+00   0.00000E+00           NaN
 4.56750E+01   0.00000E+00   0.00000E+00   0.00000E+00   0.00000E+00           NaN
 4.57250E+01   0.00000E+00   0.00000E+00   0.00000E+00   0.00000E+00           NaN
 4.57750E+01   0.00000E+00   0.00000E+00   0.00000E+00   0.00000E+00           NaN
 4.58250E+01   0.00000E+00   0.00000E+00   0.00000E+00   0.00000E+00           NaN
 4.58750E+01   0.00000E+00   0.00000E+00   0.00000E+00   0.00000E+00           NaN
 4.59250E+01   0.00000E+00   0.00000E+00   0.00000E+00   0.00000E+00           NaN
 4.59750E+01   0.00000E+00   0.00000E+00   0.00000E+00   0.00000E+00           NaN
 4.60250E+01   0.00000E+00   0.00000E+00   0.00000E+00   0.00000E+00           NaN
 4.60750E+01   0.00000E+00   0.00000E+00   0.00000E+00   0.00000E+00           NaN
 4.61250E+01   0.00000E+00   0.00000E+00   0.00000E+00   0.00000E+00           NaN
 4.61750E+01   0.00000E+00   0.00000E+00   0.00000E+00   0.00000E+00           NaN
 4.62250E+01   0.00000E+00   0.00000E+00   0.00000E+00   0.00000E+00           NaN
 4.62750E+01   0.00000E+00   0.00000E+00   0.00000E+00   0.00000E+00           NaN
 4.63250E+01   0.00000E+00   0.00000E+00   0.00000E+00   0.00000E+00           NaN
 4.63750E+01   0.00000E+00   0.00000E+00   0.00000E+00   0.00000E+00           NaN
 4.64250E+01   0.00000E+00   0.00000E+00   0.00000E+00   0.00000E+00           NaN
 4.64750E+01   0.00000E+00   0.00000E+00   0.00000E+00   0.00000E+00           NaN
 4.65250E+01   0.00000E+00   0.00000E+00   0.00000E+00   0.00000E+00           NaN
 4.65750E+01   0.00000E+00   0.00000E+00   0.00000E+00   0.00000E+00           NaN
 4.66250E+01   0.00000E+00   0.00000E+00   0.00000E+00   0.00000E+00           NaN
 4.66750E+01   0.00000E+00   0.00000E+00   0.00000E+00   0.00000E+00           NaN
 4.67250E+01   0.00000E+00   0.00000E+00   0.00000E+00   0.00000E+00           NaN
 4.67750E+01   0.00000E+00   0.00000E+00   0.00000E+00   0.00000E+00           NaN
 4.68250E+01   0.00000E+00   0.00000E+00   0.00000E+00   0.00000E+00           NaN
 4.68750E+01   0.00000E+00   0.00000E+00   0.00000E+00   0.00000E+00           NaN
 4.69250E+01   0.00000E+00   0.00000E+00   0.00000E+00   0.00000E+00           NaN
 4.69750E+01   0.00000E+00   0.00000E+00   0.00000E+00   0.00000E+00           NaN
 4.70250E+01   0.00000E+00   0.00000E+00   0.00000E+00   0.00000E+00           NaN
 4.70750E+01   0.00000E+00   0.00000E+00   0.00000E+00   0.00000E+00           NaN
 4.71250E+01   0.00000E+00   0.00000E+00   0.00000E+00   0.00000E+00           NaN
 4.71750E+01   0.00000E+00   0.00000E+00   0.00000E+00   0.00000E+00           NaN
 4.72250E+01   0.00000E+00   0.00000E+00   0.00000E+00   0.00000E+00           NaN
 4.72750E+01   0.00000E+00   0.00000E+00   0.00000E+00   0.00000E+00           NaN
 4.73250E+01   0.00000E+00   0.00000E+00   0.00000E+00   0.00000E+00           NaN
 4.73750E+01   0.00000E+00   0.00000E+00   0.00000E+00   0.00000E+00           NaN
 4.74250E+01   0.00000E+00   0.00000E+00   0.00000E+00   0.00000E+00           NaN
 4.74750E+01   0.00000E+00   0.00000E+00   0.00000E+00   0.00000E+00           NaN
 4.75250E+01   0.00000E+00   0.00000E+00   0.00000E+00   0.00000E+00           NaN
 4.75750E+01   0.00000E+00   0.00000E+00   0.00000E+00   0.00000E+00           NaN
 4.76250E+01   0.00000E+00   0.00000E+00   0.00000E+00   0.00000E+00           NaN
 4.76750E+01   0.00000E+00   0.00000E+00   0.00000E+00   0.00000E+00           NaN
 4.77250E+01   0.00000E+00   0.00000E+00   0.00000E+00   0.00000E+00           NaN
 4.77750E+01   0.00000E+00   0.00000E+00   0.00000E+00   0.00000E+00           NaN
 4.78250E+01   0.00000E+00   0.00000E+00   0.00000E+00   0.00000E+00           NaN
 4.78750E+01   0.00000E+00   0.00000E+00   0.00000E+00   0.00000E+00           NaN
 4.79250E+01   0.00000E+00   0.00000E+00   0.00000E+00   0.00000E+00           NaN
 4.79750E+01   0.00000E+00   0.00000E+00   0.00000E+00   0.00000E+00           NaN
 4.80250E+01   0.00000E+00   0.00000E+00   0.00000E+00   0.00000E+00           NaN
 4.80750E+01   0.00000E+00   0.00000E+00   0.00000E+00   0.00000E+00           NaN
 4.81250E+01   0.00000E+00   0.00000E+00   0.00000E+00   0.00000E+00           NaN
 4.81750E+01   0.00000E+00   0.00000E+00   0.00000E+00   0.00000E+00           NaN
 4.82250E+01   0.00000E+00   0.00000E+00   0.00000E+00   0.00000E+00           NaN
 4.82750E+01   0.00000E+00   0.00000E+00   0.00000E+00   0.00000E+00           NaN
 4.83250E+01   0.00000E+00   0.00000E+00   0.00000E+00   0.00000E+00           NaN
 4.83750E+01   0.00000E+00   0.00000E+00   0.00000E+00   0.00000E+00           NaN
 4.84250E+01   0.00000E+00   0.00000E+00   0.00000E+00   0.00000E+00           NaN
 4.84750E+01   0.00000E+00   0.00000E+00   0.00000E+00   0.00000E+00           NaN
 4.85250E+01   0.00000E+00   0.00000E+00   0.00000E+00   0.00000E+00           NaN
 4.85750E+01   0.00000E+00   0.00000E+00   0.00000E+00   0.00000E+00           NaN
 4.86250E+01   0.00000E+00   0.00000E+00   0.00000E+00   0.00000E+00           NaN
 4.86750E+01   0.00000E+00   0.00000E+00   0.00000E+00   0.00000E+00           NaN
 4.87250E+01   0.00000E+00   0.00000E+00   0.00000E+00   0.00000E+00           NaN
 4.87750E+01   0.00000E+00   0.00000E+00   0.00000E+00   0.00000E+00           NaN
 4.88250E+01   0.00000E+00   0.00000E+00   0.00000E+00   0.00000E+00           NaN
 4.88750E+01   0.00000E+00   0.00000E+00   0.00000E+00   0.00000E+00           NaN
 4.89250E+01   0.00000E+00   0.00000E+00   0.00000E+00   0.00000E+00           NaN
 4.89750E+01   0.00000E+00   0.00000E+00   0.00000E+00   0.00000E+00           NaN
