 1.0250  2.54192  0.91771  0.4978483  1.2654901
 1.0750  2.54190  0.91772  0.4978518  1.2654917
 1.1250  2.54190  0.91772  0.4978527  1.2654905
 1.1750  2.54190  0.91772  0.4978520  1.2654880
 1.2250  2.54190  0.91772  0.4978503  1.2654845
 1.2750  2.54190  0.91772  0.4978483  1.2654815
 1.3250  2.54191  0.91772  0.4978461  1.2654781
 1.3750  2.54191  0.91772  0.4978439  1.2654750
 1.4250  2.54192  0.91772  0.4978416  1.2654713
 1.4750  2.54192  0.91772  0.4978394  1.2654681
 1.5250  2.54192  0.91772  0.4978370  1.2654644
 1.5750  2.54193  0.91773  0.4978347  1.2654608
 1.6250  2.54193  0.91773  0.4978323  1.2654570
 1.6750  2.54194  0.91773  0.4978300  1.2654538
 1.7250  2.54194  0.91773  0.4978279  1.2654507
 1.7750  2.54195  0.91773  0.4978256  1.2654479
 1.8250  2.54195  0.91773  0.4978233  1.2654443
 1.8750  2.54196  0.91773  0.4978208  1.2654411
 1.9250  2.54197  0.91773  0.4978184  1.2654372
 1.9750  2.54197  0.91773  0.4978159  1.2654338
 2.0250  2.54198  0.91773  0.4978134  1.2654301
 2.0750  2.54198  0.91773  0.4978109  1.2654263
 2.1250  2.54199  0.91774  0.4978083  1.2654223
 2.1750  2.54199  0.91774  0.4978059  1.2654188
 2.2250  2.54200  0.91774  0.4978032  1.2654147
 2.2750  2.54200  0.91774  0.4978006  1.2654107
 2.3250  2.54201  0.91774  0.4977982  1.2654073
 2.3750  2.54201  0.91774  0.4977958  1.2654034
 2.4250  2.54202  0.91774  0.4977934  1.2653997
 2.4750  2.54202  0.91774  0.4977909  1.2653954
 2.5250  2.54203  0.91774  0.4977884  1.2653916
 2.5750  2.54203  0.91775  0.4977856  1.2653859
 2.6250  2.54204  0.91775  0.4977825  1.2653806
 2.6750  2.54204  0.91775  0.4977794  1.2653750
 2.7250  2.54205  0.91775  0.4977763  1.2653701
 2.7750  2.54205  0.91775  0.4977731  1.2653642
 2.8250  2.54206  0.91775  0.4977700  1.2653596
 2.8750  2.54206  0.91775  0.4977668  1.2653542
 2.9250  2.54207  0.91775  0.4977636  1.2653493
 2.9750  2.54207  0.91775  0.4977607  1.2653445
 3.0250  2.54208  0.91775  0.4977577  1.2653400
 3.0750  2.54209  0.91776  0.4977547  1.2653350
 3.1250  2.54209  0.91776  0.4977515  1.2653298
 3.1750  2.54210  0.91776  0.4977483  1.2653248
 3.2250  2.54210  0.91776  0.4977453  1.2653199
 3.2750  2.54211  0.91776  0.4977422  1.2653152
 3.3250  2.54211  0.91776  0.4977392  1.2653102
 3.3750  2.54212  0.91776  0.4977361  1.2653050
 3.4250  2.54213  0.91776  0.4977327  1.2652994
 3.4750  2.54214  0.91776  0.4977296  1.2652959
 3.5250  2.54214  0.91776  0.4977268  1.2652918
 3.5750  2.54215  0.91777  0.4977241  1.2652880
 3.6250  2.54215  0.91777  0.4977211  1.2652829
 3.6750  2.54216  0.91777  0.4977181  1.2652789
 3.7250  2.54217  0.91777  0.4977154  1.2652754
 3.7750  2.54217  0.91777  0.4977129  1.2652719
 3.8250  2.54218  0.91777  0.4977104  1.2652674
 3.8750  2.54218  0.91777  0.4977078  1.2652640
 3.9250  2.54219  0.91777  0.4977053  1.2652602
 3.9750  2.54219  0.91777  0.4977026  1.2652562
 4.0250  2.54220  0.91777  0.4976996  1.2652512
 4.0750  2.54220  0.91778  0.4976966  1.2652462
 4.1250  2.54221  0.91778  0.4976937  1.2652416
 4.1750  2.54222  0.91778  0.4976905  1.2652365
 4.2250  2.54222  0.91778  0.4976875  1.2652317
 4.2750  2.54223  0.91778  0.4976845  1.2652268
 4.3250  2.54223  0.91778  0.4976814  1.2652221
 4.3750  2.54224  0.91778  0.4976785  1.2652177
 4.4250  2.54224  0.91778  0.4976758  1.2652136
 4.4750  2.54225  0.91778  0.4976731  1.2652092
 4.5250  2.54226  0.91778  0.4976704  1.2652062
 4.5750  2.54226  0.91779  0.4976678  1.2652022
 4.6250  2.54227  0.91779  0.4976651  1.2651974
 4.6750  2.54227  0.91779  0.4976621  1.2651916
 4.7250  2.54228  0.91779  0.4976590  1.2651874
 4.7750  2.54228  0.91779  0.4976563  1.2651832
 4.8250  2.54229  0.91779  0.4976536  1.2651786
 4.8750  2.54229  0.91779  0.4976508  1.2651738
 4.9250  2.54230  0.91779  0.4976480  1.2651694
 4.9750  2.54230  0.91779  0.4976453  1.2651652
 5.0250  2.54231  0.91780  0.4976425  1.2651608
 5.0750  2.54231  0.91780  0.4976398  1.2651564
 5.1250  2.54232  0.91780  0.4976371  1.2651521
 5.1750  2.54232  0.91780  0.4976344  1.2651478
 5.2250  2.54233  0.91780  0.4976316  1.2651436
 5.2750  2.54233  0.91780  0.4976288  1.2651390
 5.3250  2.54234  0.91780  0.4976260  1.2651346
 5.3750  2.54235  0.91780  0.4976232  1.2651303
 5.4250  2.54235  0.91780  0.4976204  1.2651246
 5.4750  2.54236  0.91780  0.4976171  1.2651197
 5.5250  2.54236  0.91781  0.4976138  1.2651137
 5.5750  2.54237  0.91781  0.4976106  1.2651092
 5.6250  2.54237  0.91781  0.4976076  1.2651041
 5.6750  2.54238  0.91781  0.4976046  1.2650992
 5.7250  2.54238  0.91781  0.4976014  1.2650934
 5.7750  2.54239  0.91781  0.4975982  1.2650894
 5.8250  2.54240  0.91781  0.4975953  1.2650845
 5.8750  2.54240  0.91781  0.4975923  1.2650796
 5.9250  2.54241  0.91781  0.4975893  1.2650744
 5.9750  2.54241  0.91781  0.4975862  1.2650695
 6.0250  2.54242  0.91782  0.4975833  1.2650647
 6.0750  2.54242  0.91782  0.4975803  1.2650599
 6.1250  2.54243  0.91782  0.4975774  1.2650552
 6.1750  2.54243  0.91782  0.4975744  1.2650504
 6.2250  2.54244  0.91782  0.4975713  1.2650453
 6.2750  2.54245  0.91782  0.4975683  1.2650403
 6.3250  2.54245  0.91782  0.4975651  1.2650349
 6.3750  2.54246  0.91782  0.4975619  1.2650295
 6.4250  2.54246  0.91782  0.4975586  1.2650242
 6.4750  2.54247  0.91782  0.4975554  1.2650187
 6.5250  2.54248  0.91783  0.4975522  1.2650151
 6.5750  2.54248  0.91783  0.4975494  1.2650110
 6.6250  2.54249  0.91783  0.4975467  1.2650080
 6.6750  2.54250  0.91783  0.4975442  1.2650042
 6.7250  2.54250  0.91783  0.4975418  1.2650015
 6.7750  2.54251  0.91783  0.4975392  1.2649972
 6.8250  2.54251  0.91783  0.4975366  1.2649933
 6.8750  2.54252  0.91783  0.4975339  1.2649888
 6.9250  2.54252  0.91783  0.4975311  1.2649840
 6.9750  2.54253  0.91783  0.4975282  1.2649794
 7.0250  2.54253  0.91784  0.4975254  1.2649745
 7.0750  2.54254  0.91784  0.4975225  1.2649699
 7.1250  2.54254  0.91784  0.4975196  1.2649649
 7.1750  2.54255  0.91784  0.4975165  1.2649596
 7.2250  2.54255  0.91784  0.4975133  1.2649541
 7.2750  2.54256  0.91784  0.4975100  1.2649484
 7.3250  2.54256  0.91784  0.4975066  1.2649428
 7.3750  2.54257  0.91784  0.4975035  1.2649384
 7.4250  2.54258  0.91784  0.4975006  1.2649329
 7.4750  2.54258  0.91784  0.4974975  1.2649277
 7.5250  2.54259  0.91785  0.4974944  1.2649223
 7.5750  2.54259  0.91785  0.4974912  1.2649181
 7.6250  2.54260  0.91785  0.4974882  1.2649130
 7.6750  2.54261  0.91785  0.4974851  1.2649084
 7.7250  2.54261  0.91785  0.4974824  1.2649038
 7.7750  2.54262  0.91785  0.4974796  1.2649001
 7.8250  2.54262  0.91785  0.4974769  1.2648960
 7.8750  2.54263  0.91785  0.4974741  1.2648911
 7.9250  2.54263  0.91785  0.4974711  1.2648859
 7.9750  2.54264  0.91786  0.4974681  1.2648807
 8.0250  2.54264  0.91786  0.4974651  1.2648757
 8.0750  2.54265  0.91786  0.4974622  1.2648708
 8.1250  2.54265  0.91786  0.4974593  1.2648662
 8.1750  2.54266  0.91786  0.4974566  1.2648621
 8.2250  2.54266  0.91786  0.4974541  1.2648586
 8.2750  2.54267  0.91786  0.4974517  1.2648544
 8.3250  2.54267  0.91786  0.4974494  1.2648512
 8.3750  2.54268  0.91786  0.4974470  1.2648473
 8.4250  2.54268  0.91787  0.4974448  1.2648441
 8.4750  2.54269  0.91787  0.4974426  1.2648399
 8.5250  2.54269  0.91787  0.4974399  1.2648352
 8.5750  2.54269  0.91787  0.4974370  1.2648299
 8.6250  2.54270  0.91787  0.4974341  1.2648261
 8.6750  2.54270  0.91787  0.4974312  1.2648208
 8.7250  2.54271  0.91787  0.4974284  1.2648171
 8.7750  2.54272  0.91787  0.4974259  1.2648134
 8.8250  2.54272  0.91787  0.4974232  1.2648100
 8.8750  2.54273  0.91787  0.4974205  1.2648060
 8.9250  2.54274  0.91788  0.4974180  1.2648026
 8.9750  2.54274  0.91788  0.4974156  1.2647996
 9.0250  2.54275  0.91788  0.4974131  1.2647963
 9.0750  2.54275  0.91788  0.4974107  1.2647929
 9.1250  2.54276  0.91788  0.4974081  1.2647898
 9.1750  2.54277  0.91788  0.4974058  1.2647868
 9.2250  2.54277  0.91788  0.4974037  1.2647840
 9.2750  2.54278  0.91788  0.4974016  1.2647814
 9.3250  2.54278  0.91788  0.4973995  1.2647779
 9.3750  2.54279  0.91788  0.4973975  1.2647754
 9.4250  2.54279  0.91789  0.4973953  1.2647719
 9.4750  2.54280  0.91789  0.4973930  1.2647690
 9.5250  2.54280  0.91789  0.4973908  1.2647656
 9.5750  2.54281  0.91789  0.4973885  1.2647628
 9.6250  2.54281  0.91789  0.4973863  1.2647592
 9.6750  2.54282  0.91789  0.4973841  1.2647561
 9.7250  2.54282  0.91789  0.4973821  1.2647526
 9.7750  2.54282  0.91789  0.4973799  1.2647494
 9.8250  2.54283  0.91789  0.4973777  1.2647461
 9.8750  2.54283  0.91790  0.4973756  1.2647429
 9.9250  2.54284  0.91790  0.4973734  1.2647394
 9.9750  2.54284  0.91790  0.4973711  1.2647356
10.0250  2.54285  0.91790  0.4973689  1.2647322
10.0750  2.54285  0.91790  0.4973667  1.2647288
10.1250  2.54285  0.91790  0.4973645  1.2647252
10.1750  2.54286  0.91790  0.4973623  1.2647212
10.2250  2.54286  0.91790  0.4973599  1.2647178
10.2750  2.54287  0.91790  0.4973577  1.2647134
10.3250  2.54287  0.91791  0.4973550  1.2647094
10.3750  2.54287  0.91791  0.4973524  1.2647047
10.4250  2.54288  0.91791  0.4973497  1.2647008
10.4750  2.54288  0.91791  0.4973471  1.2646962
10.5250  2.54289  0.91791  0.4973448  1.2646927
10.5750  2.54289  0.91791  0.4973425  1.2646887
10.6250  2.54290  0.91791  0.4973401  1.2646849
10.6750  2.54290  0.91791  0.4973377  1.2646811
10.7250  2.54291  0.91791  0.4973354  1.2646773
10.7750  2.54291  0.91792  0.4973330  1.2646735
10.8250  2.54292  0.91792  0.4973307  1.2646703
10.8750  2.54292  0.91792  0.4973285  1.2646668
10.9250  2.54293  0.91792  0.4973262  1.2646632
10.9750  2.54293  0.91792  0.4973239  1.2646598
11.0250  2.54293  0.91792  0.4973216  1.2646561
11.0750  2.54294  0.91792  0.4973191  1.2646519
11.1250  2.54294  0.91792  0.4973166  1.2646474
11.1750  2.54295  0.91792  0.4973140  1.2646440
11.2250  2.54295  0.91792  0.4973118  1.2646406
11.2750  2.54296  0.91793  0.4973096  1.2646374
11.3250  2.54296  0.91793  0.4973073  1.2646328
11.3750  2.54297  0.91793  0.4973048  1.2646295
11.4250  2.54297  0.91793  0.4973027  1.2646260
11.4750  2.54297  0.91793  0.4973006  1.2646228
11.5250  2.54298  0.91793  0.4972984  1.2646189
11.5750  2.54298  0.91793  0.4972961  1.2646160
11.6250  2.54299  0.91793  0.4972938  1.2646124
11.6750  2.54299  0.91793  0.4972914  1.2646086
11.7250  2.54300  0.91794  0.4972891  1.2646050
11.7750  2.54300  0.91794  0.4972867  1.2646013
11.8250  2.54301  0.91794  0.4972842  1.2645971
11.8750  2.54301  0.91794  0.4972815  1.2645923
11.9250  2.54302  0.91794  0.4972788  1.2645876
11.9750  2.54302  0.91794  0.4972759  1.2645826
12.0250  2.54303  0.91794  0.4972733  1.2645788
12.0750  2.54303  0.91794  0.4972709  1.2645749
12.1250  2.54304  0.91794  0.4972682  1.2645706
12.1750  2.54304  0.91795  0.4972656  1.2645653
12.2250  2.54304  0.91795  0.4972630  1.2645619
12.2750  2.54305  0.91795  0.4972607  1.2645582
12.3250  2.54305  0.91795  0.4972581  1.2645535
12.3750  2.54306  0.91795  0.4972555  1.2645482
12.4250  2.54306  0.91795  0.4972526  1.2645444
12.4750  2.54307  0.91795  0.4972502  1.2645402
12.5250  2.54307  0.91795  0.4972476  1.2645355
12.5750  2.54307  0.91795  0.4972449  1.2645308
12.6250  2.54308  0.91796  0.4972424  1.2645267
12.6750  2.54308  0.91796  0.4972399  1.2645229
12.7250  2.54309  0.91796  0.4972376  1.2645195
12.7750  2.54309  0.91796  0.4972354  1.2645158
12.8250  2.54310  0.91796  0.4972332  1.2645123
12.8750  2.54310  0.91796  0.4972309  1.2645090
12.9250  2.54311  0.91796  0.4972286  1.2645054
12.9750  2.54311  0.91796  0.4972263  1.2645016
13.0250  2.54312  0.91797  0.4972239  1.2644981
13.0750  2.54312  0.91797  0.4972216  1.2644953
13.1250  2.54313  0.91797  0.4972195  1.2644917
13.1750  2.54313  0.91797  0.4972172  1.2644888
13.2250  2.54313  0.91797  0.4972150  1.2644849
13.2750  2.54314  0.91797  0.4972128  1.2644821
13.3250  2.54314  0.91797  0.4972108  1.2644786
13.3750  2.54315  0.91797  0.4972085  1.2644750
13.4250  2.54315  0.91797  0.4972062  1.2644708
13.4750  2.54316  0.91798  0.4972036  1.2644676
13.5250  2.54316  0.91798  0.4972013  1.2644643
13.5750  2.54317  0.91798  0.4971989  1.2644608
13.6250  2.54317  0.91798  0.4971966  1.2644573
13.6750  2.54318  0.91798  0.4971942  1.2644539
13.7250  2.54318  0.91798  0.4971918  1.2644507
13.7750  2.54319  0.91798  0.4971895  1.2644475
13.8250  2.54319  0.91798  0.4971871  1.2644435
13.8750  2.54320  0.91798  0.4971846  1.2644396
13.9250  2.54320  0.91799  0.4971820  1.2644351
13.9750  2.54321  0.91799  0.4971790  1.2644295
14.0250  2.54321  0.91799  0.4971760  1.2644250
14.0750  2.54322  0.91799  0.4971730  1.2644198
14.1250  2.54322  0.91799  0.4971699  1.2644145
14.1750  2.54323  0.91799  0.4971668  1.2644089
14.2250  2.54324  0.91799  0.4971639  1.2644047
14.2750  2.54324  0.91799  0.4971611  1.2643993
14.3250  2.54324  0.91799  0.4971582  1.2643943
14.3750  2.54325  0.91799  0.4971553  1.2643888
14.4250  2.54325  0.91800  0.4971523  1.2643834
14.4750  2.54326  0.91800  0.4971493  1.2643781
14.5250  2.54326  0.91800  0.4971463  1.2643728
14.5750  2.54327  0.91800  0.4971434  1.2643682
14.6250  2.54327  0.91800  0.4971407  1.2643639
14.6750  2.54328  0.91800  0.4971383  1.2643598
14.7250  2.54328  0.91800  0.4971360  1.2643560
14.7750  2.54328  0.91800  0.4971333  1.2643512
14.8250  2.54329  0.91801  0.4971306  1.2643466
14.8750  2.54329  0.91801  0.4971280  1.2643428
14.9250  2.54330  0.91801  0.4971254  1.2643375
14.9750  2.54330  0.91801  0.4971224  1.2643324
15.0250  2.54331  0.91801  0.4971193  1.2643267
15.0750  2.54331  0.91801  0.4971162  1.2643225
15.1250  2.54332  0.91801  0.4971132  1.2643169
15.1750  2.54332  0.91801  0.4971102  1.2643123
15.2250  2.54333  0.91801  0.4971071  1.2643070
15.2750  2.54334  0.91802  0.4971041  1.2643028
15.3250  2.54334  0.91802  0.4971011  1.2642987
15.3750  2.54335  0.91802  0.4970983  1.2642945
15.4250  2.54336  0.91802  0.4970956  1.2642909
15.4750  2.54336  0.91802  0.4970933  1.2642878
15.5250  2.54337  0.91802  0.4970911  1.2642847
15.5750  2.54337  0.91802  0.4970891  1.2642816
15.6250  2.54337  0.91802  0.4970872  1.2642783
15.6750  2.54338  0.91802  0.4970855  1.2642751
15.7250  2.54338  0.91802  0.4970839  1.2642726
15.7750  2.54338  0.91803  0.4970826  1.2642701
15.8250  2.54338  0.91803  0.4970812  1.2642680
15.8750  2.54339  0.91803  0.4970800  1.2642660
15.9250  2.54339  0.91803  0.4970790  1.2642641
15.9750  2.54339  0.91803  0.4970780  1.2642616
16.0250  2.54339  0.91803  0.4970772  1.2642598
16.0750  2.54339  0.91803  0.4970765  1.2642577
16.1250  2.54339  0.91803  0.4970758  1.2642561
16.1750  2.54339  0.91803  0.4970753  1.2642547
16.2250  2.54339  0.91803  0.4970746  1.2642529
16.2750  2.54339  0.91803  0.4970742  1.2642519
16.3250  2.54339  0.91803  0.4970738  1.2642509
16.3750  2.54339  0.91803  0.4970734  1.2642493
16.4250  2.54338  0.91803  0.4970729  1.2642473
16.4750  2.54338  0.91803  0.4970724  1.2642455
16.5250  2.54338  0.91803  0.4970719  1.2642430
16.5750  2.54338  0.91803  0.4970715  1.2642419
16.6250  2.54338  0.91803  0.4970712  1.2642403
16.6750  2.54338  0.91804  0.4970707  1.2642394
16.7250  2.54338  0.91804  0.4970703  1.2642369
16.7750  2.54338  0.91804  0.4970698  1.2642355
16.8250  2.54337  0.91804  0.4970694  1.2642337
16.8750  2.54337  0.91804  0.4970690  1.2642324
16.9250  2.54337  0.91804  0.4970687  1.2642310
16.9750  2.54337  0.91804  0.4970683  1.2642295
17.0250  2.54337  0.91804  0.4970682  1.2642286
17.0750  2.54337  0.91804  0.4970679  1.2642275
17.1250  2.54337  0.91804  0.4970675  1.2642258
17.1750  2.54337  0.91804  0.4970670  1.2642242
17.2250  2.54337  0.91804  0.4970666  1.2642226
17.2750  2.54337  0.91804  0.4970661  1.2642212
17.3250  2.54337  0.91804  0.4970658  1.2642201
17.3750  2.54336  0.91804  0.4970654  1.2642177
17.4250  2.54336  0.91804  0.4970649  1.2642169
17.4750  2.54336  0.91804  0.4970649  1.2642162
17.5250  2.54336  0.91804  0.4970647  1.2642154
17.5750  2.54336  0.91804  0.4970645  1.2642136
17.6250  2.54336  0.91804  0.4970642  1.2642128
17.6750  2.54336  0.91805  0.4970640  1.2642115
17.7250  2.54336  0.91805  0.4970638  1.2642103
17.7750  2.54336  0.91805  0.4970635  1.2642089
17.8250  2.54335  0.91805  0.4970631  1.2642071
17.8750  2.54335  0.91805  0.4970628  1.2642061
17.9250  2.54335  0.91805  0.4970624  1.2642043
17.9750  2.54335  0.91805  0.4970621  1.2642028
18.0250  2.54335  0.91805  0.4970617  1.2642013
18.0750  2.54335  0.91805  0.4970613  1.2642000
18.1250  2.54335  0.91805  0.4970609  1.2641977
18.1750  2.54335  0.91805  0.4970604  1.2641966
18.2250  2.54334  0.91805  0.4970600  1.2641944
18.2750  2.54334  0.91805  0.4970595  1.2641932
18.3250  2.54334  0.91805  0.4970591  1.2641910
18.3750  2.54334  0.91805  0.4970589  1.2641900
18.4250  2.54334  0.91805  0.4970586  1.2641877
18.4750  2.54334  0.91805  0.4970582  1.2641867
18.5250  2.54334  0.91805  0.4970580  1.2641860
18.5750  2.54334  0.91805  0.4970577  1.2641844
18.6250  2.54333  0.91805  0.4970573  1.2641826
18.6750  2.54333  0.91805  0.4970570  1.2641813
18.7250  2.54333  0.91805  0.4970567  1.2641796
18.7750  2.54333  0.91805  0.4970563  1.2641778
18.8250  2.54333  0.91805  0.4970559  1.2641767
18.8750  2.54333  0.91806  0.4970559  1.2641757
18.9250  2.54333  0.91806  0.4970556  1.2641742
18.9750  2.54332  0.91806  0.4970551  1.2641722
19.0250  2.54332  0.91806  0.4970546  1.2641715
19.0750  2.54332  0.91806  0.4970545  1.2641702
19.1250  2.54332  0.91806  0.4970543  1.2641692
19.1750  2.54332  0.91806  0.4970541  1.2641673
19.2250  2.54332  0.91806  0.4970538  1.2641658
19.2750  2.54332  0.91806  0.4970535  1.2641641
19.3250  2.54331  0.91806  0.4970531  1.2641623
19.3750  2.54331  0.91806  0.4970527  1.2641605
19.4250  2.54331  0.91806  0.4970523  1.2641584
19.4750  2.54331  0.91806  0.4970520  1.2641573
19.5250  2.54331  0.91806  0.4970515  1.2641548
19.5750  2.54331  0.91806  0.4970509  1.2641528
19.6250  2.54330  0.91806  0.4970504  1.2641501
19.6750  2.54330  0.91806  0.4970500  1.2641490
19.7250  2.54330  0.91806  0.4970498  1.2641472
19.7750  2.54330  0.91806  0.4970496  1.2641457
19.8250  2.54330  0.91807  0.4970492  1.2641433
19.8750  2.54330  0.91807  0.4970487  1.2641423
19.9250  2.54330  0.91807  0.4970484  1.2641407
19.9750  2.54329  0.91807  0.4970481  1.2641392
20.0250  2.54329  0.91807  0.4970477  1.2641374
20.0750  2.54329  0.91807  0.4970475  1.2641363
20.1250  2.54329  0.91807  0.4970472  1.2641350
20.1750  2.54329  0.91807  0.4970469  1.2641342
20.2250  2.54329  0.91807  0.4970466  1.2641326
20.2750  2.54329  0.91807  0.4970464  1.2641317
20.3250  2.54329  0.91807  0.4970459  1.2641295
20.3750  2.54328  0.91807  0.4970455  1.2641275
20.4250  2.54328  0.91807  0.4970450  1.2641264
20.4750  2.54328  0.91807  0.4970449  1.2641245
20.5250  2.54328  0.91807  0.4970446  1.2641230
20.5750  2.54328  0.91807  0.4970444  1.2641215
20.6250  2.54328  0.91807  0.4970441  1.2641202
20.6750  2.54327  0.91807  0.4970438  1.2641186
20.7250  2.54327  0.91807  0.4970437  1.2641174
20.7750  2.54327  0.91807  0.4970433  1.2641156
20.8250  2.54327  0.91807  0.4970431  1.2641140
20.8750  2.54327  0.91808  0.4970430  1.2641131
20.9250  2.54326  0.91808  0.4970428  1.2641113
20.9750  2.54326  0.91808  0.4970425  1.2641095
21.0250  2.54326  0.91808  0.4970420  1.2641069
21.0750  2.54326  0.91808  0.4970415  1.2641058
21.1250  2.54326  0.91808  0.4970413  1.2641041
21.1750  2.54326  0.91808  0.4970412  1.2641032
21.2250  2.54325  0.91808  0.4970411  1.2641015
21.2750  2.54325  0.91808  0.4970409  1.2641006
21.3250  2.54325  0.91808  0.4970408  1.2641000
21.3750  2.54325  0.91808  0.4970406  1.2640992
21.4250  2.54325  0.91808  0.4970405  1.2640980
21.4750  2.54325  0.91808  0.4970401  1.2640961
21.5250  2.54325  0.91808  0.4970398  1.2640951
21.5750  2.54325  0.91808  0.4970394  1.2640930
21.6250  2.54325  0.91808  0.4970391  1.2640923
21.6750  2.54324  0.91808  0.4970389  1.2640908
21.7250  2.54324  0.91808  0.4970386  1.2640897
21.7750  2.54324  0.91808  0.4970384  1.2640884
21.8250  2.54324  0.91808  0.4970382  1.2640882
21.8750  2.54324  0.91808  0.4970380  1.2640864
21.9250  2.54324  0.91808  0.4970377  1.2640849
21.9750  2.54324  0.91809  0.4970374  1.2640834
22.0250  2.54323  0.91809  0.4970371  1.2640817
22.0750  2.54323  0.91809  0.4970368  1.2640804
22.1250  2.54323  0.91809  0.4970366  1.2640789
22.1750  2.54323  0.91809  0.4970364  1.2640777
22.2250  2.54323  0.91809  0.4970363  1.2640765
22.2750  2.54323  0.91809  0.4970361  1.2640758
22.3250  2.54322  0.91809  0.4970361  1.2640743
22.3750  2.54322  0.91809  0.4970357  1.2640727
22.4250  2.54322  0.91809  0.4970352  1.2640704
22.4750  2.54322  0.91809  0.4970348  1.2640696
22.5250  2.54322  0.91809  0.4970345  1.2640676
22.5750  2.54322  0.91809  0.4970342  1.2640663
22.6250  2.54322  0.91809  0.4970340  1.2640650
22.6750  2.54321  0.91809  0.4970339  1.2640636
22.7250  2.54321  0.91809  0.4970335  1.2640620
22.7750  2.54321  0.91809  0.4970333  1.2640605
22.8250  2.54321  0.91810  0.4970330  1.2640591
22.8750  2.54321  0.91810  0.4970328  1.2640575
22.9250  2.54321  0.91810  0.4970326  1.2640566
22.9750  2.54320  0.91810  0.4970325  1.2640549
23.0250  2.54320  0.91810  0.4970322  1.2640541
23.0750  2.54320  0.91810  0.4970320  1.2640524
23.1250  2.54320  0.91810  0.4970317  1.2640516
23.1750  2.54320  0.91810  0.4970315  1.2640502
23.2250  2.54320  0.91810  0.4970313  1.2640488
23.2750  2.54320  0.91810  0.4970309  1.2640469
23.3250  2.54319  0.91810  0.4970307  1.2640457
23.3750  2.54319  0.91810  0.4970304  1.2640444
23.4250  2.54319  0.91810  0.4970301  1.2640431
23.4750  2.54319  0.91810  0.4970299  1.2640417
23.5250  2.54319  0.91810  0.4970295  1.2640399
23.5750  2.54319  0.91810  0.4970292  1.2640390
23.6250  2.54319  0.91810  0.4970291  1.2640378
23.6750  2.54319  0.91810  0.4970291  1.2640374
23.7250  2.54318  0.91810  0.4970290  1.2640353
23.7750  2.54318  0.91810  0.4970285  1.2640331
23.8250  2.54318  0.91811  0.4970279  1.2640312
23.8750  2.54318  0.91811  0.4970276  1.2640296
23.9250  2.54318  0.91811  0.4970274  1.2640283
23.9750  2.54317  0.91811  0.4970274  1.2640270
24.0250  2.54317  0.91811  0.4970274  1.2640260
24.0750  2.54317  0.91811  0.4970272  1.2640247
24.1250  2.54317  0.91811  0.4970270  1.2640235
24.1750  2.54317  0.91811  0.4970267  1.2640213
24.2250  2.54316  0.91811  0.4970264  1.2640200
24.2750  2.54316  0.91811  0.4970261  1.2640182
24.3250  2.54316  0.91811  0.4970257  1.2640169
24.3750  2.54316  0.91811  0.4970255  1.2640150
24.4250  2.54316  0.91811  0.4970251  1.2640133
24.4750  2.54316  0.91811  0.4970247  1.2640115
24.5250  2.54315  0.91811  0.4970244  1.2640097
24.5750  2.54315  0.91811  0.4970240  1.2640074
24.6250  2.54315  0.91811  0.4970236  1.2640059
24.6750  2.54315  0.91812  0.4970235  1.2640043
24.7250  2.54315  0.91812  0.4970233  1.2640028
24.7750  2.54315  0.91812  0.4970230  1.2640017
24.8250  2.54314  0.91812  0.4970230  1.2640001
24.8750  2.54314  0.91812  0.4970230  1.2639993
24.9250  2.54314  0.91812  0.4970228  1.2639972
24.9750  2.54314  0.91812  0.4970226  1.2639966
25.0250  2.54313  0.91812  0.4970226  1.2639952
25.0750  2.54313  0.91812  0.4970224  1.2639939
25.1250  2.54313  0.91812  0.4970223  1.2639923
25.1750  2.54313  0.91812  0.4970221  1.2639906
25.2250  2.54312  0.91812  0.4970220  1.2639891
25.2750  2.54312  0.91812  0.4970217  1.2639874
25.3250  2.54312  0.91812  0.4970217  1.2639861
25.3750  2.54312  0.91812  0.4970215  1.2639840
25.4250  2.54312  0.91812  0.4970211  1.2639822
25.4750  2.54311  0.91813  0.4970208  1.2639799
25.5250  2.54311  0.91813  0.4970204  1.2639786
25.5750  2.54311  0.91813  0.4970203  1.2639766
25.6250  2.54311  0.91813  0.4970199  1.2639753
25.6750  2.54311  0.91813  0.4970196  1.2639732
25.7250  2.54310  0.91813  0.4970193  1.2639716
25.7750  2.54310  0.91813  0.4970191  1.2639697
25.8250  2.54310  0.91813  0.4970188  1.2639679
25.8750  2.54310  0.91813  0.4970185  1.2639661
25.9250  2.54309  0.91813  0.4970183  1.2639643
25.9750  2.54309  0.91813  0.4970179  1.2639621
26.0250  2.54309  0.91813  0.4970176  1.2639599
26.0750  2.54309  0.91813  0.4970173  1.2639582
26.1250  2.54308  0.91813  0.4970169  1.2639558
26.1750  2.54308  0.91813  0.4970168  1.2639550
26.2250  2.54308  0.91814  0.4970167  1.2639537
26.2750  2.54308  0.91814  0.4970165  1.2639526
26.3250  2.54308  0.91814  0.4970164  1.2639505
26.3750  2.54307  0.91814  0.4970161  1.2639487
26.4250  2.54307  0.91814  0.4970158  1.2639470
26.4750  2.54307  0.91814  0.4970156  1.2639455
26.5250  2.54307  0.91814  0.4970154  1.2639439
26.5750  2.54307  0.91814  0.4970153  1.2639422
26.6250  2.54306  0.91814  0.4970151  1.2639406
26.6750  2.54306  0.91814  0.4970149  1.2639387
26.7250  2.54306  0.91814  0.4970147  1.2639374
26.7750  2.54306  0.91814  0.4970145  1.2639353
26.8250  2.54305  0.91814  0.4970143  1.2639340
26.8750  2.54305  0.91814  0.4970142  1.2639318
26.9250  2.54305  0.91814  0.4970139  1.2639303
26.9750  2.54304  0.91815  0.4970138  1.2639281
27.0250  2.54304  0.91815  0.4970136  1.2639265
27.0750  2.54304  0.91815  0.4970135  1.2639248
27.1250  2.54304  0.91815  0.4970132  1.2639230
27.1750  2.54303  0.91815  0.4970131  1.2639213
27.2250  2.54303  0.91815  0.4970128  1.2639189
27.2750  2.54303  0.91815  0.4970126  1.2639169
27.3250  2.54303  0.91815  0.4970126  1.2639154
27.3750  2.54302  0.91815  0.4970125  1.2639143
27.4250  2.54302  0.91815  0.4970127  1.2639127
27.4750  2.54301  0.91815  0.4970127  1.2639105
27.5250  2.54301  0.91815  0.4970124  1.2639078
27.5750  2.54301  0.91815  0.4970122  1.2639066
27.6250  2.54301  0.91816  0.4970122  1.2639049
27.6750  2.54300  0.91816  0.4970121  1.2639034
27.7250  2.54300  0.91816  0.4970121  1.2639012
27.7750  2.54300  0.91816  0.4970120  1.2638998
27.8250  2.54299  0.91816  0.4970120  1.2638980
27.8750  2.54299  0.91816  0.4970118  1.2638959
27.9250  2.54299  0.91816  0.4970115  1.2638934
27.9750  2.54298  0.91816  0.4970114  1.2638917
28.0250  2.54298  0.91816  0.4970114  1.2638905
28.0750  2.54298  0.91816  0.4970115  1.2638888
28.1250  2.54297  0.91816  0.4970116  1.2638873
28.1750  2.54297  0.91817  0.4970114  1.2638848
28.2250  2.54297  0.91817  0.4970112  1.2638836
28.2750  2.54296  0.91817  0.4970113  1.2638816
28.3250  2.54296  0.91817  0.4970113  1.2638803
28.3750  2.54296  0.91817  0.4970112  1.2638781
28.4250  2.54296  0.91817  0.4970111  1.2638769
28.4750  2.54295  0.91817  0.4970110  1.2638751
28.5250  2.54295  0.91817  0.4970109  1.2638735
28.5750  2.54294  0.91817  0.4970110  1.2638714
28.6250  2.54294  0.91817  0.4970109  1.2638701
28.6750  2.54294  0.91818  0.4970109  1.2638687
28.7250  2.54294  0.91818  0.4970109  1.2638671
28.7750  2.54293  0.91818  0.4970110  1.2638663
28.8250  2.54293  0.91818  0.4970112  1.2638651
28.8750  2.54293  0.91818  0.4970114  1.2638636
28.9250  2.54292  0.91818  0.4970115  1.2638620
28.9750  2.54292  0.91818  0.4970115  1.2638603
29.0250  2.54292  0.91818  0.4970118  1.2638596
29.0750  2.54291  0.91818  0.4970122  1.2638583
29.1250  2.54291  0.91818  0.4970123  1.2638559
29.1750  2.54291  0.91819  0.4970122  1.2638547
29.2250  2.54290  0.91819  0.4970123  1.2638525
29.2750  2.54290  0.91819  0.4970120  1.2638499
29.3250  2.54289  0.91819  0.4970118  1.2638466
29.3750  2.54289  0.91819  0.4970116  1.2638448
29.4250  2.54288  0.91819  0.4970116  1.2638423
29.4750  2.54288  0.91819  0.4970115  1.2638403
29.5250  2.54288  0.91819  0.4970114  1.2638379
29.5750  2.54287  0.91819  0.4970112  1.2638354
29.6250  2.54287  0.91820  0.4970112  1.2638336
29.6750  2.54286  0.91820  0.4970111  1.2638315
29.7250  2.54286  0.91820  0.4970109  1.2638292
29.7750  2.54286  0.91820  0.4970108  1.2638273
29.8250  2.54285  0.91820  0.4970108  1.2638255
29.8750  2.54285  0.91820  0.4970110  1.2638237
29.9250  2.54284  0.91820  0.4970110  1.2638216
29.9750  2.54284  0.91820  0.4970109  1.2638189
30.0250  2.54284  0.91821  0.4970109  1.2638178
30.0750  2.54283  0.91821  0.4970112  1.2638165
30.1250  2.54283  0.91821  0.4970116  1.2638150
30.1750  2.54282  0.91821  0.4970117  1.2638125
30.2250  2.54282  0.91821  0.4970116  1.2638110
30.2750  2.54281  0.91821  0.4970119  1.2638090
30.3250  2.54281  0.91821  0.4970119  1.2638067
30.3750  2.54281  0.91821  0.4970119  1.2638044
30.4250  2.54280  0.91821  0.4970118  1.2638034
30.4750  2.54280  0.91822  0.4970117  1.2638007
30.5250  2.54280  0.91822  0.4970115  1.2637984
30.5750  2.54279  0.91822  0.4970113  1.2637962
30.6250  2.54279  0.91822  0.4970111  1.2637941
30.6750  2.54278  0.91822  0.4970111  1.2637920
30.7250  2.54278  0.91822  0.4970110  1.2637897
30.7750  2.54278  0.91822  0.4970110  1.2637880
30.8250  2.54277  0.91823  0.4970109  1.2637862
30.8750  2.54277  0.91823  0.4970107  1.2637842
30.9250  2.54277  0.91823  0.4970105  1.2637818
30.9750  2.54276  0.91823  0.4970102  1.2637792
31.0250  2.54276  0.91823  0.4970099  1.2637759
31.0750  2.54275  0.91823  0.4970096  1.2637736
31.1250  2.54275  0.91823  0.4970094  1.2637712
31.1750  2.54275  0.91823  0.4970092  1.2637694
31.2250  2.54275  0.91823  0.4970087  1.2637665
31.2750  2.54274  0.91824  0.4970084  1.2637643
31.3250  2.54274  0.91824  0.4970082  1.2637619
31.3750  2.54273  0.91824  0.4970078  1.2637590
31.4250  2.54273  0.91824  0.4970074  1.2637557
31.4750  2.54273  0.91824  0.4970070  1.2637540
31.5250  2.54272  0.91824  0.4970068  1.2637511
31.5750  2.54272  0.91824  0.4970064  1.2637479
31.6250  2.54272  0.91824  0.4970060  1.2637447
31.6750  2.54271  0.91825  0.4970056  1.2637428
31.7250  2.54271  0.91825  0.4970055  1.2637403
31.7750  2.54271  0.91825  0.4970051  1.2637376
31.8250  2.54270  0.91825  0.4970044  1.2637341
31.8750  2.54270  0.91825  0.4970040  1.2637324
31.9250  2.54270  0.91825  0.4970038  1.2637299
31.9750  2.54269  0.91825  0.4970037  1.2637280
32.0250  2.54269  0.91825  0.4970036  1.2637254
32.0750  2.54269  0.91826  0.4970033  1.2637233
32.1250  2.54268  0.91826  0.4970031  1.2637208
32.1750  2.54268  0.91826  0.4970030  1.2637187
32.2250  2.54267  0.91826  0.4970027  1.2637156
32.2750  2.54267  0.91826  0.4970024  1.2637132
32.3250  2.54267  0.91826  0.4970021  1.2637105
32.3750  2.54266  0.91826  0.4970018  1.2637086
32.4250  2.54266  0.91827  0.4970017  1.2637057
32.4750  2.54265  0.91827  0.4970012  1.2637023
32.5250  2.54265  0.91827  0.4970008  1.2636985
32.5750  2.54265  0.91827  0.4970005  1.2636962
32.6250  2.54264  0.91827  0.4970004  1.2636933
32.6750  2.54264  0.91827  0.4970002  1.2636906
32.7250  2.54263  0.91827  0.4970000  1.2636875
32.7750  2.54263  0.91828  0.4969999  1.2636858
32.8250  2.54262  0.91828  0.4969999  1.2636832
32.8750  2.54262  0.91828  0.4969999  1.2636815
32.9250  2.54262  0.91828  0.4969998  1.2636795
32.9750  2.54261  0.91828  0.4969996  1.2636780
33.0250  2.54261  0.91828  0.4969993  1.2636752
33.0750  2.54261  0.91828  0.4969990  1.2636728
33.1250  2.54260  0.91828  0.4969989  1.2636703
33.1750  2.54260  0.91829  0.4969987  1.2636688
33.2250  2.54260  0.91829  0.4969984  1.2636660
33.2750  2.54259  0.91829  0.4969980  1.2636633
33.3250  2.54259  0.91829  0.4969975  1.2636603
33.3750  2.54259  0.91829  0.4969973  1.2636585
33.4250  2.54258  0.91829  0.4969971  1.2636560
33.4750  2.54258  0.91829  0.4969970  1.2636541
33.5250  2.54258  0.91830  0.4969967  1.2636518
33.5750  2.54257  0.91830  0.4969965  1.2636499
33.6250  2.54257  0.91830  0.4969962  1.2636471
33.6750  2.54257  0.91830  0.4969959  1.2636448
33.7250  2.54256  0.91830  0.4969957  1.2636425
33.7750  2.54256  0.91830  0.4969957  1.2636403
33.8250  2.54255  0.91830  0.4969956  1.2636378
33.8750  2.54255  0.91830  0.4969955  1.2636360
33.9250  2.54254  0.91831  0.4969953  1.2636327
33.9750  2.54254  0.91831  0.4969948  1.2636296
34.0250  2.54254  0.91831  0.4969943  1.2636260
34.0750  2.54253  0.91831  0.4969939  1.2636240
34.1250  2.54253  0.91831  0.4969937  1.2636206
34.1750  2.54253  0.91831  0.4969932  1.2636179
34.2250  2.54252  0.91831  0.4969927  1.2636139
34.2750  2.54252  0.91832  0.4969922  1.2636119
34.3250  2.54251  0.91832  0.4969920  1.2636088
34.3750  2.54251  0.91832  0.4969918  1.2636064
34.4250  2.54251  0.91832  0.4969915  1.2636036
34.4750  2.54250  0.91832  0.4969913  1.2636013
34.5250  2.54250  0.91832  0.4969913  1.2635993
34.5750  2.54249  0.91832  0.4969913  1.2635972
34.6250  2.54249  0.91832  0.4969913  1.2635953
34.6750  2.54249  0.91833  0.4969913  1.2635933
34.7250  2.54248  0.91833  0.4969910  1.2635914
34.7750  2.54248  0.91833  0.4969908  1.2635895
34.8250  2.54248  0.91833  0.4969907  1.2635872
34.8750  2.54247  0.91833  0.4969904  1.2635849
34.9250  2.54247  0.91833  0.4969903  1.2635827
34.9750  2.54247  0.91833  0.4969900  1.2635797
35.0250  2.54246  0.91833  0.4969897  1.2635775
35.0750  2.54246  0.91834  0.4969896  1.2635747
35.1250  2.54245  0.91834  0.4969895  1.2635729
35.1750  2.54245  0.91834  0.4969895  1.2635705
35.2250  2.54245  0.91834  0.4969895  1.2635686
35.2750  2.54244  0.91834  0.4969895  1.2635659
35.3250  2.54244  0.91834  0.4969894  1.2635646
35.3750  2.54243  0.91834  0.4969893  1.2635622
35.4250  2.54243  0.91835  0.4969892  1.2635608
35.4750  2.54243  0.91835  0.4969890  1.2635581
35.5250  2.54242  0.91835  0.4969886  1.2635558
35.5750  2.54242  0.91835  0.4969881  1.2635527
35.6250  2.54242  0.91835  0.4969876  1.2635505
35.6750  2.54242  0.91835  0.4969875  1.2635489
35.7250  2.54241  0.91835  0.4969873  1.2635465
35.7750  2.54241  0.91835  0.4969870  1.2635437
35.8250  2.54241  0.91835  0.4969867  1.2635418
35.8750  2.54240  0.91836  0.4969865  1.2635394
35.9250  2.54240  0.91836  0.4969864  1.2635374
35.9750  2.54239  0.91836  0.4969862  1.2635348
36.0250  2.54239  0.91836  0.4969858  1.2635317
36.0750  2.54239  0.91836  0.4969853  1.2635299
36.1250  2.54239  0.91836  0.4969850  1.2635278
36.1750  2.54238  0.91836  0.4969850  1.2635264
36.2250  2.54238  0.91836  0.4969847  1.2635242
36.2750  2.54238  0.91836  0.4969844  1.2635224
36.3250  2.54238  0.91837  0.4969842  1.2635204
36.3750  2.54237  0.91837  0.4969839  1.2635183
36.4250  2.54237  0.91837  0.4969835  1.2635154
36.4750  2.54237  0.91837  0.4969831  1.2635127
36.5250  2.54236  0.91837  0.4969826  1.2635101
36.5750  2.54236  0.91837  0.4969822  1.2635078
36.6250  2.54236  0.91837  0.4969820  1.2635061
36.6750  2.54236  0.91837  0.4969817  1.2635041
36.7250  2.54235  0.91837  0.4969814  1.2635021
36.7750  2.54235  0.91837  0.4969812  1.2635002
36.8250  2.54235  0.91837  0.4969809  1.2634988
36.8750  2.54235  0.91838  0.4969805  1.2634962
36.9250  2.54234  0.91838  0.4969800  1.2634946
36.9750  2.54234  0.91838  0.4969796  1.2634922
37.0250  2.54234  0.91838  0.4969791  1.2634907
37.0750  2.54234  0.91838  0.4969789  1.2634879
37.1250  2.54234  0.91838  0.4969786  1.2634867
37.1750  2.54233  0.91838  0.4969783  1.2634852
37.2250  2.54233  0.91838  0.4969778  1.2634835
37.2750  2.54233  0.91838  0.4969776  1.2634821
37.3250  2.54233  0.91838  0.4969772  1.2634804
37.3750  2.54233  0.91838  0.4969769  1.2634790
37.4250  2.54233  0.91838  0.4969767  1.2634779
37.4750  2.54233  0.91838  0.4969762  1.2634764
37.5250  2.54233  0.91838  0.4969758  1.2634743
37.5750  2.54233  0.91838  0.4969754  1.2634730
37.6250  2.54232  0.91838  0.4969752  1.2634717
37.6750  2.54232  0.91838  0.4969749  1.2634706
37.7250  2.54232  0.91838  0.4969748  1.2634691
37.7750  2.54232  0.91838  0.4969746  1.2634679
37.8250  2.54232  0.91839  0.4969746  1.2634666
37.8750  2.54231  0.91839  0.4969742  1.2634646
37.9250  2.54231  0.91839  0.4969739  1.2634635
37.9750  2.54231  0.91839  0.4969738  1.2634623
38.0250  2.54231  0.91839  0.4969738  1.2634614
38.0750  2.54231  0.91839  0.4969737  1.2634599
38.1250  2.54231  0.91839  0.4969736  1.2634593
38.1750  2.54230  0.91839  0.4969734  1.2634579
38.2250  2.54230  0.91839  0.4969732  1.2634571
38.2750  2.54230  0.91839  0.4969730  1.2634553
38.3250  2.54230  0.91839  0.4969729  1.2634546
38.3750  2.54230  0.91839  0.4969727  1.2634528
38.4250  2.54230  0.91839  0.4969723  1.2634506
38.4750  2.54229  0.91839  0.4969722  1.2634497
38.5250  2.54229  0.91839  0.4969721  1.2634486
38.5750  2.54229  0.91839  0.4969721  1.2634474
38.6250  2.54229  0.91839  0.4969721  1.2634468
38.6750  2.54229  0.91839  0.4969723  1.2634461
38.7250  2.54228  0.91839  0.4969723  1.2634443
38.7750  2.54228  0.91839  0.4969721  1.2634435
38.8250  2.54228  0.91839  0.4969720  1.2634423
38.8750  2.54228  0.91839  0.4969721  1.2634419
38.9250  2.54228  0.91839  0.4969718  1.2634400
38.9750  2.54228  0.91839  0.4969715  1.2634387
39.0250  2.54228  0.91840  0.4969713  1.2634377
39.0750  2.54227  0.91840  0.4969710  1.2634364
39.1250  2.54227  0.91840  0.4969710  1.2634351
39.1750  2.54227  0.91840  0.4969710  1.2634342
39.2250  2.54227  0.91840  0.4969711  1.2634331
39.2750  2.54227  0.91840  0.4969710  1.2634320
39.3250  2.54226  0.91840  0.4969708  1.2634308
39.3750  2.54226  0.91840  0.4969708  1.2634296
39.4250  2.54226  0.91840  0.4969709  1.2634290
39.4750  2.54226  0.91840  0.4969710  1.2634277
39.5250  2.54226  0.91840  0.4969710  1.2634274
39.5750  2.54225  0.91840  0.4969711  1.2634263
39.6250  2.54225  0.91840  0.4969714  1.2634256
39.6750  2.54225  0.91840  0.4969714  1.2634246
39.7250  2.54225  0.91840  0.4969715  1.2634234
39.7750  2.54224  0.91840  0.4969715  1.2634227
39.8250  2.54224  0.91840  0.4969715  1.2634223
39.8750  2.54224  0.91840  0.4969716  1.2634219
39.9250  2.54224  0.91840  0.4969719  1.2634218
39.9750  2.54224  0.91840  0.4969723  1.2634219
40.0250  2.54224  0.91840  0.4969727  1.2634215
40.0750  2.54223  0.91840  0.4969729  1.2634206
40.1250  2.54223  0.91840  0.4969730  1.2634192
40.1750  2.54223  0.91840  0.4969730  1.2634190
40.2250  2.54223  0.91841  0.4969734  1.2634187
40.2750  2.54222  0.91841  0.4969737  1.2634184
40.3250  2.54222  0.91841  0.4969739  1.2634168
40.3750  2.54222  0.91841  0.4969739  1.2634153
40.4250  2.54221  0.91841  0.4969738  1.2634139
40.4750  2.54221  0.91841  0.4969738  1.2634131
40.5250  2.54221  0.91841  0.4969738  1.2634121
40.5750  2.54221  0.91841  0.4969739  1.2634112
40.6250  2.54221  0.91841  0.4969742  1.2634104
40.6750  2.54220  0.91841  0.4969744  1.2634093
40.7250  2.54220  0.91841  0.4969747  1.2634084
40.7750  2.54220  0.91841  0.4969748  1.2634072
40.8250  2.54219  0.91841  0.4969752  1.2634064
40.8750  2.54219  0.91841  0.4969754  1.2634043
40.9250  2.54218  0.91841  0.4969755  1.2634033
40.9750  2.54218  0.91841  0.4969757  1.2634020
41.0250  2.54218  0.91841  0.4969761  1.2634013
41.0750  2.54217  0.91841  0.4969764  1.2633997
41.1250  2.54217  0.91841  0.4969769  1.2634001
41.1750  2.54217  0.91841  0.4969775  1.2633992
41.2250  2.54216  0.91841  0.4969780  1.2633982
41.2750  2.54216  0.91841  0.4969784  1.2633964
41.3250  2.54215  0.91841  0.4969791  1.2633963
41.3750  2.54215  0.91841  0.4969801  1.2633959
41.4250  2.54214  0.91842  0.4969812  1.2633954
41.4750  2.54213  0.91842  0.4969821  1.2633945
41.5250  2.54213  0.91842  0.4969832  1.2633957
41.5750  2.54212  0.91842  0.4969845  1.2633964
41.6250  2.54212  0.91842  0.4969858  1.2633967
41.6750  2.54211  0.91842  0.4969867  1.2633954
41.7250  2.54211  0.91842  0.4969878  1.2633959
41.7750  2.54210  0.91842  0.4969888  1.2633954
41.8250  2.54210  0.91842  0.4969899  1.2633961
41.8750  2.54209  0.91842  0.4969911  1.2633954
41.9250  2.54208  0.91842  0.4969921  1.2633957
41.9750  2.54208  0.91842  0.4969932  1.2633951
42.0250  2.54207  0.91842  0.4969943  1.2633958
42.0750  2.54207  0.91842  0.4969957  1.2633967
42.1250  2.54206  0.91842  0.4969970  1.2633975
42.1750  2.54206  0.91842  0.4969982  1.2633982
42.2250  2.54205  0.91842  0.4969991  1.2633976
42.2750  2.54205  0.91842  0.4970002  1.2633978
42.3250  2.54204  0.91842  0.4970013  1.2633973
42.3750  2.54204  0.91842  0.4970022  1.2633979
42.4250  2.54203  0.91843  0.4970035  1.2633986
42.4750  2.54203  0.91843  0.4970048  1.2633992
42.5250  2.54202  0.91843  0.4970059  1.2633992
42.5750  2.54202  0.91843  0.4970069  1.2633994
42.6250  2.54201  0.91843  0.4970078  1.2633994
42.6750  2.54201  0.91843  0.4970088  1.2633998
42.7250  2.54200  0.91843  0.4970100  1.2634006
42.7750  2.54200  0.91843  0.4970112  1.2634009
42.8250  2.54199  0.91843  0.4970124  1.2634010
42.8750  2.54198  0.91843  0.4970134  1.2634007
42.9250  2.54198  0.91843  0.4970145  1.2634007
42.9750  2.54198  0.91843  0.4970156  1.2634013
43.0250  2.54197  0.91843  0.4970166  1.2634010
43.0750  2.54196  0.91843  0.4970177  1.2634014
43.1250  2.54196  0.91843  0.4970187  1.2634016
43.1750  2.54196  0.91843  0.4970196  1.2634019
43.2250  2.54195  0.91843  0.4970207  1.2634017
43.2750  2.54194  0.91843  0.4970217  1.2634009
43.3250  2.54194  0.91843  0.4970227  1.2634009
43.3750  2.54193  0.91843  0.4970237  1.2634013
43.4250  2.54193  0.91843  0.4970248  1.2634016
43.4750  2.54193  0.91843  0.4970260  1.2634029
43.5250  2.54192  0.91843  0.4970270  1.2634037
43.5750  2.54192  0.91843  0.4970281  1.2634037
43.6250  2.54191  0.91843  0.4970291  1.2634050
43.6750  2.54191  0.91843  0.4970301  1.2634059
43.7250  2.54191  0.91843  0.4970311  1.2634062
43.7750  2.54190  0.91843  0.4970319  1.2634070
43.8250  2.54190  0.91843  0.4970330  1.2634081
43.8750  2.54190  0.91843  0.4970340  1.2634090
43.9250  2.54189  0.91843  0.4970351  1.2634104
43.9750  2.54189  0.91843  0.4970360  1.2634119
44.0250  2.54189  0.91843  0.4970372  1.2634138
44.0750  2.54189  0.91842  0.4970384  1.2634146
44.1250  2.54188  0.91842  0.4970394  1.2634156
44.1750  2.54188  0.91842  0.4970404  1.2634168
44.2250  2.54188  0.91842  0.4970415  1.2634189
44.2750  2.54188  0.91842  0.4970427  1.2634207
44.3250  2.54187  0.91842  0.4970437  1.2634217
44.3750  2.54187  0.91842  0.4970447  1.2634232
44.4250  2.54187  0.91842  0.4970458  1.2634251
44.4750  2.54187  0.91842  0.4970469  1.2634279
44.5250  2.54187  0.91842  0.4970483  1.2634299
44.5750  2.54186  0.91842  0.4970495  1.2634314
44.6250  2.54186  0.91842  0.4970506  1.2634337
44.6750  2.54186  0.91842  0.4970518  1.2634357
44.7250  2.54186  0.91841  0.4970529  1.2634379
44.7750  2.54186  0.91841  0.4970540  1.2634403
44.8250  2.54186  0.91841  0.4970550  1.2634430
44.8750  2.54186  0.91841  0.4970560  1.2634449
44.9250  2.54186  0.91841  0.4970570  1.2634473
44.9750  2.54186  0.91841  0.4970580  1.2634498
45.0250  2.54186  0.91841  0.4970591  1.2634524
45.0750  2.54186  0.91840  0.4970601  1.2634553
45.1250  2.54186  0.91840  0.4970611  1.2634580
45.1750  2.54186  0.91840  0.4970621  1.2634610
45.2250  2.54186  0.91840  0.4970632  1.2634641
45.2750  2.54186  0.91840  0.4970642  1.2634679
45.3250  2.54186  0.91839  0.4970653  1.2634717
45.3750  2.54186  0.91839  0.4970665  1.2634759
45.4250  2.54187  0.91839  0.4970677  1.2634799
45.4750  2.54187  0.91839  0.4970687  1.2634842
45.5250  2.54187  0.91838  0.4970696  1.2634878
45.5750  2.54188  0.91838  0.4970706  1.2634916
45.6250  2.54188  0.91838  0.4970717  1.2634963
45.6750  2.54188  0.91837  0.4970727  1.2635006
45.7250  2.54189  0.91837  0.4970737  1.2635057
45.7750  2.54189  0.91837  0.4970749  1.2635108
45.8250  2.54190  0.91837  0.4970761  1.2635161
45.8750  2.54190  0.91836  0.4970770  1.2635207
45.9250  2.54190  0.91836  0.4970780  1.2635244
45.9750  2.54191  0.91836  0.4970790  1.2635293
46.0250  2.54191  0.91835  0.4970801  1.2635353
46.0750  2.54192  0.91835  0.4970813  1.2635407
46.1250  2.54192  0.91835  0.4970824  1.2635459
46.1750  2.54193  0.91834  0.4970835  1.2635508
46.2250  2.54193  0.91834  0.4970846  1.2635562
46.2750  2.54194  0.91833  0.4970856  1.2635618
46.3250  2.54195  0.91833  0.4970866  1.2635672
46.3750  2.54195  0.91833  0.4970876  1.2635736
46.4250  2.54196  0.91832  0.4970888  1.2635792
46.4750  2.54197  0.91832  0.4970898  1.2635856
46.5250  2.54197  0.91831  0.4970910  1.2635921
46.5750  2.54198  0.91831  0.4970919  1.2635983
46.6250  2.54199  0.91830  0.4970930  1.2636055
46.6750  2.54200  0.91830  0.4970940  1.2636124
46.7250  2.54201  0.91829  0.4970951  1.2636198
46.7750  2.54202  0.91829  0.4970962  1.2636267
46.8250  2.54203  0.91828  0.4970972  1.2636349
46.8750  2.54204  0.91828  0.4970982  1.2636434
46.9250  2.54205  0.91827  0.4970994  1.2636517
46.9750  2.54206  0.91827  0.4971007  1.2636603
47.0250  2.54207  0.91826  0.4971019  1.2636691
47.0750  2.54208  0.91826  0.4971031  1.2636781
47.1250  2.54210  0.91825  0.4971042  1.2636868
47.1750  2.54211  0.91824  0.4971054  1.2636957
47.2250  2.54212  0.91824  0.4971067  1.2637045
47.2750  2.54213  0.91823  0.4971078  1.2637135
47.3250  2.54214  0.91823  0.4971090  1.2637225
47.3750  2.54216  0.91822  0.4971101  1.2637316
47.4250  2.54217  0.91821  0.4971112  1.2637408
47.4750  2.54218  0.91821  0.4971125  1.2637500
47.5250  2.54219  0.91820  0.4971136  1.2637591
47.5750  2.54221  0.91820  0.4971148  1.2637686
47.6250  2.54222  0.91819  0.4971160  1.2637777
47.6750  2.54223  0.91818  0.4971170  1.2637870
47.7250  2.54225  0.91818  0.4971182  1.2637964
47.7750  2.54226  0.91817  0.4971194  1.2638057
47.8250  2.54227  0.91816  0.4971206  1.2638152
47.8750  2.54228  0.91816  0.4971218  1.2638249
47.9250  2.54230  0.91815  0.4971230  1.2638345
47.9750  2.54231  0.91814  0.4971241  1.2638439
48.0250  2.54232  0.91814  0.4971252  1.2638538
48.0750  2.54234  0.91813  0.4971264  1.2638638
48.1250  2.54235  0.91812  0.4971276  1.2638737
48.1750  2.54237  0.91812  0.4971288  1.2638832
48.2250  2.54238  0.91811  0.4971300  1.2638930
48.2750  2.54239  0.91810  0.4971310  1.2639029
48.3250  2.54241  0.91810  0.4971322  1.2639130
48.3750  2.54242  0.91809  0.4971336  1.2639234
48.4250  2.54244  0.91808  0.4971349  1.2639334
48.4750  2.54245  0.91808  0.4971364  1.2639436
48.5250  2.54246  0.91807  0.4971380  1.2639534
48.5750  2.54247  0.91806  0.4971396  1.2639631
48.6250  2.54248  0.91806  0.4971413  1.2639729
48.6750  2.54249  0.91805  0.4971434  1.2639829
48.7250  2.54250  0.91805  0.4971457  1.2639922
48.7750  2.54250  0.91804  0.4971485  1.2640016
48.8250  2.54251  0.91804  0.4971519  1.2640120
48.8750  2.54251  0.91804  0.4971575  1.2640295
48.9250  2.54255  0.91804  0.4971717  1.2640831
48.9750  2.54276  0.91805  0.4972268  1.2643298
