      xx/10.        Omega0        Omega1        Omega2           C_l         r_avg
         [-]       [kg^-1]     [m kg^-1]   [m^2 kg^-1]           [-]           [m]
 1.02500E+00   5.52192E+17   2.21676E+08   1.23685E-01   2.44131E-07   4.01447E-10
 1.07500E+00   8.34439E+17   3.13802E+08   1.86904E-01   3.68915E-07   3.76063E-10
 1.12500E+00   1.11670E+18   3.62615E+08   2.50126E-01   4.93703E-07   3.24721E-10
 1.17500E+00   1.39896E+18   4.78177E+08   3.13349E-01   6.18494E-07   3.41808E-10
 1.22500E+00   1.68124E+18   6.07905E+08   3.76574E-01   7.43288E-07   3.61582E-10
 1.27500E+00   1.96352E+18   7.40634E+08   4.39801E-01   8.68084E-07   3.77198E-10
 1.32500E+00   2.24580E+18   8.73996E+08   5.03029E-01   9.92884E-07   3.89169E-10
 1.37500E+00   2.52810E+18   1.00750E+09   5.66258E-01   1.11769E-06   3.98519E-10
 1.42500E+00   2.81041E+18   1.14103E+09   6.29492E-01   1.24250E-06   4.06002E-10
 1.47500E+00   3.09274E+18   1.27458E+09   6.92728E-01   1.36731E-06   4.12121E-10
 1.52500E+00   3.37509E+18   1.40815E+09   7.55968E-01   1.49214E-06   4.17219E-10
 1.57500E+00   3.65745E+18   1.54173E+09   8.19212E-01   1.61696E-06   4.21533E-10
 1.62500E+00   3.93983E+18   1.67533E+09   8.82459E-01   1.74180E-06   4.25229E-10
 1.67500E+00   4.22223E+18   1.80894E+09   9.45710E-01   1.86665E-06   4.28433E-10
 1.72500E+00   4.50464E+18   1.94256E+09   1.00896E+00   1.99150E-06   4.31236E-10
 1.77500E+00   4.78706E+18   2.07619E+09   1.07222E+00   2.11635E-06   4.33709E-10
 1.82500E+00   5.06950E+18   2.20982E+09   1.13548E+00   2.24121E-06   4.35905E-10
 1.87500E+00   5.35194E+18   2.34345E+09   1.19874E+00   2.36607E-06   4.37869E-10
 1.92500E+00   5.63439E+18   2.47708E+09   1.26200E+00   2.49093E-06   4.39636E-10
 1.97500E+00   5.91684E+18   2.61070E+09   1.32526E+00   2.61580E-06   4.41232E-10
 2.02500E+00   6.19930E+18   2.74432E+09   1.38853E+00   2.74066E-06   4.42682E-10
 2.07500E+00   6.48178E+18   2.87793E+09   1.45180E+00   2.86554E-06   4.44004E-10
 2.12500E+00   6.76427E+18   3.01154E+09   1.51507E+00   2.99042E-06   4.45214E-10
 2.17500E+00   7.04677E+18   3.14515E+09   1.57834E+00   3.11530E-06   4.46325E-10
 2.22500E+00   7.32929E+18   3.27875E+09   1.64161E+00   3.24019E-06   4.47350E-10
 2.27500E+00   7.61181E+18   3.41236E+09   1.70489E+00   3.36509E-06   4.48298E-10
 2.32500E+00   7.89435E+18   3.54598E+09   1.76817E+00   3.48999E-06   4.49179E-10
 2.37500E+00   8.17691E+18   3.67962E+09   1.83146E+00   3.61489E-06   4.50001E-10
 2.42500E+00   8.45948E+18   3.81327E+09   1.89474E+00   3.73981E-06   4.50769E-10
 2.47500E+00   8.74207E+18   3.94694E+09   1.95803E+00   3.86473E-06   4.51488E-10
 2.52500E+00   9.02467E+18   4.08062E+09   2.02133E+00   3.98965E-06   4.52163E-10
 2.57500E+00   9.30730E+18   4.21432E+09   2.08463E+00   4.11459E-06   4.52797E-10
 2.62500E+00   9.58994E+18   4.34803E+09   2.14793E+00   4.23952E-06   4.53395E-10
 2.67500E+00   9.87260E+18   4.48176E+09   2.21123E+00   4.36447E-06   4.53959E-10
 2.72500E+00   1.01553E+19   4.61549E+09   2.27454E+00   4.48943E-06   4.54492E-10
 2.77500E+00   1.04380E+19   4.74925E+09   2.33786E+00   4.61440E-06   4.54996E-10
 2.82500E+00   1.07207E+19   4.88302E+09   2.40118E+00   4.73937E-06   4.55475E-10
 2.87500E+00   1.10035E+19   5.01681E+09   2.46451E+00   4.86436E-06   4.55929E-10
 2.92500E+00   1.12863E+19   5.15061E+09   2.52784E+00   4.98936E-06   4.56361E-10
 2.97500E+00   1.15691E+19   5.28441E+09   2.59117E+00   5.11435E-06   4.56771E-10
 3.02500E+00   1.18519E+19   5.41822E+09   2.65451E+00   5.23936E-06   4.57162E-10
 3.07500E+00   1.21347E+19   5.55205E+09   2.71785E+00   5.36437E-06   4.57536E-10
 3.12500E+00   1.24175E+19   5.68588E+09   2.78119E+00   5.48938E-06   4.57892E-10
 3.17500E+00   1.27003E+19   5.81971E+09   2.84453E+00   5.61440E-06   4.58233E-10
 3.22500E+00   1.29832E+19   5.95353E+09   2.90787E+00   5.73942E-06   4.58557E-10
 3.27500E+00   1.32660E+19   6.08732E+09   2.97122E+00   5.86445E-06   4.58865E-10
 3.32500E+00   1.35489E+19   6.22111E+09   3.03456E+00   5.98947E-06   4.59160E-10
 3.37500E+00   1.38317E+19   6.35488E+09   3.09791E+00   6.11450E-06   4.59442E-10
 3.42500E+00   1.41146E+19   6.48864E+09   3.16126E+00   6.23953E-06   4.59711E-10
 3.47500E+00   1.43975E+19   6.62242E+09   3.22462E+00   6.36457E-06   4.59970E-10
 3.52500E+00   1.46804E+19   6.75619E+09   3.28797E+00   6.48962E-06   4.60218E-10
 3.57500E+00   1.49633E+19   6.88997E+09   3.35133E+00   6.61467E-06   4.60457E-10
 3.62500E+00   1.52463E+19   7.02373E+09   3.41470E+00   6.73972E-06   4.60685E-10
 3.67500E+00   1.55292E+19   7.15749E+09   3.47806E+00   6.86479E-06   4.60905E-10
 3.72500E+00   1.58122E+19   7.29124E+09   3.54143E+00   6.98985E-06   4.61116E-10
 3.77500E+00   1.60952E+19   7.42499E+09   3.60480E+00   7.11493E-06   4.61319E-10
 3.82500E+00   1.63782E+19   7.55875E+09   3.66818E+00   7.24001E-06   4.61514E-10
 3.87500E+00   1.66612E+19   7.69254E+09   3.73156E+00   7.36511E-06   4.61705E-10
 3.92500E+00   1.69442E+19   7.82637E+09   3.79495E+00   7.49021E-06   4.61890E-10
 3.97500E+00   1.72273E+19   7.96024E+09   3.85834E+00   7.61532E-06   4.62071E-10
 4.02500E+00   1.75104E+19   8.09413E+09   3.92174E+00   7.74044E-06   4.62247E-10
 4.07500E+00   1.77935E+19   8.22806E+09   3.98514E+00   7.86557E-06   4.62419E-10
 4.12500E+00   1.80767E+19   8.36205E+09   4.04856E+00   7.99072E-06   4.62587E-10
 4.17500E+00   1.83599E+19   8.49607E+09   4.11197E+00   8.11589E-06   4.62752E-10
 4.22500E+00   1.86431E+19   8.63011E+09   4.17540E+00   8.24106E-06   4.62912E-10
 4.27500E+00   1.89264E+19   8.76417E+09   4.23883E+00   8.36625E-06   4.63066E-10
 4.32500E+00   1.92097E+19   8.89824E+09   4.30227E+00   8.49145E-06   4.63216E-10
 4.37500E+00   1.94930E+19   9.03232E+09   4.36572E+00   8.61666E-06   4.63362E-10
 4.42500E+00   1.97764E+19   9.16640E+09   4.42917E+00   8.74188E-06   4.63503E-10
 4.47500E+00   2.00597E+19   9.30047E+09   4.49262E+00   8.86712E-06   4.63639E-10
 4.52500E+00   2.03431E+19   9.43456E+09   4.55608E+00   8.99236E-06   4.63771E-10
 4.57500E+00   2.06265E+19   9.56865E+09   4.61954E+00   9.11761E-06   4.63900E-10
 4.62500E+00   2.09100E+19   9.70275E+09   4.68301E+00   9.24286E-06   4.64025E-10
 4.67500E+00   2.11934E+19   9.83683E+09   4.74648E+00   9.36813E-06   4.64145E-10
 4.72500E+00   2.14769E+19   9.97093E+09   4.80996E+00   9.49340E-06   4.64263E-10
 4.77500E+00   2.17604E+19   1.01050E+10   4.87343E+00   9.61867E-06   4.64377E-10
 4.82500E+00   2.20439E+19   1.02391E+10   4.93692E+00   9.74395E-06   4.64487E-10
 4.87500E+00   2.23274E+19   1.03732E+10   5.00040E+00   9.86924E-06   4.64595E-10
 4.92500E+00   2.26109E+19   1.05073E+10   5.06389E+00   9.99454E-06   4.64699E-10
 4.97500E+00   2.28945E+19   1.06414E+10   5.12738E+00   1.01198E-05   4.64800E-10
 5.02500E+00   2.31781E+19   1.07754E+10   5.19088E+00   1.02451E-05   4.64899E-10
 5.07500E+00   2.34616E+19   1.09095E+10   5.25437E+00   1.03705E-05   4.64994E-10
 5.12500E+00   2.37452E+19   1.10436E+10   5.31787E+00   1.04958E-05   4.65087E-10
 5.17500E+00   2.40288E+19   1.11777E+10   5.38138E+00   1.06211E-05   4.65179E-10
 5.22500E+00   2.43125E+19   1.13118E+10   5.44489E+00   1.07464E-05   4.65269E-10
 5.27500E+00   2.45961E+19   1.14460E+10   5.50840E+00   1.08718E-05   4.65358E-10
 5.32500E+00   2.48798E+19   1.15802E+10   5.57192E+00   1.09971E-05   4.65446E-10
 5.37500E+00   2.51634E+19   1.17144E+10   5.63543E+00   1.11225E-05   4.65532E-10
 5.42500E+00   2.54471E+19   1.18486E+10   5.69896E+00   1.12478E-05   4.65616E-10
 5.47500E+00   2.57308E+19   1.19828E+10   5.76248E+00   1.13732E-05   4.65698E-10
 5.52500E+00   2.60145E+19   1.21170E+10   5.82600E+00   1.14986E-05   4.65779E-10
 5.57500E+00   2.62983E+19   1.22513E+10   5.88953E+00   1.16239E-05   4.65859E-10
 5.62500E+00   2.65820E+19   1.23855E+10   5.95306E+00   1.17493E-05   4.65937E-10
 5.67500E+00   2.68658E+19   1.25198E+10   6.01660E+00   1.18747E-05   4.66013E-10
 5.72500E+00   2.71495E+19   1.26541E+10   6.08014E+00   1.20001E-05   4.66089E-10
 5.77500E+00   2.74333E+19   1.27884E+10   6.14368E+00   1.21255E-05   4.66163E-10
 5.82500E+00   2.77171E+19   1.29227E+10   6.20723E+00   1.22509E-05   4.66236E-10
 5.87500E+00   2.80010E+19   1.30571E+10   6.27078E+00   1.23763E-05   4.66307E-10
 5.92500E+00   2.82848E+19   1.31914E+10   6.33433E+00   1.25017E-05   4.66378E-10
 5.97500E+00   2.85687E+19   1.33257E+10   6.39788E+00   1.26271E-05   4.66447E-10
 6.02500E+00   2.88525E+19   1.34601E+10   6.46144E+00   1.27526E-05   4.66514E-10
 6.07500E+00   2.91364E+19   1.35944E+10   6.52500E+00   1.28780E-05   4.66579E-10
 6.12500E+00   2.94202E+19   1.37288E+10   6.58855E+00   1.30034E-05   4.66643E-10
 6.17500E+00   2.97041E+19   1.38631E+10   6.65211E+00   1.31289E-05   4.66706E-10
 6.22500E+00   2.99880E+19   1.39974E+10   6.71567E+00   1.32543E-05   4.66768E-10
 6.27500E+00   3.02719E+19   1.41317E+10   6.77923E+00   1.33797E-05   4.66827E-10
 6.32500E+00   3.05557E+19   1.42660E+10   6.84279E+00   1.35051E-05   4.66886E-10
 6.37500E+00   3.08396E+19   1.44003E+10   6.90635E+00   1.36306E-05   4.66942E-10
 6.42500E+00   3.11235E+19   1.45346E+10   6.96991E+00   1.37560E-05   4.66998E-10
 6.47500E+00   3.14074E+19   1.46689E+10   7.03347E+00   1.38814E-05   4.67053E-10
 6.52500E+00   3.16912E+19   1.48032E+10   7.09703E+00   1.40069E-05   4.67106E-10
 6.57500E+00   3.19751E+19   1.49374E+10   7.16059E+00   1.41323E-05   4.67158E-10
 6.62500E+00   3.22589E+19   1.50717E+10   7.22414E+00   1.42577E-05   4.67209E-10
 6.67500E+00   3.25428E+19   1.52059E+10   7.28769E+00   1.43831E-05   4.67259E-10
 6.72500E+00   3.28266E+19   1.53402E+10   7.35125E+00   1.45085E-05   4.67309E-10
 6.77500E+00   3.31105E+19   1.54744E+10   7.41480E+00   1.46339E-05   4.67358E-10
 6.82500E+00   3.33943E+19   1.56087E+10   7.47834E+00   1.47593E-05   4.67406E-10
 6.87500E+00   3.36781E+19   1.57430E+10   7.54189E+00   1.48847E-05   4.67454E-10
 6.92500E+00   3.39619E+19   1.58772E+10   7.60543E+00   1.50101E-05   4.67501E-10
 6.97500E+00   3.42457E+19   1.60115E+10   7.66897E+00   1.51355E-05   4.67548E-10
 7.02500E+00   3.45294E+19   1.61458E+10   7.73250E+00   1.52609E-05   4.67594E-10
 7.07500E+00   3.48131E+19   1.62800E+10   7.79603E+00   1.53863E-05   4.67640E-10
 7.12500E+00   3.50969E+19   1.64143E+10   7.85956E+00   1.55117E-05   4.67684E-10
 7.17500E+00   3.53806E+19   1.65485E+10   7.92309E+00   1.56370E-05   4.67728E-10
 7.22500E+00   3.56643E+19   1.66827E+10   7.98661E+00   1.57624E-05   4.67771E-10
 7.27500E+00   3.59480E+19   1.68170E+10   8.05013E+00   1.58877E-05   4.67813E-10
 7.32500E+00   3.62317E+19   1.69512E+10   8.11365E+00   1.60131E-05   4.67855E-10
 7.37500E+00   3.65154E+19   1.70854E+10   8.17717E+00   1.61385E-05   4.67897E-10
 7.42500E+00   3.67991E+19   1.72197E+10   8.24069E+00   1.62638E-05   4.67937E-10
 7.47500E+00   3.70828E+19   1.73539E+10   8.30421E+00   1.63892E-05   4.67977E-10
 7.52500E+00   3.73665E+19   1.74881E+10   8.36772E+00   1.65145E-05   4.68015E-10
 7.57500E+00   3.76501E+19   1.76222E+10   8.43124E+00   1.66398E-05   4.68052E-10
 7.62500E+00   3.79338E+19   1.77564E+10   8.49475E+00   1.67652E-05   4.68089E-10
 7.67500E+00   3.82175E+19   1.78905E+10   8.55827E+00   1.68905E-05   4.68124E-10
 7.72500E+00   3.85012E+19   1.80246E+10   8.62178E+00   1.70159E-05   4.68158E-10
 7.77500E+00   3.87848E+19   1.81587E+10   8.68530E+00   1.71412E-05   4.68191E-10
 7.82500E+00   3.90685E+19   1.82928E+10   8.74882E+00   1.72666E-05   4.68223E-10
 7.87500E+00   3.93522E+19   1.84268E+10   8.81233E+00   1.73919E-05   4.68254E-10
 7.92500E+00   3.96359E+19   1.85608E+10   8.87586E+00   1.75173E-05   4.68284E-10
 7.97500E+00   3.99196E+19   1.86949E+10   8.93938E+00   1.76426E-05   4.68313E-10
 8.02500E+00   4.02034E+19   1.88289E+10   9.00291E+00   1.77680E-05   4.68342E-10
 8.07500E+00   4.04871E+19   1.89630E+10   9.06644E+00   1.78934E-05   4.68371E-10
 8.12500E+00   4.07709E+19   1.90970E+10   9.12997E+00   1.80188E-05   4.68399E-10
 8.17500E+00   4.10546E+19   1.92311E+10   9.19351E+00   1.81441E-05   4.68428E-10
 8.22500E+00   4.13384E+19   1.93653E+10   9.25704E+00   1.82695E-05   4.68457E-10
 8.27500E+00   4.16221E+19   1.94994E+10   9.32058E+00   1.83949E-05   4.68486E-10
 8.32500E+00   4.19059E+19   1.96336E+10   9.38412E+00   1.85203E-05   4.68515E-10
 8.37500E+00   4.21898E+19   1.97678E+10   9.44766E+00   1.86457E-05   4.68544E-10
 8.42500E+00   4.24736E+19   1.99019E+10   9.51120E+00   1.87711E-05   4.68572E-10
 8.47500E+00   4.27574E+19   2.00361E+10   9.57475E+00   1.88965E-05   4.68601E-10
 8.52500E+00   4.30413E+19   2.01704E+10   9.63830E+00   1.90219E-05   4.68629E-10
 8.57500E+00   4.33251E+19   2.03047E+10   9.70186E+00   1.91473E-05   4.68658E-10
 8.62500E+00   4.36090E+19   2.04389E+10   9.76542E+00   1.92728E-05   4.68686E-10
 8.67500E+00   4.38929E+19   2.05732E+10   9.82898E+00   1.93982E-05   4.68714E-10
 8.72500E+00   4.41768E+19   2.07075E+10   9.89254E+00   1.95236E-05   4.68741E-10
 8.77500E+00   4.44608E+19   2.08418E+10   9.95612E+00   1.96491E-05   4.68769E-10
 8.82500E+00   4.47447E+19   2.09762E+10   1.00197E+01   1.97745E-05   4.68797E-10
 8.87500E+00   4.50287E+19   2.11105E+10   1.00833E+01   1.99000E-05   4.68824E-10
 8.92500E+00   4.53126E+19   2.12449E+10   1.01468E+01   2.00254E-05   4.68851E-10
 8.97500E+00   4.55966E+19   2.13792E+10   1.02104E+01   2.01509E-05   4.68878E-10
 9.02500E+00   4.58806E+19   2.15136E+10   1.02740E+01   2.02764E-05   4.68905E-10
 9.07500E+00   4.61646E+19   2.16480E+10   1.03376E+01   2.04018E-05   4.68931E-10
 9.12500E+00   4.64485E+19   2.17823E+10   1.04012E+01   2.05273E-05   4.68956E-10
 9.17500E+00   4.67325E+19   2.19167E+10   1.04647E+01   2.06528E-05   4.68982E-10
 9.22500E+00   4.70165E+19   2.20511E+10   1.05283E+01   2.07783E-05   4.69007E-10
 9.27500E+00   4.73005E+19   2.21854E+10   1.05919E+01   2.09037E-05   4.69031E-10
 9.32500E+00   4.75845E+19   2.23197E+10   1.06555E+01   2.10292E-05   4.69055E-10
 9.37500E+00   4.78685E+19   2.24540E+10   1.07190E+01   2.11546E-05   4.69078E-10
 9.42500E+00   4.81524E+19   2.25883E+10   1.07826E+01   2.12801E-05   4.69100E-10
 9.47500E+00   4.84364E+19   2.27226E+10   1.08462E+01   2.14056E-05   4.69123E-10
 9.52500E+00   4.87204E+19   2.28569E+10   1.09098E+01   2.15310E-05   4.69145E-10
 9.57500E+00   4.90043E+19   2.29912E+10   1.09733E+01   2.16565E-05   4.69166E-10
 9.62500E+00   4.92883E+19   2.31255E+10   1.10369E+01   2.17819E-05   4.69188E-10
 9.67500E+00   4.95722E+19   2.32597E+10   1.11005E+01   2.19073E-05   4.69209E-10
 9.72500E+00   4.98561E+19   2.33940E+10   1.11641E+01   2.20328E-05   4.69230E-10
 9.77500E+00   5.01400E+19   2.35283E+10   1.12276E+01   2.21582E-05   4.69252E-10
 9.82500E+00   5.04240E+19   2.36626E+10   1.12912E+01   2.22837E-05   4.69273E-10
 9.87500E+00   5.07079E+19   2.37969E+10   1.13547E+01   2.24091E-05   4.69294E-10
 9.92500E+00   5.09918E+19   2.39313E+10   1.14183E+01   2.25345E-05   4.69316E-10
 9.97500E+00   5.12757E+19   2.40656E+10   1.14819E+01   2.26600E-05   4.69337E-10
 1.00250E+01   5.15596E+19   2.42000E+10   1.15454E+01   2.27854E-05   4.69359E-10
 1.00750E+01   5.18436E+19   2.43343E+10   1.16090E+01   2.29109E-05   4.69380E-10
 1.01250E+01   5.21275E+19   2.44687E+10   1.16726E+01   2.30363E-05   4.69401E-10
 1.01750E+01   5.24114E+19   2.46031E+10   1.17361E+01   2.31617E-05   4.69422E-10
 1.02250E+01   5.26954E+19   2.47375E+10   1.17997E+01   2.32872E-05   4.69443E-10
 1.02750E+01   5.29794E+19   2.48719E+10   1.18633E+01   2.34127E-05   4.69464E-10
 1.03250E+01   5.32634E+19   2.50064E+10   1.19269E+01   2.35381E-05   4.69486E-10
 1.03750E+01   5.35474E+19   2.51409E+10   1.19905E+01   2.36636E-05   4.69507E-10
 1.04250E+01   5.38315E+19   2.52754E+10   1.20541E+01   2.37891E-05   4.69528E-10
 1.04750E+01   5.41155E+19   2.54099E+10   1.21177E+01   2.39146E-05   4.69549E-10
 1.05250E+01   5.43996E+19   2.55444E+10   1.21813E+01   2.40401E-05   4.69570E-10
 1.05750E+01   5.46837E+19   2.56789E+10   1.22449E+01   2.41656E-05   4.69590E-10
 1.06250E+01   5.49679E+19   2.58135E+10   1.23085E+01   2.42911E-05   4.69610E-10
 1.06750E+01   5.52520E+19   2.59480E+10   1.23721E+01   2.44166E-05   4.69630E-10
 1.07250E+01   5.55361E+19   2.60825E+10   1.24357E+01   2.45422E-05   4.69649E-10
 1.07750E+01   5.58203E+19   2.62170E+10   1.24993E+01   2.46677E-05   4.69667E-10
 1.08250E+01   5.61045E+19   2.63515E+10   1.25629E+01   2.47932E-05   4.69686E-10
 1.08750E+01   5.63886E+19   2.64859E+10   1.26265E+01   2.49188E-05   4.69703E-10
 1.09250E+01   5.66728E+19   2.66204E+10   1.26901E+01   2.50443E-05   4.69721E-10
 1.09750E+01   5.69569E+19   2.67548E+10   1.27538E+01   2.51698E-05   4.69738E-10
 1.10250E+01   5.72411E+19   2.68892E+10   1.28174E+01   2.52953E-05   4.69754E-10
 1.10750E+01   5.75252E+19   2.70236E+10   1.28810E+01   2.54209E-05   4.69770E-10
 1.11250E+01   5.78094E+19   2.71580E+10   1.29446E+01   2.55464E-05   4.69786E-10
 1.11750E+01   5.80935E+19   2.72924E+10   1.30082E+01   2.56719E-05   4.69801E-10
 1.12250E+01   5.83776E+19   2.74268E+10   1.30718E+01   2.57974E-05   4.69816E-10
 1.12750E+01   5.86618E+19   2.75611E+10   1.31354E+01   2.59229E-05   4.69830E-10
 1.13250E+01   5.89459E+19   2.76954E+10   1.31990E+01   2.60485E-05   4.69844E-10
 1.13750E+01   5.92300E+19   2.78297E+10   1.32626E+01   2.61740E-05   4.69857E-10
 1.14250E+01   5.95142E+19   2.79640E+10   1.33262E+01   2.62995E-05   4.69871E-10
 1.14750E+01   5.97983E+19   2.80983E+10   1.33898E+01   2.64250E-05   4.69884E-10
 1.15250E+01   6.00825E+19   2.82326E+10   1.34535E+01   2.65505E-05   4.69897E-10
 1.15750E+01   6.03666E+19   2.83669E+10   1.35171E+01   2.66760E-05   4.69911E-10
 1.16250E+01   6.06507E+19   2.85013E+10   1.35807E+01   2.68016E-05   4.69925E-10
 1.16750E+01   6.09348E+19   2.86356E+10   1.36443E+01   2.69271E-05   4.69939E-10
 1.17250E+01   6.12189E+19   2.87700E+10   1.37079E+01   2.70526E-05   4.69952E-10
 1.17750E+01   6.15030E+19   2.89043E+10   1.37715E+01   2.71780E-05   4.69965E-10
 1.18250E+01   6.17871E+19   2.90385E+10   1.38351E+01   2.73035E-05   4.69977E-10
 1.18750E+01   6.20712E+19   2.91728E+10   1.38987E+01   2.74290E-05   4.69989E-10
 1.19250E+01   6.23552E+19   2.93070E+10   1.39622E+01   2.75545E-05   4.70001E-10
 1.19750E+01   6.26392E+19   2.94412E+10   1.40258E+01   2.76800E-05   4.70012E-10
 1.20250E+01   6.29232E+19   2.95754E+10   1.40894E+01   2.78054E-05   4.70023E-10
 1.20750E+01   6.32073E+19   2.97095E+10   1.41530E+01   2.79309E-05   4.70034E-10
 1.21250E+01   6.34913E+19   2.98437E+10   1.42166E+01   2.80564E-05   4.70044E-10
 1.21750E+01   6.37754E+19   2.99779E+10   1.42802E+01   2.81819E-05   4.70054E-10
 1.22250E+01   6.40594E+19   3.01121E+10   1.43438E+01   2.83073E-05   4.70065E-10
 1.22750E+01   6.43435E+19   3.02463E+10   1.44074E+01   2.84328E-05   4.70075E-10
 1.23250E+01   6.46276E+19   3.03804E+10   1.44710E+01   2.85583E-05   4.70085E-10
 1.23750E+01   6.49117E+19   3.05146E+10   1.45346E+01   2.86838E-05   4.70094E-10
 1.24250E+01   6.51957E+19   3.06487E+10   1.45981E+01   2.88093E-05   4.70103E-10
 1.24750E+01   6.54798E+19   3.07828E+10   1.46617E+01   2.89348E-05   4.70112E-10
 1.25250E+01   6.57639E+19   3.09170E+10   1.47253E+01   2.90603E-05   4.70120E-10
 1.25750E+01   6.60481E+19   3.10510E+10   1.47889E+01   2.91858E-05   4.70128E-10
 1.26250E+01   6.63322E+19   3.11851E+10   1.48526E+01   2.93113E-05   4.70135E-10
 1.26750E+01   6.66164E+19   3.13192E+10   1.49162E+01   2.94368E-05   4.70143E-10
 1.27250E+01   6.69005E+19   3.14533E+10   1.49798E+01   2.95623E-05   4.70150E-10
 1.27750E+01   6.71847E+19   3.15873E+10   1.50434E+01   2.96879E-05   4.70156E-10
 1.28250E+01   6.74690E+19   3.17213E+10   1.51070E+01   2.98134E-05   4.70162E-10
 1.28750E+01   6.77532E+19   3.18554E+10   1.51706E+01   2.99390E-05   4.70168E-10
 1.29250E+01   6.80375E+19   3.19894E+10   1.52343E+01   3.00645E-05   4.70173E-10
 1.29750E+01   6.83218E+19   3.21234E+10   1.52979E+01   3.01901E-05   4.70178E-10
 1.30250E+01   6.86061E+19   3.22574E+10   1.53616E+01   3.03157E-05   4.70183E-10
 1.30750E+01   6.88903E+19   3.23914E+10   1.54252E+01   3.04412E-05   4.70188E-10
 1.31250E+01   6.91747E+19   3.25254E+10   1.54888E+01   3.05668E-05   4.70193E-10
 1.31750E+01   6.94591E+19   3.26595E+10   1.55525E+01   3.06924E-05   4.70197E-10
 1.32250E+01   6.97435E+19   3.27935E+10   1.56161E+01   3.08180E-05   4.70202E-10
 1.32750E+01   7.00279E+19   3.29276E+10   1.56798E+01   3.09436E-05   4.70207E-10
 1.33250E+01   7.03124E+19   3.30618E+10   1.57435E+01   3.10693E-05   4.70213E-10
 1.33750E+01   7.05970E+19   3.31960E+10   1.58072E+01   3.11950E-05   4.70219E-10
 1.34250E+01   7.08815E+19   3.33302E+10   1.58709E+01   3.13206E-05   4.70225E-10
 1.34750E+01   7.11661E+19   3.34645E+10   1.59346E+01   3.14463E-05   4.70231E-10
 1.35250E+01   7.14508E+19   3.35989E+10   1.59983E+01   3.15721E-05   4.70238E-10
 1.35750E+01   7.17355E+19   3.37333E+10   1.60620E+01   3.16978E-05   4.70246E-10
 1.36250E+01   7.20202E+19   3.38678E+10   1.61257E+01   3.18236E-05   4.70254E-10
 1.36750E+01   7.23051E+19   3.40023E+10   1.61895E+01   3.19493E-05   4.70262E-10
 1.37250E+01   7.25899E+19   3.41369E+10   1.62532E+01   3.20751E-05   4.70270E-10
 1.37750E+01   7.28748E+19   3.42715E+10   1.63170E+01   3.22009E-05   4.70279E-10
 1.38250E+01   7.31598E+19   3.44062E+10   1.63808E+01   3.23268E-05   4.70288E-10
 1.38750E+01   7.34448E+19   3.45409E+10   1.64446E+01   3.24526E-05   4.70297E-10
 1.39250E+01   7.37299E+19   3.46757E+10   1.65084E+01   3.25785E-05   4.70307E-10
 1.39750E+01   7.40150E+19   3.48105E+10   1.65722E+01   3.27044E-05   4.70317E-10
 1.40250E+01   7.43001E+19   3.49454E+10   1.66360E+01   3.28303E-05   4.70328E-10
 1.40750E+01   7.45853E+19   3.50804E+10   1.66998E+01   3.29562E-05   4.70339E-10
 1.41250E+01   7.48706E+19   3.52154E+10   1.67637E+01   3.30822E-05   4.70351E-10
 1.41750E+01   7.51559E+19   3.53505E+10   1.68275E+01   3.32082E-05   4.70363E-10
 1.42250E+01   7.54413E+19   3.54857E+10   1.68914E+01   3.33341E-05   4.70376E-10
 1.42750E+01   7.57267E+19   3.56210E+10   1.69552E+01   3.34602E-05   4.70389E-10
 1.43250E+01   7.60122E+19   3.57563E+10   1.70191E+01   3.35862E-05   4.70403E-10
 1.43750E+01   7.62977E+19   3.58917E+10   1.70830E+01   3.37122E-05   4.70416E-10
 1.44250E+01   7.65832E+19   3.60271E+10   1.71469E+01   3.38383E-05   4.70431E-10
 1.44750E+01   7.68689E+19   3.61626E+10   1.72108E+01   3.39644E-05   4.70445E-10
 1.45250E+01   7.71545E+19   3.62981E+10   1.72747E+01   3.40905E-05   4.70459E-10
 1.45750E+01   7.74402E+19   3.64336E+10   1.73387E+01   3.42166E-05   4.70474E-10
 1.46250E+01   7.77260E+19   3.65692E+10   1.74026E+01   3.43428E-05   4.70488E-10
 1.46750E+01   7.80118E+19   3.67048E+10   1.74666E+01   3.44690E-05   4.70503E-10
 1.47250E+01   7.82977E+19   3.68405E+10   1.75305E+01   3.45951E-05   4.70518E-10
 1.47750E+01   7.85836E+19   3.69761E+10   1.75945E+01   3.47213E-05   4.70533E-10
 1.48250E+01   7.88695E+19   3.71118E+10   1.76585E+01   3.48475E-05   4.70547E-10
 1.48750E+01   7.91554E+19   3.72475E+10   1.77225E+01   3.49738E-05   4.70561E-10
 1.49250E+01   7.94414E+19   3.73832E+10   1.77864E+01   3.51000E-05   4.70576E-10
 1.49750E+01   7.97275E+19   3.75189E+10   1.78504E+01   3.52263E-05   4.70590E-10
 1.50250E+01   8.00135E+19   3.76546E+10   1.79145E+01   3.53525E-05   4.70603E-10
 1.50750E+01   8.02996E+19   3.77903E+10   1.79785E+01   3.54788E-05   4.70616E-10
 1.51250E+01   8.05857E+19   3.79260E+10   1.80425E+01   3.56051E-05   4.70629E-10
 1.51750E+01   8.08718E+19   3.80616E+10   1.81065E+01   3.57314E-05   4.70641E-10
 1.52250E+01   8.11580E+19   3.81971E+10   1.81705E+01   3.58577E-05   4.70651E-10
 1.52750E+01   8.14441E+19   3.83326E+10   1.82345E+01   3.59840E-05   4.70662E-10
 1.53250E+01   8.17303E+19   3.84681E+10   1.82986E+01   3.61103E-05   4.70671E-10
 1.53750E+01   8.20165E+19   3.86035E+10   1.83626E+01   3.62366E-05   4.70679E-10
 1.54250E+01   8.23027E+19   3.87389E+10   1.84266E+01   3.63629E-05   4.70688E-10
 1.54750E+01   8.25889E+19   3.88743E+10   1.84907E+01   3.64892E-05   4.70696E-10
 1.55250E+01   8.28751E+19   3.90097E+10   1.85547E+01   3.66156E-05   4.70705E-10
 1.55750E+01   8.31614E+19   3.91451E+10   1.86188E+01   3.67419E-05   4.70713E-10
 1.56250E+01   8.34476E+19   3.92805E+10   1.86828E+01   3.68682E-05   4.70721E-10
 1.56750E+01   8.37339E+19   3.94160E+10   1.87468E+01   3.69946E-05   4.70730E-10
 1.57250E+01   8.40201E+19   3.95515E+10   1.88109E+01   3.71209E-05   4.70739E-10
 1.57750E+01   8.43064E+19   3.96870E+10   1.88749E+01   3.72473E-05   4.70747E-10
 1.58250E+01   8.45927E+19   3.98225E+10   1.89390E+01   3.73736E-05   4.70755E-10
 1.58750E+01   8.48790E+19   3.99579E+10   1.90030E+01   3.75000E-05   4.70763E-10
 1.59250E+01   8.51653E+19   4.00933E+10   1.90671E+01   3.76263E-05   4.70770E-10
 1.59750E+01   8.54517E+19   4.02287E+10   1.91312E+01   3.77527E-05   4.70777E-10
 1.60250E+01   8.57380E+19   4.03640E+10   1.91952E+01   3.78791E-05   4.70783E-10
 1.60750E+01   8.60244E+19   4.04992E+10   1.92593E+01   3.80055E-05   4.70788E-10
 1.61250E+01   8.63107E+19   4.06345E+10   1.93234E+01   3.81319E-05   4.70793E-10
 1.61750E+01   8.65972E+19   4.07697E+10   1.93874E+01   3.82583E-05   4.70797E-10
 1.62250E+01   8.68836E+19   4.09048E+10   1.94515E+01   3.83847E-05   4.70801E-10
 1.62750E+01   8.71701E+19   4.10400E+10   1.95156E+01   3.85111E-05   4.70804E-10
 1.63250E+01   8.74565E+19   4.11751E+10   1.95797E+01   3.86375E-05   4.70806E-10
 1.63750E+01   8.77430E+19   4.13101E+10   1.96438E+01   3.87639E-05   4.70808E-10
 1.64250E+01   8.80295E+19   4.14451E+10   1.97079E+01   3.88904E-05   4.70809E-10
 1.64750E+01   8.83161E+19   4.15802E+10   1.97720E+01   3.90168E-05   4.70811E-10
 1.65250E+01   8.86027E+19   4.17152E+10   1.98361E+01   3.91433E-05   4.70812E-10
 1.65750E+01   8.88894E+19   4.18503E+10   1.99002E+01   3.92698E-05   4.70813E-10
 1.66250E+01   8.91761E+19   4.19854E+10   1.99644E+01   3.93963E-05   4.70815E-10
 1.66750E+01   8.94628E+19   4.21206E+10   2.00285E+01   3.95228E-05   4.70816E-10
 1.67250E+01   8.97495E+19   4.22557E+10   2.00926E+01   3.96494E-05   4.70818E-10
 1.67750E+01   9.00362E+19   4.23909E+10   2.01568E+01   3.97759E-05   4.70820E-10
 1.68250E+01   9.03229E+19   4.25261E+10   2.02209E+01   3.99024E-05   4.70822E-10
 1.68750E+01   9.06097E+19   4.26613E+10   2.02851E+01   4.00289E-05   4.70825E-10
 1.69250E+01   9.08965E+19   4.27965E+10   2.03492E+01   4.01555E-05   4.70827E-10
 1.69750E+01   9.11833E+19   4.29317E+10   2.04134E+01   4.02820E-05   4.70828E-10
 1.70250E+01   9.14703E+19   4.30669E+10   2.04776E+01   4.04087E-05   4.70829E-10
 1.70750E+01   9.17572E+19   4.32022E+10   2.05418E+01   4.05353E-05   4.70832E-10
 1.71250E+01   9.20442E+19   4.33376E+10   2.06060E+01   4.06619E-05   4.70834E-10
 1.71750E+01   9.23313E+19   4.34731E+10   2.06702E+01   4.07886E-05   4.70838E-10
 1.72250E+01   9.26184E+19   4.36086E+10   2.07344E+01   4.09152E-05   4.70842E-10
 1.72750E+01   9.29055E+19   4.37443E+10   2.07986E+01   4.10419E-05   4.70847E-10
 1.73250E+01   9.31926E+19   4.38800E+10   2.08628E+01   4.11686E-05   4.70852E-10
 1.73750E+01   9.34798E+19   4.40156E+10   2.09271E+01   4.12953E-05   4.70856E-10
 1.74250E+01   9.37671E+19   4.41512E+10   2.09913E+01   4.14220E-05   4.70860E-10
 1.74750E+01   9.40544E+19   4.42868E+10   2.10556E+01   4.15488E-05   4.70864E-10
 1.75250E+01   9.43418E+19   4.44226E+10   2.11199E+01   4.16756E-05   4.70869E-10
 1.75750E+01   9.46293E+19   4.45585E+10   2.11842E+01   4.18024E-05   4.70874E-10
 1.76250E+01   9.49169E+19   4.46944E+10   2.12485E+01   4.19292E-05   4.70879E-10
 1.76750E+01   9.52045E+19   4.48303E+10   2.13128E+01   4.20561E-05   4.70884E-10
 1.77250E+01   9.54922E+19   4.49662E+10   2.13771E+01   4.21830E-05   4.70888E-10
 1.77750E+01   9.57799E+19   4.51021E+10   2.14415E+01   4.23099E-05   4.70893E-10
 1.78250E+01   9.60677E+19   4.52382E+10   2.15059E+01   4.24369E-05   4.70899E-10
 1.78750E+01   9.63556E+19   4.53743E+10   2.15702E+01   4.25639E-05   4.70905E-10
 1.79250E+01   9.66434E+19   4.55103E+10   2.16346E+01   4.26908E-05   4.70910E-10
 1.79750E+01   9.69313E+19   4.56464E+10   2.16990E+01   4.28178E-05   4.70915E-10
 1.80250E+01   9.72193E+19   4.57824E+10   2.17634E+01   4.29448E-05   4.70919E-10
 1.80750E+01   9.75073E+19   4.59185E+10   2.18278E+01   4.30719E-05   4.70924E-10
 1.81250E+01   9.77955E+19   4.60547E+10   2.18923E+01   4.31990E-05   4.70928E-10
 1.81750E+01   9.80838E+19   4.61909E+10   2.19567E+01   4.33261E-05   4.70933E-10
 1.82250E+01   9.83720E+19   4.63272E+10   2.20212E+01   4.34532E-05   4.70939E-10
 1.82750E+01   9.86603E+19   4.64635E+10   2.20856E+01   4.35804E-05   4.70944E-10
 1.83250E+01   9.89487E+19   4.65998E+10   2.21501E+01   4.37075E-05   4.70950E-10
 1.83750E+01   9.92370E+19   4.67360E+10   2.22146E+01   4.38347E-05   4.70954E-10
 1.84250E+01   9.95255E+19   4.68722E+10   2.22791E+01   4.39619E-05   4.70957E-10
 1.84750E+01   9.98139E+19   4.70085E+10   2.23436E+01   4.40891E-05   4.70961E-10
 1.85250E+01   1.00102E+20   4.71446E+10   2.24081E+01   4.42163E-05   4.70964E-10
 1.85750E+01   1.00391E+20   4.72809E+10   2.24727E+01   4.43436E-05   4.70967E-10
 1.86250E+01   1.00680E+20   4.74172E+10   2.25372E+01   4.44709E-05   4.70971E-10
 1.86750E+01   1.00968E+20   4.75535E+10   2.26017E+01   4.45982E-05   4.70974E-10
 1.87250E+01   1.01257E+20   4.76899E+10   2.26663E+01   4.47255E-05   4.70978E-10
 1.87750E+01   1.01546E+20   4.78263E+10   2.27309E+01   4.48528E-05   4.70981E-10
 1.88250E+01   1.01835E+20   4.79626E+10   2.27954E+01   4.49802E-05   4.70984E-10
 1.88750E+01   1.02124E+20   4.80989E+10   2.28600E+01   4.51075E-05   4.70987E-10
 1.89250E+01   1.02412E+20   4.82353E+10   2.29246E+01   4.52349E-05   4.70991E-10
 1.89750E+01   1.02701E+20   4.83717E+10   2.29892E+01   4.53623E-05   4.70994E-10
 1.90250E+01   1.02990E+20   4.85082E+10   2.30538E+01   4.54896E-05   4.70998E-10
 1.90750E+01   1.03279E+20   4.86447E+10   2.31184E+01   4.56170E-05   4.71002E-10
 1.91250E+01   1.03568E+20   4.87812E+10   2.31830E+01   4.57445E-05   4.71006E-10
 1.91750E+01   1.03857E+20   4.89177E+10   2.32476E+01   4.58719E-05   4.71009E-10
 1.92250E+01   1.04146E+20   4.90543E+10   2.33122E+01   4.59993E-05   4.71013E-10
 1.92750E+01   1.04435E+20   4.91909E+10   2.33769E+01   4.61268E-05   4.71017E-10
 1.93250E+01   1.04725E+20   4.93275E+10   2.34415E+01   4.62543E-05   4.71021E-10
 1.93750E+01   1.05014E+20   4.94642E+10   2.35062E+01   4.63818E-05   4.71026E-10
 1.94250E+01   1.05303E+20   4.96009E+10   2.35708E+01   4.65093E-05   4.71030E-10
 1.94750E+01   1.05592E+20   4.97376E+10   2.36355E+01   4.66368E-05   4.71035E-10
 1.95250E+01   1.05881E+20   4.98742E+10   2.37002E+01   4.67643E-05   4.71038E-10
 1.95750E+01   1.06171E+20   5.00109E+10   2.37648E+01   4.68918E-05   4.71042E-10
 1.96250E+01   1.06460E+20   5.01476E+10   2.38295E+01   4.70194E-05   4.71046E-10
 1.96750E+01   1.06750E+20   5.02845E+10   2.38942E+01   4.71469E-05   4.71051E-10
 1.97250E+01   1.07039E+20   5.04214E+10   2.39589E+01   4.72745E-05   4.71056E-10
 1.97750E+01   1.07328E+20   5.05582E+10   2.40236E+01   4.74021E-05   4.71061E-10
 1.98250E+01   1.07618E+20   5.06950E+10   2.40883E+01   4.75297E-05   4.71065E-10
 1.98750E+01   1.07907E+20   5.08318E+10   2.41530E+01   4.76573E-05   4.71068E-10
 1.99250E+01   1.08197E+20   5.09686E+10   2.42178E+01   4.77850E-05   4.71072E-10
 1.99750E+01   1.08487E+20   5.11055E+10   2.42825E+01   4.79127E-05   4.71076E-10
 2.00250E+01   1.08777E+20   5.12424E+10   2.43473E+01   4.80404E-05   4.71080E-10
 2.00750E+01   1.09066E+20   5.13794E+10   2.44121E+01   4.81681E-05   4.71084E-10
 2.01250E+01   1.09356E+20   5.15164E+10   2.44769E+01   4.82958E-05   4.71088E-10
 2.01750E+01   1.09646E+20   5.16534E+10   2.45417E+01   4.84236E-05   4.71092E-10
 2.02250E+01   1.09936E+20   5.17904E+10   2.46065E+01   4.85514E-05   4.71096E-10
 2.02750E+01   1.10226E+20   5.19275E+10   2.46713E+01   4.86792E-05   4.71099E-10
 2.03250E+01   1.10516E+20   5.20647E+10   2.47362E+01   4.88071E-05   4.71104E-10
 2.03750E+01   1.10807E+20   5.22019E+10   2.48010E+01   4.89350E-05   4.71108E-10
 2.04250E+01   1.11097E+20   5.23392E+10   2.48659E+01   4.90629E-05   4.71113E-10
 2.04750E+01   1.11387E+20   5.24766E+10   2.49308E+01   4.91909E-05   4.71119E-10
 2.05250E+01   1.11678E+20   5.26140E+10   2.49957E+01   4.93188E-05   4.71124E-10
 2.05750E+01   1.11968E+20   5.27513E+10   2.50606E+01   4.94468E-05   4.71128E-10
 2.06250E+01   1.12259E+20   5.28887E+10   2.51255E+01   4.95748E-05   4.71133E-10
 2.06750E+01   1.12549E+20   5.30260E+10   2.51905E+01   4.97028E-05   4.71137E-10
 2.07250E+01   1.12840E+20   5.31634E+10   2.52554E+01   4.98309E-05   4.71141E-10
 2.07750E+01   1.13130E+20   5.33009E+10   2.53204E+01   4.99589E-05   4.71146E-10
 2.08250E+01   1.13421E+20   5.34383E+10   2.53853E+01   5.00870E-05   4.71150E-10
 2.08750E+01   1.13712E+20   5.35757E+10   2.54503E+01   5.02151E-05   4.71154E-10
 2.09250E+01   1.14003E+20   5.37132E+10   2.55153E+01   5.03432E-05   4.71158E-10
 2.09750E+01   1.14293E+20   5.38508E+10   2.55803E+01   5.04714E-05   4.71163E-10
 2.10250E+01   1.14584E+20   5.39885E+10   2.56453E+01   5.05995E-05   4.71168E-10
 2.10750E+01   1.14875E+20   5.41262E+10   2.57103E+01   5.07277E-05   4.71173E-10
 2.11250E+01   1.15166E+20   5.42638E+10   2.57753E+01   5.08559E-05   4.71178E-10
 2.11750E+01   1.15457E+20   5.44015E+10   2.58404E+01   5.09841E-05   4.71182E-10
 2.12250E+01   1.15748E+20   5.45392E+10   2.59054E+01   5.11124E-05   4.71187E-10
 2.12750E+01   1.16040E+20   5.46770E+10   2.59705E+01   5.12407E-05   4.71193E-10
 2.13250E+01   1.16331E+20   5.48149E+10   2.60356E+01   5.13690E-05   4.71198E-10
 2.13750E+01   1.16622E+20   5.49528E+10   2.61007E+01   5.14973E-05   4.71204E-10
 2.14250E+01   1.16914E+20   5.50907E+10   2.61658E+01   5.16257E-05   4.71209E-10
 2.14750E+01   1.17205E+20   5.52286E+10   2.62309E+01   5.17541E-05   4.71214E-10
 2.15250E+01   1.17496E+20   5.53664E+10   2.62960E+01   5.18824E-05   4.71218E-10
 2.15750E+01   1.17788E+20   5.55041E+10   2.63611E+01   5.20108E-05   4.71221E-10
 2.16250E+01   1.18079E+20   5.56418E+10   2.64263E+01   5.21392E-05   4.71224E-10
 2.16750E+01   1.18371E+20   5.57795E+10   2.64914E+01   5.22675E-05   4.71227E-10
 2.17250E+01   1.18662E+20   5.59172E+10   2.65565E+01   5.23960E-05   4.71229E-10
 2.17750E+01   1.18954E+20   5.60548E+10   2.66217E+01   5.25244E-05   4.71231E-10
 2.18250E+01   1.19246E+20   5.61926E+10   2.66869E+01   5.26529E-05   4.71233E-10
 2.18750E+01   1.19538E+20   5.63304E+10   2.67521E+01   5.27814E-05   4.71235E-10
 2.19250E+01   1.19830E+20   5.64682E+10   2.68173E+01   5.29100E-05   4.71238E-10
 2.19750E+01   1.20121E+20   5.66060E+10   2.68825E+01   5.30385E-05   4.71240E-10
 2.20250E+01   1.20413E+20   5.67438E+10   2.69477E+01   5.31671E-05   4.71242E-10
 2.20750E+01   1.20705E+20   5.68816E+10   2.70129E+01   5.32956E-05   4.71244E-10
 2.21250E+01   1.20997E+20   5.70194E+10   2.70781E+01   5.34242E-05   4.71246E-10
 2.21750E+01   1.21289E+20   5.71573E+10   2.71433E+01   5.35528E-05   4.71248E-10
 2.22250E+01   1.21581E+20   5.72952E+10   2.72086E+01   5.36814E-05   4.71251E-10
 2.22750E+01   1.21873E+20   5.74332E+10   2.72738E+01   5.38100E-05   4.71253E-10
 2.23250E+01   1.22165E+20   5.75711E+10   2.73391E+01   5.39387E-05   4.71256E-10
 2.23750E+01   1.22458E+20   5.77091E+10   2.74044E+01   5.40673E-05   4.71258E-10
 2.24250E+01   1.22750E+20   5.78472E+10   2.74697E+01   5.41960E-05   4.71261E-10
 2.24750E+01   1.23042E+20   5.79853E+10   2.75349E+01   5.43247E-05   4.71264E-10
 2.25250E+01   1.23334E+20   5.81234E+10   2.76002E+01   5.44534E-05   4.71267E-10
 2.25750E+01   1.23627E+20   5.82616E+10   2.76655E+01   5.45821E-05   4.71271E-10
 2.26250E+01   1.23919E+20   5.83998E+10   2.77308E+01   5.47108E-05   4.71275E-10
 2.26750E+01   1.24211E+20   5.85381E+10   2.77961E+01   5.48396E-05   4.71279E-10
 2.27250E+01   1.24504E+20   5.86764E+10   2.78614E+01   5.49683E-05   4.71283E-10
 2.27750E+01   1.24796E+20   5.88147E+10   2.79267E+01   5.50970E-05   4.71288E-10
 2.28250E+01   1.25088E+20   5.89531E+10   2.79920E+01   5.52257E-05   4.71293E-10
 2.28750E+01   1.25380E+20   5.90915E+10   2.80573E+01   5.53544E-05   4.71297E-10
 2.29250E+01   1.25673E+20   5.92299E+10   2.81226E+01   5.54832E-05   4.71303E-10
 2.29750E+01   1.25965E+20   5.93683E+10   2.81879E+01   5.56119E-05   4.71308E-10
 2.30250E+01   1.26257E+20   5.95067E+10   2.82532E+01   5.57406E-05   4.71313E-10
 2.30750E+01   1.26550E+20   5.96452E+10   2.83185E+01   5.58694E-05   4.71318E-10
 2.31250E+01   1.26842E+20   5.97838E+10   2.83839E+01   5.59981E-05   4.71324E-10
 2.31750E+01   1.27135E+20   5.99224E+10   2.84492E+01   5.61269E-05   4.71330E-10
 2.32250E+01   1.27427E+20   6.00611E+10   2.85145E+01   5.62557E-05   4.71336E-10
 2.32750E+01   1.27720E+20   6.01997E+10   2.85799E+01   5.63845E-05   4.71342E-10
 2.33250E+01   1.28012E+20   6.03383E+10   2.86452E+01   5.65133E-05   4.71348E-10
 2.33750E+01   1.28305E+20   6.04767E+10   2.87105E+01   5.66420E-05   4.71353E-10
 2.34250E+01   1.28597E+20   6.06151E+10   2.87758E+01   5.67708E-05   4.71357E-10
 2.34750E+01   1.28890E+20   6.07535E+10   2.88412E+01   5.68996E-05   4.71361E-10
 2.35250E+01   1.29182E+20   6.08919E+10   2.89065E+01   5.70284E-05   4.71365E-10
 2.35750E+01   1.29475E+20   6.10303E+10   2.89719E+01   5.71571E-05   4.71369E-10
 2.36250E+01   1.29767E+20   6.11688E+10   2.90372E+01   5.72859E-05   4.71374E-10
 2.36750E+01   1.30060E+20   6.13072E+10   2.91025E+01   5.74147E-05   4.71378E-10
 2.37250E+01   1.30352E+20   6.14456E+10   2.91679E+01   5.75435E-05   4.71382E-10
 2.37750E+01   1.30645E+20   6.15841E+10   2.92332E+01   5.76723E-05   4.71387E-10
 2.38250E+01   1.30937E+20   6.17227E+10   2.92985E+01   5.78011E-05   4.71392E-10
 2.38750E+01   1.31230E+20   6.18611E+10   2.93639E+01   5.79299E-05   4.71396E-10
 2.39250E+01   1.31522E+20   6.19996E+10   2.94292E+01   5.80586E-05   4.71401E-10
 2.39750E+01   1.31814E+20   6.21380E+10   2.94945E+01   5.81874E-05   4.71405E-10
 2.40250E+01   1.32107E+20   6.22765E+10   2.95598E+01   5.83161E-05   4.71410E-10
 2.40750E+01   1.32399E+20   6.24150E+10   2.96251E+01   5.84449E-05   4.71415E-10
 2.41250E+01   1.32692E+20   6.25535E+10   2.96905E+01   5.85736E-05   4.71420E-10
 2.41750E+01   1.32984E+20   6.26921E+10   2.97558E+01   5.87024E-05   4.71425E-10
 2.42250E+01   1.33277E+20   6.28308E+10   2.98211E+01   5.88311E-05   4.71431E-10
 2.42750E+01   1.33569E+20   6.29694E+10   2.98864E+01   5.89599E-05   4.71437E-10
 2.43250E+01   1.33861E+20   6.31081E+10   2.99517E+01   5.90886E-05   4.71443E-10
 2.43750E+01   1.34154E+20   6.32467E+10   3.00170E+01   5.92173E-05   4.71449E-10
 2.44250E+01   1.34446E+20   6.33855E+10   3.00824E+01   5.93461E-05   4.71456E-10
 2.44750E+01   1.34739E+20   6.35243E+10   3.01477E+01   5.94748E-05   4.71463E-10
 2.45250E+01   1.35031E+20   6.36630E+10   3.02130E+01   5.96036E-05   4.71469E-10
 2.45750E+01   1.35324E+20   6.38017E+10   3.02783E+01   5.97323E-05   4.71475E-10
 2.46250E+01   1.35616E+20   6.39404E+10   3.03436E+01   5.98610E-05   4.71482E-10
 2.46750E+01   1.35908E+20   6.40791E+10   3.04089E+01   5.99897E-05   4.71489E-10
 2.47250E+01   1.36201E+20   6.42180E+10   3.04742E+01   6.01184E-05   4.71496E-10
 2.47750E+01   1.36493E+20   6.43569E+10   3.05395E+01   6.02471E-05   4.71504E-10
 2.48250E+01   1.36785E+20   6.44956E+10   3.06048E+01   6.03758E-05   4.71510E-10
 2.48750E+01   1.37077E+20   6.46343E+10   3.06700E+01   6.05044E-05   4.71517E-10
 2.49250E+01   1.37370E+20   6.47729E+10   3.07353E+01   6.06331E-05   4.71523E-10
 2.49750E+01   1.37662E+20   6.49116E+10   3.08006E+01   6.07618E-05   4.71530E-10
 2.50250E+01   1.37954E+20   6.50503E+10   3.08658E+01   6.08904E-05   4.71536E-10
 2.50750E+01   1.38246E+20   6.51889E+10   3.09311E+01   6.10190E-05   4.71543E-10
 2.51250E+01   1.38538E+20   6.53274E+10   3.09963E+01   6.11475E-05   4.71549E-10
 2.51750E+01   1.38830E+20   6.54660E+10   3.10615E+01   6.12761E-05   4.71555E-10
 2.52250E+01   1.39122E+20   6.56046E+10   3.11268E+01   6.14047E-05   4.71561E-10
 2.52750E+01   1.39414E+20   6.57430E+10   3.11920E+01   6.15332E-05   4.71567E-10
 2.53250E+01   1.39706E+20   6.58813E+10   3.12572E+01   6.16617E-05   4.71572E-10
 2.53750E+01   1.39998E+20   6.60196E+10   3.13223E+01   6.17902E-05   4.71577E-10
 2.54250E+01   1.40289E+20   6.61579E+10   3.13875E+01   6.19187E-05   4.71582E-10
 2.54750E+01   1.40581E+20   6.62962E+10   3.14527E+01   6.20472E-05   4.71587E-10
 2.55250E+01   1.40872E+20   6.64344E+10   3.15178E+01   6.21756E-05   4.71592E-10
 2.55750E+01   1.41164E+20   6.65727E+10   3.15829E+01   6.23040E-05   4.71598E-10
 2.56250E+01   1.41456E+20   6.67109E+10   3.16481E+01   6.24324E-05   4.71603E-10
 2.56750E+01   1.41747E+20   6.68489E+10   3.17132E+01   6.25607E-05   4.71607E-10
 2.57250E+01   1.42038E+20   6.69868E+10   3.17782E+01   6.26890E-05   4.71610E-10
 2.57750E+01   1.42330E+20   6.71247E+10   3.18434E+01   6.28174E-05   4.71614E-10
 2.58250E+01   1.42621E+20   6.72627E+10   3.19085E+01   6.29457E-05   4.71617E-10
 2.58750E+01   1.42912E+20   6.74004E+10   3.19735E+01   6.30740E-05   4.71620E-10
 2.59250E+01   1.43204E+20   6.75379E+10   3.20386E+01   6.32022E-05   4.71622E-10
 2.59750E+01   1.43495E+20   6.76754E+10   3.21036E+01   6.33304E-05   4.71623E-10
 2.60250E+01   1.43786E+20   6.78129E+10   3.21687E+01   6.34587E-05   4.71624E-10
 2.60750E+01   1.44077E+20   6.79504E+10   3.22337E+01   6.35868E-05   4.71626E-10
 2.61250E+01   1.44368E+20   6.80878E+10   3.22987E+01   6.37150E-05   4.71627E-10
 2.61750E+01   1.44659E+20   6.82251E+10   3.23637E+01   6.38431E-05   4.71628E-10
 2.62250E+01   1.44949E+20   6.83624E+10   3.24286E+01   6.39712E-05   4.71629E-10
 2.62750E+01   1.45240E+20   6.84995E+10   3.24936E+01   6.40992E-05   4.71629E-10
 2.63250E+01   1.45531E+20   6.86366E+10   3.25585E+01   6.42272E-05   4.71629E-10
 2.63750E+01   1.45822E+20   6.87737E+10   3.26235E+01   6.43553E-05   4.71629E-10
 2.64250E+01   1.46112E+20   6.89106E+10   3.26884E+01   6.44832E-05   4.71628E-10
 2.64750E+01   1.46403E+20   6.90475E+10   3.27533E+01   6.46111E-05   4.71628E-10
 2.65250E+01   1.46693E+20   6.91844E+10   3.28182E+01   6.47391E-05   4.71627E-10
 2.65750E+01   1.46983E+20   6.93212E+10   3.28830E+01   6.48669E-05   4.71627E-10
 2.66250E+01   1.47273E+20   6.94579E+10   3.29479E+01   6.49947E-05   4.71625E-10
 2.66750E+01   1.47564E+20   6.95946E+10   3.30127E+01   6.51225E-05   4.71624E-10
 2.67250E+01   1.47854E+20   6.97314E+10   3.30775E+01   6.52503E-05   4.71624E-10
 2.67750E+01   1.48144E+20   6.98681E+10   3.31423E+01   6.53781E-05   4.71623E-10
 2.68250E+01   1.48434E+20   7.00047E+10   3.32071E+01   6.55058E-05   4.71623E-10
 2.68750E+01   1.48724E+20   7.01413E+10   3.32719E+01   6.56335E-05   4.71622E-10
 2.69250E+01   1.49013E+20   7.02779E+10   3.33366E+01   6.57611E-05   4.71622E-10
 2.69750E+01   1.49303E+20   7.04144E+10   3.34014E+01   6.58887E-05   4.71621E-10
 2.70250E+01   1.49593E+20   7.05509E+10   3.34661E+01   6.60163E-05   4.71620E-10
 2.70750E+01   1.49882E+20   7.06873E+10   3.35308E+01   6.61439E-05   4.71619E-10
 2.71250E+01   1.50171E+20   7.08235E+10   3.35954E+01   6.62713E-05   4.71618E-10
 2.71750E+01   1.50461E+20   7.09598E+10   3.36601E+01   6.63988E-05   4.71617E-10
 2.72250E+01   1.50750E+20   7.10961E+10   3.37247E+01   6.65263E-05   4.71616E-10
 2.72750E+01   1.51039E+20   7.12322E+10   3.37893E+01   6.66536E-05   4.71616E-10
 2.73250E+01   1.51328E+20   7.13683E+10   3.38539E+01   6.67810E-05   4.71615E-10
 2.73750E+01   1.51616E+20   7.15044E+10   3.39185E+01   6.69083E-05   4.71614E-10
 2.74250E+01   1.51905E+20   7.16405E+10   3.39830E+01   6.70356E-05   4.71613E-10
 2.74750E+01   1.52194E+20   7.17766E+10   3.40476E+01   6.71628E-05   4.71613E-10
 2.75250E+01   1.52483E+20   7.19127E+10   3.41120E+01   6.72900E-05   4.71612E-10
 2.75750E+01   1.52771E+20   7.20488E+10   3.41765E+01   6.74171E-05   4.71613E-10
 2.76250E+01   1.53059E+20   7.21849E+10   3.42410E+01   6.75442E-05   4.71614E-10
 2.76750E+01   1.53348E+20   7.23211E+10   3.43054E+01   6.76712E-05   4.71615E-10
 2.77250E+01   1.53636E+20   7.24572E+10   3.43698E+01   6.77982E-05   4.71616E-10
 2.77750E+01   1.53924E+20   7.25933E+10   3.44342E+01   6.79252E-05   4.71617E-10
 2.78250E+01   1.54212E+20   7.27294E+10   3.44986E+01   6.80522E-05   4.71619E-10
 2.78750E+01   1.54500E+20   7.28655E+10   3.45630E+01   6.81791E-05   4.71621E-10
 2.79250E+01   1.54788E+20   7.30015E+10   3.46273E+01   6.83059E-05   4.71623E-10
 2.79750E+01   1.55076E+20   7.31376E+10   3.46916E+01   6.84327E-05   4.71625E-10
 2.80250E+01   1.55363E+20   7.32736E+10   3.47559E+01   6.85595E-05   4.71627E-10
 2.80750E+01   1.55651E+20   7.34096E+10   3.48202E+01   6.86862E-05   4.71629E-10
 2.81250E+01   1.55938E+20   7.35454E+10   3.48844E+01   6.88129E-05   4.71631E-10
 2.81750E+01   1.56226E+20   7.36813E+10   3.49487E+01   6.89396E-05   4.71633E-10
 2.82250E+01   1.56513E+20   7.38170E+10   3.50129E+01   6.90662E-05   4.71635E-10
 2.82750E+01   1.56800E+20   7.39528E+10   3.50771E+01   6.91928E-05   4.71637E-10
 2.83250E+01   1.57087E+20   7.40887E+10   3.51412E+01   6.93193E-05   4.71640E-10
 2.83750E+01   1.57374E+20   7.42245E+10   3.52054E+01   6.94458E-05   4.71643E-10
 2.84250E+01   1.57661E+20   7.43602E+10   3.52695E+01   6.95723E-05   4.71646E-10
 2.84750E+01   1.57948E+20   7.44961E+10   3.53336E+01   6.96987E-05   4.71650E-10
 2.85250E+01   1.58234E+20   7.46319E+10   3.53977E+01   6.98251E-05   4.71654E-10
 2.85750E+01   1.58521E+20   7.47678E+10   3.54618E+01   6.99515E-05   4.71659E-10
 2.86250E+01   1.58807E+20   7.49036E+10   3.55258E+01   7.00778E-05   4.71664E-10
 2.86750E+01   1.59094E+20   7.50395E+10   3.55899E+01   7.02041E-05   4.71669E-10
 2.87250E+01   1.59380E+20   7.51754E+10   3.56539E+01   7.03303E-05   4.71675E-10
 2.87750E+01   1.59666E+20   7.53114E+10   3.57179E+01   7.04565E-05   4.71681E-10
 2.88250E+01   1.59952E+20   7.54472E+10   3.57818E+01   7.05826E-05   4.71687E-10
 2.88750E+01   1.60238E+20   7.55831E+10   3.58457E+01   7.07087E-05   4.71693E-10
 2.89250E+01   1.60524E+20   7.57189E+10   3.59096E+01   7.08347E-05   4.71700E-10
 2.89750E+01   1.60809E+20   7.58547E+10   3.59734E+01   7.09607E-05   4.71707E-10
 2.90250E+01   1.61095E+20   7.59906E+10   3.60373E+01   7.10866E-05   4.71714E-10
 2.90750E+01   1.61380E+20   7.61265E+10   3.61011E+01   7.12125E-05   4.71722E-10
 2.91250E+01   1.61665E+20   7.62622E+10   3.61649E+01   7.13383E-05   4.71729E-10
 2.91750E+01   1.61950E+20   7.63980E+10   3.62287E+01   7.14641E-05   4.71737E-10
 2.92250E+01   1.62235E+20   7.65336E+10   3.62924E+01   7.15898E-05   4.71745E-10
 2.92750E+01   1.62520E+20   7.66693E+10   3.63561E+01   7.17154E-05   4.71753E-10
 2.93250E+01   1.62805E+20   7.68050E+10   3.64198E+01   7.18410E-05   4.71762E-10
 2.93750E+01   1.63089E+20   7.69407E+10   3.64834E+01   7.19666E-05   4.71771E-10
 2.94250E+01   1.63373E+20   7.70764E+10   3.65470E+01   7.20920E-05   4.71781E-10
 2.94750E+01   1.63658E+20   7.72122E+10   3.66106E+01   7.22175E-05   4.71791E-10
 2.95250E+01   1.63942E+20   7.73479E+10   3.66741E+01   7.23428E-05   4.71801E-10
 2.95750E+01   1.64226E+20   7.74836E+10   3.67377E+01   7.24682E-05   4.71812E-10
 2.96250E+01   1.64510E+20   7.76191E+10   3.68012E+01   7.25934E-05   4.71821E-10
 2.96750E+01   1.64793E+20   7.77546E+10   3.68646E+01   7.27186E-05   4.71831E-10
 2.97250E+01   1.65077E+20   7.78899E+10   3.69281E+01   7.28437E-05   4.71840E-10
 2.97750E+01   1.65360E+20   7.80252E+10   3.69915E+01   7.29688E-05   4.71849E-10
 2.98250E+01   1.65644E+20   7.81605E+10   3.70548E+01   7.30937E-05   4.71859E-10
 2.98750E+01   1.65927E+20   7.82957E+10   3.71182E+01   7.32187E-05   4.71869E-10
 2.99250E+01   1.66210E+20   7.84309E+10   3.71815E+01   7.33436E-05   4.71879E-10
 2.99750E+01   1.66493E+20   7.85660E+10   3.72448E+01   7.34684E-05   4.71889E-10
 3.00250E+01   1.66775E+20   7.87011E+10   3.73080E+01   7.35932E-05   4.71900E-10
 3.00750E+01   1.67058E+20   7.88361E+10   3.73712E+01   7.37178E-05   4.71910E-10
 3.01250E+01   1.67340E+20   7.89708E+10   3.74343E+01   7.38425E-05   4.71919E-10
 3.01750E+01   1.67622E+20   7.91055E+10   3.74975E+01   7.39671E-05   4.71928E-10
 3.02250E+01   1.67904E+20   7.92400E+10   3.75606E+01   7.40916E-05   4.71936E-10
 3.02750E+01   1.68186E+20   7.93745E+10   3.76237E+01   7.42160E-05   4.71945E-10
 3.03250E+01   1.68467E+20   7.95088E+10   3.76867E+01   7.43403E-05   4.71953E-10
 3.03750E+01   1.68749E+20   7.96428E+10   3.77497E+01   7.44646E-05   4.71961E-10
 3.04250E+01   1.69030E+20   7.97768E+10   3.78126E+01   7.45887E-05   4.71968E-10
 3.04750E+01   1.69311E+20   7.99106E+10   3.78755E+01   7.47128E-05   4.71975E-10
 3.05250E+01   1.69592E+20   8.00444E+10   3.79383E+01   7.48368E-05   4.71982E-10
 3.05750E+01   1.69872E+20   8.01779E+10   3.80011E+01   7.49608E-05   4.71989E-10
 3.06250E+01   1.70153E+20   8.03114E+10   3.80639E+01   7.50846E-05   4.71996E-10
 3.06750E+01   1.70433E+20   8.04447E+10   3.81266E+01   7.52084E-05   4.72002E-10
 3.07250E+01   1.70713E+20   8.05779E+10   3.81893E+01   7.53320E-05   4.72008E-10
 3.07750E+01   1.70993E+20   8.07108E+10   3.82519E+01   7.54556E-05   4.72014E-10
 3.08250E+01   1.71272E+20   8.08438E+10   3.83145E+01   7.55792E-05   4.72019E-10
 3.08750E+01   1.71552E+20   8.09767E+10   3.83770E+01   7.57026E-05   4.72025E-10
 3.09250E+01   1.71831E+20   8.11093E+10   3.84395E+01   7.58259E-05   4.72030E-10
 3.09750E+01   1.72109E+20   8.12418E+10   3.85020E+01   7.59491E-05   4.72035E-10
 3.10250E+01   1.72388E+20   8.13742E+10   3.85644E+01   7.60723E-05   4.72040E-10
 3.10750E+01   1.72667E+20   8.15065E+10   3.86267E+01   7.61954E-05   4.72046E-10
 3.11250E+01   1.72945E+20   8.16388E+10   3.86890E+01   7.63183E-05   4.72051E-10
 3.11750E+01   1.73223E+20   8.17711E+10   3.87512E+01   7.64411E-05   4.72058E-10
 3.12250E+01   1.73500E+20   8.19032E+10   3.88134E+01   7.65639E-05   4.72063E-10
 3.12750E+01   1.73778E+20   8.20351E+10   3.88756E+01   7.66865E-05   4.72069E-10
 3.13250E+01   1.74055E+20   8.21668E+10   3.89377E+01   7.68091E-05   4.72074E-10
 3.13750E+01   1.74332E+20   8.22985E+10   3.89997E+01   7.69316E-05   4.72079E-10
 3.14250E+01   1.74609E+20   8.24300E+10   3.90617E+01   7.70539E-05   4.72084E-10
 3.14750E+01   1.74885E+20   8.25613E+10   3.91236E+01   7.71761E-05   4.72089E-10
 3.15250E+01   1.75161E+20   8.26924E+10   3.91855E+01   7.72983E-05   4.72093E-10
 3.15750E+01   1.75437E+20   8.28235E+10   3.92473E+01   7.74203E-05   4.72098E-10
 3.16250E+01   1.75713E+20   8.29546E+10   3.93091E+01   7.75423E-05   4.72103E-10
 3.16750E+01   1.75988E+20   8.30856E+10   3.93708E+01   7.76642E-05   4.72109E-10
 3.17250E+01   1.76264E+20   8.32165E+10   3.94325E+01   7.77859E-05   4.72114E-10
 3.17750E+01   1.76538E+20   8.33475E+10   3.94941E+01   7.79076E-05   4.72121E-10
 3.18250E+01   1.76813E+20   8.34783E+10   3.95557E+01   7.80291E-05   4.72127E-10
 3.18750E+01   1.77088E+20   8.36089E+10   3.96172E+01   7.81506E-05   4.72133E-10
 3.19250E+01   1.77362E+20   8.37393E+10   3.96786E+01   7.82719E-05   4.72139E-10
 3.19750E+01   1.77635E+20   8.38695E+10   3.97400E+01   7.83931E-05   4.72144E-10
 3.20250E+01   1.77909E+20   8.39995E+10   3.98013E+01   7.85142E-05   4.72149E-10
 3.20750E+01   1.78182E+20   8.41295E+10   3.98626E+01   7.86351E-05   4.72154E-10
 3.21250E+01   1.78455E+20   8.42595E+10   3.99238E+01   7.87560E-05   4.72160E-10
 3.21750E+01   1.78728E+20   8.43893E+10   3.99849E+01   7.88768E-05   4.72166E-10
 3.22250E+01   1.79001E+20   8.45191E+10   4.00460E+01   7.89974E-05   4.72172E-10
 3.22750E+01   1.79273E+20   8.46487E+10   4.01071E+01   7.91180E-05   4.72178E-10
 3.23250E+01   1.79545E+20   8.47780E+10   4.01680E+01   7.92384E-05   4.72183E-10
 3.23750E+01   1.79816E+20   8.49071E+10   4.02289E+01   7.93587E-05   4.72188E-10
 3.24250E+01   1.80088E+20   8.50359E+10   4.02898E+01   7.94789E-05   4.72192E-10
 3.24750E+01   1.80359E+20   8.51645E+10   4.03506E+01   7.95990E-05   4.72195E-10
 3.25250E+01   1.80630E+20   8.52929E+10   4.04113E+01   7.97190E-05   4.72198E-10
 3.25750E+01   1.80900E+20   8.54213E+10   4.04720E+01   7.98388E-05   4.72202E-10
 3.26250E+01   1.81170E+20   8.55495E+10   4.05326E+01   7.99585E-05   4.72205E-10
 3.26750E+01   1.81440E+20   8.56777E+10   4.05931E+01   8.00782E-05   4.72209E-10
 3.27250E+01   1.81710E+20   8.58058E+10   4.06537E+01   8.01977E-05   4.72213E-10
 3.27750E+01   1.81979E+20   8.59340E+10   4.07141E+01   8.03171E-05   4.72219E-10
 3.28250E+01   1.82248E+20   8.60622E+10   4.07745E+01   8.04364E-05   4.72225E-10
 3.28750E+01   1.82517E+20   8.61903E+10   4.08348E+01   8.05555E-05   4.72231E-10
 3.29250E+01   1.82786E+20   8.63183E+10   4.08951E+01   8.06746E-05   4.72238E-10
 3.29750E+01   1.83054E+20   8.64463E+10   4.09553E+01   8.07937E-05   4.72245E-10
 3.30250E+01   1.83322E+20   8.65742E+10   4.10155E+01   8.09126E-05   4.72252E-10
 3.30750E+01   1.83590E+20   8.67018E+10   4.10756E+01   8.10313E-05   4.72258E-10
 3.31250E+01   1.83857E+20   8.68292E+10   4.11356E+01   8.11500E-05   4.72264E-10
 3.31750E+01   1.84124E+20   8.69564E+10   4.11956E+01   8.12684E-05   4.72270E-10
 3.32250E+01   1.84391E+20   8.70835E+10   4.12555E+01   8.13868E-05   4.72276E-10
 3.32750E+01   1.84658E+20   8.72105E+10   4.13153E+01   8.15050E-05   4.72282E-10
 3.33250E+01   1.84924E+20   8.73374E+10   4.13751E+01   8.16232E-05   4.72288E-10
 3.33750E+01   1.85190E+20   8.74642E+10   4.14348E+01   8.17412E-05   4.72295E-10
 3.34250E+01   1.85455E+20   8.75909E+10   4.14944E+01   8.18590E-05   4.72302E-10
 3.34750E+01   1.85721E+20   8.77175E+10   4.15540E+01   8.19768E-05   4.72308E-10
 3.35250E+01   1.85986E+20   8.78440E+10   4.16136E+01   8.20945E-05   4.72315E-10
 3.35750E+01   1.86251E+20   8.79703E+10   4.16730E+01   8.22120E-05   4.72322E-10
 3.36250E+01   1.86515E+20   8.80963E+10   4.17325E+01   8.23295E-05   4.72328E-10
 3.36750E+01   1.86780E+20   8.82222E+10   4.17918E+01   8.24468E-05   4.72333E-10
 3.37250E+01   1.87044E+20   8.83478E+10   4.18511E+01   8.25640E-05   4.72338E-10
 3.37750E+01   1.87307E+20   8.84732E+10   4.19104E+01   8.26811E-05   4.72343E-10
 3.38250E+01   1.87571E+20   8.85982E+10   4.19695E+01   8.27981E-05   4.72346E-10
 3.38750E+01   1.87834E+20   8.87231E+10   4.20286E+01   8.29149E-05   4.72350E-10
 3.39250E+01   1.88096E+20   8.88478E+10   4.20877E+01   8.30317E-05   4.72352E-10
 3.39750E+01   1.88359E+20   8.89724E+10   4.21467E+01   8.31483E-05   4.72355E-10
 3.40250E+01   1.88621E+20   8.90969E+10   4.22056E+01   8.32648E-05   4.72358E-10
 3.40750E+01   1.88883E+20   8.92212E+10   4.22645E+01   8.33812E-05   4.72362E-10
 3.41250E+01   1.89145E+20   8.93453E+10   4.23233E+01   8.34975E-05   4.72364E-10
 3.41750E+01   1.89406E+20   8.94693E+10   4.23821E+01   8.36136E-05   4.72367E-10
 3.42250E+01   1.89667E+20   8.95931E+10   4.24408E+01   8.37297E-05   4.72370E-10
 3.42750E+01   1.89928E+20   8.97168E+10   4.24994E+01   8.38456E-05   4.72373E-10
 3.43250E+01   1.90189E+20   8.98405E+10   4.25580E+01   8.39615E-05   4.72376E-10
 3.43750E+01   1.90449E+20   8.99639E+10   4.26164E+01   8.40772E-05   4.72379E-10
 3.44250E+01   1.90709E+20   9.00872E+10   4.26749E+01   8.41927E-05   4.72381E-10
 3.44750E+01   1.90968E+20   9.02103E+10   4.27333E+01   8.43082E-05   4.72383E-10
 3.45250E+01   1.91228E+20   9.03333E+10   4.27916E+01   8.44236E-05   4.72386E-10
 3.45750E+01   1.91487E+20   9.04562E+10   4.28499E+01   8.45388E-05   4.72388E-10
 3.46250E+01   1.91746E+20   9.05788E+10   4.29080E+01   8.46539E-05   4.72391E-10
 3.46750E+01   1.92004E+20   9.07014E+10   4.29662E+01   8.47689E-05   4.72393E-10
 3.47250E+01   1.92262E+20   9.08237E+10   4.30243E+01   8.48838E-05   4.72395E-10
 3.47750E+01   1.92520E+20   9.09459E+10   4.30823E+01   8.49986E-05   4.72396E-10
 3.48250E+01   1.92778E+20   9.10679E+10   4.31403E+01   8.51132E-05   4.72398E-10
 3.48750E+01   1.93035E+20   9.11897E+10   4.31982E+01   8.52278E-05   4.72399E-10
 3.49250E+01   1.93293E+20   9.13115E+10   4.32560E+01   8.53423E-05   4.72400E-10
 3.49750E+01   1.93549E+20   9.14331E+10   4.33138E+01   8.54566E-05   4.72402E-10
 3.50250E+01   1.93806E+20   9.15546E+10   4.33716E+01   8.55709E-05   4.72403E-10
 3.50750E+01   1.94062E+20   9.16760E+10   4.34292E+01   8.56850E-05   4.72405E-10
 3.51250E+01   1.94318E+20   9.17974E+10   4.34869E+01   8.57990E-05   4.72408E-10
 3.51750E+01   1.94574E+20   9.19188E+10   4.35444E+01   8.59128E-05   4.72410E-10
 3.52250E+01   1.94829E+20   9.20401E+10   4.36019E+01   8.60266E-05   4.72414E-10
 3.52750E+01   1.95085E+20   9.21614E+10   4.36593E+01   8.61402E-05   4.72418E-10
 3.53250E+01   1.95339E+20   9.22827E+10   4.37167E+01   8.62538E-05   4.72422E-10
 3.53750E+01   1.95594E+20   9.24039E+10   4.37741E+01   8.63672E-05   4.72427E-10
 3.54250E+01   1.95848E+20   9.25249E+10   4.38313E+01   8.64805E-05   4.72431E-10
 3.54750E+01   1.96103E+20   9.26459E+10   4.38885E+01   8.65937E-05   4.72436E-10
 3.55250E+01   1.96356E+20   9.27668E+10   4.39457E+01   8.67068E-05   4.72441E-10
 3.55750E+01   1.96610E+20   9.28875E+10   4.40028E+01   8.68198E-05   4.72446E-10
 3.56250E+01   1.96863E+20   9.30080E+10   4.40598E+01   8.69327E-05   4.72450E-10
 3.56750E+01   1.97116E+20   9.31283E+10   4.41167E+01   8.70454E-05   4.72454E-10
 3.57250E+01   1.97369E+20   9.32483E+10   4.41737E+01   8.71581E-05   4.72457E-10
 3.57750E+01   1.97621E+20   9.33681E+10   4.42305E+01   8.72706E-05   4.72460E-10
 3.58250E+01   1.97873E+20   9.34876E+10   4.42873E+01   8.73831E-05   4.72462E-10
 3.58750E+01   1.98125E+20   9.36069E+10   4.43441E+01   8.74954E-05   4.72464E-10
 3.59250E+01   1.98377E+20   9.37262E+10   4.44008E+01   8.76077E-05   4.72465E-10
 3.59750E+01   1.98628E+20   9.38451E+10   4.44574E+01   8.77199E-05   4.72466E-10
 3.60250E+01   1.98879E+20   9.39640E+10   4.45140E+01   8.78319E-05   4.72467E-10
 3.60750E+01   1.99130E+20   9.40830E+10   4.45706E+01   8.79439E-05   4.72469E-10
 3.61250E+01   1.99381E+20   9.42016E+10   4.46271E+01   8.80558E-05   4.72470E-10
 3.61750E+01   1.99632E+20   9.43200E+10   4.46835E+01   8.81675E-05   4.72471E-10
 3.62250E+01   1.99882E+20   9.44385E+10   4.47399E+01   8.82792E-05   4.72472E-10
 3.62750E+01   2.00132E+20   9.45569E+10   4.47963E+01   8.83908E-05   4.72473E-10
 3.63250E+01   2.00382E+20   9.46751E+10   4.48526E+01   8.85023E-05   4.72474E-10
 3.63750E+01   2.00631E+20   9.47935E+10   4.49088E+01   8.86136E-05   4.72477E-10
 3.64250E+01   2.00880E+20   9.49117E+10   4.49650E+01   8.87250E-05   4.72478E-10
 3.64750E+01   2.01130E+20   9.50299E+10   4.50212E+01   8.88362E-05   4.72481E-10
 3.65250E+01   2.01379E+20   9.51481E+10   4.50774E+01   8.89474E-05   4.72484E-10
 3.65750E+01   2.01627E+20   9.52661E+10   4.51334E+01   8.90585E-05   4.72486E-10
 3.66250E+01   2.01876E+20   9.53841E+10   4.51895E+01   8.91694E-05   4.72489E-10
 3.66750E+01   2.02124E+20   9.55022E+10   4.52455E+01   8.92804E-05   4.72492E-10
 3.67250E+01   2.02373E+20   9.56203E+10   4.53015E+01   8.93912E-05   4.72496E-10
 3.67750E+01   2.02621E+20   9.57382E+10   4.53574E+01   8.95020E-05   4.72500E-10
 3.68250E+01   2.02869E+20   9.58561E+10   4.54133E+01   8.96128E-05   4.72503E-10
 3.68750E+01   2.03116E+20   9.59740E+10   4.54692E+01   8.97235E-05   4.72508E-10
 3.69250E+01   2.03364E+20   9.60920E+10   4.55251E+01   8.98341E-05   4.72513E-10
 3.69750E+01   2.03611E+20   9.62099E+10   4.55808E+01   8.99446E-05   4.72517E-10
 3.70250E+01   2.03858E+20   9.63278E+10   4.56366E+01   9.00550E-05   4.72523E-10
 3.70750E+01   2.04106E+20   9.64456E+10   4.56923E+01   9.01654E-05   4.72528E-10
 3.71250E+01   2.04352E+20   9.65634E+10   4.57480E+01   9.02757E-05   4.72534E-10
 3.71750E+01   2.04599E+20   9.66812E+10   4.58037E+01   9.03860E-05   4.72539E-10
 3.72250E+01   2.04846E+20   9.67988E+10   4.58593E+01   9.04962E-05   4.72544E-10
 3.72750E+01   2.05093E+20   9.69165E+10   4.59150E+01   9.06065E-05   4.72550E-10
 3.73250E+01   2.05339E+20   9.70340E+10   4.59706E+01   9.07166E-05   4.72555E-10
 3.73750E+01   2.05585E+20   9.71513E+10   4.60262E+01   9.08267E-05   4.72559E-10
 3.74250E+01   2.05832E+20   9.72686E+10   4.60817E+01   9.09368E-05   4.72564E-10
 3.74750E+01   2.06078E+20   9.73858E+10   4.61372E+01   9.10467E-05   4.72568E-10
 3.75250E+01   2.06324E+20   9.75030E+10   4.61927E+01   9.11567E-05   4.72573E-10
 3.75750E+01   2.06570E+20   9.76201E+10   4.62482E+01   9.12666E-05   4.72577E-10
 3.76250E+01   2.06816E+20   9.77373E+10   4.63037E+01   9.13765E-05   4.72582E-10
 3.76750E+01   2.07061E+20   9.78544E+10   4.63591E+01   9.14863E-05   4.72587E-10
 3.77250E+01   2.07307E+20   9.79715E+10   4.64145E+01   9.15961E-05   4.72592E-10
 3.77750E+01   2.07552E+20   9.80885E+10   4.64699E+01   9.17058E-05   4.72597E-10
 3.78250E+01   2.07798E+20   9.82057E+10   4.65253E+01   9.18155E-05   4.72603E-10
 3.78750E+01   2.08043E+20   9.83231E+10   4.65807E+01   9.19253E-05   4.72609E-10
 3.79250E+01   2.08288E+20   9.84404E+10   4.66360E+01   9.20350E-05   4.72616E-10
 3.79750E+01   2.08534E+20   9.85575E+10   4.66914E+01   9.21446E-05   4.72622E-10
 3.80250E+01   2.08778E+20   9.86744E+10   4.67466E+01   9.22541E-05   4.72627E-10
 3.80750E+01   2.09024E+20   9.87912E+10   4.68019E+01   9.23637E-05   4.72632E-10
 3.81250E+01   2.09269E+20   9.89079E+10   4.68573E+01   9.24733E-05   4.72636E-10
 3.81750E+01   2.09514E+20   9.90243E+10   4.69126E+01   9.25829E-05   4.72639E-10
 3.82250E+01   2.09759E+20   9.91406E+10   4.69678E+01   9.26924E-05   4.72642E-10
 3.82750E+01   2.10003E+20   9.92568E+10   4.70230E+01   9.28019E-05   4.72644E-10
 3.83250E+01   2.10248E+20   9.93730E+10   4.70783E+01   9.29113E-05   4.72647E-10
 3.83750E+01   2.10493E+20   9.94892E+10   4.71335E+01   9.30207E-05   4.72649E-10
 3.84250E+01   2.10737E+20   9.96053E+10   4.71887E+01   9.31300E-05   4.72652E-10
 3.84750E+01   2.10982E+20   9.97213E+10   4.72439E+01   9.32393E-05   4.72654E-10
 3.85250E+01   2.11226E+20   9.98374E+10   4.72991E+01   9.33487E-05   4.72657E-10
 3.85750E+01   2.11471E+20   9.99533E+10   4.73543E+01   9.34581E-05   4.72658E-10
 3.86250E+01   2.11715E+20   1.00069E+11   4.74095E+01   9.35674E-05   4.72659E-10
 3.86750E+01   2.11960E+20   1.00185E+11   4.74647E+01   9.36768E-05   4.72658E-10
 3.87250E+01   2.12204E+20   1.00300E+11   4.75199E+01   9.37862E-05   4.72657E-10
 3.87750E+01   2.12449E+20   1.00415E+11   4.75751E+01   9.38956E-05   4.72656E-10
 3.88250E+01   2.12694E+20   1.00531E+11   4.76304E+01   9.40050E-05   4.72655E-10
 3.88750E+01   2.12938E+20   1.00646E+11   4.76856E+01   9.41145E-05   4.72653E-10
 3.89250E+01   2.13183E+20   1.00761E+11   4.77409E+01   9.42240E-05   4.72651E-10
 3.89750E+01   2.13428E+20   1.00876E+11   4.77961E+01   9.43335E-05   4.72648E-10
 3.90250E+01   2.13673E+20   1.00991E+11   4.78514E+01   9.44430E-05   4.72645E-10
 3.90750E+01   2.13918E+20   1.01106E+11   4.79067E+01   9.45526E-05   4.72641E-10
 3.91250E+01   2.14163E+20   1.01221E+11   4.79620E+01   9.46621E-05   4.72637E-10
 3.91750E+01   2.14408E+20   1.01336E+11   4.80173E+01   9.47716E-05   4.72632E-10
 3.92250E+01   2.14653E+20   1.01451E+11   4.80726E+01   9.48813E-05   4.72627E-10
 3.92750E+01   2.14899E+20   1.01566E+11   4.81280E+01   9.49909E-05   4.72622E-10
 3.93250E+01   2.15144E+20   1.01681E+11   4.81833E+01   9.51006E-05   4.72616E-10
 3.93750E+01   2.15389E+20   1.01795E+11   4.82387E+01   9.52103E-05   4.72610E-10
 3.94250E+01   2.15635E+20   1.01909E+11   4.82941E+01   9.53200E-05   4.72602E-10
 3.94750E+01   2.15881E+20   1.02024E+11   4.83496E+01   9.54299E-05   4.72594E-10
 3.95250E+01   2.16127E+20   1.02138E+11   4.84051E+01   9.55399E-05   4.72586E-10
 3.95750E+01   2.16373E+20   1.02253E+11   4.84606E+01   9.56500E-05   4.72577E-10
 3.96250E+01   2.16620E+20   1.02367E+11   4.85162E+01   9.57601E-05   4.72566E-10
 3.96750E+01   2.16866E+20   1.02481E+11   4.85719E+01   9.58703E-05   4.72555E-10
 3.97250E+01   2.17113E+20   1.02595E+11   4.86276E+01   9.59807E-05   4.72543E-10
 3.97750E+01   2.17360E+20   1.02709E+11   4.86833E+01   9.60910E-05   4.72529E-10
 3.98250E+01   2.17608E+20   1.02823E+11   4.87391E+01   9.62015E-05   4.72515E-10
 3.98750E+01   2.17855E+20   1.02936E+11   4.87949E+01   9.63121E-05   4.72499E-10
 3.99250E+01   2.18103E+20   1.03050E+11   4.88508E+01   9.64228E-05   4.72482E-10
 3.99750E+01   2.18351E+20   1.03163E+11   4.89068E+01   9.65337E-05   4.72465E-10
 4.00250E+01   2.18600E+20   1.03277E+11   4.89628E+01   9.66446E-05   4.72447E-10
 4.00750E+01   2.18849E+20   1.03390E+11   4.90189E+01   9.67557E-05   4.72428E-10
 4.01250E+01   2.19098E+20   1.03504E+11   4.90751E+01   9.68670E-05   4.72407E-10
 4.01750E+01   2.19348E+20   1.03617E+11   4.91314E+01   9.69784E-05   4.72385E-10
 4.02250E+01   2.19598E+20   1.03730E+11   4.91878E+01   9.70900E-05   4.72362E-10
 4.02750E+01   2.19849E+20   1.03842E+11   4.92442E+01   9.72017E-05   4.72336E-10
 4.03250E+01   2.20100E+20   1.03955E+11   4.93007E+01   9.73137E-05   4.72309E-10
 4.03750E+01   2.20351E+20   1.04067E+11   4.93574E+01   9.74258E-05   4.72280E-10
 4.04250E+01   2.20603E+20   1.04180E+11   4.94141E+01   9.75382E-05   4.72249E-10
 4.04750E+01   2.20856E+20   1.04292E+11   4.94710E+01   9.76507E-05   4.72218E-10
 4.05250E+01   2.21109E+20   1.04404E+11   4.95280E+01   9.77634E-05   4.72186E-10
 4.05750E+01   2.21362E+20   1.04517E+11   4.95850E+01   9.78763E-05   4.72153E-10
 4.06250E+01   2.21616E+20   1.04629E+11   4.96422E+01   9.79895E-05   4.72119E-10
 4.06750E+01   2.21871E+20   1.04742E+11   4.96996E+01   9.81030E-05   4.72083E-10
 4.07250E+01   2.22127E+20   1.04855E+11   4.97571E+01   9.82167E-05   4.72048E-10
 4.07750E+01   2.22383E+20   1.04967E+11   4.98147E+01   9.83307E-05   4.72010E-10
 4.08250E+01   2.22640E+20   1.05080E+11   4.98725E+01   9.84449E-05   4.71972E-10
 4.08750E+01   2.22898E+20   1.05192E+11   4.99304E+01   9.85595E-05   4.71931E-10
 4.09250E+01   2.23156E+20   1.05305E+11   4.99885E+01   9.86744E-05   4.71890E-10
 4.09750E+01   2.23416E+20   1.05418E+11   5.00468E+01   9.87896E-05   4.71846E-10
 4.10250E+01   2.23675E+20   1.05530E+11   5.01052E+01   9.89050E-05   4.71801E-10
 4.10750E+01   2.23936E+20   1.05643E+11   5.01638E+01   9.90208E-05   4.71753E-10
 4.11250E+01   2.24198E+20   1.05755E+11   5.02225E+01   9.91369E-05   4.71703E-10
 4.11750E+01   2.24460E+20   1.05867E+11   5.02814E+01   9.92534E-05   4.71652E-10
 4.12250E+01   2.24724E+20   1.05980E+11   5.03406E+01   9.93703E-05   4.71599E-10
 4.12750E+01   2.24988E+20   1.06092E+11   5.04000E+01   9.94875E-05   4.71546E-10
 4.13250E+01   2.25254E+20   1.06205E+11   5.04595E+01   9.96052E-05   4.71491E-10
 4.13750E+01   2.25521E+20   1.06318E+11   5.05193E+01   9.97234E-05   4.71435E-10
 4.14250E+01   2.25788E+20   1.06431E+11   5.05794E+01   9.98420E-05   4.71377E-10
 4.14750E+01   2.26058E+20   1.06545E+11   5.06397E+01   9.99611E-05   4.71316E-10
 4.15250E+01   2.26328E+20   1.06658E+11   5.07002E+01   1.00081E-04   4.71253E-10
 4.15750E+01   2.26599E+20   1.06771E+11   5.07610E+01   1.00201E-04   4.71188E-10
 4.16250E+01   2.26872E+20   1.06884E+11   5.08221E+01   1.00321E-04   4.71120E-10
 4.16750E+01   2.27146E+20   1.06997E+11   5.08835E+01   1.00442E-04   4.71050E-10
 4.17250E+01   2.27421E+20   1.07110E+11   5.09451E+01   1.00564E-04   4.70978E-10
 4.17750E+01   2.27698E+20   1.07224E+11   5.10070E+01   1.00686E-04   4.70903E-10
 4.18250E+01   2.27977E+20   1.07338E+11   5.10693E+01   1.00809E-04   4.70827E-10
 4.18750E+01   2.28257E+20   1.07452E+11   5.11319E+01   1.00932E-04   4.70749E-10
 4.19250E+01   2.28538E+20   1.07566E+11   5.11948E+01   1.01056E-04   4.70669E-10
 4.19750E+01   2.28821E+20   1.07680E+11   5.12580E+01   1.01181E-04   4.70586E-10
 4.20250E+01   2.29106E+20   1.07795E+11   5.13216E+01   1.01306E-04   4.70503E-10
 4.20750E+01   2.29392E+20   1.07910E+11   5.13855E+01   1.01432E-04   4.70417E-10
 4.21250E+01   2.29681E+20   1.08026E+11   5.14498E+01   1.01559E-04   4.70329E-10
 4.21750E+01   2.29971E+20   1.08142E+11   5.15146E+01   1.01686E-04   4.70240E-10
 4.22250E+01   2.30264E+20   1.08258E+11   5.15797E+01   1.01815E-04   4.70148E-10
 4.22750E+01   2.30558E+20   1.08375E+11   5.16453E+01   1.01944E-04   4.70054E-10
 4.23250E+01   2.30854E+20   1.08492E+11   5.17113E+01   1.02074E-04   4.69958E-10
 4.23750E+01   2.31152E+20   1.08609E+11   5.17777E+01   1.02204E-04   4.69858E-10
 4.24250E+01   2.31453E+20   1.08727E+11   5.18445E+01   1.02336E-04   4.69757E-10
 4.24750E+01   2.31756E+20   1.08845E+11   5.19119E+01   1.02468E-04   4.69653E-10
 4.25250E+01   2.32062E+20   1.08964E+11   5.19798E+01   1.02602E-04   4.69547E-10
 4.25750E+01   2.32369E+20   1.09083E+11   5.20481E+01   1.02736E-04   4.69439E-10
 4.26250E+01   2.32680E+20   1.09203E+11   5.21170E+01   1.02871E-04   4.69329E-10
 4.26750E+01   2.32992E+20   1.09324E+11   5.21864E+01   1.03008E-04   4.69216E-10
 4.27250E+01   2.33308E+20   1.09445E+11   5.22564E+01   1.03145E-04   4.69102E-10
 4.27750E+01   2.33626E+20   1.09567E+11   5.23269E+01   1.03284E-04   4.68985E-10
 4.28250E+01   2.33947E+20   1.09690E+11   5.23981E+01   1.03424E-04   4.68866E-10
 4.28750E+01   2.34271E+20   1.09813E+11   5.24698E+01   1.03564E-04   4.68745E-10
 4.29250E+01   2.34598E+20   1.09938E+11   5.25422E+01   1.03706E-04   4.68622E-10
 4.29750E+01   2.34928E+20   1.10063E+11   5.26151E+01   1.03849E-04   4.68497E-10
 4.30250E+01   2.35261E+20   1.10189E+11   5.26887E+01   1.03994E-04   4.68369E-10
 4.30750E+01   2.35597E+20   1.10316E+11   5.27630E+01   1.04139E-04   4.68239E-10
 4.31250E+01   2.35937E+20   1.10444E+11   5.28380E+01   1.04286E-04   4.68107E-10
 4.31750E+01   2.36280E+20   1.10573E+11   5.29137E+01   1.04435E-04   4.67973E-10
 4.32250E+01   2.36626E+20   1.10702E+11   5.29901E+01   1.04584E-04   4.67836E-10
 4.32750E+01   2.36976E+20   1.10833E+11   5.30673E+01   1.04736E-04   4.67697E-10
 4.33250E+01   2.37330E+20   1.10965E+11   5.31452E+01   1.04888E-04   4.67555E-10
 4.33750E+01   2.37687E+20   1.11098E+11   5.32239E+01   1.05042E-04   4.67411E-10
 4.34250E+01   2.38049E+20   1.11232E+11   5.33034E+01   1.05198E-04   4.67264E-10
 4.34750E+01   2.38414E+20   1.11367E+11   5.33838E+01   1.05355E-04   4.67115E-10
 4.35250E+01   2.38784E+20   1.11503E+11   5.34649E+01   1.05514E-04   4.66963E-10
 4.35750E+01   2.39157E+20   1.11641E+11   5.35470E+01   1.05674E-04   4.66809E-10
 4.36250E+01   2.39535E+20   1.11780E+11   5.36300E+01   1.05836E-04   4.66652E-10
 4.36750E+01   2.39918E+20   1.11920E+11   5.37138E+01   1.06000E-04   4.66492E-10
 4.37250E+01   2.40305E+20   1.12061E+11   5.37986E+01   1.06166E-04   4.66328E-10
 4.37750E+01   2.40696E+20   1.12203E+11   5.38844E+01   1.06333E-04   4.66162E-10
 4.38250E+01   2.41092E+20   1.12347E+11   5.39712E+01   1.06502E-04   4.65994E-10
 4.38750E+01   2.41493E+20   1.12493E+11   5.40589E+01   1.06674E-04   4.65822E-10
 4.39250E+01   2.41899E+20   1.12640E+11   5.41477E+01   1.06847E-04   4.65647E-10
 4.39750E+01   2.42310E+20   1.12788E+11   5.42375E+01   1.07022E-04   4.65471E-10
 4.40250E+01   2.42726E+20   1.12939E+11   5.43284E+01   1.07199E-04   4.65292E-10
 4.40750E+01   2.43148E+20   1.13091E+11   5.44204E+01   1.07378E-04   4.65111E-10
 4.41250E+01   2.43575E+20   1.13245E+11   5.45136E+01   1.07560E-04   4.64927E-10
 4.41750E+01   2.44007E+20   1.13400E+11   5.46078E+01   1.07743E-04   4.64742E-10
 4.42250E+01   2.44445E+20   1.13558E+11   5.47032E+01   1.07929E-04   4.64554E-10
 4.42750E+01   2.44889E+20   1.13717E+11   5.47998E+01   1.08117E-04   4.64363E-10
 4.43250E+01   2.45338E+20   1.13879E+11   5.48976E+01   1.08307E-04   4.64170E-10
 4.43750E+01   2.45794E+20   1.14042E+11   5.49967E+01   1.08500E-04   4.63975E-10
 4.44250E+01   2.46255E+20   1.14208E+11   5.50969E+01   1.08695E-04   4.63778E-10
 4.44750E+01   2.46723E+20   1.14375E+11   5.51985E+01   1.08892E-04   4.63578E-10
 4.45250E+01   2.47197E+20   1.14545E+11   5.53014E+01   1.09092E-04   4.63376E-10
 4.45750E+01   2.47677E+20   1.14717E+11   5.54056E+01   1.09295E-04   4.63173E-10
 4.46250E+01   2.48164E+20   1.14892E+11   5.55112E+01   1.09500E-04   4.62967E-10
 4.46750E+01   2.48658E+20   1.15069E+11   5.56182E+01   1.09707E-04   4.62759E-10
 4.47250E+01   2.49159E+20   1.15248E+11   5.57266E+01   1.09918E-04   4.62549E-10
 4.47750E+01   2.49666E+20   1.15430E+11   5.58364E+01   1.10131E-04   4.62338E-10
 4.48250E+01   2.50181E+20   1.15615E+11   5.59477E+01   1.10347E-04   4.62125E-10
 4.48750E+01   2.50703E+20   1.15802E+11   5.60605E+01   1.10565E-04   4.61910E-10
 4.49250E+01   2.51232E+20   1.15992E+11   5.61748E+01   1.10787E-04   4.61694E-10
 4.49750E+01   2.51768E+20   1.16185E+11   5.62906E+01   1.11011E-04   4.61476E-10
 4.50250E+01   2.52312E+20   1.16381E+11   5.64080E+01   1.11239E-04   4.61256E-10
 4.50750E+01   2.52864E+20   1.16579E+11   5.65269E+01   1.11469E-04   4.61036E-10
 4.51250E+01   2.53424E+20   1.16781E+11   5.66475E+01   1.11703E-04   4.60813E-10
 4.51750E+01   2.53991E+20   1.16986E+11   5.67698E+01   1.11939E-04   4.60589E-10
 4.52250E+01   2.54567E+20   1.17193E+11   5.68937E+01   1.12179E-04   4.60363E-10
 4.52750E+01   2.55151E+20   1.17404E+11   5.70193E+01   1.12422E-04   4.60136E-10
 4.53250E+01   2.55743E+20   1.17618E+11   5.71466E+01   1.12668E-04   4.59907E-10
 4.53750E+01   2.56344E+20   1.17835E+11   5.72756E+01   1.12917E-04   4.59676E-10
 4.54250E+01   2.56953E+20   1.18055E+11   5.74064E+01   1.13170E-04   4.59444E-10
 4.54750E+01   2.57570E+20   1.18279E+11   5.75390E+01   1.13426E-04   4.59210E-10
 4.55250E+01   2.58197E+20   1.18506E+11   5.76733E+01   1.13686E-04   4.58976E-10
 4.55750E+01   2.58832E+20   1.18737E+11   5.78095E+01   1.13949E-04   4.58740E-10
 4.56250E+01   2.59477E+20   1.18971E+11   5.79476E+01   1.14215E-04   4.58503E-10
 4.56750E+01   2.60130E+20   1.19208E+11   5.80875E+01   1.14485E-04   4.58264E-10
 4.57250E+01   2.60793E+20   1.19449E+11   5.82293E+01   1.14759E-04   4.58023E-10
 4.57750E+01   2.61464E+20   1.19693E+11   5.83731E+01   1.15036E-04   4.57781E-10
 4.58250E+01   2.62146E+20   1.19941E+11   5.85187E+01   1.15317E-04   4.57537E-10
 4.58750E+01   2.62837E+20   1.20193E+11   5.86663E+01   1.15602E-04   4.57292E-10
 4.59250E+01   2.63537E+20   1.20448E+11   5.88160E+01   1.15890E-04   4.57045E-10
 4.59750E+01   2.64248E+20   1.20708E+11   5.89676E+01   1.16182E-04   4.56797E-10
 4.60250E+01   2.64968E+20   1.20971E+11   5.91212E+01   1.16478E-04   4.56548E-10
 4.60750E+01   2.65698E+20   1.21237E+11   5.92769E+01   1.16778E-04   4.56297E-10
 4.61250E+01   2.66439E+20   1.21508E+11   5.94347E+01   1.17081E-04   4.56045E-10
 4.61750E+01   2.67189E+20   1.21783E+11   5.95946E+01   1.17389E-04   4.55792E-10
 4.62250E+01   2.67951E+20   1.22062E+11   5.97566E+01   1.17701E-04   4.55538E-10
 4.62750E+01   2.68722E+20   1.22345E+11   5.99208E+01   1.18017E-04   4.55283E-10
 4.63250E+01   2.69504E+20   1.22632E+11   6.00872E+01   1.18337E-04   4.55027E-10
 4.63750E+01   2.70297E+20   1.22923E+11   6.02557E+01   1.18661E-04   4.54770E-10
 4.64250E+01   2.71101E+20   1.23219E+11   6.04265E+01   1.18989E-04   4.54513E-10
 4.64750E+01   2.71916E+20   1.23519E+11   6.05995E+01   1.19321E-04   4.54254E-10
 4.65250E+01   2.72742E+20   1.23824E+11   6.07749E+01   1.19658E-04   4.53996E-10
 4.65750E+01   2.73580E+20   1.24133E+11   6.09525E+01   1.19999E-04   4.53737E-10
 4.66250E+01   2.74429E+20   1.24447E+11   6.11324E+01   1.20345E-04   4.53478E-10
 4.66750E+01   2.75289E+20   1.24766E+11   6.13147E+01   1.20695E-04   4.53220E-10
 4.67250E+01   2.76161E+20   1.25090E+11   6.14994E+01   1.21049E-04   4.52962E-10
 4.67750E+01   2.77045E+20   1.25419E+11   6.16865E+01   1.21408E-04   4.52704E-10
 4.68250E+01   2.77940E+20   1.25753E+11   6.18760E+01   1.21772E-04   4.52445E-10
 4.68750E+01   2.78848E+20   1.26092E+11   6.20680E+01   1.22140E-04   4.52188E-10
 4.69250E+01   2.79767E+20   1.26436E+11   6.22624E+01   1.22512E-04   4.51931E-10
 4.69750E+01   2.80699E+20   1.26785E+11   6.24593E+01   1.22890E-04   4.51675E-10
 4.70250E+01   2.81643E+20   1.27139E+11   6.26586E+01   1.23272E-04   4.51419E-10
 4.70750E+01   2.82600E+20   1.27499E+11   6.28605E+01   1.23658E-04   4.51164E-10
 4.71250E+01   2.83569E+20   1.27864E+11   6.30650E+01   1.24050E-04   4.50911E-10
 4.71750E+01   2.84551E+20   1.28235E+11   6.32720E+01   1.24446E-04   4.50660E-10
 4.72250E+01   2.85545E+20   1.28612E+11   6.34816E+01   1.24848E-04   4.50409E-10
 4.72750E+01   2.86552E+20   1.28995E+11   6.36938E+01   1.25254E-04   4.50161E-10
 4.73250E+01   2.87572E+20   1.29383E+11   6.39086E+01   1.25665E-04   4.49915E-10
 4.73750E+01   2.88606E+20   1.29778E+11   6.41260E+01   1.26081E-04   4.49671E-10
 4.74250E+01   2.89652E+20   1.30178E+11   6.43461E+01   1.26502E-04   4.49429E-10
 4.74750E+01   2.90711E+20   1.30584E+11   6.45689E+01   1.26928E-04   4.49189E-10
 4.75250E+01   2.91784E+20   1.30997E+11   6.47944E+01   1.27359E-04   4.48951E-10
 4.75750E+01   2.92870E+20   1.31415E+11   6.50225E+01   1.27795E-04   4.48716E-10
 4.76250E+01   2.93970E+20   1.31840E+11   6.52534E+01   1.28236E-04   4.48483E-10
 4.76750E+01   2.95083E+20   1.32272E+11   6.54871E+01   1.28682E-04   4.48253E-10
 4.77250E+01   2.96209E+20   1.32709E+11   6.57235E+01   1.29133E-04   4.48025E-10
 4.77750E+01   2.97350E+20   1.33153E+11   6.59626E+01   1.29590E-04   4.47799E-10
 4.78250E+01   2.98504E+20   1.33603E+11   6.62046E+01   1.30052E-04   4.47576E-10
 4.78750E+01   2.99672E+20   1.34060E+11   6.64493E+01   1.30519E-04   4.47355E-10
 4.79250E+01   3.00854E+20   1.34523E+11   6.66969E+01   1.30991E-04   4.47137E-10
 4.79750E+01   3.02051E+20   1.34993E+11   6.69473E+01   1.31469E-04   4.46922E-10
 4.80250E+01   3.03261E+20   1.35470E+11   6.72006E+01   1.31952E-04   4.46710E-10
 4.80750E+01   3.04486E+20   1.35953E+11   6.74567E+01   1.32441E-04   4.46502E-10
 4.81250E+01   3.05725E+20   1.36444E+11   6.77157E+01   1.32934E-04   4.46296E-10
 4.81750E+01   3.06978E+20   1.36941E+11   6.79776E+01   1.33433E-04   4.46094E-10
 4.82250E+01   3.08246E+20   1.37445E+11   6.82424E+01   1.33938E-04   4.45895E-10
 4.82750E+01   3.09528E+20   1.37957E+11   6.85101E+01   1.34448E-04   4.45700E-10
 4.83250E+01   3.10825E+20   1.38476E+11   6.87807E+01   1.34963E-04   4.45510E-10
 4.83750E+01   3.12137E+20   1.39002E+11   6.90543E+01   1.35484E-04   4.45324E-10
 4.84250E+01   3.13463E+20   1.39535E+11   6.93308E+01   1.36011E-04   4.45142E-10
 4.84750E+01   3.14803E+20   1.40077E+11   6.96102E+01   1.36543E-04   4.44966E-10
 4.85250E+01   3.16158E+20   1.40625E+11   6.98924E+01   1.37080E-04   4.44794E-10
 4.85750E+01   3.17526E+20   1.41180E+11   7.01772E+01   1.37622E-04   4.44626E-10
 4.86250E+01   3.18906E+20   1.41744E+11   7.04645E+01   1.38168E-04   4.44471E-10
 4.86750E+01   3.20296E+20   1.42325E+11   7.07537E+01   1.38718E-04   4.44354E-10
 4.87250E+01   3.21689E+20   1.42902E+11   7.10435E+01   1.39269E-04   4.44225E-10
 4.87750E+01   3.23075E+20   1.43405E+11   7.13316E+01   1.39817E-04   4.43876E-10
 4.88250E+01   3.24430E+20   1.44015E+11   7.16132E+01   1.40352E-04   4.43902E-10
 4.88750E+01   3.25708E+20   1.45419E+11   7.18787E+01   1.40857E-04   4.46470E-10
 4.89250E+01   3.26816E+20   1.45892E+11   7.21087E+01   1.41293E-04   4.46406E-10
 4.89750E+01   3.27561E+20   1.46212E+11   7.22636E+01   1.41588E-04   4.46364E-10
