      xx/10.          rhoa          temp           vel      vel*rhoa
         [-]           [-]           [-]           [-]           [-]
 1.02500E+00   2.59596E+00   9.20836E-01   4.82057E-01   1.25140E+00
 1.07500E+00   2.59490E+00   9.21344E-01   4.82164E-01   1.25117E+00
 1.12500E+00   2.59307E+00   9.21921E-01   4.82460E-01   1.25105E+00
 1.17500E+00   2.59066E+00   9.22581E-01   4.82884E-01   1.25099E+00
 1.22500E+00   2.58779E+00   9.23330E-01   4.83400E-01   1.25094E+00
 1.27500E+00   2.58452E+00   9.24167E-01   4.83990E-01   1.25088E+00
 1.32500E+00   2.58093E+00   9.25084E-01   4.84645E-01   1.25083E+00
 1.37500E+00   2.57706E+00   9.26069E-01   4.85358E-01   1.25080E+00
 1.42500E+00   2.57296E+00   9.27109E-01   4.86127E-01   1.25079E+00
 1.47500E+00   2.56869E+00   9.28187E-01   4.86948E-01   1.25082E+00
 1.52500E+00   2.56428E+00   9.29287E-01   4.87818E-01   1.25090E+00
 1.57500E+00   2.55978E+00   9.30395E-01   4.88731E-01   1.25105E+00
 1.62500E+00   2.55525E+00   9.31498E-01   4.89682E-01   1.25126E+00
 1.67500E+00   2.55070E+00   9.32587E-01   4.90664E-01   1.25153E+00
 1.72500E+00   2.54615E+00   9.33656E-01   4.91671E-01   1.25187E+00
 1.77500E+00   2.54164E+00   9.34703E-01   4.92695E-01   1.25225E+00
 1.82500E+00   2.53714E+00   9.35729E-01   4.93730E-01   1.25266E+00
 1.87500E+00   2.53266E+00   9.36740E-01   4.94770E-01   1.25309E+00
 1.92500E+00   2.52818E+00   9.37745E-01   4.95807E-01   1.25349E+00
 1.97500E+00   2.52366E+00   9.38756E-01   4.96839E-01   1.25385E+00
 2.02500E+00   2.51907E+00   9.39788E-01   4.97859E-01   1.25414E+00
 2.07500E+00   2.51435E+00   9.40860E-01   4.98867E-01   1.25433E+00
 2.12500E+00   2.50945E+00   9.41992E-01   4.99859E-01   1.25437E+00
 2.17500E+00   2.50431E+00   9.43205E-01   5.00835E-01   1.25425E+00
 2.22500E+00   2.49886E+00   9.44521E-01   5.01795E-01   1.25392E+00
 2.27500E+00   2.49305E+00   9.45962E-01   5.02742E-01   1.25336E+00
 2.32500E+00   2.48680E+00   9.47550E-01   5.03676E-01   1.25254E+00
 2.37500E+00   2.48005E+00   9.49305E-01   5.04603E-01   1.25144E+00
 2.42500E+00   2.47276E+00   9.51244E-01   5.05523E-01   1.25004E+00
 2.47500E+00   2.46487E+00   9.53384E-01   5.06443E-01   1.24832E+00
 2.52500E+00   2.45635E+00   9.55736E-01   5.07367E-01   1.24627E+00
 2.57500E+00   2.44716E+00   9.58310E-01   5.08297E-01   1.24389E+00
 2.62500E+00   2.43731E+00   9.61110E-01   5.09239E-01   1.24117E+00
 2.67500E+00   2.42678E+00   9.64134E-01   5.10196E-01   1.23814E+00
 2.72500E+00   2.41560E+00   9.67378E-01   5.11171E-01   1.23478E+00
 2.77500E+00   2.40379E+00   9.70832E-01   5.12167E-01   1.23114E+00
 2.82500E+00   2.39141E+00   9.74479E-01   5.13183E-01   1.22723E+00
 2.87500E+00   2.37852E+00   9.78298E-01   5.14222E-01   1.22309E+00
 2.92500E+00   2.36520E+00   9.82263E-01   5.15280E-01   1.21874E+00
 2.97500E+00   2.35155E+00   9.86343E-01   5.16358E-01   1.21424E+00
 3.02500E+00   2.33768E+00   9.90501E-01   5.17451E-01   1.20963E+00
 3.07500E+00   2.32370E+00   9.94701E-01   5.18554E-01   1.20496E+00
 3.12500E+00   2.30975E+00   9.98900E-01   5.19662E-01   1.20029E+00
 3.17500E+00   2.29594E+00   1.00306E+00   5.20769E-01   1.19566E+00
 3.22500E+00   2.28241E+00   1.00713E+00   5.21867E-01   1.19111E+00
 3.27500E+00   2.26927E+00   1.01109E+00   5.22948E-01   1.18671E+00
 3.32500E+00   2.25663E+00   1.01488E+00   5.24005E-01   1.18249E+00
 3.37500E+00   2.24460E+00   1.01849E+00   5.25029E-01   1.17848E+00
 3.42500E+00   2.23324E+00   1.02189E+00   5.26014E-01   1.17471E+00
 3.47500E+00   2.22262E+00   1.02505E+00   5.26952E-01   1.17122E+00
 3.52500E+00   2.21279E+00   1.02797E+00   5.27840E-01   1.16800E+00
 3.57500E+00   2.20376E+00   1.03064E+00   5.28673E-01   1.16507E+00
 3.62500E+00   2.19555E+00   1.03305E+00   5.29449E-01   1.16243E+00
 3.67500E+00   2.18813E+00   1.03521E+00   5.30165E-01   1.16007E+00
 3.72500E+00   2.18150E+00   1.03714E+00   5.30822E-01   1.15799E+00
 3.77500E+00   2.17561E+00   1.03884E+00   5.31421E-01   1.15617E+00
 3.82500E+00   2.17042E+00   1.04033E+00   5.31964E-01   1.15459E+00
 3.87500E+00   2.16588E+00   1.04162E+00   5.32455E-01   1.15323E+00
 3.92500E+00   2.16194E+00   1.04273E+00   5.32896E-01   1.15209E+00
 3.97500E+00   2.15853E+00   1.04369E+00   5.33292E-01   1.15113E+00
 4.02500E+00   2.15561E+00   1.04450E+00   5.33647E-01   1.15034E+00
 4.07500E+00   2.15313E+00   1.04519E+00   5.33964E-01   1.14969E+00
 4.12500E+00   2.15102E+00   1.04577E+00   5.34249E-01   1.14918E+00
 4.17500E+00   2.14925E+00   1.04625E+00   5.34505E-01   1.14878E+00
 4.22500E+00   2.14777E+00   1.04666E+00   5.34735E-01   1.14849E+00
 4.27500E+00   2.14654E+00   1.04700E+00   5.34943E-01   1.14828E+00
 4.32500E+00   2.14553E+00   1.04727E+00   5.35132E-01   1.14814E+00
 4.37500E+00   2.14471E+00   1.04751E+00   5.35305E-01   1.14808E+00
 4.42500E+00   2.14406E+00   1.04770E+00   5.35463E-01   1.14806E+00
 4.47500E+00   2.14354E+00   1.04785E+00   5.35610E-01   1.14810E+00
 4.52500E+00   2.14315E+00   1.04798E+00   5.35747E-01   1.14819E+00
 4.57500E+00   2.14286E+00   1.04809E+00   5.35875E-01   1.14831E+00
 4.62500E+00   2.14266E+00   1.04818E+00   5.35997E-01   1.14846E+00
 4.67500E+00   2.14254E+00   1.04825E+00   5.36113E-01   1.14864E+00
 4.72500E+00   2.14249E+00   1.04831E+00   5.36224E-01   1.14886E+00
 4.77500E+00   2.14251E+00   1.04836E+00   5.36331E-01   1.14909E+00
 4.82500E+00   2.14258E+00   1.04840E+00   5.36434E-01   1.14935E+00
 4.87500E+00   2.14270E+00   1.04844E+00   5.36535E-01   1.14963E+00
 4.92500E+00   2.14287E+00   1.04847E+00   5.36633E-01   1.14993E+00
 4.97500E+00   2.14308E+00   1.04850E+00   5.36729E-01   1.15025E+00
 5.02500E+00   2.14333E+00   1.04852E+00   5.36823E-01   1.15059E+00
 5.07500E+00   2.14362E+00   1.04855E+00   5.36916E-01   1.15095E+00
 5.12500E+00   2.14395E+00   1.04857E+00   5.37008E-01   1.15132E+00
 5.17500E+00   2.14432E+00   1.04859E+00   5.37099E-01   1.15171E+00
 5.22500E+00   2.14472E+00   1.04860E+00   5.37189E-01   1.15212E+00
 5.27500E+00   2.14515E+00   1.04862E+00   5.37278E-01   1.15254E+00
 5.32500E+00   2.14561E+00   1.04864E+00   5.37367E-01   1.15298E+00
 5.37500E+00   2.14610E+00   1.04866E+00   5.37454E-01   1.15343E+00
 5.42500E+00   2.14662E+00   1.04868E+00   5.37542E-01   1.15390E+00
 5.47500E+00   2.14717E+00   1.04869E+00   5.37629E-01   1.15438E+00
 5.52500E+00   2.14775E+00   1.04871E+00   5.37716E-01   1.15488E+00
 5.57500E+00   2.14834E+00   1.04873E+00   5.37802E-01   1.15538E+00
 5.62500E+00   2.14896E+00   1.04874E+00   5.37888E-01   1.15590E+00
 5.67500E+00   2.14960E+00   1.04876E+00   5.37974E-01   1.15643E+00
 5.72500E+00   2.15026E+00   1.04878E+00   5.38060E-01   1.15697E+00
 5.77500E+00   2.15092E+00   1.04879E+00   5.38146E-01   1.15751E+00
 5.82500E+00   2.15160E+00   1.04881E+00   5.38232E-01   1.15806E+00
 5.87500E+00   2.15228E+00   1.04882E+00   5.38318E-01   1.15861E+00
 5.92500E+00   2.15297E+00   1.04884E+00   5.38404E-01   1.15917E+00
 5.97500E+00   2.15366E+00   1.04885E+00   5.38490E-01   1.15972E+00
 6.02500E+00   2.15434E+00   1.04886E+00   5.38576E-01   1.16027E+00
 6.07500E+00   2.15501E+00   1.04887E+00   5.38662E-01   1.16082E+00
 6.12500E+00   2.15566E+00   1.04889E+00   5.38748E-01   1.16136E+00
 6.17500E+00   2.15630E+00   1.04890E+00   5.38835E-01   1.16189E+00
 6.22500E+00   2.15692E+00   1.04890E+00   5.38922E-01   1.16241E+00
 6.27500E+00   2.15750E+00   1.04891E+00   5.39009E-01   1.16291E+00
 6.32500E+00   2.15806E+00   1.04892E+00   5.39097E-01   1.16340E+00
 6.37500E+00   2.15858E+00   1.04892E+00   5.39185E-01   1.16387E+00
 6.42500E+00   2.15906E+00   1.04892E+00   5.39273E-01   1.16432E+00
 6.47500E+00   2.15950E+00   1.04893E+00   5.39362E-01   1.16475E+00
 6.52500E+00   2.15989E+00   1.04893E+00   5.39452E-01   1.16516E+00
 6.57500E+00   2.16023E+00   1.04893E+00   5.39542E-01   1.16554E+00
 6.62500E+00   2.16053E+00   1.04893E+00   5.39632E-01   1.16589E+00
 6.67500E+00   2.16077E+00   1.04892E+00   5.39724E-01   1.16622E+00
 6.72500E+00   2.16096E+00   1.04892E+00   5.39816E-01   1.16652E+00
 6.77500E+00   2.16110E+00   1.04892E+00   5.39909E-01   1.16680E+00
 6.82500E+00   2.16119E+00   1.04891E+00   5.40002E-01   1.16704E+00
 6.87500E+00   2.16122E+00   1.04891E+00   5.40096E-01   1.16727E+00
 6.92500E+00   2.16121E+00   1.04890E+00   5.40191E-01   1.16747E+00
 6.97500E+00   2.16116E+00   1.04890E+00   5.40287E-01   1.16764E+00
 7.02500E+00   2.16106E+00   1.04889E+00   5.40384E-01   1.16780E+00
 7.07500E+00   2.16092E+00   1.04889E+00   5.40481E-01   1.16794E+00
 7.12500E+00   2.16075E+00   1.04888E+00   5.40580E-01   1.16806E+00
 7.17500E+00   2.16055E+00   1.04888E+00   5.40679E-01   1.16816E+00
 7.22500E+00   2.16032E+00   1.04887E+00   5.40780E-01   1.16826E+00
 7.27500E+00   2.16007E+00   1.04887E+00   5.40882E-01   1.16834E+00
 7.32500E+00   2.15981E+00   1.04886E+00   5.40985E-01   1.16842E+00
 7.37500E+00   2.15953E+00   1.04886E+00   5.41089E-01   1.16850E+00
 7.42500E+00   2.15925E+00   1.04886E+00   5.41194E-01   1.16858E+00
 7.47500E+00   2.15897E+00   1.04885E+00   5.41301E-01   1.16865E+00
 7.52500E+00   2.15869E+00   1.04885E+00   5.41408E-01   1.16874E+00
 7.57500E+00   2.15842E+00   1.04885E+00   5.41517E-01   1.16882E+00
 7.62500E+00   2.15817E+00   1.04885E+00   5.41628E-01   1.16892E+00
 7.67500E+00   2.15792E+00   1.04885E+00   5.41740E-01   1.16903E+00
 7.72500E+00   2.15770E+00   1.04885E+00   5.41853E-01   1.16916E+00
 7.77500E+00   2.15749E+00   1.04885E+00   5.41968E-01   1.16929E+00
 7.82500E+00   2.15731E+00   1.04886E+00   5.42085E-01   1.16945E+00
 7.87500E+00   2.15715E+00   1.04886E+00   5.42203E-01   1.16962E+00
 7.92500E+00   2.15703E+00   1.04886E+00   5.42323E-01   1.16981E+00
 7.97500E+00   2.15692E+00   1.04887E+00   5.42445E-01   1.17001E+00
 8.02500E+00   2.15685E+00   1.04888E+00   5.42569E-01   1.17024E+00
 8.07500E+00   2.15681E+00   1.04889E+00   5.42695E-01   1.17049E+00
 8.12500E+00   2.15679E+00   1.04890E+00   5.42823E-01   1.17076E+00
 8.17500E+00   2.15681E+00   1.04891E+00   5.42952E-01   1.17104E+00
 8.22500E+00   2.15685E+00   1.04893E+00   5.43083E-01   1.17135E+00
 8.27500E+00   2.15692E+00   1.04894E+00   5.43217E-01   1.17168E+00
 8.32500E+00   2.15702E+00   1.04896E+00   5.43352E-01   1.17202E+00
 8.37500E+00   2.15715E+00   1.04899E+00   5.43488E-01   1.17238E+00
 8.42500E+00   2.15729E+00   1.04902E+00   5.43626E-01   1.17276E+00
 8.47500E+00   2.15746E+00   1.04905E+00   5.43765E-01   1.17315E+00
 8.52500E+00   2.15765E+00   1.04909E+00   5.43906E-01   1.17356E+00
 8.57500E+00   2.15784E+00   1.04913E+00   5.44047E-01   1.17397E+00
 8.62500E+00   2.15805E+00   1.04918E+00   5.44189E-01   1.17439E+00
 8.67500E+00   2.15827E+00   1.04924E+00   5.44332E-01   1.17482E+00
 8.72500E+00   2.15850E+00   1.04931E+00   5.44477E-01   1.17526E+00
 8.77500E+00   2.15875E+00   1.04939E+00   5.44624E-01   1.17571E+00
 8.82500E+00   2.15901E+00   1.04948E+00   5.44774E-01   1.17617E+00
 8.87500E+00   2.15929E+00   1.04956E+00   5.44926E-01   1.17665E+00
 8.92500E+00   2.15959E+00   1.04966E+00   5.45081E-01   1.17715E+00
 8.97500E+00   2.15991E+00   1.04976E+00   5.45239E-01   1.17767E+00
 9.02500E+00   2.16026E+00   1.04986E+00   5.45399E-01   1.17820E+00
 9.07500E+00   2.16064E+00   1.04996E+00   5.45563E-01   1.17876E+00
 9.12500E+00   2.16104E+00   1.05007E+00   5.45731E-01   1.17934E+00
 9.17500E+00   2.16146E+00   1.05018E+00   5.45902E-01   1.17995E+00
 9.22500E+00   2.16191E+00   1.05029E+00   5.46077E-01   1.18057E+00
 9.27500E+00   2.16239E+00   1.05040E+00   5.46257E-01   1.18122E+00
 9.32500E+00   2.16290E+00   1.05051E+00   5.46440E-01   1.18189E+00
 9.37500E+00   2.16343E+00   1.05062E+00   5.46628E-01   1.18259E+00
 9.42500E+00   2.16398E+00   1.05073E+00   5.46821E-01   1.18331E+00
 9.47500E+00   2.16457E+00   1.05084E+00   5.47019E-01   1.18406E+00
 9.52500E+00   2.16517E+00   1.05095E+00   5.47222E-01   1.18483E+00
 9.57500E+00   2.16580E+00   1.05106E+00   5.47430E-01   1.18562E+00
 9.62500E+00   2.16645E+00   1.05116E+00   5.47644E-01   1.18644E+00
 9.67500E+00   2.16711E+00   1.05127E+00   5.47863E-01   1.18728E+00
 9.72500E+00   2.16780E+00   1.05138E+00   5.48088E-01   1.18815E+00
 9.77500E+00   2.16851E+00   1.05149E+00   5.48319E-01   1.18903E+00
 9.82500E+00   2.16923E+00   1.05159E+00   5.48555E-01   1.18994E+00
 9.87500E+00   2.16997E+00   1.05170E+00   5.48798E-01   1.19087E+00
 9.92500E+00   2.17072E+00   1.05180E+00   5.49047E-01   1.19182E+00
 9.97500E+00   2.17147E+00   1.05190E+00   5.49301E-01   1.19279E+00
 1.00250E+01   2.17224E+00   1.05201E+00   5.49562E-01   1.19378E+00
 1.00750E+01   2.17302E+00   1.05211E+00   5.49828E-01   1.19479E+00
 1.01250E+01   2.17380E+00   1.05221E+00   5.50101E-01   1.19581E+00
 1.01750E+01   2.17458E+00   1.05231E+00   5.50381E-01   1.19685E+00
 1.02250E+01   2.17537E+00   1.05241E+00   5.50666E-01   1.19790E+00
 1.02750E+01   2.17616E+00   1.05251E+00   5.50957E-01   1.19897E+00
 1.03250E+01   2.17694E+00   1.05261E+00   5.51253E-01   1.20005E+00
 1.03750E+01   2.17772E+00   1.05271E+00   5.51556E-01   1.20114E+00
 1.04250E+01   2.17850E+00   1.05281E+00   5.51863E-01   1.20223E+00
 1.04750E+01   2.17927E+00   1.05291E+00   5.52176E-01   1.20334E+00
 1.05250E+01   2.18003E+00   1.05300E+00   5.52493E-01   1.20445E+00
 1.05750E+01   2.18078E+00   1.05310E+00   5.52815E-01   1.20557E+00
 1.06250E+01   2.18151E+00   1.05320E+00   5.53142E-01   1.20669E+00
 1.06750E+01   2.18224E+00   1.05330E+00   5.53472E-01   1.20781E+00
 1.07250E+01   2.18295E+00   1.05339E+00   5.53806E-01   1.20893E+00
 1.07750E+01   2.18364E+00   1.05349E+00   5.54142E-01   1.21005E+00
 1.08250E+01   2.18432E+00   1.05359E+00   5.54481E-01   1.21116E+00
 1.08750E+01   2.18497E+00   1.05368E+00   5.54822E-01   1.21227E+00
 1.09250E+01   2.18561E+00   1.05378E+00   5.55164E-01   1.21337E+00
 1.09750E+01   2.18623E+00   1.05387E+00   5.55507E-01   1.21447E+00
 1.10250E+01   2.18683E+00   1.05397E+00   5.55850E-01   1.21555E+00
 1.10750E+01   2.18740E+00   1.05406E+00   5.56192E-01   1.21662E+00
 1.11250E+01   2.18796E+00   1.05415E+00   5.56532E-01   1.21767E+00
 1.11750E+01   2.18849E+00   1.05425E+00   5.56871E-01   1.21870E+00
 1.12250E+01   2.18899E+00   1.05434E+00   5.57206E-01   1.21972E+00
 1.12750E+01   2.18948E+00   1.05442E+00   5.57538E-01   1.22071E+00
 1.13250E+01   2.18993E+00   1.05451E+00   5.57864E-01   1.22169E+00
 1.13750E+01   2.19037E+00   1.05460E+00   5.58185E-01   1.22263E+00
 1.14250E+01   2.19077E+00   1.05468E+00   5.58499E-01   1.22354E+00
 1.14750E+01   2.19115E+00   1.05476E+00   5.58805E-01   1.22443E+00
 1.15250E+01   2.19151E+00   1.05484E+00   5.59103E-01   1.22528E+00
 1.15750E+01   2.19184E+00   1.05491E+00   5.59391E-01   1.22610E+00
 1.16250E+01   2.19214E+00   1.05499E+00   5.59669E-01   1.22687E+00
 1.16750E+01   2.19242E+00   1.05506E+00   5.59934E-01   1.22761E+00
 1.17250E+01   2.19266E+00   1.05512E+00   5.60187E-01   1.22830E+00
 1.17750E+01   2.19288E+00   1.05519E+00   5.60426E-01   1.22895E+00
 1.18250E+01   2.19308E+00   1.05525E+00   5.60650E-01   1.22955E+00
 1.18750E+01   2.19324E+00   1.05530E+00   5.60858E-01   1.23010E+00
 1.19250E+01   2.19338E+00   1.05535E+00   5.61050E-01   1.23059E+00
 1.19750E+01   2.19349E+00   1.05540E+00   5.61224E-01   1.23104E+00
 1.20250E+01   2.19356E+00   1.05544E+00   5.61379E-01   1.23142E+00
 1.20750E+01   2.19361E+00   1.05548E+00   5.61514E-01   1.23174E+00
 1.21250E+01   2.19363E+00   1.05551E+00   5.61629E-01   1.23201E+00
 1.21750E+01   2.19362E+00   1.05554E+00   5.61722E-01   1.23220E+00
 1.22250E+01   2.19358E+00   1.05556E+00   5.61794E-01   1.23234E+00
 1.22750E+01   2.19350E+00   1.05557E+00   5.61844E-01   1.23240E+00
 1.23250E+01   2.19340E+00   1.05558E+00   5.61870E-01   1.23240E+00
 1.23750E+01   2.19326E+00   1.05559E+00   5.61871E-01   1.23233E+00
 1.24250E+01   2.19309E+00   1.05558E+00   5.61849E-01   1.23219E+00
 1.24750E+01   2.19290E+00   1.05558E+00   5.61802E-01   1.23197E+00
 1.25250E+01   2.19266E+00   1.05556E+00   5.61729E-01   1.23168E+00
 1.25750E+01   2.19240E+00   1.05554E+00   5.61631E-01   1.23132E+00
 1.26250E+01   2.19211E+00   1.05551E+00   5.61508E-01   1.23088E+00
 1.26750E+01   2.19178E+00   1.05548E+00   5.61359E-01   1.23037E+00
 1.27250E+01   2.19142E+00   1.05544E+00   5.61185E-01   1.22979E+00
 1.27750E+01   2.19103E+00   1.05540E+00   5.60986E-01   1.22914E+00
 1.28250E+01   2.19061E+00   1.05534E+00   5.60762E-01   1.22841E+00
 1.28750E+01   2.19016E+00   1.05529E+00   5.60513E-01   1.22761E+00
 1.29250E+01   2.18968E+00   1.05522E+00   5.60241E-01   1.22675E+00
 1.29750E+01   2.18917E+00   1.05515E+00   5.59945E-01   1.22582E+00
 1.30250E+01   2.18864E+00   1.05508E+00   5.59626E-01   1.22482E+00
 1.30750E+01   2.18807E+00   1.05500E+00   5.59285E-01   1.22376E+00
 1.31250E+01   2.18748E+00   1.05491E+00   5.58923E-01   1.22264E+00
 1.31750E+01   2.18687E+00   1.05482E+00   5.58541E-01   1.22146E+00
 1.32250E+01   2.18623E+00   1.05472E+00   5.58139E-01   1.22022E+00
 1.32750E+01   2.18557E+00   1.05462E+00   5.57719E-01   1.21893E+00
 1.33250E+01   2.18489E+00   1.05452E+00   5.57282E-01   1.21760E+00
 1.33750E+01   2.18419E+00   1.05441E+00   5.56830E-01   1.21622E+00
 1.34250E+01   2.18347E+00   1.05429E+00   5.56362E-01   1.21480E+00
 1.34750E+01   2.18273E+00   1.05418E+00   5.55881E-01   1.21334E+00
 1.35250E+01   2.18198E+00   1.05406E+00   5.55388E-01   1.21184E+00
 1.35750E+01   2.18121E+00   1.05394E+00   5.54884E-01   1.21032E+00
 1.36250E+01   2.18043E+00   1.05381E+00   5.54371E-01   1.20877E+00
 1.36750E+01   2.17964E+00   1.05369E+00   5.53851E-01   1.20720E+00
 1.37250E+01   2.17885E+00   1.05356E+00   5.53323E-01   1.20561E+00
 1.37750E+01   2.17804E+00   1.05343E+00   5.52791E-01   1.20400E+00
 1.38250E+01   2.17723E+00   1.05330E+00   5.52254E-01   1.20238E+00
 1.38750E+01   2.17641E+00   1.05317E+00   5.51715E-01   1.20076E+00
 1.39250E+01   2.17559E+00   1.05304E+00   5.51175E-01   1.19913E+00
 1.39750E+01   2.17477E+00   1.05291E+00   5.50636E-01   1.19751E+00
 1.40250E+01   2.17395E+00   1.05278E+00   5.50098E-01   1.19589E+00
 1.40750E+01   2.17313E+00   1.05265E+00   5.49562E-01   1.19427E+00
 1.41250E+01   2.17232E+00   1.05252E+00   5.49030E-01   1.19267E+00
 1.41750E+01   2.17150E+00   1.05239E+00   5.48503E-01   1.19108E+00
 1.42250E+01   2.17070E+00   1.05227E+00   5.47982E-01   1.18950E+00
 1.42750E+01   2.16989E+00   1.05214E+00   5.47468E-01   1.18795E+00
 1.43250E+01   2.16910E+00   1.05202E+00   5.46961E-01   1.18641E+00
 1.43750E+01   2.16831E+00   1.05190E+00   5.46463E-01   1.18490E+00
 1.44250E+01   2.16753E+00   1.05178E+00   5.45974E-01   1.18341E+00
 1.44750E+01   2.16676E+00   1.05166E+00   5.45496E-01   1.18196E+00
 1.45250E+01   2.16600E+00   1.05155E+00   5.45028E-01   1.18053E+00
 1.45750E+01   2.16525E+00   1.05144E+00   5.44571E-01   1.17913E+00
 1.46250E+01   2.16451E+00   1.05133E+00   5.44125E-01   1.17776E+00
 1.46750E+01   2.16378E+00   1.05123E+00   5.43692E-01   1.17643E+00
 1.47250E+01   2.16306E+00   1.05113E+00   5.43271E-01   1.17513E+00
 1.47750E+01   2.16236E+00   1.05103E+00   5.42863E-01   1.17387E+00
 1.48250E+01   2.16167E+00   1.05093E+00   5.42469E-01   1.17264E+00
 1.48750E+01   2.16099E+00   1.05084E+00   5.42087E-01   1.17145E+00
 1.49250E+01   2.16033E+00   1.05075E+00   5.41719E-01   1.17029E+00
 1.49750E+01   2.15968E+00   1.05067E+00   5.41364E-01   1.16917E+00
 1.50250E+01   2.15905E+00   1.05059E+00   5.41024E-01   1.16810E+00
 1.50750E+01   2.15843E+00   1.05051E+00   5.40697E-01   1.16706E+00
 1.51250E+01   2.15782E+00   1.05043E+00   5.40384E-01   1.16605E+00
 1.51750E+01   2.15723E+00   1.05036E+00   5.40084E-01   1.16509E+00
 1.52250E+01   2.15666E+00   1.05029E+00   5.39799E-01   1.16416E+00
 1.52750E+01   2.15610E+00   1.05023E+00   5.39526E-01   1.16327E+00
 1.53250E+01   2.15556E+00   1.05017E+00   5.39267E-01   1.16242E+00
 1.53750E+01   2.15503E+00   1.05011E+00   5.39021E-01   1.16161E+00
 1.54250E+01   2.15452E+00   1.05005E+00   5.38788E-01   1.16083E+00
 1.54750E+01   2.15403E+00   1.05000E+00   5.38567E-01   1.16009E+00
 1.55250E+01   2.15356E+00   1.04995E+00   5.38359E-01   1.15939E+00
 1.55750E+01   2.15310E+00   1.04990E+00   5.38162E-01   1.15871E+00
 1.56250E+01   2.15265E+00   1.04986E+00   5.37978E-01   1.15808E+00
 1.56750E+01   2.15223E+00   1.04982E+00   5.37805E-01   1.15748E+00
 1.57250E+01   2.15182E+00   1.04978E+00   5.37643E-01   1.15691E+00
 1.57750E+01   2.15143E+00   1.04974E+00   5.37492E-01   1.15638E+00
 1.58250E+01   2.15106E+00   1.04971E+00   5.37351E-01   1.15587E+00
 1.58750E+01   2.15071E+00   1.04967E+00   5.37221E-01   1.15540E+00
 1.59250E+01   2.15037E+00   1.04965E+00   5.37101E-01   1.15497E+00
 1.59750E+01   2.15005E+00   1.04962E+00   5.36990E-01   1.15456E+00
 1.60250E+01   2.14975E+00   1.04959E+00   5.36888E-01   1.15418E+00
 1.60750E+01   2.14947E+00   1.04957E+00   5.36796E-01   1.15383E+00
 1.61250E+01   2.14921E+00   1.04955E+00   5.36711E-01   1.15351E+00
 1.61750E+01   2.14897E+00   1.04953E+00   5.36635E-01   1.15321E+00
 1.62250E+01   2.14874E+00   1.04952E+00   5.36567E-01   1.15294E+00
 1.62750E+01   2.14854E+00   1.04950E+00   5.36506E-01   1.15270E+00
 1.63250E+01   2.14835E+00   1.04949E+00   5.36452E-01   1.15249E+00
 1.63750E+01   2.14818E+00   1.04948E+00   5.36406E-01   1.15230E+00
 1.64250E+01   2.14803E+00   1.04947E+00   5.36365E-01   1.15213E+00
 1.64750E+01   2.14789E+00   1.04946E+00   5.36331E-01   1.15198E+00
 1.65250E+01   2.14778E+00   1.04945E+00   5.36304E-01   1.15186E+00
 1.65750E+01   2.14768E+00   1.04945E+00   5.36281E-01   1.15176E+00
 1.66250E+01   2.14760E+00   1.04944E+00   5.36264E-01   1.15168E+00
 1.66750E+01   2.14754E+00   1.04944E+00   5.36252E-01   1.15162E+00
 1.67250E+01   2.14749E+00   1.04944E+00   5.36244E-01   1.15158E+00
 1.67750E+01   2.14747E+00   1.04944E+00   5.36241E-01   1.15156E+00
 1.68250E+01   2.14745E+00   1.04944E+00   5.36242E-01   1.15156E+00
 1.68750E+01   2.14746E+00   1.04944E+00   5.36248E-01   1.15157E+00
 1.69250E+01   2.14748E+00   1.04944E+00   5.36257E-01   1.15160E+00
 1.69750E+01   2.14751E+00   1.04945E+00   5.36270E-01   1.15165E+00
 1.70250E+01   2.14756E+00   1.04945E+00   5.36286E-01   1.15171E+00
 1.70750E+01   2.14763E+00   1.04946E+00   5.36306E-01   1.15178E+00
 1.71250E+01   2.14770E+00   1.04946E+00   5.36329E-01   1.15187E+00
 1.71750E+01   2.14779E+00   1.04947E+00   5.36355E-01   1.15198E+00
 1.72250E+01   2.14789E+00   1.04948E+00   5.36383E-01   1.15209E+00
 1.72750E+01   2.14800E+00   1.04949E+00   5.36414E-01   1.15222E+00
 1.73250E+01   2.14813E+00   1.04949E+00   5.36446E-01   1.15236E+00
 1.73750E+01   2.14826E+00   1.04950E+00   5.36481E-01   1.15250E+00
 1.74250E+01   2.14841E+00   1.04952E+00   5.36519E-01   1.15266E+00
 1.74750E+01   2.14856E+00   1.04953E+00   5.36558E-01   1.15283E+00
 1.75250E+01   2.14872E+00   1.04954E+00   5.36599E-01   1.15300E+00
 1.75750E+01   2.14889E+00   1.04955E+00   5.36642E-01   1.15319E+00
 1.76250E+01   2.14907E+00   1.04956E+00   5.36686E-01   1.15338E+00
 1.76750E+01   2.14925E+00   1.04958E+00   5.36732E-01   1.15357E+00
 1.77250E+01   2.14944E+00   1.04959E+00   5.36779E-01   1.15378E+00
 1.77750E+01   2.14964E+00   1.04961E+00   5.36828E-01   1.15399E+00
 1.78250E+01   2.14983E+00   1.04962E+00   5.36878E-01   1.15420E+00
 1.78750E+01   2.15004E+00   1.04964E+00   5.36930E-01   1.15442E+00
 1.79250E+01   2.15024E+00   1.04965E+00   5.36982E-01   1.15464E+00
 1.79750E+01   2.15045E+00   1.04967E+00   5.37036E-01   1.15487E+00
 1.80250E+01   2.15066E+00   1.04968E+00   5.37091E-01   1.15510E+00
 1.80750E+01   2.15087E+00   1.04970E+00   5.37146E-01   1.15533E+00
 1.81250E+01   2.15108E+00   1.04972E+00   5.37203E-01   1.15556E+00
 1.81750E+01   2.15129E+00   1.04974E+00   5.37261E-01   1.15580E+00
 1.82250E+01   2.15149E+00   1.04975E+00   5.37320E-01   1.15604E+00
 1.82750E+01   2.15170E+00   1.04977E+00   5.37380E-01   1.15628E+00
 1.83250E+01   2.15191E+00   1.04979E+00   5.37441E-01   1.15652E+00
 1.83750E+01   2.15211E+00   1.04981E+00   5.37502E-01   1.15676E+00
 1.84250E+01   2.15231E+00   1.04983E+00   5.37564E-01   1.15701E+00
 1.84750E+01   2.15251E+00   1.04985E+00   5.37627E-01   1.15725E+00
 1.85250E+01   2.15270E+00   1.04987E+00   5.37691E-01   1.15749E+00
 1.85750E+01   2.15290E+00   1.04989E+00   5.37756E-01   1.15773E+00
 1.86250E+01   2.15308E+00   1.04991E+00   5.37822E-01   1.15797E+00
 1.86750E+01   2.15326E+00   1.04993E+00   5.37889E-01   1.15822E+00
 1.87250E+01   2.15344E+00   1.04995E+00   5.37956E-01   1.15846E+00
 1.87750E+01   2.15362E+00   1.04997E+00   5.38024E-01   1.15870E+00
 1.88250E+01   2.15378E+00   1.04999E+00   5.38094E-01   1.15894E+00
 1.88750E+01   2.15395E+00   1.05002E+00   5.38163E-01   1.15917E+00
 1.89250E+01   2.15410E+00   1.05004E+00   5.38234E-01   1.15941E+00
 1.89750E+01   2.15426E+00   1.05006E+00   5.38305E-01   1.15965E+00
 1.90250E+01   2.15441E+00   1.05008E+00   5.38377E-01   1.15988E+00
 1.90750E+01   2.15455E+00   1.05011E+00   5.38450E-01   1.16012E+00
 1.91250E+01   2.15469E+00   1.05013E+00   5.38524E-01   1.16035E+00
 1.91750E+01   2.15482E+00   1.05015E+00   5.38598E-01   1.16058E+00
 1.92250E+01   2.15495E+00   1.05018E+00   5.38674E-01   1.16081E+00
 1.92750E+01   2.15507E+00   1.05020E+00   5.38751E-01   1.16105E+00
 1.93250E+01   2.15519E+00   1.05022E+00   5.38828E-01   1.16128E+00
 1.93750E+01   2.15531E+00   1.05025E+00   5.38907E-01   1.16151E+00
 1.94250E+01   2.15542E+00   1.05027E+00   5.38986E-01   1.16174E+00
 1.94750E+01   2.15553E+00   1.05030E+00   5.39067E-01   1.16198E+00
 1.95250E+01   2.15564E+00   1.05032E+00   5.39148E-01   1.16221E+00
 1.95750E+01   2.15575E+00   1.05035E+00   5.39231E-01   1.16245E+00
 1.96250E+01   2.15585E+00   1.05037E+00   5.39314E-01   1.16268E+00
 1.96750E+01   2.15595E+00   1.05040E+00   5.39399E-01   1.16292E+00
 1.97250E+01   2.15605E+00   1.05042E+00   5.39485E-01   1.16316E+00
 1.97750E+01   2.15615E+00   1.05045E+00   5.39572E-01   1.16340E+00
 1.98250E+01   2.15625E+00   1.05048E+00   5.39660E-01   1.16364E+00
 1.98750E+01   2.15635E+00   1.05050E+00   5.39749E-01   1.16389E+00
 1.99250E+01   2.15646E+00   1.05053E+00   5.39840E-01   1.16414E+00
 1.99750E+01   2.15656E+00   1.05056E+00   5.39932E-01   1.16440E+00
 2.00250E+01   2.15666E+00   1.05059E+00   5.40026E-01   1.16465E+00
 2.00750E+01   2.15677E+00   1.05061E+00   5.40121E-01   1.16492E+00
 2.01250E+01   2.15688E+00   1.05064E+00   5.40218E-01   1.16518E+00
 2.01750E+01   2.15699E+00   1.05067E+00   5.40315E-01   1.16546E+00
 2.02250E+01   2.15711E+00   1.05070E+00   5.40415E-01   1.16573E+00
 2.02750E+01   2.15723E+00   1.05073E+00   5.40516E-01   1.16602E+00
 2.03250E+01   2.15736E+00   1.05076E+00   5.40618E-01   1.16631E+00
 2.03750E+01   2.15749E+00   1.05079E+00   5.40722E-01   1.16660E+00
 2.04250E+01   2.15763E+00   1.05082E+00   5.40828E-01   1.16691E+00
 2.04750E+01   2.15778E+00   1.05085E+00   5.40937E-01   1.16722E+00
 2.05250E+01   2.15793E+00   1.05088E+00   5.41047E-01   1.16754E+00
 2.05750E+01   2.15809E+00   1.05091E+00   5.41159E-01   1.16787E+00
 2.06250E+01   2.15825E+00   1.05095E+00   5.41273E-01   1.16820E+00
 2.06750E+01   2.15843E+00   1.05098E+00   5.41389E-01   1.16855E+00
 2.07250E+01   2.15861E+00   1.05101E+00   5.41507E-01   1.16890E+00
 2.07750E+01   2.15880E+00   1.05104E+00   5.41627E-01   1.16926E+00
 2.08250E+01   2.15900E+00   1.05108E+00   5.41749E-01   1.16964E+00
 2.08750E+01   2.15921E+00   1.05111E+00   5.41874E-01   1.17002E+00
 2.09250E+01   2.15943E+00   1.05115E+00   5.42001E-01   1.17041E+00
 2.09750E+01   2.15966E+00   1.05118E+00   5.42131E-01   1.17082E+00
 2.10250E+01   2.15989E+00   1.05122E+00   5.42263E-01   1.17123E+00
 2.10750E+01   2.16014E+00   1.05126E+00   5.42398E-01   1.17166E+00
 2.11250E+01   2.16040E+00   1.05129E+00   5.42535E-01   1.17209E+00
 2.11750E+01   2.16067E+00   1.05133E+00   5.42675E-01   1.17254E+00
 2.12250E+01   2.16094E+00   1.05137E+00   5.42818E-01   1.17300E+00
 2.12750E+01   2.16123E+00   1.05141E+00   5.42964E-01   1.17347E+00
 2.13250E+01   2.16153E+00   1.05145E+00   5.43112E-01   1.17395E+00
 2.13750E+01   2.16183E+00   1.05149E+00   5.43263E-01   1.17444E+00
 2.14250E+01   2.16215E+00   1.05153E+00   5.43418E-01   1.17495E+00
 2.14750E+01   2.16247E+00   1.05157E+00   5.43575E-01   1.17547E+00
 2.15250E+01   2.16281E+00   1.05162E+00   5.43735E-01   1.17600E+00
 2.15750E+01   2.16316E+00   1.05166E+00   5.43899E-01   1.17654E+00
 2.16250E+01   2.16351E+00   1.05170E+00   5.44066E-01   1.17709E+00
 2.16750E+01   2.16388E+00   1.05175E+00   5.44236E-01   1.17766E+00
 2.17250E+01   2.16425E+00   1.05179E+00   5.44409E-01   1.17824E+00
 2.17750E+01   2.16463E+00   1.05184E+00   5.44586E-01   1.17883E+00
 2.18250E+01   2.16502E+00   1.05189E+00   5.44766E-01   1.17943E+00
 2.18750E+01   2.16542E+00   1.05194E+00   5.44949E-01   1.18005E+00
 2.19250E+01   2.16583E+00   1.05199E+00   5.45136E-01   1.18067E+00
 2.19750E+01   2.16624E+00   1.05204E+00   5.45326E-01   1.18131E+00
 2.20250E+01   2.16667E+00   1.05209E+00   5.45519E-01   1.18196E+00
 2.20750E+01   2.16710E+00   1.05214E+00   5.45716E-01   1.18262E+00
 2.21250E+01   2.16753E+00   1.05219E+00   5.45916E-01   1.18329E+00
 2.21750E+01   2.16798E+00   1.05224E+00   5.46119E-01   1.18397E+00
 2.22250E+01   2.16842E+00   1.05230E+00   5.46326E-01   1.18467E+00
 2.22750E+01   2.16888E+00   1.05235E+00   5.46536E-01   1.18537E+00
 2.23250E+01   2.16934E+00   1.05241E+00   5.46749E-01   1.18608E+00
 2.23750E+01   2.16980E+00   1.05247E+00   5.46966E-01   1.18681E+00
 2.24250E+01   2.17027E+00   1.05252E+00   5.47186E-01   1.18754E+00
 2.24750E+01   2.17074E+00   1.05258E+00   5.47409E-01   1.18829E+00
 2.25250E+01   2.17122E+00   1.05264E+00   5.47636E-01   1.18904E+00
 2.25750E+01   2.17170E+00   1.05270E+00   5.47865E-01   1.18980E+00
 2.26250E+01   2.17218E+00   1.05276E+00   5.48096E-01   1.19056E+00
 2.26750E+01   2.17267E+00   1.05282E+00   5.48331E-01   1.19134E+00
 2.27250E+01   2.17315E+00   1.05289E+00   5.48568E-01   1.19212E+00
 2.27750E+01   2.17364E+00   1.05295E+00   5.48808E-01   1.19291E+00
 2.28250E+01   2.17413E+00   1.05301E+00   5.49051E-01   1.19371E+00
 2.28750E+01   2.17462E+00   1.05308E+00   5.49295E-01   1.19451E+00
 2.29250E+01   2.17511E+00   1.05314E+00   5.49541E-01   1.19531E+00
 2.29750E+01   2.17560E+00   1.05321E+00   5.49789E-01   1.19612E+00
 2.30250E+01   2.17609E+00   1.05327E+00   5.50039E-01   1.19693E+00
 2.30750E+01   2.17658E+00   1.05334E+00   5.50290E-01   1.19775E+00
 2.31250E+01   2.17706E+00   1.05341E+00   5.50543E-01   1.19857E+00
 2.31750E+01   2.17755E+00   1.05347E+00   5.50796E-01   1.19938E+00
 2.32250E+01   2.17803E+00   1.05354E+00   5.51050E-01   1.20020E+00
 2.32750E+01   2.17851E+00   1.05361E+00   5.51305E-01   1.20102E+00
 2.33250E+01   2.17898E+00   1.05368E+00   5.51559E-01   1.20184E+00
 2.33750E+01   2.17945E+00   1.05375E+00   5.51813E-01   1.20265E+00
 2.34250E+01   2.17992E+00   1.05381E+00   5.52067E-01   1.20346E+00
 2.34750E+01   2.18038E+00   1.05388E+00   5.52320E-01   1.20427E+00
 2.35250E+01   2.18083E+00   1.05395E+00   5.52572E-01   1.20507E+00
 2.35750E+01   2.18128E+00   1.05402E+00   5.52822E-01   1.20586E+00
 2.36250E+01   2.18173E+00   1.05408E+00   5.53070E-01   1.20665E+00
 2.36750E+01   2.18216E+00   1.05415E+00   5.53317E-01   1.20743E+00
 2.37250E+01   2.18259E+00   1.05421E+00   5.53560E-01   1.20820E+00
 2.37750E+01   2.18301E+00   1.05428E+00   5.53801E-01   1.20895E+00
 2.38250E+01   2.18342E+00   1.05434E+00   5.54038E-01   1.20970E+00
 2.38750E+01   2.18383E+00   1.05441E+00   5.54272E-01   1.21043E+00
 2.39250E+01   2.18422E+00   1.05447E+00   5.54501E-01   1.21115E+00
 2.39750E+01   2.18460E+00   1.05453E+00   5.54725E-01   1.21185E+00
 2.40250E+01   2.18497E+00   1.05459E+00   5.54944E-01   1.21253E+00
 2.40750E+01   2.18533E+00   1.05465E+00   5.55157E-01   1.21320E+00
 2.41250E+01   2.18567E+00   1.05471E+00   5.55365E-01   1.21384E+00
 2.41750E+01   2.18600E+00   1.05477E+00   5.55565E-01   1.21447E+00
 2.42250E+01   2.18632E+00   1.05482E+00   5.55759E-01   1.21507E+00
 2.42750E+01   2.18663E+00   1.05487E+00   5.55946E-01   1.21565E+00
 2.43250E+01   2.18692E+00   1.05492E+00   5.56124E-01   1.21620E+00
 2.43750E+01   2.18719E+00   1.05497E+00   5.56294E-01   1.21672E+00
 2.44250E+01   2.18745E+00   1.05502E+00   5.56455E-01   1.21722E+00
 2.44750E+01   2.18769E+00   1.05506E+00   5.56606E-01   1.21768E+00
 2.45250E+01   2.18791E+00   1.05510E+00   5.56748E-01   1.21812E+00
 2.45750E+01   2.18812E+00   1.05514E+00   5.56879E-01   1.21852E+00
 2.46250E+01   2.18831E+00   1.05518E+00   5.57001E-01   1.21889E+00
 2.46750E+01   2.18848E+00   1.05521E+00   5.57111E-01   1.21922E+00
 2.47250E+01   2.18862E+00   1.05524E+00   5.57209E-01   1.21952E+00
 2.47750E+01   2.18875E+00   1.05527E+00   5.57296E-01   1.21978E+00
 2.48250E+01   2.18886E+00   1.05530E+00   5.57370E-01   1.22000E+00
 2.48750E+01   2.18894E+00   1.05532E+00   5.57432E-01   1.22019E+00
 2.49250E+01   2.18901E+00   1.05534E+00   5.57480E-01   1.22033E+00
 2.49750E+01   2.18905E+00   1.05535E+00   5.57516E-01   1.22043E+00
 2.50250E+01   2.18906E+00   1.05536E+00   5.57538E-01   1.22048E+00
 2.50750E+01   2.18906E+00   1.05537E+00   5.57545E-01   1.22050E+00
 2.51250E+01   2.18902E+00   1.05537E+00   5.57539E-01   1.22047E+00
 2.51750E+01   2.18897E+00   1.05537E+00   5.57518E-01   1.22039E+00
 2.52250E+01   2.18889E+00   1.05537E+00   5.57483E-01   1.22027E+00
 2.52750E+01   2.18878E+00   1.05536E+00   5.57432E-01   1.22010E+00
 2.53250E+01   2.18864E+00   1.05535E+00   5.57367E-01   1.21988E+00
 2.53750E+01   2.18849E+00   1.05534E+00   5.57287E-01   1.21961E+00
 2.54250E+01   2.18830E+00   1.05532E+00   5.57192E-01   1.21930E+00
 2.54750E+01   2.18809E+00   1.05530E+00   5.57081E-01   1.21894E+00
 2.55250E+01   2.18785E+00   1.05527E+00   5.56956E-01   1.21854E+00
 2.55750E+01   2.18759E+00   1.05524E+00   5.56815E-01   1.21808E+00
 2.56250E+01   2.18730E+00   1.05521E+00   5.56659E-01   1.21758E+00
 2.56750E+01   2.18699E+00   1.05517E+00   5.56489E-01   1.21704E+00
 2.57250E+01   2.18665E+00   1.05512E+00   5.56304E-01   1.21644E+00
 2.57750E+01   2.18629E+00   1.05508E+00   5.56104E-01   1.21580E+00
 2.58250E+01   2.18590E+00   1.05503E+00   5.55891E-01   1.21512E+00
 2.58750E+01   2.18549E+00   1.05497E+00   5.55663E-01   1.21439E+00
 2.59250E+01   2.18505E+00   1.05492E+00   5.55422E-01   1.21363E+00
 2.59750E+01   2.18459E+00   1.05486E+00   5.55168E-01   1.21282E+00
 2.60250E+01   2.18411E+00   1.05479E+00   5.54901E-01   1.21197E+00
 2.60750E+01   2.18361E+00   1.05473E+00   5.54622E-01   1.21108E+00
 2.61250E+01   2.18308E+00   1.05465E+00   5.54332E-01   1.21015E+00
 2.61750E+01   2.18254E+00   1.05458E+00   5.54030E-01   1.20919E+00
 2.62250E+01   2.18197E+00   1.05450E+00   5.53717E-01   1.20820E+00
 2.62750E+01   2.18139E+00   1.05442E+00   5.53394E-01   1.20717E+00
 2.63250E+01   2.18079E+00   1.05434E+00   5.53062E-01   1.20611E+00
 2.63750E+01   2.18018E+00   1.05426E+00   5.52721E-01   1.20503E+00
 2.64250E+01   2.17955E+00   1.05417E+00   5.52372E-01   1.20392E+00
 2.64750E+01   2.17891E+00   1.05408E+00   5.52016E-01   1.20279E+00
 2.65250E+01   2.17825E+00   1.05399E+00   5.51652E-01   1.20164E+00
 2.65750E+01   2.17759E+00   1.05390E+00   5.51283E-01   1.20047E+00
 2.66250E+01   2.17691E+00   1.05380E+00   5.50909E-01   1.19928E+00
 2.66750E+01   2.17622E+00   1.05370E+00   5.50529E-01   1.19807E+00
 2.67250E+01   2.17553E+00   1.05361E+00   5.50146E-01   1.19686E+00
 2.67750E+01   2.17483E+00   1.05351E+00   5.49760E-01   1.19563E+00
 2.68250E+01   2.17412E+00   1.05341E+00   5.49371E-01   1.19440E+00
 2.68750E+01   2.17341E+00   1.05331E+00   5.48980E-01   1.19316E+00
 2.69250E+01   2.17270E+00   1.05321E+00   5.48588E-01   1.19191E+00
 2.69750E+01   2.17198E+00   1.05311E+00   5.48195E-01   1.19067E+00
 2.70250E+01   2.17126E+00   1.05301E+00   5.47803E-01   1.18943E+00
 2.70750E+01   2.17055E+00   1.05291E+00   5.47412E-01   1.18818E+00
 2.71250E+01   2.16983E+00   1.05281E+00   5.47023E-01   1.18695E+00
 2.71750E+01   2.16912E+00   1.05271E+00   5.46636E-01   1.18572E+00
 2.72250E+01   2.16842E+00   1.05261E+00   5.46251E-01   1.18450E+00
 2.72750E+01   2.16771E+00   1.05251E+00   5.45871E-01   1.18329E+00
 2.73250E+01   2.16702E+00   1.05241E+00   5.45494E-01   1.18210E+00
 2.73750E+01   2.16633E+00   1.05232E+00   5.45122E-01   1.18092E+00
 2.74250E+01   2.16565E+00   1.05222E+00   5.44756E-01   1.17975E+00
 2.74750E+01   2.16498E+00   1.05213E+00   5.44395E-01   1.17861E+00
 2.75250E+01   2.16432E+00   1.05204E+00   5.44041E-01   1.17748E+00
 2.75750E+01   2.16368E+00   1.05195E+00   5.43693E-01   1.17638E+00
 2.76250E+01   2.16304E+00   1.05186E+00   5.43352E-01   1.17529E+00
 2.76750E+01   2.16242E+00   1.05177E+00   5.43019E-01   1.17423E+00
 2.77250E+01   2.16181E+00   1.05169E+00   5.42693E-01   1.17320E+00
 2.77750E+01   2.16121E+00   1.05160E+00   5.42376E-01   1.17219E+00
 2.78250E+01   2.16063E+00   1.05152E+00   5.42066E-01   1.17120E+00
 2.78750E+01   2.16006E+00   1.05144E+00   5.41765E-01   1.17025E+00
 2.79250E+01   2.15951E+00   1.05137E+00   5.41473E-01   1.16932E+00
 2.79750E+01   2.15898E+00   1.05129E+00   5.41189E-01   1.16842E+00
 2.80250E+01   2.15846E+00   1.05122E+00   5.40915E-01   1.16754E+00
 2.80750E+01   2.15796E+00   1.05115E+00   5.40649E-01   1.16670E+00
 2.81250E+01   2.15747E+00   1.05108E+00   5.40393E-01   1.16588E+00
 2.81750E+01   2.15701E+00   1.05102E+00   5.40146E-01   1.16510E+00
 2.82250E+01   2.15656E+00   1.05096E+00   5.39909E-01   1.16434E+00
 2.82750E+01   2.15612E+00   1.05090E+00   5.39680E-01   1.16362E+00
 2.83250E+01   2.15571E+00   1.05084E+00   5.39461E-01   1.16292E+00
 2.83750E+01   2.15531E+00   1.05079E+00   5.39251E-01   1.16225E+00
 2.84250E+01   2.15493E+00   1.05073E+00   5.39050E-01   1.16161E+00
 2.84750E+01   2.15456E+00   1.05068E+00   5.38859E-01   1.16100E+00
 2.85250E+01   2.15421E+00   1.05064E+00   5.38676E-01   1.16042E+00
 2.85750E+01   2.15388E+00   1.05059E+00   5.38501E-01   1.15987E+00
 2.86250E+01   2.15357E+00   1.05055E+00   5.38336E-01   1.15934E+00
 2.86750E+01   2.15328E+00   1.05051E+00   5.38179E-01   1.15885E+00
 2.87250E+01   2.15300E+00   1.05047E+00   5.38030E-01   1.15838E+00
 2.87750E+01   2.15274E+00   1.05043E+00   5.37890E-01   1.15794E+00
 2.88250E+01   2.15249E+00   1.05040E+00   5.37758E-01   1.15752E+00
 2.88750E+01   2.15226E+00   1.05037E+00   5.37635E-01   1.15713E+00
 2.89250E+01   2.15205E+00   1.05034E+00   5.37519E-01   1.15676E+00
 2.89750E+01   2.15185E+00   1.05031E+00   5.37410E-01   1.15642E+00
 2.90250E+01   2.15166E+00   1.05028E+00   5.37309E-01   1.15611E+00
 2.90750E+01   2.15149E+00   1.05026E+00   5.37215E-01   1.15581E+00
 2.91250E+01   2.15134E+00   1.05024E+00   5.37129E-01   1.15554E+00
 2.91750E+01   2.15119E+00   1.05022E+00   5.37048E-01   1.15530E+00
 2.92250E+01   2.15107E+00   1.05020E+00   5.36975E-01   1.15507E+00
 2.92750E+01   2.15095E+00   1.05018E+00   5.36908E-01   1.15486E+00
 2.93250E+01   2.15085E+00   1.05017E+00   5.36847E-01   1.15468E+00
 2.93750E+01   2.15076E+00   1.05015E+00   5.36791E-01   1.15451E+00
 2.94250E+01   2.15069E+00   1.05014E+00   5.36742E-01   1.15436E+00
 2.94750E+01   2.15062E+00   1.05013E+00   5.36699E-01   1.15423E+00
 2.95250E+01   2.15056E+00   1.05012E+00   5.36660E-01   1.15412E+00
 2.95750E+01   2.15052E+00   1.05011E+00   5.36627E-01   1.15403E+00
 2.96250E+01   2.15049E+00   1.05011E+00   5.36598E-01   1.15395E+00
 2.96750E+01   2.15046E+00   1.05010E+00   5.36575E-01   1.15388E+00
 2.97250E+01   2.15045E+00   1.05010E+00   5.36556E-01   1.15384E+00
 2.97750E+01   2.15044E+00   1.05009E+00   5.36542E-01   1.15380E+00
 2.98250E+01   2.15045E+00   1.05009E+00   5.36531E-01   1.15378E+00
 2.98750E+01   2.15046E+00   1.05009E+00   5.36525E-01   1.15378E+00
 2.99250E+01   2.15048E+00   1.05009E+00   5.36523E-01   1.15378E+00
 2.99750E+01   2.15051E+00   1.05009E+00   5.36524E-01   1.15380E+00
 3.00250E+01   2.15054E+00   1.05010E+00   5.36529E-01   1.15383E+00
 3.00750E+01   2.15059E+00   1.05010E+00   5.36538E-01   1.15387E+00
 3.01250E+01   2.15064E+00   1.05010E+00   5.36550E-01   1.15392E+00
 3.01750E+01   2.15069E+00   1.05011E+00   5.36565E-01   1.15399E+00
 3.02250E+01   2.15075E+00   1.05011E+00   5.36584E-01   1.15406E+00
 3.02750E+01   2.15082E+00   1.05012E+00   5.36605E-01   1.15414E+00
 3.03250E+01   2.15089E+00   1.05013E+00   5.36630E-01   1.15423E+00
 3.03750E+01   2.15097E+00   1.05014E+00   5.36657E-01   1.15433E+00
 3.04250E+01   2.15105E+00   1.05015E+00   5.36686E-01   1.15444E+00
 3.04750E+01   2.15114E+00   1.05015E+00   5.36719E-01   1.15456E+00
 3.05250E+01   2.15123E+00   1.05016E+00   5.36754E-01   1.15468E+00
 3.05750E+01   2.15133E+00   1.05017E+00   5.36791E-01   1.15481E+00
 3.06250E+01   2.15142E+00   1.05019E+00   5.36831E-01   1.15495E+00
 3.06750E+01   2.15152E+00   1.05020E+00   5.36873E-01   1.15510E+00
 3.07250E+01   2.15163E+00   1.05021E+00   5.36918E-01   1.15525E+00
 3.07750E+01   2.15173E+00   1.05022E+00   5.36964E-01   1.15540E+00
 3.08250E+01   2.15184E+00   1.05023E+00   5.37013E-01   1.15557E+00
 3.08750E+01   2.15195E+00   1.05025E+00   5.37063E-01   1.15573E+00
 3.09250E+01   2.15207E+00   1.05026E+00   5.37115E-01   1.15591E+00
 3.09750E+01   2.15218E+00   1.05028E+00   5.37169E-01   1.15608E+00
 3.10250E+01   2.15230E+00   1.05029E+00   5.37225E-01   1.15627E+00
 3.10750E+01   2.15241E+00   1.05031E+00   5.37282E-01   1.15645E+00
 3.11250E+01   2.15253E+00   1.05032E+00   5.37340E-01   1.15664E+00
 3.11750E+01   2.15265E+00   1.05034E+00   5.37401E-01   1.15684E+00
 3.12250E+01   2.15278E+00   1.05035E+00   5.37463E-01   1.15704E+00
 3.12750E+01   2.15290E+00   1.05037E+00   5.37526E-01   1.15724E+00
 3.13250E+01   2.15302E+00   1.05039E+00   5.37591E-01   1.15745E+00
 3.13750E+01   2.15315E+00   1.05040E+00   5.37657E-01   1.15766E+00
 3.14250E+01   2.15328E+00   1.05042E+00   5.37725E-01   1.15787E+00
 3.14750E+01   2.15340E+00   1.05044E+00   5.37794E-01   1.15809E+00
 3.15250E+01   2.15353E+00   1.05046E+00   5.37864E-01   1.15831E+00
 3.15750E+01   2.15366E+00   1.05047E+00   5.37936E-01   1.15853E+00
 3.16250E+01   2.15379E+00   1.05049E+00   5.38009E-01   1.15876E+00
 3.16750E+01   2.15392E+00   1.05051E+00   5.38084E-01   1.15899E+00
 3.17250E+01   2.15406E+00   1.05053E+00   5.38159E-01   1.15923E+00
 3.17750E+01   2.15419E+00   1.05055E+00   5.38237E-01   1.15946E+00
 3.18250E+01   2.15433E+00   1.05057E+00   5.38315E-01   1.15971E+00
 3.18750E+01   2.15446E+00   1.05059E+00   5.38395E-01   1.15995E+00
 3.19250E+01   2.15460E+00   1.05061E+00   5.38476E-01   1.16020E+00
 3.19750E+01   2.15474E+00   1.05063E+00   5.38558E-01   1.16045E+00
 3.20250E+01   2.15488E+00   1.05065E+00   5.38642E-01   1.16071E+00
 3.20750E+01   2.15502E+00   1.05067E+00   5.38727E-01   1.16097E+00
 3.21250E+01   2.15516E+00   1.05069E+00   5.38813E-01   1.16123E+00
 3.21750E+01   2.15531E+00   1.05072E+00   5.38900E-01   1.16149E+00
 3.22250E+01   2.15545E+00   1.05074E+00   5.38988E-01   1.16176E+00
 3.22750E+01   2.15560E+00   1.05076E+00   5.39078E-01   1.16204E+00
 3.23250E+01   2.15575E+00   1.05078E+00   5.39169E-01   1.16232E+00
 3.23750E+01   2.15591E+00   1.05081E+00   5.39261E-01   1.16260E+00
 3.24250E+01   2.15606E+00   1.05083E+00   5.39355E-01   1.16288E+00
 3.24750E+01   2.15622E+00   1.05086E+00   5.39450E-01   1.16317E+00
 3.25250E+01   2.15638E+00   1.05088E+00   5.39546E-01   1.16347E+00
 3.25750E+01   2.15655E+00   1.05091E+00   5.39644E-01   1.16377E+00
 3.26250E+01   2.15671E+00   1.05093E+00   5.39743E-01   1.16407E+00
 3.26750E+01   2.15688E+00   1.05096E+00   5.39843E-01   1.16438E+00
 3.27250E+01   2.15706E+00   1.05098E+00   5.39944E-01   1.16469E+00
 3.27750E+01   2.15723E+00   1.05101E+00   5.40046E-01   1.16501E+00
 3.28250E+01   2.15741E+00   1.05104E+00   5.40150E-01   1.16533E+00
 3.28750E+01   2.15760E+00   1.05107E+00   5.40255E-01   1.16565E+00
 3.29250E+01   2.15779E+00   1.05109E+00   5.40362E-01   1.16599E+00
 3.29750E+01   2.15798E+00   1.05112E+00   5.40471E-01   1.16632E+00
 3.30250E+01   2.15818E+00   1.05115E+00   5.40581E-01   1.16667E+00
 3.30750E+01   2.15838E+00   1.05118E+00   5.40692E-01   1.16702E+00
 3.31250E+01   2.15858E+00   1.05121E+00   5.40805E-01   1.16737E+00
 3.31750E+01   2.15879E+00   1.05124E+00   5.40920E-01   1.16773E+00
 3.32250E+01   2.15901E+00   1.05127E+00   5.41036E-01   1.16810E+00
 3.32750E+01   2.15923E+00   1.05130E+00   5.41154E-01   1.16847E+00
 3.33250E+01   2.15945E+00   1.05134E+00   5.41274E-01   1.16885E+00
 3.33750E+01   2.15968E+00   1.05137E+00   5.41396E-01   1.16924E+00
 3.34250E+01   2.15991E+00   1.05140E+00   5.41519E-01   1.16963E+00
 3.34750E+01   2.16015E+00   1.05144E+00   5.41644E-01   1.17003E+00
 3.35250E+01   2.16040E+00   1.05147E+00   5.41771E-01   1.17044E+00
 3.35750E+01   2.16064E+00   1.05150E+00   5.41900E-01   1.17085E+00
 3.36250E+01   2.16090E+00   1.05154E+00   5.42030E-01   1.17127E+00
 3.36750E+01   2.16116E+00   1.05157E+00   5.42163E-01   1.17170E+00
 3.37250E+01   2.16142E+00   1.05161E+00   5.42297E-01   1.17213E+00
 3.37750E+01   2.16169E+00   1.05165E+00   5.42433E-01   1.17257E+00
 3.38250E+01   2.16196E+00   1.05169E+00   5.42572E-01   1.17302E+00
 3.38750E+01   2.16224E+00   1.05172E+00   5.42712E-01   1.17347E+00
 3.39250E+01   2.16252E+00   1.05176E+00   5.42855E-01   1.17394E+00
 3.39750E+01   2.16281E+00   1.05180E+00   5.42999E-01   1.17441E+00
 3.40250E+01   2.16311E+00   1.05184E+00   5.43145E-01   1.17488E+00
 3.40750E+01   2.16341E+00   1.05188E+00   5.43294E-01   1.17537E+00
 3.41250E+01   2.16371E+00   1.05192E+00   5.43444E-01   1.17586E+00
 3.41750E+01   2.16402E+00   1.05196E+00   5.43597E-01   1.17635E+00
 3.42250E+01   2.16433E+00   1.05201E+00   5.43752E-01   1.17686E+00
 3.42750E+01   2.16465E+00   1.05205E+00   5.43909E-01   1.17737E+00
 3.43250E+01   2.16497E+00   1.05209E+00   5.44068E-01   1.17789E+00
 3.43750E+01   2.16530E+00   1.05214E+00   5.44230E-01   1.17842E+00
 3.44250E+01   2.16563E+00   1.05218E+00   5.44394E-01   1.17896E+00
 3.44750E+01   2.16597E+00   1.05223E+00   5.44559E-01   1.17950E+00
 3.45250E+01   2.16631E+00   1.05227E+00   5.44727E-01   1.18005E+00
 3.45750E+01   2.16666E+00   1.05232E+00   5.44898E-01   1.18061E+00
 3.46250E+01   2.16701E+00   1.05237E+00   5.45070E-01   1.18117E+00
 3.46750E+01   2.16736E+00   1.05241E+00   5.45244E-01   1.18174E+00
 3.47250E+01   2.16772E+00   1.05246E+00   5.45421E-01   1.18232E+00
 3.47750E+01   2.16808E+00   1.05251E+00   5.45600E-01   1.18291E+00
 3.48250E+01   2.16844E+00   1.05256E+00   5.45782E-01   1.18350E+00
 3.48750E+01   2.16881E+00   1.05261E+00   5.45965E-01   1.18410E+00
 3.49250E+01   2.16918E+00   1.05266E+00   5.46151E-01   1.18470E+00
 3.49750E+01   2.16955E+00   1.05271E+00   5.46338E-01   1.18531E+00
 3.50250E+01   2.16993E+00   1.05276E+00   5.46528E-01   1.18592E+00
 3.50750E+01   2.17030E+00   1.05281E+00   5.46719E-01   1.18655E+00
 3.51250E+01   2.17068E+00   1.05286E+00   5.46912E-01   1.18717E+00
 3.51750E+01   2.17106E+00   1.05291E+00   5.47107E-01   1.18780E+00
 3.52250E+01   2.17144E+00   1.05296E+00   5.47303E-01   1.18844E+00
 3.52750E+01   2.17183E+00   1.05301E+00   5.47501E-01   1.18908E+00
 3.53250E+01   2.17221E+00   1.05307E+00   5.47700E-01   1.18972E+00
 3.53750E+01   2.17260E+00   1.05312E+00   5.47900E-01   1.19037E+00
 3.54250E+01   2.17298E+00   1.05317E+00   5.48102E-01   1.19101E+00
 3.54750E+01   2.17336E+00   1.05323E+00   5.48305E-01   1.19167E+00
 3.55250E+01   2.17375E+00   1.05328E+00   5.48509E-01   1.19232E+00
 3.55750E+01   2.17413E+00   1.05333E+00   5.48713E-01   1.19298E+00
 3.56250E+01   2.17452E+00   1.05339E+00   5.48918E-01   1.19363E+00
 3.56750E+01   2.17490E+00   1.05344E+00   5.49124E-01   1.19429E+00
 3.57250E+01   2.17528E+00   1.05349E+00   5.49330E-01   1.19495E+00
 3.57750E+01   2.17566E+00   1.05355E+00   5.49536E-01   1.19560E+00
 3.58250E+01   2.17604E+00   1.05360E+00   5.49742E-01   1.19626E+00
 3.58750E+01   2.17642E+00   1.05365E+00   5.49948E-01   1.19692E+00
 3.59250E+01   2.17679E+00   1.05371E+00   5.50154E-01   1.19757E+00
 3.59750E+01   2.17716E+00   1.05376E+00   5.50359E-01   1.19822E+00
 3.60250E+01   2.17753E+00   1.05381E+00   5.50564E-01   1.19887E+00
 3.60750E+01   2.17789E+00   1.05386E+00   5.50767E-01   1.19951E+00
 3.61250E+01   2.17825E+00   1.05392E+00   5.50969E-01   1.20015E+00
 3.61750E+01   2.17860E+00   1.05397E+00   5.51170E-01   1.20078E+00
 3.62250E+01   2.17895E+00   1.05402E+00   5.51369E-01   1.20140E+00
 3.62750E+01   2.17929E+00   1.05407E+00   5.51565E-01   1.20202E+00
 3.63250E+01   2.17963E+00   1.05412E+00   5.51760E-01   1.20263E+00
 3.63750E+01   2.17996E+00   1.05417E+00   5.51952E-01   1.20324E+00
 3.64250E+01   2.18029E+00   1.05421E+00   5.52142E-01   1.20383E+00
 3.64750E+01   2.18061E+00   1.05426E+00   5.52328E-01   1.20441E+00
 3.65250E+01   2.18092E+00   1.05431E+00   5.52511E-01   1.20498E+00
 3.65750E+01   2.18122E+00   1.05435E+00   5.52691E-01   1.20554E+00
 3.66250E+01   2.18152E+00   1.05440E+00   5.52866E-01   1.20609E+00
 3.66750E+01   2.18181E+00   1.05444E+00   5.53038E-01   1.20662E+00
 3.67250E+01   2.18208E+00   1.05449E+00   5.53204E-01   1.20714E+00
 3.67750E+01   2.18235E+00   1.05453E+00   5.53366E-01   1.20764E+00
 3.68250E+01   2.18261E+00   1.05457E+00   5.53523E-01   1.20812E+00
 3.68750E+01   2.18286E+00   1.05461E+00   5.53674E-01   1.20859E+00
 3.69250E+01   2.18310E+00   1.05464E+00   5.53819E-01   1.20904E+00
 3.69750E+01   2.18333E+00   1.05468E+00   5.53959E-01   1.20947E+00
 3.70250E+01   2.18355E+00   1.05471E+00   5.54092E-01   1.20989E+00
 3.70750E+01   2.18375E+00   1.05475E+00   5.54219E-01   1.21028E+00
 3.71250E+01   2.18394E+00   1.05478E+00   5.54339E-01   1.21065E+00
 3.71750E+01   2.18412E+00   1.05481E+00   5.54452E-01   1.21099E+00
 3.72250E+01   2.18429E+00   1.05483E+00   5.54558E-01   1.21132E+00
 3.72750E+01   2.18444E+00   1.05486E+00   5.54656E-01   1.21161E+00
 3.73250E+01   2.18458E+00   1.05488E+00   5.54746E-01   1.21189E+00
 3.73750E+01   2.18471E+00   1.05491E+00   5.54827E-01   1.21214E+00
 3.74250E+01   2.18482E+00   1.05493E+00   5.54900E-01   1.21236E+00
 3.74750E+01   2.18492E+00   1.05494E+00   5.54964E-01   1.21255E+00
 3.75250E+01   2.18500E+00   1.05496E+00   5.55020E-01   1.21272E+00
 3.75750E+01   2.18506E+00   1.05497E+00   5.55066E-01   1.21285E+00
 3.76250E+01   2.18511E+00   1.05499E+00   5.55102E-01   1.21296E+00
 3.76750E+01   2.18514E+00   1.05499E+00   5.55129E-01   1.21303E+00
 3.77250E+01   2.18516E+00   1.05500E+00   5.55146E-01   1.21308E+00
 3.77750E+01   2.18515E+00   1.05501E+00   5.55153E-01   1.21310E+00
 3.78250E+01   2.18513E+00   1.05501E+00   5.55150E-01   1.21308E+00
 3.78750E+01   2.18510E+00   1.05501E+00   5.55137E-01   1.21303E+00
 3.79250E+01   2.18504E+00   1.05501E+00   5.55113E-01   1.21294E+00
 3.79750E+01   2.18497E+00   1.05500E+00   5.55078E-01   1.21283E+00
 3.80250E+01   2.18488E+00   1.05499E+00   5.55032E-01   1.21267E+00
 3.80750E+01   2.18477E+00   1.05498E+00   5.54975E-01   1.21249E+00
 3.81250E+01   2.18464E+00   1.05497E+00   5.54907E-01   1.21227E+00
 3.81750E+01   2.18449E+00   1.05495E+00   5.54828E-01   1.21202E+00
 3.82250E+01   2.18433E+00   1.05493E+00   5.54738E-01   1.21173E+00
 3.82750E+01   2.18414E+00   1.05491E+00   5.54638E-01   1.21141E+00
 3.83250E+01   2.18394E+00   1.05489E+00   5.54526E-01   1.21105E+00
 3.83750E+01   2.18372E+00   1.05486E+00   5.54403E-01   1.21066E+00
 3.84250E+01   2.18349E+00   1.05484E+00   5.54270E-01   1.21024E+00
 3.84750E+01   2.18323E+00   1.05480E+00   5.54126E-01   1.20979E+00
 3.85250E+01   2.18296E+00   1.05477E+00   5.53972E-01   1.20930E+00
 3.85750E+01   2.18267E+00   1.05474E+00   5.53807E-01   1.20878E+00
 3.86250E+01   2.18236E+00   1.05470E+00   5.53632E-01   1.20822E+00
 3.86750E+01   2.18203E+00   1.05466E+00   5.53447E-01   1.20764E+00
 3.87250E+01   2.18169E+00   1.05461E+00   5.53252E-01   1.20703E+00
 3.87750E+01   2.18133E+00   1.05457E+00   5.53048E-01   1.20638E+00
 3.88250E+01   2.18096E+00   1.05452E+00   5.52834E-01   1.20571E+00
 3.88750E+01   2.18057E+00   1.05447E+00   5.52612E-01   1.20501E+00
 3.89250E+01   2.18017E+00   1.05441E+00   5.52381E-01   1.20428E+00
 3.89750E+01   2.17975E+00   1.05436E+00   5.52142E-01   1.20353E+00
 3.90250E+01   2.17932E+00   1.05430E+00   5.51895E-01   1.20275E+00
 3.90750E+01   2.17887E+00   1.05424E+00   5.51640E-01   1.20196E+00
 3.91250E+01   2.17842E+00   1.05418E+00   5.51379E-01   1.20113E+00
 3.91750E+01   2.17795E+00   1.05412E+00   5.51111E-01   1.20029E+00
 3.92250E+01   2.17746E+00   1.05406E+00   5.50837E-01   1.19943E+00
 3.92750E+01   2.17697E+00   1.05399E+00   5.50557E-01   1.19855E+00
 3.93250E+01   2.17647E+00   1.05392E+00   5.50272E-01   1.19765E+00
 3.93750E+01   2.17596E+00   1.05385E+00   5.49982E-01   1.19674E+00
 3.94250E+01   2.17544E+00   1.05378E+00   5.49687E-01   1.19581E+00
 3.94750E+01   2.17491E+00   1.05371E+00   5.49388E-01   1.19487E+00
 3.95250E+01   2.17437E+00   1.05364E+00   5.49086E-01   1.19392E+00
 3.95750E+01   2.17383E+00   1.05357E+00   5.48781E-01   1.19296E+00
 3.96250E+01   2.17328E+00   1.05349E+00   5.48474E-01   1.19199E+00
 3.96750E+01   2.17273E+00   1.05342E+00   5.48165E-01   1.19101E+00
 3.97250E+01   2.17217E+00   1.05334E+00   5.47854E-01   1.19003E+00
 3.97750E+01   2.17162E+00   1.05327E+00   5.47543E-01   1.18905E+00
 3.98250E+01   2.17105E+00   1.05319E+00   5.47231E-01   1.18807E+00
 3.98750E+01   2.17049E+00   1.05311E+00   5.46919E-01   1.18708E+00
 3.99250E+01   2.16993E+00   1.05303E+00   5.46607E-01   1.18610E+00
 3.99750E+01   2.16936E+00   1.05296E+00   5.46296E-01   1.18511E+00
 4.00250E+01   2.16880E+00   1.05288E+00   5.45987E-01   1.18414E+00
 4.00750E+01   2.16824E+00   1.05280E+00   5.45680E-01   1.18316E+00
 4.01250E+01   2.16768E+00   1.05273E+00   5.45375E-01   1.18220E+00
 4.01750E+01   2.16712E+00   1.05265E+00   5.45072E-01   1.18124E+00
 4.02250E+01   2.16657E+00   1.05257E+00   5.44774E-01   1.18029E+00
 4.02750E+01   2.16602E+00   1.05250E+00   5.44478E-01   1.17935E+00
 4.03250E+01   2.16548E+00   1.05242E+00   5.44187E-01   1.17842E+00
 4.03750E+01   2.16494E+00   1.05235E+00   5.43900E-01   1.17751E+00
 4.04250E+01   2.16441E+00   1.05227E+00   5.43617E-01   1.17661E+00
 4.04750E+01   2.16388E+00   1.05220E+00   5.43339E-01   1.17572E+00
 4.05250E+01   2.16336E+00   1.05213E+00   5.43066E-01   1.17485E+00
 4.05750E+01   2.16285E+00   1.05206E+00   5.42799E-01   1.17399E+00
 4.06250E+01   2.16235E+00   1.05199E+00   5.42538E-01   1.17315E+00
 4.06750E+01   2.16185E+00   1.05192E+00   5.42282E-01   1.17233E+00
 4.07250E+01   2.16137E+00   1.05185E+00   5.42033E-01   1.17153E+00
 4.07750E+01   2.16089E+00   1.05179E+00   5.41790E-01   1.17075E+00
 4.08250E+01   2.16043E+00   1.05172E+00   5.41553E-01   1.16999E+00
 4.08750E+01   2.15998E+00   1.05166E+00   5.41324E-01   1.16925E+00
 4.09250E+01   2.15953E+00   1.05159E+00   5.41101E-01   1.16852E+00
 4.09750E+01   2.15910E+00   1.05153E+00   5.40885E-01   1.16782E+00
 4.10250E+01   2.15868E+00   1.05147E+00   5.40676E-01   1.16715E+00
 4.10750E+01   2.15827E+00   1.05142E+00   5.40475E-01   1.16649E+00
 4.11250E+01   2.15787E+00   1.05136E+00   5.40281E-01   1.16586E+00
 4.11750E+01   2.15748E+00   1.05130E+00   5.40093E-01   1.16524E+00
 4.12250E+01   2.15711E+00   1.05125E+00   5.39913E-01   1.16465E+00
 4.12750E+01   2.15675E+00   1.05120E+00   5.39741E-01   1.16408E+00
 4.13250E+01   2.15640E+00   1.05115E+00   5.39575E-01   1.16354E+00
 4.13750E+01   2.15606E+00   1.05110E+00   5.39416E-01   1.16301E+00
 4.14250E+01   2.15574E+00   1.05105E+00   5.39264E-01   1.16251E+00
 4.14750E+01   2.15542E+00   1.05101E+00   5.39120E-01   1.16203E+00
 4.15250E+01   2.15513E+00   1.05097E+00   5.38982E-01   1.16157E+00
 4.15750E+01   2.15484E+00   1.05092E+00   5.38851E-01   1.16114E+00
 4.16250E+01   2.15456E+00   1.05088E+00   5.38727E-01   1.16072E+00
 4.16750E+01   2.15430E+00   1.05085E+00   5.38609E-01   1.16033E+00
 4.17250E+01   2.15405E+00   1.05081E+00   5.38498E-01   1.15995E+00
 4.17750E+01   2.15381E+00   1.05078E+00   5.38392E-01   1.15960E+00
 4.18250E+01   2.15359E+00   1.05074E+00   5.38293E-01   1.15926E+00
 4.18750E+01   2.15338E+00   1.05071E+00   5.38199E-01   1.15895E+00
 4.19250E+01   2.15318E+00   1.05068E+00   5.38112E-01   1.15865E+00
 4.19750E+01   2.15299E+00   1.05066E+00   5.38030E-01   1.15837E+00
 4.20250E+01   2.15281E+00   1.05063E+00   5.37953E-01   1.15811E+00
 4.20750E+01   2.15265E+00   1.05061E+00   5.37882E-01   1.15787E+00
 4.21250E+01   2.15250E+00   1.05058E+00   5.37816E-01   1.15765E+00
 4.21750E+01   2.15236E+00   1.05056E+00   5.37755E-01   1.15744E+00
 4.22250E+01   2.15223E+00   1.05054E+00   5.37698E-01   1.15725E+00
 4.22750E+01   2.15211E+00   1.05053E+00   5.37647E-01   1.15708E+00
 4.23250E+01   2.15201E+00   1.05051E+00   5.37600E-01   1.15692E+00
 4.23750E+01   2.15191E+00   1.05050E+00   5.37557E-01   1.15677E+00
 4.24250E+01   2.15182E+00   1.05048E+00   5.37517E-01   1.15664E+00
 4.24750E+01   2.15175E+00   1.05047E+00   5.37482E-01   1.15653E+00
 4.25250E+01   2.15168E+00   1.05046E+00   5.37450E-01   1.15642E+00
 4.25750E+01   2.15163E+00   1.05045E+00   5.37422E-01   1.15633E+00
 4.26250E+01   2.15158E+00   1.05045E+00   5.37397E-01   1.15625E+00
 4.26750E+01   2.15155E+00   1.05044E+00   5.37375E-01   1.15619E+00
 4.27250E+01   2.15153E+00   1.05044E+00   5.37357E-01   1.15614E+00
 4.27750E+01   2.15151E+00   1.05043E+00   5.37341E-01   1.15609E+00
 4.28250E+01   2.15150E+00   1.05043E+00   5.37328E-01   1.15606E+00
 4.28750E+01   2.15151E+00   1.05043E+00   5.37318E-01   1.15604E+00
 4.29250E+01   2.15152E+00   1.05043E+00   5.37311E-01   1.15603E+00
 4.29750E+01   2.15154E+00   1.05044E+00   5.37305E-01   1.15603E+00
 4.30250E+01   2.15157E+00   1.05044E+00   5.37302E-01   1.15604E+00
 4.30750E+01   2.15160E+00   1.05044E+00   5.37302E-01   1.15606E+00
 4.31250E+01   2.15165E+00   1.05045E+00   5.37303E-01   1.15609E+00
 4.31750E+01   2.15170E+00   1.05046E+00   5.37307E-01   1.15613E+00
 4.32250E+01   2.15176E+00   1.05046E+00   5.37313E-01   1.15617E+00
 4.32750E+01   2.15183E+00   1.05047E+00   5.37321E-01   1.15622E+00
 4.33250E+01   2.15191E+00   1.05048E+00   5.37330E-01   1.15628E+00
 4.33750E+01   2.15199E+00   1.05049E+00   5.37342E-01   1.15635E+00
 4.34250E+01   2.15208E+00   1.05051E+00   5.37356E-01   1.15643E+00
 4.34750E+01   2.15217E+00   1.05052E+00   5.37371E-01   1.15651E+00
 4.35250E+01   2.15227E+00   1.05053E+00   5.37388E-01   1.15660E+00
 4.35750E+01   2.15237E+00   1.05055E+00   5.37407E-01   1.15670E+00
 4.36250E+01   2.15249E+00   1.05056E+00   5.37428E-01   1.15681E+00
 4.36750E+01   2.15260E+00   1.05058E+00   5.37451E-01   1.15692E+00
 4.37250E+01   2.15272E+00   1.05060E+00   5.37475E-01   1.15704E+00
 4.37750E+01   2.15285E+00   1.05061E+00   5.37501E-01   1.15716E+00
 4.38250E+01   2.15298E+00   1.05063E+00   5.37530E-01   1.15729E+00
 4.38750E+01   2.15312E+00   1.05065E+00   5.37560E-01   1.15743E+00
 4.39250E+01   2.15325E+00   1.05067E+00   5.37592E-01   1.15757E+00
 4.39750E+01   2.15340E+00   1.05069E+00   5.37626E-01   1.15772E+00
 4.40250E+01   2.15354E+00   1.05071E+00   5.37662E-01   1.15788E+00
 4.40750E+01   2.15369E+00   1.05073E+00   5.37700E-01   1.15804E+00
 4.41250E+01   2.15384E+00   1.05075E+00   5.37740E-01   1.15820E+00
 4.41750E+01   2.15399E+00   1.05077E+00   5.37782E-01   1.15838E+00
 4.42250E+01   2.15415E+00   1.05079E+00   5.37826E-01   1.15856E+00
 4.42750E+01   2.15430E+00   1.05082E+00   5.37872E-01   1.15874E+00
 4.43250E+01   2.15447E+00   1.05084E+00   5.37920E-01   1.15893E+00
 4.43750E+01   2.15463E+00   1.05086E+00   5.37971E-01   1.15913E+00
 4.44250E+01   2.15479E+00   1.05088E+00   5.38025E-01   1.15933E+00
 4.44750E+01   2.15495E+00   1.05091E+00   5.38081E-01   1.15954E+00
 4.45250E+01   2.15512E+00   1.05093E+00   5.38139E-01   1.15975E+00
 4.45750E+01   2.15529E+00   1.05095E+00   5.38201E-01   1.15998E+00
 4.46250E+01   2.15545E+00   1.05098E+00   5.38265E-01   1.16020E+00
 4.46750E+01   2.15562E+00   1.05100E+00   5.38332E-01   1.16044E+00
 4.47250E+01   2.15579E+00   1.05102E+00   5.38402E-01   1.16068E+00
 4.47750E+01   2.15596E+00   1.05105E+00   5.38474E-01   1.16093E+00
 4.48250E+01   2.15612E+00   1.05107E+00   5.38550E-01   1.16118E+00
 4.48750E+01   2.15629E+00   1.05109E+00   5.38629E-01   1.16144E+00
 4.49250E+01   2.15646E+00   1.05112E+00   5.38711E-01   1.16171E+00
 4.49750E+01   2.15663E+00   1.05114E+00   5.38796E-01   1.16198E+00
 4.50250E+01   2.15680E+00   1.05116E+00   5.38885E-01   1.16227E+00
 4.50750E+01   2.15697E+00   1.05119E+00   5.38976E-01   1.16255E+00
 4.51250E+01   2.15714E+00   1.05121E+00   5.39071E-01   1.16285E+00
 4.51750E+01   2.15730E+00   1.05123E+00   5.39169E-01   1.16315E+00
 4.52250E+01   2.15747E+00   1.05126E+00   5.39271E-01   1.16346E+00
 4.52750E+01   2.15764E+00   1.05128E+00   5.39375E-01   1.16378E+00
 4.53250E+01   2.15780E+00   1.05130E+00   5.39483E-01   1.16410E+00
 4.53750E+01   2.15797E+00   1.05132E+00   5.39594E-01   1.16443E+00
 4.54250E+01   2.15814E+00   1.05135E+00   5.39709E-01   1.16477E+00
 4.54750E+01   2.15831E+00   1.05137E+00   5.39827E-01   1.16511E+00
 4.55250E+01   2.15847E+00   1.05139E+00   5.39947E-01   1.16546E+00
 4.55750E+01   2.15864E+00   1.05142E+00   5.40071E-01   1.16582E+00
 4.56250E+01   2.15881E+00   1.05144E+00   5.40198E-01   1.16618E+00
 4.56750E+01   2.15898E+00   1.05146E+00   5.40328E-01   1.16656E+00
 4.57250E+01   2.15914E+00   1.05149E+00   5.40461E-01   1.16693E+00
 4.57750E+01   2.15931E+00   1.05151E+00   5.40596E-01   1.16732E+00
 4.58250E+01   2.15948E+00   1.05153E+00   5.40735E-01   1.16771E+00
 4.58750E+01   2.15966E+00   1.05156E+00   5.40876E-01   1.16811E+00
 4.59250E+01   2.15983E+00   1.05158E+00   5.41019E-01   1.16851E+00
 4.59750E+01   2.16000E+00   1.05160E+00   5.41166E-01   1.16892E+00
 4.60250E+01   2.16018E+00   1.05163E+00   5.41315E-01   1.16934E+00
 4.60750E+01   2.16036E+00   1.05165E+00   5.41467E-01   1.16976E+00
 4.61250E+01   2.16054E+00   1.05168E+00   5.41621E-01   1.17019E+00
 4.61750E+01   2.16072E+00   1.05170E+00   5.41777E-01   1.17063E+00
 4.62250E+01   2.16090E+00   1.05173E+00   5.41935E-01   1.17107E+00
 4.62750E+01   2.16109E+00   1.05175E+00   5.42094E-01   1.17152E+00
 4.63250E+01   2.16128E+00   1.05178E+00   5.42256E-01   1.17197E+00
 4.63750E+01   2.16147E+00   1.05181E+00   5.42419E-01   1.17242E+00
 4.64250E+01   2.16167E+00   1.05184E+00   5.42583E-01   1.17289E+00
 4.64750E+01   2.16187E+00   1.05186E+00   5.42748E-01   1.17335E+00
 4.65250E+01   2.16208E+00   1.05189E+00   5.42914E-01   1.17382E+00
 4.65750E+01   2.16229E+00   1.05192E+00   5.43082E-01   1.17430E+00
 4.66250E+01   2.16250E+00   1.05195E+00   5.43251E-01   1.17478E+00
 4.66750E+01   2.16272E+00   1.05198E+00   5.43420E-01   1.17526E+00
 4.67250E+01   2.16294E+00   1.05201E+00   5.43590E-01   1.17575E+00
 4.67750E+01   2.16317E+00   1.05205E+00   5.43761E-01   1.17625E+00
 4.68250E+01   2.16340E+00   1.05208E+00   5.43932E-01   1.17674E+00
 4.68750E+01   2.16364E+00   1.05211E+00   5.44103E-01   1.17724E+00
 4.69250E+01   2.16388E+00   1.05215E+00   5.44275E-01   1.17775E+00
 4.69750E+01   2.16413E+00   1.05218E+00   5.44446E-01   1.17825E+00
 4.70250E+01   2.16439E+00   1.05222E+00   5.44617E-01   1.17876E+00
 4.70750E+01   2.16465E+00   1.05226E+00   5.44788E-01   1.17927E+00
 4.71250E+01   2.16492E+00   1.05229E+00   5.44959E-01   1.17979E+00
 4.71750E+01   2.16519E+00   1.05233E+00   5.45129E-01   1.18031E+00
 4.72250E+01   2.16546E+00   1.05237E+00   5.45299E-01   1.18082E+00
 4.72750E+01   2.16575E+00   1.05241E+00   5.45467E-01   1.18135E+00
 4.73250E+01   2.16604E+00   1.05246E+00   5.45635E-01   1.18187E+00
 4.73750E+01   2.16633E+00   1.05250E+00   5.45802E-01   1.18239E+00
 4.74250E+01   2.16663E+00   1.05254E+00   5.45969E-01   1.18291E+00
 4.74750E+01   2.16694E+00   1.05259E+00   5.46134E-01   1.18344E+00
 4.75250E+01   2.16725E+00   1.05264E+00   5.46298E-01   1.18397E+00
 4.75750E+01   2.16757E+00   1.05268E+00   5.46461E-01   1.18449E+00
 4.76250E+01   2.16789E+00   1.05273E+00   5.46624E-01   1.18502E+00
 4.76750E+01   2.16822E+00   1.05279E+00   5.46784E-01   1.18555E+00
 4.77250E+01   2.16855E+00   1.05284E+00   5.46944E-01   1.18607E+00
 4.77750E+01   2.16888E+00   1.05289E+00   5.47102E-01   1.18660E+00
 4.78250E+01   2.16921E+00   1.05295E+00   5.47259E-01   1.18712E+00
 4.78750E+01   2.16954E+00   1.05301E+00   5.47415E-01   1.18764E+00
 4.79250E+01   2.16987E+00   1.05308E+00   5.47570E-01   1.18816E+00
 4.79750E+01   2.17020E+00   1.05315E+00   5.47726E-01   1.18867E+00
 4.80250E+01   2.17052E+00   1.05323E+00   5.47881E-01   1.18919E+00
 4.80750E+01   2.17083E+00   1.05331E+00   5.48037E-01   1.18969E+00
 4.81250E+01   2.17112E+00   1.05340E+00   5.48194E-01   1.19020E+00
 4.81750E+01   2.17139E+00   1.05351E+00   5.48353E-01   1.19069E+00
 4.82250E+01   2.17163E+00   1.05363E+00   5.48516E-01   1.19117E+00
 4.82750E+01   2.17183E+00   1.05377E+00   5.48683E-01   1.19165E+00
 4.83250E+01   2.17198E+00   1.05394E+00   5.48858E-01   1.19211E+00
 4.83750E+01   2.17206E+00   1.05415E+00   5.49044E-01   1.19255E+00
 4.84250E+01   2.17204E+00   1.05440E+00   5.49243E-01   1.19298E+00
 4.84750E+01   2.17190E+00   1.05470E+00   5.49461E-01   1.19337E+00
 4.85250E+01   2.17160E+00   1.05508E+00   5.49704E-01   1.19374E+00
 4.85750E+01   2.17109E+00   1.05556E+00   5.49980E-01   1.19406E+00
 4.86250E+01   2.17032E+00   1.05616E+00   5.50298E-01   1.19432E+00
 4.86750E+01   2.16920E+00   1.05693E+00   5.50675E-01   1.19452E+00
 4.87250E+01   2.16762E+00   1.05791E+00   5.51127E-01   1.19464E+00
 4.87750E+01   2.16549E+00   1.05916E+00   5.51683E-01   1.19467E+00
 4.88250E+01   2.16272E+00   1.06078E+00   5.52399E-01   1.19468E+00
 4.88750E+01   2.15964E+00   1.06287E+00   5.53448E-01   1.19525E+00
 4.89250E+01   2.15899E+00   1.06565E+00   5.55629E-01   1.19960E+00
 4.89750E+01   2.17723E+00   1.06961E+00   5.63132E-01   1.22607E+00
