      xx/10.          rhoa          temp           vel      vel*rhoa
         [-]           [-]           [-]           [-]           [-]
 1.02500E+00   2.41778E+00   9.04168E-01   5.45745E-01   1.31949E+00
 1.07500E+00   2.40834E+00   9.08515E-01   5.46284E-01   1.31564E+00
 1.12500E+00   2.39674E+00   9.13587E-01   5.47234E-01   1.31158E+00
 1.17500E+00   2.38281E+00   9.19312E-01   5.48728E-01   1.30751E+00
 1.22500E+00   2.36669E+00   9.25562E-01   5.50837E-01   1.30366E+00
 1.27500E+00   2.34876E+00   9.32155E-01   5.53586E-01   1.30024E+00
 1.32500E+00   2.32956E+00   9.38871E-01   5.56963E-01   1.29748E+00
 1.37500E+00   2.30967E+00   9.45482E-01   5.60914E-01   1.29553E+00
 1.42500E+00   2.28969E+00   9.51784E-01   5.65352E-01   1.29448E+00
 1.47500E+00   2.27008E+00   9.57635E-01   5.70171E-01   1.29433E+00
 1.52500E+00   2.25115E+00   9.62951E-01   5.75258E-01   1.29499E+00
 1.57500E+00   2.23311E+00   9.67701E-01   5.80505E-01   1.29633E+00
 1.62500E+00   2.21601E+00   9.71901E-01   5.85811E-01   1.29816E+00
 1.67500E+00   2.19977E+00   9.75612E-01   5.91087E-01   1.30025E+00
 1.72500E+00   2.18424E+00   9.78922E-01   5.96261E-01   1.30238E+00
 1.77500E+00   2.16922E+00   9.81938E-01   6.01276E-01   1.30430E+00
 1.82500E+00   2.15445E+00   9.84775E-01   6.06087E-01   1.30579E+00
 1.87500E+00   2.13971E+00   9.87539E-01   6.10667E-01   1.30665E+00
 1.92500E+00   2.12477E+00   9.90326E-01   6.14996E-01   1.30673E+00
 1.97500E+00   2.10950E+00   9.93209E-01   6.19064E-01   1.30592E+00
 2.02500E+00   2.09382E+00   9.96235E-01   6.22869E-01   1.30418E+00
 2.07500E+00   2.07772E+00   9.99423E-01   6.26411E-01   1.30151E+00
 2.12500E+00   2.06129E+00   1.00276E+00   6.29693E-01   1.29798E+00
 2.17500E+00   2.04468E+00   1.00622E+00   6.32717E-01   1.29370E+00
 2.22500E+00   2.02809E+00   1.00974E+00   6.35488E-01   1.28883E+00
 2.27500E+00   2.01176E+00   1.01325E+00   6.38006E-01   1.28352E+00
 2.32500E+00   1.99595E+00   1.01667E+00   6.40274E-01   1.27796E+00
 2.37500E+00   1.98089E+00   1.01995E+00   6.42295E-01   1.27232E+00
 2.42500E+00   1.96679E+00   1.02301E+00   6.44071E-01   1.26675E+00
 2.47500E+00   1.95382E+00   1.02580E+00   6.45611E-01   1.26141E+00
 2.52500E+00   1.94209E+00   1.02830E+00   6.46922E-01   1.25638E+00
 2.57500E+00   1.93164E+00   1.03049E+00   6.48020E-01   1.25174E+00
 2.62500E+00   1.92250E+00   1.03236E+00   6.48919E-01   1.24755E+00
 2.67500E+00   1.91461E+00   1.03394E+00   6.49640E-01   1.24380E+00
 2.72500E+00   1.90789E+00   1.03524E+00   6.50203E-01   1.24052E+00
 2.77500E+00   1.90225E+00   1.03630E+00   6.50631E-01   1.23766E+00
 2.82500E+00   1.89757E+00   1.03715E+00   6.50945E-01   1.23521E+00
 2.87500E+00   1.89373E+00   1.03782E+00   6.51168E-01   1.23314E+00
 2.92500E+00   1.89062E+00   1.03833E+00   6.51317E-01   1.23139E+00
 2.97500E+00   1.88814E+00   1.03873E+00   6.51410E-01   1.22995E+00
 3.02500E+00   1.88618E+00   1.03903E+00   6.51464E-01   1.22878E+00
 3.07500E+00   1.88467E+00   1.03926E+00   6.51489E-01   1.22784E+00
 3.12500E+00   1.88352E+00   1.03943E+00   6.51497E-01   1.22711E+00
 3.17500E+00   1.88269E+00   1.03955E+00   6.51495E-01   1.22656E+00
 3.22500E+00   1.88212E+00   1.03964E+00   6.51491E-01   1.22618E+00
 3.27500E+00   1.88177E+00   1.03971E+00   6.51488E-01   1.22595E+00
 3.32500E+00   1.88160E+00   1.03977E+00   6.51492E-01   1.22585E+00
 3.37500E+00   1.88159E+00   1.03981E+00   6.51503E-01   1.22586E+00
 3.42500E+00   1.88171E+00   1.03984E+00   6.51525E-01   1.22598E+00
 3.47500E+00   1.88195E+00   1.03986E+00   6.51558E-01   1.22620E+00
 3.52500E+00   1.88229E+00   1.03989E+00   6.51601E-01   1.22650E+00
 3.57500E+00   1.88272E+00   1.03991E+00   6.51657E-01   1.22689E+00
 3.62500E+00   1.88322E+00   1.03993E+00   6.51724E-01   1.22734E+00
 3.67500E+00   1.88377E+00   1.03995E+00   6.51803E-01   1.22785E+00
 3.72500E+00   1.88438E+00   1.03997E+00   6.51893E-01   1.22842E+00
 3.77500E+00   1.88503E+00   1.03998E+00   6.51994E-01   1.22903E+00
 3.82500E+00   1.88570E+00   1.04000E+00   6.52104E-01   1.22968E+00
 3.87500E+00   1.88640E+00   1.04002E+00   6.52225E-01   1.23035E+00
 3.92500E+00   1.88709E+00   1.04004E+00   6.52354E-01   1.23105E+00
 3.97500E+00   1.88779E+00   1.04005E+00   6.52492E-01   1.23177E+00
 4.02500E+00   1.88847E+00   1.04007E+00   6.52638E-01   1.23249E+00
 4.07500E+00   1.88914E+00   1.04008E+00   6.52793E-01   1.23321E+00
 4.12500E+00   1.88977E+00   1.04010E+00   6.52954E-01   1.23393E+00
 4.17500E+00   1.89036E+00   1.04011E+00   6.53122E-01   1.23464E+00
 4.22500E+00   1.89091E+00   1.04012E+00   6.53297E-01   1.23533E+00
 4.27500E+00   1.89141E+00   1.04013E+00   6.53478E-01   1.23599E+00
 4.32500E+00   1.89185E+00   1.04013E+00   6.53665E-01   1.23664E+00
 4.37500E+00   1.89224E+00   1.04014E+00   6.53857E-01   1.23725E+00
 4.42500E+00   1.89257E+00   1.04014E+00   6.54055E-01   1.23784E+00
 4.47500E+00   1.89284E+00   1.04014E+00   6.54258E-01   1.23840E+00
 4.52500E+00   1.89305E+00   1.04015E+00   6.54466E-01   1.23893E+00
 4.57500E+00   1.89320E+00   1.04015E+00   6.54678E-01   1.23944E+00
 4.62500E+00   1.89331E+00   1.04015E+00   6.54896E-01   1.23992E+00
 4.67500E+00   1.89337E+00   1.04014E+00   6.55118E-01   1.24038E+00
 4.72500E+00   1.89339E+00   1.04014E+00   6.55344E-01   1.24082E+00
 4.77500E+00   1.89338E+00   1.04014E+00   6.55575E-01   1.24125E+00
 4.82500E+00   1.89335E+00   1.04014E+00   6.55810E-01   1.24168E+00
 4.87500E+00   1.89330E+00   1.04014E+00   6.56049E-01   1.24210E+00
 4.92500E+00   1.89326E+00   1.04014E+00   6.56293E-01   1.24253E+00
 4.97500E+00   1.89321E+00   1.04014E+00   6.56540E-01   1.24297E+00
 5.02500E+00   1.89318E+00   1.04015E+00   6.56792E-01   1.24342E+00
 5.07500E+00   1.89316E+00   1.04015E+00   6.57049E-01   1.24390E+00
 5.12500E+00   1.89317E+00   1.04016E+00   6.57309E-01   1.24440E+00
 5.17500E+00   1.89322E+00   1.04016E+00   6.57573E-01   1.24493E+00
 5.22500E+00   1.89331E+00   1.04018E+00   6.57841E-01   1.24549E+00
 5.27500E+00   1.89343E+00   1.04019E+00   6.58112E-01   1.24609E+00
 5.32500E+00   1.89360E+00   1.04021E+00   6.58387E-01   1.24672E+00
 5.37500E+00   1.89382E+00   1.04023E+00   6.58665E-01   1.24739E+00
 5.42500E+00   1.89409E+00   1.04026E+00   6.58945E-01   1.24810E+00
 5.47500E+00   1.89439E+00   1.04029E+00   6.59227E-01   1.24884E+00
 5.52500E+00   1.89474E+00   1.04033E+00   6.59510E-01   1.24960E+00
 5.57500E+00   1.89513E+00   1.04038E+00   6.59793E-01   1.25039E+00
 5.62500E+00   1.89554E+00   1.04044E+00   6.60076E-01   1.25120E+00
 5.67500E+00   1.89598E+00   1.04052E+00   6.60360E-01   1.25203E+00
 5.72500E+00   1.89645E+00   1.04061E+00   6.60646E-01   1.25288E+00
 5.77500E+00   1.89695E+00   1.04071E+00   6.60936E-01   1.25376E+00
 5.82500E+00   1.89749E+00   1.04083E+00   6.61229E-01   1.25467E+00
 5.87500E+00   1.89806E+00   1.04095E+00   6.61527E-01   1.25562E+00
 5.92500E+00   1.89867E+00   1.04107E+00   6.61830E-01   1.25659E+00
 5.97500E+00   1.89931E+00   1.04120E+00   6.62137E-01   1.25760E+00
 6.02500E+00   1.89998E+00   1.04134E+00   6.62450E-01   1.25864E+00
 6.07500E+00   1.90067E+00   1.04148E+00   6.62769E-01   1.25971E+00
 6.12500E+00   1.90140E+00   1.04162E+00   6.63094E-01   1.26081E+00
 6.17500E+00   1.90214E+00   1.04176E+00   6.63426E-01   1.26193E+00
 6.22500E+00   1.90289E+00   1.04191E+00   6.63763E-01   1.26307E+00
 6.27500E+00   1.90366E+00   1.04205E+00   6.64106E-01   1.26423E+00
 6.32500E+00   1.90443E+00   1.04220E+00   6.64455E-01   1.26541E+00
 6.37500E+00   1.90521E+00   1.04234E+00   6.64809E-01   1.26660E+00
 6.42500E+00   1.90598E+00   1.04249E+00   6.65168E-01   1.26779E+00
 6.47500E+00   1.90674E+00   1.04263E+00   6.65532E-01   1.26900E+00
 6.52500E+00   1.90749E+00   1.04277E+00   6.65899E-01   1.27020E+00
 6.57500E+00   1.90823E+00   1.04291E+00   6.66270E-01   1.27139E+00
 6.62500E+00   1.90894E+00   1.04305E+00   6.66642E-01   1.27258E+00
 6.67500E+00   1.90963E+00   1.04319E+00   6.67015E-01   1.27375E+00
 6.72500E+00   1.91029E+00   1.04332E+00   6.67388E-01   1.27491E+00
 6.77500E+00   1.91092E+00   1.04345E+00   6.67759E-01   1.27604E+00
 6.82500E+00   1.91152E+00   1.04358E+00   6.68127E-01   1.27714E+00
 6.87500E+00   1.91208E+00   1.04371E+00   6.68489E-01   1.27820E+00
 6.92500E+00   1.91259E+00   1.04383E+00   6.68845E-01   1.27923E+00
 6.97500E+00   1.91306E+00   1.04395E+00   6.69191E-01   1.28021E+00
 7.02500E+00   1.91349E+00   1.04407E+00   6.69527E-01   1.28113E+00
 7.07500E+00   1.91387E+00   1.04418E+00   6.69849E-01   1.28201E+00
 7.12500E+00   1.91420E+00   1.04429E+00   6.70156E-01   1.28282E+00
 7.17500E+00   1.91448E+00   1.04439E+00   6.70446E-01   1.28356E+00
 7.22500E+00   1.91471E+00   1.04450E+00   6.70715E-01   1.28423E+00
 7.27500E+00   1.91489E+00   1.04459E+00   6.70962E-01   1.28482E+00
 7.32500E+00   1.91501E+00   1.04468E+00   6.71185E-01   1.28533E+00
 7.37500E+00   1.91508E+00   1.04477E+00   6.71381E-01   1.28575E+00
 7.42500E+00   1.91508E+00   1.04485E+00   6.71548E-01   1.28607E+00
 7.47500E+00   1.91504E+00   1.04493E+00   6.71685E-01   1.28630E+00
 7.52500E+00   1.91493E+00   1.04500E+00   6.71788E-01   1.28643E+00
 7.57500E+00   1.91477E+00   1.04506E+00   6.71858E-01   1.28645E+00
 7.62500E+00   1.91455E+00   1.04512E+00   6.71891E-01   1.28637E+00
 7.67500E+00   1.91427E+00   1.04518E+00   6.71888E-01   1.28618E+00
 7.72500E+00   1.91394E+00   1.04523E+00   6.71847E-01   1.28587E+00
 7.77500E+00   1.91354E+00   1.04527E+00   6.71766E-01   1.28545E+00
 7.82500E+00   1.91309E+00   1.04531E+00   6.71647E-01   1.28492E+00
 7.87500E+00   1.91257E+00   1.04535E+00   6.71489E-01   1.28427E+00
 7.92500E+00   1.91201E+00   1.04538E+00   6.71291E-01   1.28351E+00
 7.97500E+00   1.91138E+00   1.04541E+00   6.71055E-01   1.28264E+00
 8.02500E+00   1.91070E+00   1.04544E+00   6.70781E-01   1.28166E+00
 8.07500E+00   1.90996E+00   1.04546E+00   6.70471E-01   1.28057E+00
 8.12500E+00   1.90917E+00   1.04549E+00   6.70126E-01   1.27939E+00
 8.17500E+00   1.90833E+00   1.04551E+00   6.69749E-01   1.27810E+00
 8.22500E+00   1.90744E+00   1.04554E+00   6.69340E-01   1.27673E+00
 8.27500E+00   1.90650E+00   1.04557E+00   6.68903E-01   1.27526E+00
 8.32500E+00   1.90552E+00   1.04560E+00   6.68441E-01   1.27372E+00
 8.37500E+00   1.90449E+00   1.04563E+00   6.67955E-01   1.27211E+00
 8.42500E+00   1.90342E+00   1.04567E+00   6.67449E-01   1.27044E+00
 8.47500E+00   1.90232E+00   1.04572E+00   6.66926E-01   1.26870E+00
 8.52500E+00   1.90118E+00   1.04577E+00   6.66389E-01   1.26692E+00
 8.57500E+00   1.90001E+00   1.04584E+00   6.65841E-01   1.26510E+00
 8.62500E+00   1.89881E+00   1.04591E+00   6.65286E-01   1.26325E+00
 8.67500E+00   1.89758E+00   1.04600E+00   6.64727E-01   1.26137E+00
 8.72500E+00   1.89634E+00   1.04610E+00   6.64166E-01   1.25948E+00
 8.77500E+00   1.89507E+00   1.04622E+00   6.63608E-01   1.25758E+00
 8.82500E+00   1.89379E+00   1.04635E+00   6.63055E-01   1.25569E+00
 8.87500E+00   1.89250E+00   1.04650E+00   6.62509E-01   1.25380E+00
 8.92500E+00   1.89119E+00   1.04666E+00   6.61975E-01   1.25192E+00
 8.97500E+00   1.88988E+00   1.04685E+00   6.61453E-01   1.25007E+00
 9.02500E+00   1.88857E+00   1.04706E+00   6.60946E-01   1.24824E+00
 9.07500E+00   1.88726E+00   1.04729E+00   6.60456E-01   1.24645E+00
 9.12500E+00   1.88594E+00   1.04754E+00   6.59985E-01   1.24470E+00
 9.17500E+00   1.88464E+00   1.04782E+00   6.59535E-01   1.24298E+00
 9.22500E+00   1.88334E+00   1.04812E+00   6.59106E-01   1.24132E+00
 9.27500E+00   1.88205E+00   1.04845E+00   6.58700E-01   1.23971E+00
 9.32500E+00   1.88078E+00   1.04880E+00   6.58319E-01   1.23815E+00
 9.37500E+00   1.87952E+00   1.04918E+00   6.57961E-01   1.23665E+00
 9.42500E+00   1.87827E+00   1.04959E+00   6.57629E-01   1.23521E+00
 9.47500E+00   1.87705E+00   1.05003E+00   6.57323E-01   1.23383E+00
 9.52500E+00   1.87585E+00   1.05049E+00   6.57041E-01   1.23251E+00
 9.57500E+00   1.87467E+00   1.05099E+00   6.56785E-01   1.23125E+00
 9.62500E+00   1.87351E+00   1.05151E+00   6.56555E-01   1.23007E+00
 9.67500E+00   1.87239E+00   1.05207E+00   6.56350E-01   1.22894E+00
 9.72500E+00   1.87128E+00   1.05266E+00   6.56169E-01   1.22788E+00
 9.77500E+00   1.87021E+00   1.05328E+00   6.56012E-01   1.22688E+00
 9.82500E+00   1.86917E+00   1.05393E+00   6.55878E-01   1.22595E+00
 9.87500E+00   1.86815E+00   1.05461E+00   6.55767E-01   1.22507E+00
 9.92500E+00   1.86717E+00   1.05532E+00   6.55677E-01   1.22426E+00
 9.97500E+00   1.86622E+00   1.05607E+00   6.55609E-01   1.22351E+00
 1.00250E+01   1.86529E+00   1.05685E+00   6.55560E-01   1.22281E+00
 1.00750E+01   1.86440E+00   1.05766E+00   6.55530E-01   1.22217E+00
 1.01250E+01   1.86354E+00   1.05850E+00   6.55519E-01   1.22159E+00
 1.01750E+01   1.86271E+00   1.05937E+00   6.55524E-01   1.22105E+00
 1.02250E+01   1.86190E+00   1.06028E+00   6.55547E-01   1.22056E+00
 1.02750E+01   1.86112E+00   1.06122E+00   6.55584E-01   1.22012E+00
 1.03250E+01   1.86037E+00   1.06219E+00   6.55636E-01   1.21973E+00
 1.03750E+01   1.85964E+00   1.06319E+00   6.55702E-01   1.21937E+00
 1.04250E+01   1.85893E+00   1.06423E+00   6.55781E-01   1.21905E+00
 1.04750E+01   1.85823E+00   1.06529E+00   6.55872E-01   1.21876E+00
 1.05250E+01   1.85756E+00   1.06639E+00   6.55975E-01   1.21851E+00
 1.05750E+01   1.85690E+00   1.06752E+00   6.56087E-01   1.21829E+00
 1.06250E+01   1.85625E+00   1.06868E+00   6.56210E-01   1.21809E+00
 1.06750E+01   1.85560E+00   1.06986E+00   6.56341E-01   1.21791E+00
 1.07250E+01   1.85496E+00   1.07108E+00   6.56481E-01   1.21775E+00
 1.07750E+01   1.85432E+00   1.07233E+00   6.56629E-01   1.21760E+00
 1.08250E+01   1.85368E+00   1.07361E+00   6.56784E-01   1.21747E+00
 1.08750E+01   1.85303E+00   1.07491E+00   6.56947E-01   1.21734E+00
 1.09250E+01   1.85237E+00   1.07625E+00   6.57115E-01   1.21722E+00
 1.09750E+01   1.85170E+00   1.07761E+00   6.57290E-01   1.21710E+00
 1.10250E+01   1.85102E+00   1.07900E+00   6.57469E-01   1.21699E+00
 1.10750E+01   1.85031E+00   1.08041E+00   6.57654E-01   1.21686E+00
 1.11250E+01   1.84958E+00   1.08185E+00   6.57844E-01   1.21674E+00
 1.11750E+01   1.84883E+00   1.08331E+00   6.58038E-01   1.21660E+00
 1.12250E+01   1.84804E+00   1.08480E+00   6.58237E-01   1.21645E+00
 1.12750E+01   1.84723E+00   1.08631E+00   6.58440E-01   1.21629E+00
 1.13250E+01   1.84638E+00   1.08784E+00   6.58646E-01   1.21611E+00
 1.13750E+01   1.84550E+00   1.08939E+00   6.58856E-01   1.21592E+00
 1.14250E+01   1.84457E+00   1.09097E+00   6.59069E-01   1.21570E+00
 1.14750E+01   1.84361E+00   1.09256E+00   6.59286E-01   1.21547E+00
 1.15250E+01   1.84260E+00   1.09417E+00   6.59506E-01   1.21521E+00
 1.15750E+01   1.84155E+00   1.09580E+00   6.59729E-01   1.21493E+00
 1.16250E+01   1.84046E+00   1.09745E+00   6.59955E-01   1.21462E+00
 1.16750E+01   1.83932E+00   1.09911E+00   6.60184E-01   1.21429E+00
 1.17250E+01   1.83814E+00   1.10078E+00   6.60415E-01   1.21393E+00
 1.17750E+01   1.83691E+00   1.10247E+00   6.60649E-01   1.21355E+00
 1.18250E+01   1.83564E+00   1.10417E+00   6.60886E-01   1.21315E+00
 1.18750E+01   1.83432E+00   1.10588E+00   6.61125E-01   1.21272E+00
 1.19250E+01   1.83296E+00   1.10760E+00   6.61367E-01   1.21226E+00
 1.19750E+01   1.83156E+00   1.10933E+00   6.61611E-01   1.21178E+00
 1.20250E+01   1.83011E+00   1.11107E+00   6.61857E-01   1.21127E+00
 1.20750E+01   1.82862E+00   1.11281E+00   6.62105E-01   1.21074E+00
 1.21250E+01   1.82710E+00   1.11456E+00   6.62356E-01   1.21019E+00
 1.21750E+01   1.82554E+00   1.11631E+00   6.62608E-01   1.20962E+00
 1.22250E+01   1.82395E+00   1.11806E+00   6.62862E-01   1.20903E+00
 1.22750E+01   1.82232E+00   1.11981E+00   6.63118E-01   1.20841E+00
 1.23250E+01   1.82067E+00   1.12157E+00   6.63375E-01   1.20779E+00
 1.23750E+01   1.81899E+00   1.12332E+00   6.63633E-01   1.20714E+00
 1.24250E+01   1.81728E+00   1.12507E+00   6.63893E-01   1.20648E+00
 1.24750E+01   1.81555E+00   1.12681E+00   6.64153E-01   1.20581E+00
 1.25250E+01   1.81381E+00   1.12855E+00   6.64415E-01   1.20512E+00
 1.25750E+01   1.81205E+00   1.13028E+00   6.64676E-01   1.20443E+00
 1.26250E+01   1.81027E+00   1.13201E+00   6.64938E-01   1.20372E+00
 1.26750E+01   1.80849E+00   1.13372E+00   6.65199E-01   1.20301E+00
 1.27250E+01   1.80669E+00   1.13543E+00   6.65460E-01   1.20228E+00
 1.27750E+01   1.80490E+00   1.13712E+00   6.65720E-01   1.20156E+00
 1.28250E+01   1.80309E+00   1.13880E+00   6.65979E-01   1.20082E+00
 1.28750E+01   1.80129E+00   1.14047E+00   6.66235E-01   1.20008E+00
 1.29250E+01   1.79949E+00   1.14212E+00   6.66490E-01   1.19934E+00
 1.29750E+01   1.79769E+00   1.14375E+00   6.66741E-01   1.19860E+00
 1.30250E+01   1.79590E+00   1.14537E+00   6.66990E-01   1.19785E+00
 1.30750E+01   1.79412E+00   1.14697E+00   6.67234E-01   1.19709E+00
 1.31250E+01   1.79234E+00   1.14855E+00   6.67474E-01   1.19634E+00
 1.31750E+01   1.79058E+00   1.15011E+00   6.67708E-01   1.19558E+00
 1.32250E+01   1.78882E+00   1.15165E+00   6.67937E-01   1.19482E+00
 1.32750E+01   1.78709E+00   1.15317E+00   6.68158E-01   1.19406E+00
 1.33250E+01   1.78536E+00   1.15466E+00   6.68373E-01   1.19329E+00
 1.33750E+01   1.78365E+00   1.15613E+00   6.68580E-01   1.19251E+00
 1.34250E+01   1.78196E+00   1.15757E+00   6.68777E-01   1.19173E+00
 1.34750E+01   1.78028E+00   1.15898E+00   6.68965E-01   1.19095E+00
 1.35250E+01   1.77862E+00   1.16037E+00   6.69143E-01   1.19015E+00
 1.35750E+01   1.77698E+00   1.16174E+00   6.69309E-01   1.18935E+00
 1.36250E+01   1.77535E+00   1.16307E+00   6.69463E-01   1.18853E+00
 1.36750E+01   1.77375E+00   1.16438E+00   6.69605E-01   1.18771E+00
 1.37250E+01   1.77216E+00   1.16565E+00   6.69732E-01   1.18687E+00
 1.37750E+01   1.77058E+00   1.16690E+00   6.69846E-01   1.18602E+00
 1.38250E+01   1.76903E+00   1.16811E+00   6.69944E-01   1.18515E+00
 1.38750E+01   1.76749E+00   1.16929E+00   6.70026E-01   1.18426E+00
 1.39250E+01   1.76596E+00   1.17044E+00   6.70092E-01   1.18336E+00
 1.39750E+01   1.76446E+00   1.17156E+00   6.70140E-01   1.18243E+00
 1.40250E+01   1.76296E+00   1.17265E+00   6.70171E-01   1.18149E+00
 1.40750E+01   1.76149E+00   1.17371E+00   6.70183E-01   1.18052E+00
 1.41250E+01   1.76002E+00   1.17473E+00   6.70176E-01   1.17953E+00
 1.41750E+01   1.75858E+00   1.17572E+00   6.70150E-01   1.17851E+00
 1.42250E+01   1.75714E+00   1.17667E+00   6.70103E-01   1.17747E+00
 1.42750E+01   1.75572E+00   1.17759E+00   6.70037E-01   1.17639E+00
 1.43250E+01   1.75430E+00   1.17848E+00   6.69951E-01   1.17530E+00
 1.43750E+01   1.75291E+00   1.17934E+00   6.69843E-01   1.17417E+00
 1.44250E+01   1.75152E+00   1.18016E+00   6.69716E-01   1.17302E+00
 1.44750E+01   1.75014E+00   1.18095E+00   6.69567E-01   1.17184E+00
 1.45250E+01   1.74878E+00   1.18171E+00   6.69398E-01   1.17063E+00
 1.45750E+01   1.74742E+00   1.18244E+00   6.69209E-01   1.16939E+00
 1.46250E+01   1.74608E+00   1.18313E+00   6.69000E-01   1.16813E+00
 1.46750E+01   1.74475E+00   1.18379E+00   6.68771E-01   1.16684E+00
 1.47250E+01   1.74343E+00   1.18443E+00   6.68523E-01   1.16552E+00
 1.47750E+01   1.74213E+00   1.18503E+00   6.68256E-01   1.16419E+00
 1.48250E+01   1.74083E+00   1.18560E+00   6.67972E-01   1.16283E+00
 1.48750E+01   1.73955E+00   1.18614E+00   6.67671E-01   1.16145E+00
 1.49250E+01   1.73828E+00   1.18665E+00   6.67353E-01   1.16005E+00
 1.49750E+01   1.73702E+00   1.18714E+00   6.67020E-01   1.15863E+00
 1.50250E+01   1.73578E+00   1.18760E+00   6.66673E-01   1.15720E+00
 1.50750E+01   1.73456E+00   1.18803E+00   6.66312E-01   1.15576E+00
 1.51250E+01   1.73335E+00   1.18843E+00   6.65940E-01   1.15430E+00
 1.51750E+01   1.73215E+00   1.18881E+00   6.65556E-01   1.15285E+00
 1.52250E+01   1.73098E+00   1.18917E+00   6.65163E-01   1.15138E+00
 1.52750E+01   1.72982E+00   1.18950E+00   6.64761E-01   1.14992E+00
 1.53250E+01   1.72869E+00   1.18981E+00   6.64352E-01   1.14845E+00
 1.53750E+01   1.72757E+00   1.19010E+00   6.63937E-01   1.14700E+00
 1.54250E+01   1.72647E+00   1.19037E+00   6.63517E-01   1.14555E+00
 1.54750E+01   1.72540E+00   1.19062E+00   6.63094E-01   1.14410E+00
 1.55250E+01   1.72435E+00   1.19085E+00   6.62670E-01   1.14268E+00
 1.55750E+01   1.72333E+00   1.19107E+00   6.62244E-01   1.14127E+00
 1.56250E+01   1.72233E+00   1.19126E+00   6.61820E-01   1.13987E+00
 1.56750E+01   1.72136E+00   1.19144E+00   6.61397E-01   1.13850E+00
 1.57250E+01   1.72041E+00   1.19161E+00   6.60977E-01   1.13715E+00
 1.57750E+01   1.71949E+00   1.19176E+00   6.60562E-01   1.13583E+00
 1.58250E+01   1.71861E+00   1.19190E+00   6.60152E-01   1.13454E+00
 1.58750E+01   1.71775E+00   1.19203E+00   6.59748E-01   1.13328E+00
 1.59250E+01   1.71692E+00   1.19214E+00   6.59353E-01   1.13205E+00
 1.59750E+01   1.71612E+00   1.19224E+00   6.58966E-01   1.13086E+00
 1.60250E+01   1.71535E+00   1.19234E+00   6.58588E-01   1.12971E+00
 1.60750E+01   1.71461E+00   1.19242E+00   6.58222E-01   1.12860E+00
 1.61250E+01   1.71391E+00   1.19250E+00   6.57866E-01   1.12752E+00
 1.61750E+01   1.71323E+00   1.19257E+00   6.57522E-01   1.12649E+00
 1.62250E+01   1.71259E+00   1.19263E+00   6.57191E-01   1.12550E+00
 1.62750E+01   1.71198E+00   1.19269E+00   6.56873E-01   1.12455E+00
 1.63250E+01   1.71140E+00   1.19274E+00   6.56569E-01   1.12365E+00
 1.63750E+01   1.71085E+00   1.19278E+00   6.56278E-01   1.12280E+00
 1.64250E+01   1.71034E+00   1.19282E+00   6.56002E-01   1.12198E+00
 1.64750E+01   1.70985E+00   1.19286E+00   6.55740E-01   1.12122E+00
 1.65250E+01   1.70940E+00   1.19289E+00   6.55494E-01   1.12050E+00
 1.65750E+01   1.70897E+00   1.19292E+00   6.55262E-01   1.11983E+00
 1.66250E+01   1.70858E+00   1.19294E+00   6.55045E-01   1.11920E+00
 1.66750E+01   1.70821E+00   1.19297E+00   6.54843E-01   1.11861E+00
 1.67250E+01   1.70788E+00   1.19299E+00   6.54656E-01   1.11807E+00
 1.67750E+01   1.70757E+00   1.19301E+00   6.54484E-01   1.11758E+00
 1.68250E+01   1.70728E+00   1.19303E+00   6.54327E-01   1.11712E+00
 1.68750E+01   1.70703E+00   1.19305E+00   6.54185E-01   1.11671E+00
 1.69250E+01   1.70680E+00   1.19306E+00   6.54056E-01   1.11634E+00
 1.69750E+01   1.70660E+00   1.19308E+00   6.53942E-01   1.11601E+00
 1.70250E+01   1.70641E+00   1.19309E+00   6.53842E-01   1.11573E+00
 1.70750E+01   1.70626E+00   1.19311E+00   6.53755E-01   1.11548E+00
 1.71250E+01   1.70612E+00   1.19312E+00   6.53682E-01   1.11526E+00
 1.71750E+01   1.70601E+00   1.19314E+00   6.53621E-01   1.11509E+00
 1.72250E+01   1.70592E+00   1.19315E+00   6.53573E-01   1.11494E+00
 1.72750E+01   1.70585E+00   1.19317E+00   6.53538E-01   1.11484E+00
 1.73250E+01   1.70580E+00   1.19319E+00   6.53514E-01   1.11476E+00
 1.73750E+01   1.70577E+00   1.19320E+00   6.53502E-01   1.11472E+00
 1.74250E+01   1.70575E+00   1.19322E+00   6.53501E-01   1.11471E+00
 1.74750E+01   1.70576E+00   1.19324E+00   6.53511E-01   1.11473E+00
 1.75250E+01   1.70578E+00   1.19326E+00   6.53532E-01   1.11478E+00
 1.75750E+01   1.70581E+00   1.19328E+00   6.53562E-01   1.11486E+00
 1.76250E+01   1.70587E+00   1.19330E+00   6.53603E-01   1.11496E+00
 1.76750E+01   1.70593E+00   1.19332E+00   6.53653E-01   1.11509E+00
 1.77250E+01   1.70601E+00   1.19335E+00   6.53712E-01   1.11524E+00
 1.77750E+01   1.70611E+00   1.19337E+00   6.53780E-01   1.11542E+00
 1.78250E+01   1.70621E+00   1.19340E+00   6.53856E-01   1.11562E+00
 1.78750E+01   1.70633E+00   1.19342E+00   6.53940E-01   1.11584E+00
 1.79250E+01   1.70646E+00   1.19345E+00   6.54033E-01   1.11608E+00
 1.79750E+01   1.70660E+00   1.19348E+00   6.54132E-01   1.11634E+00
 1.80250E+01   1.70676E+00   1.19351E+00   6.54239E-01   1.11663E+00
 1.80750E+01   1.70692E+00   1.19354E+00   6.54352E-01   1.11693E+00
 1.81250E+01   1.70709E+00   1.19358E+00   6.54473E-01   1.11724E+00
 1.81750E+01   1.70727E+00   1.19361E+00   6.54599E-01   1.11758E+00
 1.82250E+01   1.70746E+00   1.19365E+00   6.54732E-01   1.11793E+00
 1.82750E+01   1.70766E+00   1.19368E+00   6.54871E-01   1.11830E+00
 1.83250E+01   1.70786E+00   1.19372E+00   6.55015E-01   1.11868E+00
 1.83750E+01   1.70808E+00   1.19376E+00   6.55164E-01   1.11907E+00
 1.84250E+01   1.70830E+00   1.19380E+00   6.55319E-01   1.11948E+00
 1.84750E+01   1.70853E+00   1.19384E+00   6.55478E-01   1.11990E+00
 1.85250E+01   1.70876E+00   1.19388E+00   6.55643E-01   1.12034E+00
 1.85750E+01   1.70900E+00   1.19393E+00   6.55811E-01   1.12078E+00
 1.86250E+01   1.70924E+00   1.19397E+00   6.55984E-01   1.12124E+00
 1.86750E+01   1.70949E+00   1.19402E+00   6.56161E-01   1.12170E+00
 1.87250E+01   1.70975E+00   1.19407E+00   6.56341E-01   1.12218E+00
 1.87750E+01   1.71001E+00   1.19412E+00   6.56525E-01   1.12266E+00
 1.88250E+01   1.71027E+00   1.19416E+00   6.56712E-01   1.12315E+00
 1.88750E+01   1.71054E+00   1.19422E+00   6.56902E-01   1.12365E+00
 1.89250E+01   1.71081E+00   1.19427E+00   6.57095E-01   1.12416E+00
 1.89750E+01   1.71108E+00   1.19432E+00   6.57290E-01   1.12467E+00
 1.90250E+01   1.71135E+00   1.19437E+00   6.57487E-01   1.12519E+00
 1.90750E+01   1.71163E+00   1.19443E+00   6.57687E-01   1.12572E+00
 1.91250E+01   1.71191E+00   1.19448E+00   6.57888E-01   1.12624E+00
 1.91750E+01   1.71219E+00   1.19454E+00   6.58090E-01   1.12678E+00
 1.92250E+01   1.71247E+00   1.19459E+00   6.58294E-01   1.12731E+00
 1.92750E+01   1.71275E+00   1.19465E+00   6.58498E-01   1.12784E+00
 1.93250E+01   1.71303E+00   1.19471E+00   6.58703E-01   1.12838E+00
 1.93750E+01   1.71331E+00   1.19477E+00   6.58908E-01   1.12892E+00
 1.94250E+01   1.71359E+00   1.19482E+00   6.59113E-01   1.12945E+00
 1.94750E+01   1.71387E+00   1.19488E+00   6.59318E-01   1.12999E+00
 1.95250E+01   1.71415E+00   1.19494E+00   6.59521E-01   1.13052E+00
 1.95750E+01   1.71442E+00   1.19500E+00   6.59723E-01   1.13104E+00
 1.96250E+01   1.71469E+00   1.19506E+00   6.59923E-01   1.13157E+00
 1.96750E+01   1.71496E+00   1.19512E+00   6.60122E-01   1.13208E+00
 1.97250E+01   1.71522E+00   1.19518E+00   6.60317E-01   1.13259E+00
 1.97750E+01   1.71548E+00   1.19523E+00   6.60510E-01   1.13309E+00
 1.98250E+01   1.71573E+00   1.19529E+00   6.60700E-01   1.13358E+00
 1.98750E+01   1.71597E+00   1.19535E+00   6.60885E-01   1.13406E+00
 1.99250E+01   1.71621E+00   1.19541E+00   6.61067E-01   1.13453E+00
 1.99750E+01   1.71644E+00   1.19546E+00   6.61243E-01   1.13499E+00
 2.00250E+01   1.71666E+00   1.19552E+00   6.61415E-01   1.13543E+00
 2.00750E+01   1.71688E+00   1.19557E+00   6.61580E-01   1.13585E+00
 2.01250E+01   1.71708E+00   1.19563E+00   6.61739E-01   1.13626E+00
 2.01750E+01   1.71727E+00   1.19568E+00   6.61892E-01   1.13665E+00
 2.02250E+01   1.71745E+00   1.19573E+00   6.62038E-01   1.13702E+00
 2.02750E+01   1.71762E+00   1.19578E+00   6.62175E-01   1.13737E+00
 2.03250E+01   1.71778E+00   1.19582E+00   6.62305E-01   1.13769E+00
 2.03750E+01   1.71792E+00   1.19587E+00   6.62426E-01   1.13800E+00
 2.04250E+01   1.71806E+00   1.19591E+00   6.62537E-01   1.13828E+00
 2.04750E+01   1.71817E+00   1.19595E+00   6.62639E-01   1.13853E+00
 2.05250E+01   1.71827E+00   1.19599E+00   6.62731E-01   1.13875E+00
 2.05750E+01   1.71836E+00   1.19603E+00   6.62813E-01   1.13895E+00
 2.06250E+01   1.71843E+00   1.19606E+00   6.62883E-01   1.13912E+00
 2.06750E+01   1.71848E+00   1.19609E+00   6.62943E-01   1.13925E+00
 2.07250E+01   1.71852E+00   1.19612E+00   6.62990E-01   1.13936E+00
 2.07750E+01   1.71853E+00   1.19615E+00   6.63025E-01   1.13943E+00
 2.08250E+01   1.71853E+00   1.19617E+00   6.63048E-01   1.13947E+00
 2.08750E+01   1.71851E+00   1.19619E+00   6.63058E-01   1.13947E+00
 2.09250E+01   1.71848E+00   1.19621E+00   6.63055E-01   1.13944E+00
 2.09750E+01   1.71842E+00   1.19622E+00   6.63039E-01   1.13938E+00
 2.10250E+01   1.71834E+00   1.19623E+00   6.63009E-01   1.13928E+00
 2.10750E+01   1.71824E+00   1.19624E+00   6.62965E-01   1.13914E+00
 2.11250E+01   1.71813E+00   1.19624E+00   6.62907E-01   1.13896E+00
 2.11750E+01   1.71799E+00   1.19624E+00   6.62836E-01   1.13874E+00
 2.12250E+01   1.71783E+00   1.19624E+00   6.62750E-01   1.13849E+00
 2.12750E+01   1.71766E+00   1.19623E+00   6.62650E-01   1.13821E+00
 2.13250E+01   1.71746E+00   1.19622E+00   6.62537E-01   1.13788E+00
 2.13750E+01   1.71724E+00   1.19621E+00   6.62409E-01   1.13752E+00
 2.14250E+01   1.71701E+00   1.19619E+00   6.62268E-01   1.13712E+00
 2.14750E+01   1.71675E+00   1.19617E+00   6.62112E-01   1.13668E+00
 2.15250E+01   1.71648E+00   1.19615E+00   6.61944E-01   1.13621E+00
 2.15750E+01   1.71619E+00   1.19612E+00   6.61762E-01   1.13571E+00
 2.16250E+01   1.71588E+00   1.19609E+00   6.61568E-01   1.13517E+00
 2.16750E+01   1.71555E+00   1.19606E+00   6.61362E-01   1.13460E+00
 2.17250E+01   1.71521E+00   1.19602E+00   6.61143E-01   1.13400E+00
 2.17750E+01   1.71485E+00   1.19598E+00   6.60913E-01   1.13336E+00
 2.18250E+01   1.71447E+00   1.19594E+00   6.60672E-01   1.13270E+00
 2.18750E+01   1.71408E+00   1.19589E+00   6.60420E-01   1.13202E+00
 2.19250E+01   1.71368E+00   1.19584E+00   6.60159E-01   1.13130E+00
 2.19750E+01   1.71327E+00   1.19579E+00   6.59888E-01   1.13057E+00
 2.20250E+01   1.71284E+00   1.19574E+00   6.59609E-01   1.12981E+00
 2.20750E+01   1.71241E+00   1.19569E+00   6.59322E-01   1.12903E+00
 2.21250E+01   1.71196E+00   1.19563E+00   6.59028E-01   1.12823E+00
 2.21750E+01   1.71151E+00   1.19557E+00   6.58727E-01   1.12742E+00
 2.22250E+01   1.71105E+00   1.19551E+00   6.58421E-01   1.12659E+00
 2.22750E+01   1.71058E+00   1.19545E+00   6.58110E-01   1.12575E+00
 2.23250E+01   1.71011E+00   1.19539E+00   6.57795E-01   1.12490E+00
 2.23750E+01   1.70963E+00   1.19532E+00   6.57476E-01   1.12404E+00
 2.24250E+01   1.70915E+00   1.19526E+00   6.57155E-01   1.12318E+00
 2.24750E+01   1.70867E+00   1.19519E+00   6.56832E-01   1.12231E+00
 2.25250E+01   1.70819E+00   1.19513E+00   6.56508E-01   1.12144E+00
 2.25750E+01   1.70771E+00   1.19506E+00   6.56184E-01   1.12057E+00
 2.26250E+01   1.70723E+00   1.19500E+00   6.55860E-01   1.11970E+00
 2.26750E+01   1.70675E+00   1.19493E+00   6.55538E-01   1.11884E+00
 2.27250E+01   1.70627E+00   1.19487E+00   6.55218E-01   1.11798E+00
 2.27750E+01   1.70580E+00   1.19481E+00   6.54901E-01   1.11713E+00
 2.28250E+01   1.70534E+00   1.19474E+00   6.54588E-01   1.11629E+00
 2.28750E+01   1.70488E+00   1.19468E+00   6.54278E-01   1.11547E+00
 2.29250E+01   1.70443E+00   1.19462E+00   6.53974E-01   1.11465E+00
 2.29750E+01   1.70399E+00   1.19457E+00   6.53675E-01   1.11386E+00
 2.30250E+01   1.70356E+00   1.19451E+00   6.53383E-01   1.11307E+00
 2.30750E+01   1.70313E+00   1.19445E+00   6.53097E-01   1.11231E+00
 2.31250E+01   1.70272E+00   1.19440E+00   6.52818E-01   1.11157E+00
 2.31750E+01   1.70232E+00   1.19435E+00   6.52546E-01   1.11084E+00
 2.32250E+01   1.70193E+00   1.19430E+00   6.52284E-01   1.11014E+00
 2.32750E+01   1.70155E+00   1.19425E+00   6.52029E-01   1.10946E+00
 2.33250E+01   1.70118E+00   1.19421E+00   6.51784E-01   1.10881E+00
 2.33750E+01   1.70083E+00   1.19417E+00   6.51549E-01   1.10817E+00
 2.34250E+01   1.70049E+00   1.19413E+00   6.51323E-01   1.10757E+00
 2.34750E+01   1.70017E+00   1.19409E+00   6.51107E-01   1.10699E+00
 2.35250E+01   1.69986E+00   1.19406E+00   6.50901E-01   1.10644E+00
 2.35750E+01   1.69956E+00   1.19403E+00   6.50706E-01   1.10592E+00
 2.36250E+01   1.69928E+00   1.19400E+00   6.50521E-01   1.10542E+00
 2.36750E+01   1.69902E+00   1.19398E+00   6.50348E-01   1.10495E+00
 2.37250E+01   1.69877E+00   1.19396E+00   6.50185E-01   1.10451E+00
 2.37750E+01   1.69853E+00   1.19394E+00   6.50033E-01   1.10410E+00
 2.38250E+01   1.69831E+00   1.19392E+00   6.49893E-01   1.10372E+00
 2.38750E+01   1.69811E+00   1.19391E+00   6.49764E-01   1.10337E+00
 2.39250E+01   1.69792E+00   1.19390E+00   6.49645E-01   1.10304E+00
 2.39750E+01   1.69774E+00   1.19389E+00   6.49538E-01   1.10275E+00
 2.40250E+01   1.69758E+00   1.19389E+00   6.49442E-01   1.10248E+00
 2.40750E+01   1.69744E+00   1.19389E+00   6.49357E-01   1.10225E+00
 2.41250E+01   1.69731E+00   1.19389E+00   6.49283E-01   1.10204E+00
 2.41750E+01   1.69720E+00   1.19390E+00   6.49220E-01   1.10186E+00
 2.42250E+01   1.69710E+00   1.19391E+00   6.49168E-01   1.10170E+00
 2.42750E+01   1.69701E+00   1.19392E+00   6.49127E-01   1.10158E+00
 2.43250E+01   1.69694E+00   1.19393E+00   6.49096E-01   1.10148E+00
 2.43750E+01   1.69689E+00   1.19395E+00   6.49075E-01   1.10141E+00
 2.44250E+01   1.69685E+00   1.19397E+00   6.49064E-01   1.10136E+00
 2.44750E+01   1.69682E+00   1.19400E+00   6.49063E-01   1.10134E+00
 2.45250E+01   1.69680E+00   1.19402E+00   6.49072E-01   1.10135E+00
 2.45750E+01   1.69680E+00   1.19405E+00   6.49091E-01   1.10138E+00
 2.46250E+01   1.69681E+00   1.19408E+00   6.49119E-01   1.10143E+00
 2.46750E+01   1.69683E+00   1.19411E+00   6.49156E-01   1.10151E+00
 2.47250E+01   1.69686E+00   1.19415E+00   6.49201E-01   1.10161E+00
 2.47750E+01   1.69691E+00   1.19419E+00   6.49255E-01   1.10173E+00
 2.48250E+01   1.69697E+00   1.19423E+00   6.49317E-01   1.10187E+00
 2.48750E+01   1.69703E+00   1.19427E+00   6.49386E-01   1.10203E+00
 2.49250E+01   1.69711E+00   1.19431E+00   6.49463E-01   1.10221E+00
 2.49750E+01   1.69720E+00   1.19436E+00   6.49547E-01   1.10241E+00
 2.50250E+01   1.69729E+00   1.19441E+00   6.49638E-01   1.10262E+00
 2.50750E+01   1.69739E+00   1.19446E+00   6.49735E-01   1.10286E+00
 2.51250E+01   1.69750E+00   1.19451E+00   6.49838E-01   1.10310E+00
 2.51750E+01   1.69762E+00   1.19456E+00   6.49946E-01   1.10336E+00
 2.52250E+01   1.69775E+00   1.19462E+00   6.50058E-01   1.10363E+00
 2.52750E+01   1.69788E+00   1.19467E+00   6.50175E-01   1.10392E+00
 2.53250E+01   1.69801E+00   1.19473E+00   6.50296E-01   1.10421E+00
 2.53750E+01   1.69815E+00   1.19478E+00   6.50420E-01   1.10451E+00
 2.54250E+01   1.69829E+00   1.19484E+00   6.50547E-01   1.10482E+00
 2.54750E+01   1.69844E+00   1.19490E+00   6.50676E-01   1.10513E+00
 2.55250E+01   1.69858E+00   1.19496E+00   6.50806E-01   1.10545E+00
 2.55750E+01   1.69873E+00   1.19502E+00   6.50936E-01   1.10576E+00
 2.56250E+01   1.69887E+00   1.19508E+00   6.51067E-01   1.10608E+00
 2.56750E+01   1.69902E+00   1.19513E+00   6.51196E-01   1.10639E+00
 2.57250E+01   1.69916E+00   1.19519E+00   6.51323E-01   1.10670E+00
 2.57750E+01   1.69929E+00   1.19525E+00   6.51447E-01   1.10700E+00
 2.58250E+01   1.69942E+00   1.19531E+00   6.51567E-01   1.10729E+00
 2.58750E+01   1.69954E+00   1.19536E+00   6.51682E-01   1.10756E+00
 2.59250E+01   1.69965E+00   1.19542E+00   6.51790E-01   1.10782E+00
 2.59750E+01   1.69975E+00   1.19547E+00   6.51890E-01   1.10805E+00
 2.60250E+01   1.69983E+00   1.19552E+00   6.51980E-01   1.10825E+00
 2.60750E+01   1.69989E+00   1.19556E+00   6.52058E-01   1.10843E+00
 2.61250E+01   1.69993E+00   1.19560E+00   6.52121E-01   1.10856E+00
 2.61750E+01   1.69995E+00   1.19564E+00   6.52168E-01   1.10865E+00
 2.62250E+01   1.69993E+00   1.19568E+00   6.52194E-01   1.10869E+00
 2.62750E+01   1.69988E+00   1.19570E+00   6.52196E-01   1.10865E+00
 2.63250E+01   1.69978E+00   1.19573E+00   6.52169E-01   1.10854E+00
 2.63750E+01   1.69963E+00   1.19574E+00   6.52108E-01   1.10834E+00
 2.64250E+01   1.69942E+00   1.19574E+00   6.52006E-01   1.10803E+00
 2.64750E+01   1.69913E+00   1.19574E+00   6.51855E-01   1.10758E+00
 2.65250E+01   1.69874E+00   1.19571E+00   6.51645E-01   1.10698E+00
 2.65750E+01   1.69825E+00   1.19568E+00   6.51365E-01   1.10618E+00
 2.66250E+01   1.69762E+00   1.19562E+00   6.50999E-01   1.10515E+00
 2.66750E+01   1.69684E+00   1.19554E+00   6.50530E-01   1.10384E+00
 2.67250E+01   1.69585E+00   1.19543E+00   6.49935E-01   1.10219E+00
 2.67750E+01   1.69463E+00   1.19529E+00   6.49189E-01   1.10013E+00
 2.68250E+01   1.69312E+00   1.19511E+00   6.48257E-01   1.09758E+00
 2.68750E+01   1.69125E+00   1.19488E+00   6.47099E-01   1.09441E+00
 2.69250E+01   1.68895E+00   1.19458E+00   6.45667E-01   1.09050E+00
 2.69750E+01   1.68613E+00   1.19421E+00   6.43898E-01   1.08570E+00
 2.70250E+01   1.68267E+00   1.19375E+00   6.41721E-01   1.07981E+00
 2.70750E+01   1.67845E+00   1.19318E+00   6.39046E-01   1.07260E+00
 2.71250E+01   1.67329E+00   1.19248E+00   6.35767E-01   1.06382E+00
 2.71750E+01   1.66702E+00   1.19161E+00   6.31758E-01   1.05315E+00
 2.72250E+01   1.65943E+00   1.19053E+00   6.26869E-01   1.04024E+00
 2.72750E+01   1.65026E+00   1.18922E+00   6.20928E-01   1.02469E+00
 2.73250E+01   1.63926E+00   1.18762E+00   6.13737E-01   1.00607E+00
 2.73750E+01   1.62615E+00   1.18566E+00   6.05073E-01   9.83941E-01
 2.74250E+01   1.61064E+00   1.18329E+00   5.94699E-01   9.57848E-01
 2.74750E+01   1.59248E+00   1.18044E+00   5.82364E-01   9.27402E-01
 2.75250E+01   1.57144E+00   1.17703E+00   5.67823E-01   8.92298E-01
 2.75750E+01   1.54738E+00   1.17297E+00   5.50854E-01   8.52381E-01
 2.76250E+01   1.52029E+00   1.16820E+00   5.31284E-01   8.07708E-01
 2.76750E+01   1.49031E+00   1.16265E+00   5.09019E-01   7.58597E-01
 2.77250E+01   1.45775E+00   1.15628E+00   4.84073E-01   7.05659E-01
 2.77750E+01   1.42311E+00   1.14907E+00   4.56599E-01   6.49792E-01
 2.78250E+01   1.38706E+00   1.14106E+00   4.26899E-01   5.92134E-01
 2.78750E+01   1.35037E+00   1.13232E+00   3.95424E-01   5.33969E-01
 2.79250E+01   1.31388E+00   1.12297E+00   3.62753E-01   4.76616E-01
 2.79750E+01   1.27840E+00   1.11319E+00   3.29552E-01   4.21300E-01
 2.80250E+01   1.24462E+00   1.10317E+00   2.96518E-01   3.69053E-01
 2.80750E+01   1.21310E+00   1.09313E+00   2.64320E-01   3.20648E-01
 2.81250E+01   1.18422E+00   1.08329E+00   2.33547E-01   2.76572E-01
 2.81750E+01   1.15818E+00   1.07382E+00   2.04672E-01   2.37048E-01
 2.82250E+01   1.13503E+00   1.06489E+00   1.78031E-01   2.02070E-01
 2.82750E+01   1.11469E+00   1.05661E+00   1.53821E-01   1.71463E-01
 2.83250E+01   1.09701E+00   1.04905E+00   1.32117E-01   1.44934E-01
 2.83750E+01   1.08176E+00   1.04225E+00   1.12889E-01   1.22119E-01
 2.84250E+01   1.06871E+00   1.03619E+00   9.60293E-02   1.02627E-01
 2.84750E+01   1.05760E+00   1.03085E+00   8.13758E-02   8.60627E-02
 2.85250E+01   1.04818E+00   1.02620E+00   6.87355E-02   7.20472E-02
 2.85750E+01   1.04023E+00   1.02216E+00   5.79010E-02   6.02307E-02
 2.86250E+01   1.03355E+00   1.01869E+00   4.86640E-02   5.02966E-02
 2.86750E+01   1.02794E+00   1.01573E+00   4.08240E-02   4.19645E-02
 2.87250E+01   1.02324E+00   1.01320E+00   3.41944E-02   3.49890E-02
 2.87750E+01   1.01930E+00   1.01106E+00   2.86056E-02   2.91578E-02
 2.88250E+01   1.01602E+00   1.00924E+00   2.39060E-02   2.42890E-02
 2.88750E+01   1.01328E+00   1.00772E+00   1.99625E-02   2.02276E-02
 2.89250E+01   1.01099E+00   1.00643E+00   1.66590E-02   1.68421E-02
 2.89750E+01   1.00909E+00   1.00535E+00   1.38953E-02   1.40216E-02
 2.90250E+01   1.00750E+00   1.00445E+00   1.15860E-02   1.16729E-02
 2.90750E+01   1.00618E+00   1.00369E+00   9.65801E-03   9.71771E-03
 2.91250E+01   1.00508E+00   1.00306E+00   8.04967E-03   8.09058E-03
 2.91750E+01   1.00417E+00   1.00253E+00   6.70872E-03   6.73667E-03
 2.92250E+01   1.00340E+00   1.00209E+00   5.59119E-03   5.61023E-03
 2.92750E+01   1.00277E+00   1.00173E+00   4.66021E-03   4.67312E-03
 2.93250E+01   1.00224E+00   1.00142E+00   3.88479E-03   3.89350E-03
 2.93750E+01   1.00180E+00   1.00117E+00   3.23913E-03   3.24498E-03
 2.94250E+01   1.00144E+00   1.00095E+00   2.70159E-03   2.70548E-03
 2.94750E+01   1.00113E+00   1.00078E+00   2.25400E-03   2.25656E-03
 2.95250E+01   1.00088E+00   1.00063E+00   1.88143E-03   1.88309E-03
 2.95750E+01   1.00067E+00   1.00051E+00   1.57138E-03   1.57244E-03
 2.96250E+01   1.00050E+00   1.00040E+00   1.31328E-03   1.31393E-03
 2.96750E+01   1.00035E+00   1.00032E+00   1.09844E-03   1.09882E-03
 2.97250E+01   1.00023E+00   1.00025E+00   9.19608E-04   9.19819E-04
 2.97750E+01   1.00013E+00   1.00019E+00   7.70706E-04   7.70804E-04
 2.98250E+01   1.00004E+00   1.00014E+00   6.46792E-04   6.46820E-04
 2.98750E+01   9.99974E-01   1.00010E+00   5.43660E-04   5.43645E-04
 2.99250E+01   9.99915E-01   1.00006E+00   4.57738E-04   4.57700E-04
 2.99750E+01   9.99866E-01   1.00004E+00   3.86120E-04   3.86068E-04
 3.00250E+01   9.99825E-01   1.00001E+00   3.26397E-04   3.26340E-04
 3.00750E+01   9.99791E-01   9.99993E-01   2.76627E-04   2.76569E-04
 3.01250E+01   9.99762E-01   9.99977E-01   2.35148E-04   2.35092E-04
 3.01750E+01   9.99738E-01   9.99963E-01   2.00522E-04   2.00470E-04
 3.02250E+01   9.99718E-01   9.99952E-01   1.71627E-04   1.71578E-04
 3.02750E+01   9.99701E-01   9.99942E-01   1.47506E-04   1.47462E-04
 3.03250E+01   9.99687E-01   9.99934E-01   1.27353E-04   1.27313E-04
 3.03750E+01   9.99675E-01   9.99928E-01   1.10522E-04   1.10486E-04
 3.04250E+01   9.99665E-01   9.99923E-01   9.64509E-05   9.64185E-05
 3.04750E+01   9.99656E-01   9.99918E-01   8.46614E-05   8.46323E-05
 3.05250E+01   9.99649E-01   9.99914E-01   7.47847E-05   7.47585E-05
 3.05750E+01   9.99643E-01   9.99911E-01   6.64937E-05   6.64700E-05
 3.06250E+01   9.99638E-01   9.99908E-01   5.95360E-05   5.95145E-05
 3.06750E+01   9.99634E-01   9.99906E-01   5.36889E-05   5.36693E-05
 3.07250E+01   9.99630E-01   9.99904E-01   4.87684E-05   4.87503E-05
 3.07750E+01   9.99627E-01   9.99903E-01   4.46447E-05   4.46280E-05
 3.08250E+01   9.99624E-01   9.99901E-01   4.11591E-05   4.11436E-05
 3.08750E+01   9.99622E-01   9.99900E-01   3.81957E-05   3.81813E-05
 3.09250E+01   9.99619E-01   9.99899E-01   3.56746E-05   3.56610E-05
 3.09750E+01   9.99617E-01   9.99899E-01   3.35004E-05   3.34875E-05
 3.10250E+01   9.99616E-01   9.99898E-01   3.16348E-05   3.16227E-05
 3.10750E+01   9.99614E-01   9.99897E-01   3.00796E-05   3.00680E-05
 3.11250E+01   9.99613E-01   9.99897E-01   2.87585E-05   2.87474E-05
 3.11750E+01   9.99611E-01   9.99897E-01   2.75879E-05   2.75772E-05
 3.12250E+01   9.99610E-01   9.99896E-01   2.65206E-05   2.65102E-05
 3.12750E+01   9.99609E-01   9.99896E-01   2.55393E-05   2.55293E-05
 3.13250E+01   9.99607E-01   9.99896E-01   2.46410E-05   2.46313E-05
 3.13750E+01   9.99606E-01   9.99896E-01   2.37768E-05   2.37674E-05
 3.14250E+01   9.99605E-01   9.99896E-01   2.29325E-05   2.29235E-05
 3.14750E+01   9.99604E-01   9.99895E-01   2.21818E-05   2.21730E-05
 3.15250E+01   9.99603E-01   9.99895E-01   2.15480E-05   2.15395E-05
 3.15750E+01   9.99602E-01   9.99895E-01   2.10272E-05   2.10188E-05
 3.16250E+01   9.99601E-01   9.99895E-01   2.06371E-05   2.06288E-05
 3.16750E+01   9.99601E-01   9.99895E-01   2.03566E-05   2.03485E-05
 3.17250E+01   9.99600E-01   9.99895E-01   2.01579E-05   2.01499E-05
 3.17750E+01   9.99600E-01   9.99895E-01   2.00703E-05   2.00623E-05
 3.18250E+01   9.99600E-01   9.99895E-01   2.01109E-05   2.01029E-05
 3.18750E+01   9.99599E-01   9.99894E-01   2.02274E-05   2.02193E-05
 3.19250E+01   9.99599E-01   9.99895E-01   2.03897E-05   2.03816E-05
 3.19750E+01   9.99599E-01   9.99895E-01   2.06091E-05   2.06008E-05
 3.20250E+01   9.99599E-01   9.99895E-01   2.08681E-05   2.08597E-05
 3.20750E+01   9.99599E-01   9.99895E-01   2.11483E-05   2.11398E-05
 3.21250E+01   9.99599E-01   9.99895E-01   2.14337E-05   2.14251E-05
 3.21750E+01   9.99598E-01   9.99895E-01   2.17187E-05   2.17100E-05
 3.22250E+01   9.99598E-01   9.99895E-01   2.19993E-05   2.19904E-05
 3.22750E+01   9.99598E-01   9.99895E-01   2.22859E-05   2.22769E-05
 3.23250E+01   9.99598E-01   9.99895E-01   2.25827E-05   2.25737E-05
 3.23750E+01   9.99598E-01   9.99895E-01   2.28546E-05   2.28454E-05
 3.24250E+01   9.99598E-01   9.99895E-01   2.31092E-05   2.30999E-05
 3.24750E+01   9.99597E-01   9.99895E-01   2.33261E-05   2.33167E-05
 3.25250E+01   9.99597E-01   9.99895E-01   2.35143E-05   2.35048E-05
 3.25750E+01   9.99597E-01   9.99895E-01   2.37143E-05   2.37048E-05
 3.26250E+01   9.99597E-01   9.99895E-01   2.38533E-05   2.38437E-05
 3.26750E+01   9.99597E-01   9.99895E-01   2.38636E-05   2.38539E-05
 3.27250E+01   9.99597E-01   9.99895E-01   2.37652E-05   2.37557E-05
 3.27750E+01   9.99597E-01   9.99895E-01   2.36042E-05   2.35947E-05
 3.28250E+01   9.99597E-01   9.99895E-01   2.34145E-05   2.34051E-05
 3.28750E+01   9.99597E-01   9.99895E-01   2.32131E-05   2.32038E-05
 3.29250E+01   9.99598E-01   9.99895E-01   2.30081E-05   2.29989E-05
 3.29750E+01   9.99598E-01   9.99895E-01   2.28133E-05   2.28041E-05
 3.30250E+01   9.99598E-01   9.99895E-01   2.26243E-05   2.26152E-05
 3.30750E+01   9.99598E-01   9.99895E-01   2.24256E-05   2.24166E-05
 3.31250E+01   9.99599E-01   9.99895E-01   2.22332E-05   2.22242E-05
 3.31750E+01   9.99599E-01   9.99895E-01   2.20327E-05   2.20239E-05
 3.32250E+01   9.99600E-01   9.99895E-01   2.18137E-05   2.18050E-05
 3.32750E+01   9.99600E-01   9.99895E-01   2.15929E-05   2.15842E-05
 3.33250E+01   9.99600E-01   9.99895E-01   2.13699E-05   2.13614E-05
 3.33750E+01   9.99601E-01   9.99895E-01   2.11750E-05   2.11665E-05
 3.34250E+01   9.99601E-01   9.99895E-01   2.10088E-05   2.10004E-05
 3.34750E+01   9.99601E-01   9.99895E-01   2.08581E-05   2.08497E-05
 3.35250E+01   9.99602E-01   9.99895E-01   2.06909E-05   2.06826E-05
 3.35750E+01   9.99602E-01   9.99895E-01   2.04961E-05   2.04879E-05
 3.36250E+01   9.99602E-01   9.99895E-01   2.03040E-05   2.02960E-05
 3.36750E+01   9.99603E-01   9.99895E-01   2.01191E-05   2.01111E-05
 3.37250E+01   9.99603E-01   9.99895E-01   1.99430E-05   1.99350E-05
 3.37750E+01   9.99603E-01   9.99895E-01   1.97825E-05   1.97747E-05
 3.38250E+01   9.99604E-01   9.99895E-01   1.96250E-05   1.96172E-05
 3.38750E+01   9.99604E-01   9.99895E-01   1.94520E-05   1.94443E-05
 3.39250E+01   9.99604E-01   9.99895E-01   1.92702E-05   1.92625E-05
 3.39750E+01   9.99604E-01   9.99895E-01   1.90809E-05   1.90734E-05
 3.40250E+01   9.99605E-01   9.99895E-01   1.88979E-05   1.88905E-05
 3.40750E+01   9.99605E-01   9.99895E-01   1.87092E-05   1.87018E-05
 3.41250E+01   9.99605E-01   9.99895E-01   1.84909E-05   1.84836E-05
 3.41750E+01   9.99605E-01   9.99895E-01   1.82667E-05   1.82595E-05
 3.42250E+01   9.99606E-01   9.99895E-01   1.80634E-05   1.80562E-05
 3.42750E+01   9.99606E-01   9.99895E-01   1.78808E-05   1.78738E-05
 3.43250E+01   9.99606E-01   9.99895E-01   1.76907E-05   1.76837E-05
 3.43750E+01   9.99607E-01   9.99895E-01   1.74926E-05   1.74858E-05
 3.44250E+01   9.99607E-01   9.99895E-01   1.72906E-05   1.72838E-05
 3.44750E+01   9.99607E-01   9.99895E-01   1.70662E-05   1.70595E-05
 3.45250E+01   9.99608E-01   9.99895E-01   1.68387E-05   1.68321E-05
 3.45750E+01   9.99608E-01   9.99895E-01   1.66053E-05   1.65988E-05
 3.46250E+01   9.99608E-01   9.99895E-01   1.63779E-05   1.63715E-05
 3.46750E+01   9.99609E-01   9.99895E-01   1.61857E-05   1.61793E-05
 3.47250E+01   9.99609E-01   9.99895E-01   1.59955E-05   1.59892E-05
 3.47750E+01   9.99609E-01   9.99895E-01   1.57983E-05   1.57922E-05
 3.48250E+01   9.99610E-01   9.99895E-01   1.56228E-05   1.56167E-05
 3.48750E+01   9.99610E-01   9.99895E-01   1.54469E-05   1.54409E-05
 3.49250E+01   9.99610E-01   9.99895E-01   1.52535E-05   1.52476E-05
 3.49750E+01   9.99611E-01   9.99895E-01   1.50755E-05   1.50696E-05
 3.50250E+01   9.99611E-01   9.99895E-01   1.48859E-05   1.48801E-05
 3.50750E+01   9.99611E-01   9.99895E-01   1.46446E-05   1.46389E-05
 3.51250E+01   9.99611E-01   9.99895E-01   1.43789E-05   1.43733E-05
 3.51750E+01   9.99612E-01   9.99895E-01   1.41173E-05   1.41119E-05
 3.52250E+01   9.99612E-01   9.99895E-01   1.38750E-05   1.38696E-05
 3.52750E+01   9.99612E-01   9.99895E-01   1.36544E-05   1.36491E-05
 3.53250E+01   9.99613E-01   9.99895E-01   1.34480E-05   1.34428E-05
 3.53750E+01   9.99613E-01   9.99895E-01   1.32532E-05   1.32481E-05
 3.54250E+01   9.99613E-01   9.99895E-01   1.30494E-05   1.30444E-05
 3.54750E+01   9.99614E-01   9.99895E-01   1.28270E-05   1.28220E-05
 3.55250E+01   9.99614E-01   9.99895E-01   1.25952E-05   1.25903E-05
 3.55750E+01   9.99614E-01   9.99895E-01   1.23505E-05   1.23458E-05
 3.56250E+01   9.99614E-01   9.99895E-01   1.20802E-05   1.20756E-05
 3.56750E+01   9.99615E-01   9.99895E-01   1.18183E-05   1.18137E-05
 3.57250E+01   9.99615E-01   9.99895E-01   1.15657E-05   1.15612E-05
 3.57750E+01   9.99615E-01   9.99895E-01   1.12997E-05   1.12953E-05
 3.58250E+01   9.99616E-01   9.99895E-01   1.10383E-05   1.10341E-05
 3.58750E+01   9.99616E-01   9.99895E-01   1.07807E-05   1.07766E-05
 3.59250E+01   9.99617E-01   9.99895E-01   1.05192E-05   1.05151E-05
 3.59750E+01   9.99617E-01   9.99895E-01   1.02589E-05   1.02550E-05
 3.60250E+01   9.99617E-01   9.99895E-01   9.99695E-06   9.99313E-06
 3.60750E+01   9.99618E-01   9.99895E-01   9.70797E-06   9.70426E-06
 3.61250E+01   9.99618E-01   9.99895E-01   9.38082E-06   9.37723E-06
 3.61750E+01   9.99618E-01   9.99895E-01   9.00777E-06   9.00433E-06
 3.62250E+01   9.99618E-01   9.99895E-01   8.57959E-06   8.57631E-06
 3.62750E+01   9.99619E-01   9.99895E-01   8.11566E-06   8.11256E-06
 3.63250E+01   9.99619E-01   9.99895E-01   7.63255E-06   7.62964E-06
 3.63750E+01   9.99620E-01   9.99895E-01   7.12868E-06   7.12597E-06
 3.64250E+01   9.99620E-01   9.99895E-01   6.62576E-06   6.62324E-06
 3.64750E+01   9.99621E-01   9.99895E-01   6.13767E-06   6.13534E-06
 3.65250E+01   9.99621E-01   9.99895E-01   5.65997E-06   5.65783E-06
 3.65750E+01   9.99622E-01   9.99895E-01   5.18589E-06   5.18393E-06
 3.66250E+01   9.99622E-01   9.99895E-01   4.70498E-06   4.70320E-06
 3.66750E+01   9.99623E-01   9.99895E-01   4.22213E-06   4.22054E-06
 3.67250E+01   9.99623E-01   9.99895E-01   3.74539E-06   3.74398E-06
 3.67750E+01   9.99623E-01   9.99895E-01   3.26187E-06   3.26064E-06
 3.68250E+01   9.99624E-01   9.99895E-01   2.76002E-06   2.75898E-06
 3.68750E+01   9.99624E-01   9.99895E-01   2.25731E-06   2.25646E-06
 3.69250E+01   9.99625E-01   9.99895E-01   1.77489E-06   1.77422E-06
 3.69750E+01   9.99625E-01   9.99895E-01   1.30197E-06   1.30149E-06
 3.70250E+01   9.99626E-01   9.99895E-01   8.26090E-07   8.25781E-07
 3.70750E+01   9.99626E-01   9.99895E-01   3.55320E-07   3.55188E-07
 3.71250E+01   9.99627E-01   9.99895E-01  -1.13637E-07  -1.13594E-07
 3.71750E+01   9.99627E-01   9.99895E-01  -5.81404E-07  -5.81188E-07
 3.72250E+01   9.99628E-01   9.99895E-01  -1.05370E-06  -1.05331E-06
 3.72750E+01   9.99628E-01   9.99895E-01  -1.51851E-06  -1.51795E-06
 3.73250E+01   9.99629E-01   9.99895E-01  -1.97155E-06  -1.97081E-06
 3.73750E+01   9.99629E-01   9.99895E-01  -2.42013E-06  -2.41924E-06
 3.74250E+01   9.99630E-01   9.99895E-01  -2.85915E-06  -2.85809E-06
 3.74750E+01   9.99630E-01   9.99895E-01  -3.31862E-06  -3.31739E-06
 3.75250E+01   9.99631E-01   9.99895E-01  -3.79009E-06  -3.78869E-06
 3.75750E+01   9.99631E-01   9.99895E-01  -4.25840E-06  -4.25683E-06
 3.76250E+01   9.99632E-01   9.99895E-01  -4.72850E-06  -4.72676E-06
 3.76750E+01   9.99632E-01   9.99895E-01  -5.19076E-06  -5.18885E-06
 3.77250E+01   9.99633E-01   9.99895E-01  -5.63759E-06  -5.63552E-06
 3.77750E+01   9.99633E-01   9.99895E-01  -6.08073E-06  -6.07850E-06
 3.78250E+01   9.99633E-01   9.99895E-01  -6.53133E-06  -6.52893E-06
 3.78750E+01   9.99634E-01   9.99895E-01  -6.99834E-06  -6.99578E-06
 3.79250E+01   9.99634E-01   9.99895E-01  -7.46724E-06  -7.46451E-06
 3.79750E+01   9.99635E-01   9.99895E-01  -7.94611E-06  -7.94321E-06
 3.80250E+01   9.99635E-01   9.99895E-01  -8.46882E-06  -8.46573E-06
 3.80750E+01   9.99636E-01   9.99895E-01  -8.99982E-06  -8.99654E-06
 3.81250E+01   9.99637E-01   9.99895E-01  -9.48946E-06  -9.48601E-06
 3.81750E+01   9.99637E-01   9.99895E-01  -9.96662E-06  -9.96300E-06
 3.82250E+01   9.99637E-01   9.99895E-01  -1.04545E-05  -1.04507E-05
 3.82750E+01   9.99638E-01   9.99895E-01  -1.09391E-05  -1.09351E-05
 3.83250E+01   9.99638E-01   9.99895E-01  -1.14286E-05  -1.14244E-05
 3.83750E+01   9.99639E-01   9.99895E-01  -1.19202E-05  -1.19159E-05
 3.84250E+01   9.99640E-01   9.99895E-01  -1.23893E-05  -1.23848E-05
 3.84750E+01   9.99640E-01   9.99895E-01  -1.28296E-05  -1.28250E-05
 3.85250E+01   9.99641E-01   9.99895E-01  -1.32936E-05  -1.32888E-05
 3.85750E+01   9.99641E-01   9.99894E-01  -1.37692E-05  -1.37642E-05
 3.86250E+01   9.99642E-01   9.99894E-01  -1.42231E-05  -1.42180E-05
 3.86750E+01   9.99642E-01   9.99894E-01  -1.46972E-05  -1.46920E-05
 3.87250E+01   9.99643E-01   9.99894E-01  -1.52088E-05  -1.52034E-05
 3.87750E+01   9.99643E-01   9.99894E-01  -1.57332E-05  -1.57276E-05
 3.88250E+01   9.99643E-01   9.99895E-01  -1.62516E-05  -1.62458E-05
 3.88750E+01   9.99643E-01   9.99895E-01  -1.67630E-05  -1.67570E-05
 3.89250E+01   9.99644E-01   9.99895E-01  -1.72466E-05  -1.72405E-05
 3.89750E+01   9.99644E-01   9.99895E-01  -1.76982E-05  -1.76919E-05
 3.90250E+01   9.99645E-01   9.99895E-01  -1.81479E-05  -1.81415E-05
 3.90750E+01   9.99645E-01   9.99895E-01  -1.86083E-05  -1.86017E-05
 3.91250E+01   9.99646E-01   9.99895E-01  -1.90903E-05  -1.90835E-05
 3.91750E+01   9.99646E-01   9.99895E-01  -1.95818E-05  -1.95748E-05
 3.92250E+01   9.99647E-01   9.99895E-01  -2.00723E-05  -2.00652E-05
 3.92750E+01   9.99647E-01   9.99895E-01  -2.05568E-05  -2.05495E-05
 3.93250E+01   9.99648E-01   9.99895E-01  -2.10368E-05  -2.10294E-05
 3.93750E+01   9.99648E-01   9.99895E-01  -2.15225E-05  -2.15149E-05
 3.94250E+01   9.99649E-01   9.99895E-01  -2.19925E-05  -2.19848E-05
 3.94750E+01   9.99649E-01   9.99895E-01  -2.24567E-05  -2.24488E-05
 3.95250E+01   9.99650E-01   9.99895E-01  -2.29279E-05  -2.29199E-05
 3.95750E+01   9.99651E-01   9.99895E-01  -2.34130E-05  -2.34048E-05
 3.96250E+01   9.99651E-01   9.99895E-01  -2.39280E-05  -2.39196E-05
 3.96750E+01   9.99652E-01   9.99895E-01  -2.44484E-05  -2.44399E-05
 3.97250E+01   9.99652E-01   9.99895E-01  -2.49551E-05  -2.49465E-05
 3.97750E+01   9.99653E-01   9.99895E-01  -2.54468E-05  -2.54380E-05
 3.98250E+01   9.99653E-01   9.99895E-01  -2.59337E-05  -2.59247E-05
 3.98750E+01   9.99654E-01   9.99895E-01  -2.64225E-05  -2.64134E-05
 3.99250E+01   9.99654E-01   9.99895E-01  -2.69311E-05  -2.69218E-05
 3.99750E+01   9.99655E-01   9.99894E-01  -2.74831E-05  -2.74736E-05
 4.00250E+01   9.99656E-01   9.99894E-01  -2.80469E-05  -2.80372E-05
 4.00750E+01   9.99656E-01   9.99894E-01  -2.85807E-05  -2.85709E-05
 4.01250E+01   9.99657E-01   9.99894E-01  -2.90976E-05  -2.90876E-05
 4.01750E+01   9.99658E-01   9.99894E-01  -2.96049E-05  -2.95947E-05
 4.02250E+01   9.99658E-01   9.99894E-01  -3.00844E-05  -3.00741E-05
 4.02750E+01   9.99659E-01   9.99894E-01  -3.05631E-05  -3.05527E-05
 4.03250E+01   9.99660E-01   9.99894E-01  -3.10719E-05  -3.10613E-05
 4.03750E+01   9.99660E-01   9.99893E-01  -3.15819E-05  -3.15712E-05
 4.04250E+01   9.99661E-01   9.99893E-01  -3.20614E-05  -3.20505E-05
 4.04750E+01   9.99662E-01   9.99893E-01  -3.25500E-05  -3.25390E-05
 4.05250E+01   9.99662E-01   9.99893E-01  -3.30431E-05  -3.30319E-05
 4.05750E+01   9.99663E-01   9.99893E-01  -3.35327E-05  -3.35214E-05
 4.06250E+01   9.99664E-01   9.99892E-01  -3.40725E-05  -3.40611E-05
 4.06750E+01   9.99664E-01   9.99892E-01  -3.46179E-05  -3.46063E-05
 4.07250E+01   9.99665E-01   9.99892E-01  -3.51392E-05  -3.51274E-05
 4.07750E+01   9.99666E-01   9.99892E-01  -3.56597E-05  -3.56477E-05
 4.08250E+01   9.99666E-01   9.99892E-01  -3.61591E-05  -3.61470E-05
 4.08750E+01   9.99667E-01   9.99892E-01  -3.66340E-05  -3.66218E-05
 4.09250E+01   9.99668E-01   9.99892E-01  -3.71062E-05  -3.70938E-05
 4.09750E+01   9.99668E-01   9.99891E-01  -3.75761E-05  -3.75636E-05
 4.10250E+01   9.99669E-01   9.99891E-01  -3.80444E-05  -3.80318E-05
 4.10750E+01   9.99670E-01   9.99891E-01  -3.84919E-05  -3.84792E-05
 4.11250E+01   9.99671E-01   9.99890E-01  -3.89254E-05  -3.89126E-05
 4.11750E+01   9.99671E-01   9.99890E-01  -3.93644E-05  -3.93515E-05
 4.12250E+01   9.99672E-01   9.99890E-01  -3.97988E-05  -3.97857E-05
 4.12750E+01   9.99673E-01   9.99890E-01  -4.02676E-05  -4.02544E-05
 4.13250E+01   9.99673E-01   9.99890E-01  -4.07533E-05  -4.07400E-05
 4.13750E+01   9.99674E-01   9.99889E-01  -4.12459E-05  -4.12325E-05
 4.14250E+01   9.99675E-01   9.99889E-01  -4.17446E-05  -4.17310E-05
 4.14750E+01   9.99676E-01   9.99889E-01  -4.22253E-05  -4.22116E-05
 4.15250E+01   9.99676E-01   9.99889E-01  -4.26987E-05  -4.26849E-05
 4.15750E+01   9.99677E-01   9.99889E-01  -4.31507E-05  -4.31367E-05
 4.16250E+01   9.99678E-01   9.99888E-01  -4.35801E-05  -4.35661E-05
 4.16750E+01   9.99678E-01   9.99888E-01  -4.39955E-05  -4.39813E-05
 4.17250E+01   9.99679E-01   9.99888E-01  -4.44075E-05  -4.43933E-05
 4.17750E+01   9.99680E-01   9.99888E-01  -4.48407E-05  -4.48264E-05
 4.18250E+01   9.99681E-01   9.99887E-01  -4.53049E-05  -4.52904E-05
 4.18750E+01   9.99681E-01   9.99887E-01  -4.57843E-05  -4.57697E-05
 4.19250E+01   9.99682E-01   9.99887E-01  -4.62882E-05  -4.62735E-05
 4.19750E+01   9.99683E-01   9.99886E-01  -4.68231E-05  -4.68083E-05
 4.20250E+01   9.99684E-01   9.99886E-01  -4.73262E-05  -4.73112E-05
 4.20750E+01   9.99685E-01   9.99885E-01  -4.78038E-05  -4.77888E-05
 4.21250E+01   9.99686E-01   9.99885E-01  -4.83295E-05  -4.83143E-05
 4.21750E+01   9.99686E-01   9.99885E-01  -4.88673E-05  -4.88520E-05
 4.22250E+01   9.99687E-01   9.99884E-01  -4.93692E-05  -4.93537E-05
 4.22750E+01   9.99688E-01   9.99884E-01  -4.98694E-05  -4.98538E-05
 4.23250E+01   9.99689E-01   9.99884E-01  -5.03850E-05  -5.03693E-05
 4.23750E+01   9.99690E-01   9.99884E-01  -5.08983E-05  -5.08825E-05
 4.24250E+01   9.99691E-01   9.99883E-01  -5.14210E-05  -5.14051E-05
 4.24750E+01   9.99691E-01   9.99883E-01  -5.19352E-05  -5.19191E-05
 4.25250E+01   9.99692E-01   9.99883E-01  -5.24184E-05  -5.24023E-05
 4.25750E+01   9.99693E-01   9.99883E-01  -5.28717E-05  -5.28555E-05
 4.26250E+01   9.99694E-01   9.99882E-01  -5.33132E-05  -5.32969E-05
 4.26750E+01   9.99695E-01   9.99882E-01  -5.37566E-05  -5.37402E-05
 4.27250E+01   9.99696E-01   9.99882E-01  -5.41879E-05  -5.41714E-05
 4.27750E+01   9.99696E-01   9.99881E-01  -5.46397E-05  -5.46231E-05
 4.28250E+01   9.99697E-01   9.99881E-01  -5.51148E-05  -5.50982E-05
 4.28750E+01   9.99698E-01   9.99880E-01  -5.55984E-05  -5.55816E-05
 4.29250E+01   9.99699E-01   9.99880E-01  -5.60974E-05  -5.60805E-05
 4.29750E+01   9.99700E-01   9.99880E-01  -5.65931E-05  -5.65762E-05
 4.30250E+01   9.99701E-01   9.99879E-01  -5.70892E-05  -5.70721E-05
 4.30750E+01   9.99702E-01   9.99879E-01  -5.76070E-05  -5.75898E-05
 4.31250E+01   9.99703E-01   9.99878E-01  -5.81267E-05  -5.81094E-05
 4.31750E+01   9.99704E-01   9.99878E-01  -5.86426E-05  -5.86253E-05
 4.32250E+01   9.99705E-01   9.99877E-01  -5.91657E-05  -5.91483E-05
 4.32750E+01   9.99706E-01   9.99877E-01  -5.96962E-05  -5.96786E-05
 4.33250E+01   9.99707E-01   9.99876E-01  -6.02374E-05  -6.02198E-05
 4.33750E+01   9.99708E-01   9.99876E-01  -6.07860E-05  -6.07683E-05
 4.34250E+01   9.99709E-01   9.99875E-01  -6.13212E-05  -6.13033E-05
 4.34750E+01   9.99711E-01   9.99875E-01  -6.18303E-05  -6.18124E-05
 4.35250E+01   9.99712E-01   9.99874E-01  -6.23337E-05  -6.23157E-05
 4.35750E+01   9.99713E-01   9.99873E-01  -6.28476E-05  -6.28296E-05
 4.36250E+01   9.99714E-01   9.99873E-01  -6.33821E-05  -6.33640E-05
 4.36750E+01   9.99715E-01   9.99872E-01  -6.38960E-05  -6.38778E-05
 4.37250E+01   9.99716E-01   9.99871E-01  -6.43610E-05  -6.43427E-05
 4.37750E+01   9.99717E-01   9.99871E-01  -6.48257E-05  -6.48074E-05
 4.38250E+01   9.99718E-01   9.99870E-01  -6.53043E-05  -6.52859E-05
 4.38750E+01   9.99720E-01   9.99870E-01  -6.57643E-05  -6.57459E-05
 4.39250E+01   9.99721E-01   9.99869E-01  -6.62061E-05  -6.61876E-05
 4.39750E+01   9.99722E-01   9.99868E-01  -6.66565E-05  -6.66379E-05
 4.40250E+01   9.99723E-01   9.99867E-01  -6.71225E-05  -6.71039E-05
 4.40750E+01   9.99725E-01   9.99866E-01  -6.76060E-05  -6.75874E-05
 4.41250E+01   9.99726E-01   9.99865E-01  -6.81332E-05  -6.81146E-05
 4.41750E+01   9.99728E-01   9.99864E-01  -6.86721E-05  -6.86534E-05
 4.42250E+01   9.99729E-01   9.99863E-01  -6.91705E-05  -6.91517E-05
 4.42750E+01   9.99731E-01   9.99862E-01  -6.96505E-05  -6.96317E-05
 4.43250E+01   9.99732E-01   9.99861E-01  -7.01427E-05  -7.01239E-05
 4.43750E+01   9.99734E-01   9.99860E-01  -7.06483E-05  -7.06295E-05
 4.44250E+01   9.99735E-01   9.99859E-01  -7.11530E-05  -7.11342E-05
 4.44750E+01   9.99737E-01   9.99858E-01  -7.16637E-05  -7.16448E-05
 4.45250E+01   9.99738E-01   9.99856E-01  -7.21711E-05  -7.21522E-05
 4.45750E+01   9.99740E-01   9.99855E-01  -7.26500E-05  -7.26311E-05
 4.46250E+01   9.99742E-01   9.99854E-01  -7.30898E-05  -7.30709E-05
 4.46750E+01   9.99743E-01   9.99853E-01  -7.35371E-05  -7.35183E-05
 4.47250E+01   9.99745E-01   9.99851E-01  -7.40122E-05  -7.39934E-05
 4.47750E+01   9.99747E-01   9.99850E-01  -7.44964E-05  -7.44776E-05
 4.48250E+01   9.99749E-01   9.99848E-01  -7.49862E-05  -7.49674E-05
 4.48750E+01   9.99751E-01   9.99847E-01  -7.54743E-05  -7.54554E-05
 4.49250E+01   9.99753E-01   9.99845E-01  -7.59671E-05  -7.59483E-05
 4.49750E+01   9.99755E-01   9.99843E-01  -7.64663E-05  -7.64475E-05
 4.50250E+01   9.99757E-01   9.99842E-01  -7.69606E-05  -7.69419E-05
 4.50750E+01   9.99759E-01   9.99840E-01  -7.74472E-05  -7.74285E-05
 4.51250E+01   9.99762E-01   9.99838E-01  -7.79496E-05  -7.79310E-05
 4.51750E+01   9.99764E-01   9.99836E-01  -7.84471E-05  -7.84286E-05
 4.52250E+01   9.99767E-01   9.99834E-01  -7.89246E-05  -7.89061E-05
 4.52750E+01   9.99769E-01   9.99832E-01  -7.94198E-05  -7.94015E-05
 4.53250E+01   9.99772E-01   9.99829E-01  -7.99342E-05  -7.99160E-05
 4.53750E+01   9.99775E-01   9.99827E-01  -8.04389E-05  -8.04208E-05
 4.54250E+01   9.99777E-01   9.99825E-01  -8.09417E-05  -8.09237E-05
 4.54750E+01   9.99780E-01   9.99822E-01  -8.14479E-05  -8.14300E-05
 4.55250E+01   9.99784E-01   9.99820E-01  -8.19324E-05  -8.19146E-05
 4.55750E+01   9.99787E-01   9.99817E-01  -8.23987E-05  -8.23811E-05
 4.56250E+01   9.99790E-01   9.99814E-01  -8.28884E-05  -8.28710E-05
 4.56750E+01   9.99793E-01   9.99812E-01  -8.33788E-05  -8.33615E-05
 4.57250E+01   9.99797E-01   9.99809E-01  -8.38503E-05  -8.38332E-05
 4.57750E+01   9.99800E-01   9.99806E-01  -8.43367E-05  -8.43198E-05
 4.58250E+01   9.99803E-01   9.99803E-01  -8.48369E-05  -8.48202E-05
 4.58750E+01   9.99807E-01   9.99800E-01  -8.53748E-05  -8.53583E-05
 4.59250E+01   9.99810E-01   9.99797E-01  -8.59287E-05  -8.59124E-05
 4.59750E+01   9.99814E-01   9.99793E-01  -8.64499E-05  -8.64338E-05
 4.60250E+01   9.99817E-01   9.99790E-01  -8.69542E-05  -8.69383E-05
 4.60750E+01   9.99821E-01   9.99787E-01  -8.74567E-05  -8.74411E-05
 4.61250E+01   9.99826E-01   9.99783E-01  -8.79692E-05  -8.79539E-05
 4.61750E+01   9.99830E-01   9.99779E-01  -8.85013E-05  -8.84863E-05
 4.62250E+01   9.99834E-01   9.99775E-01  -8.90594E-05  -8.90447E-05
 4.62750E+01   9.99839E-01   9.99771E-01  -8.96225E-05  -8.96081E-05
 4.63250E+01   9.99844E-01   9.99767E-01  -9.01488E-05  -9.01347E-05
 4.63750E+01   9.99848E-01   9.99763E-01  -9.06488E-05  -9.06351E-05
 4.64250E+01   9.99853E-01   9.99759E-01  -9.11674E-05  -9.11540E-05
 4.64750E+01   9.99858E-01   9.99754E-01  -9.17267E-05  -9.17137E-05
 4.65250E+01   9.99863E-01   9.99750E-01  -9.22750E-05  -9.22623E-05
 4.65750E+01   9.99868E-01   9.99745E-01  -9.28180E-05  -9.28058E-05
 4.66250E+01   9.99873E-01   9.99740E-01  -9.33677E-05  -9.33559E-05
 4.66750E+01   9.99879E-01   9.99736E-01  -9.38809E-05  -9.38696E-05
 4.67250E+01   9.99884E-01   9.99731E-01  -9.44176E-05  -9.44067E-05
 4.67750E+01   9.99890E-01   9.99726E-01  -9.49659E-05  -9.49555E-05
 4.68250E+01   9.99896E-01   9.99720E-01  -9.54846E-05  -9.54747E-05
 4.68750E+01   9.99902E-01   9.99715E-01  -9.60028E-05  -9.59934E-05
 4.69250E+01   9.99908E-01   9.99710E-01  -9.65203E-05  -9.65114E-05
 4.69750E+01   9.99914E-01   9.99704E-01  -9.70161E-05  -9.70078E-05
 4.70250E+01   9.99921E-01   9.99698E-01  -9.74835E-05  -9.74758E-05
 4.70750E+01   9.99927E-01   9.99692E-01  -9.80082E-05  -9.80010E-05
 4.71250E+01   9.99933E-01   9.99686E-01  -9.85978E-05  -9.85912E-05
 4.71750E+01   9.99940E-01   9.99680E-01  -9.91938E-05  -9.91879E-05
 4.72250E+01   9.99947E-01   9.99673E-01  -9.97696E-05  -9.97643E-05
 4.72750E+01   9.99954E-01   9.99667E-01  -1.00325E-04  -1.00320E-04
 4.73250E+01   9.99961E-01   9.99660E-01  -1.00885E-04  -1.00881E-04
 4.73750E+01   9.99968E-01   9.99653E-01  -1.01449E-04  -1.01446E-04
 4.74250E+01   9.99976E-01   9.99646E-01  -1.02038E-04  -1.02035E-04
 4.74750E+01   9.99983E-01   9.99639E-01  -1.02674E-04  -1.02672E-04
 4.75250E+01   9.99991E-01   9.99632E-01  -1.03372E-04  -1.03371E-04
 4.75750E+01   9.99999E-01   9.99625E-01  -1.04102E-04  -1.04102E-04
 4.76250E+01   1.00001E+00   9.99617E-01  -1.04862E-04  -1.04863E-04
 4.76750E+01   1.00002E+00   9.99609E-01  -1.05671E-04  -1.05673E-04
 4.77250E+01   1.00002E+00   9.99600E-01  -1.06512E-04  -1.06514E-04
 4.77750E+01   1.00003E+00   9.99592E-01  -1.07310E-04  -1.07313E-04
 4.78250E+01   1.00004E+00   9.99583E-01  -1.08155E-04  -1.08159E-04
 4.78750E+01   1.00005E+00   9.99574E-01  -1.09205E-04  -1.09210E-04
 4.79250E+01   1.00006E+00   9.99565E-01  -1.10368E-04  -1.10375E-04
 4.79750E+01   1.00007E+00   9.99555E-01  -1.11549E-04  -1.11557E-04
 4.80250E+01   1.00008E+00   9.99545E-01  -1.12747E-04  -1.12756E-04
 4.80750E+01   1.00009E+00   9.99535E-01  -1.13908E-04  -1.13918E-04
 4.81250E+01   1.00010E+00   9.99525E-01  -1.14978E-04  -1.14990E-04
 4.81750E+01   1.00011E+00   9.99514E-01  -1.16118E-04  -1.16131E-04
 4.82250E+01   1.00012E+00   9.99503E-01  -1.17438E-04  -1.17452E-04
 4.82750E+01   1.00014E+00   9.99492E-01  -1.18844E-04  -1.18860E-04
 4.83250E+01   1.00015E+00   9.99480E-01  -1.20258E-04  -1.20276E-04
 4.83750E+01   1.00016E+00   9.99469E-01  -1.21636E-04  -1.21655E-04
 4.84250E+01   1.00017E+00   9.99457E-01  -1.22918E-04  -1.22939E-04
 4.84750E+01   1.00019E+00   9.99445E-01  -1.24036E-04  -1.24059E-04
 4.85250E+01   1.00020E+00   9.99432E-01  -1.25029E-04  -1.25054E-04
 4.85750E+01   1.00021E+00   9.99419E-01  -1.25956E-04  -1.25983E-04
 4.86250E+01   1.00023E+00   9.99406E-01  -1.26768E-04  -1.26797E-04
 4.86750E+01   1.00024E+00   9.99393E-01  -1.27413E-04  -1.27444E-04
 4.87250E+01   1.00026E+00   9.99379E-01  -1.27965E-04  -1.27997E-04
 4.87750E+01   1.00027E+00   9.99365E-01  -1.28414E-04  -1.28449E-04
 4.88250E+01   1.00029E+00   9.99352E-01  -1.28584E-04  -1.28621E-04
 4.88750E+01   1.00030E+00   9.99338E-01  -1.27998E-04  -1.28037E-04
 4.89250E+01   1.00032E+00   9.99324E-01  -1.25732E-04  -1.25773E-04
 4.89750E+01   1.00035E+00   9.99310E-01  -1.19927E-04  -1.19969E-04
