      xx/10.          rhoa          temp           vel      vel*rhoa
         [-]           [-]           [-]           [-]           [-]
 1.02500E+00   2.64453E+00   9.35742E-01   4.57371E-01   1.20953E+00
 1.07500E+00   2.64334E+00   9.36202E-01   4.57516E-01   1.20937E+00
 1.12500E+00   2.64086E+00   9.36630E-01   4.58055E-01   1.20966E+00
 1.17500E+00   2.63759E+00   9.37064E-01   4.58820E-01   1.21018E+00
 1.22500E+00   2.63380E+00   9.37530E-01   4.59718E-01   1.21081E+00
 1.27500E+00   2.62961E+00   9.38048E-01   4.60705E-01   1.21147E+00
 1.32500E+00   2.62505E+00   9.38637E-01   4.61755E-01   1.21213E+00
 1.37500E+00   2.62013E+00   9.39316E-01   4.62855E-01   1.21274E+00
 1.42500E+00   2.61480E+00   9.40104E-01   4.64002E-01   1.21327E+00
 1.47500E+00   2.60904E+00   9.41022E-01   4.65192E-01   1.21371E+00
 1.52500E+00   2.60279E+00   9.42090E-01   4.66426E-01   1.21401E+00
 1.57500E+00   2.59598E+00   9.43330E-01   4.67706E-01   1.21415E+00
 1.62500E+00   2.58855E+00   9.44764E-01   4.69034E-01   1.21412E+00
 1.67500E+00   2.58043E+00   9.46413E-01   4.70413E-01   1.21387E+00
 1.72500E+00   2.57157E+00   9.48299E-01   4.71846E-01   1.21338E+00
 1.77500E+00   2.56190E+00   9.50441E-01   4.73336E-01   1.21264E+00
 1.82500E+00   2.55138E+00   9.52855E-01   4.74888E-01   1.21162E+00
 1.87500E+00   2.53996E+00   9.55554E-01   4.76504E-01   1.21030E+00
 1.92500E+00   2.52762E+00   9.58544E-01   4.78187E-01   1.20867E+00
 1.97500E+00   2.51436E+00   9.61829E-01   4.79940E-01   1.20674E+00
 2.02500E+00   2.50019E+00   9.65404E-01   4.81764E-01   1.20450E+00
 2.07500E+00   2.48516E+00   9.69254E-01   4.83658E-01   1.20196E+00
 2.12500E+00   2.46934E+00   9.73359E-01   4.85620E-01   1.19916E+00
 2.17500E+00   2.45283E+00   9.77688E-01   4.87648E-01   1.19612E+00
 2.22500E+00   2.43576E+00   9.82203E-01   4.89734E-01   1.19288E+00
 2.27500E+00   2.41829E+00   9.86856E-01   4.91871E-01   1.18949E+00
 2.32500E+00   2.40058E+00   9.91595E-01   4.94048E-01   1.18600E+00
 2.37500E+00   2.38282E+00   9.96361E-01   4.96251E-01   1.18248E+00
 2.42500E+00   2.36522E+00   1.00109E+00   4.98466E-01   1.17898E+00
 2.47500E+00   2.34795E+00   1.00574E+00   5.00676E-01   1.17556E+00
 2.52500E+00   2.33121E+00   1.01023E+00   5.02864E-01   1.17228E+00
 2.57500E+00   2.31516E+00   1.01452E+00   5.05013E-01   1.16919E+00
 2.62500E+00   2.29995E+00   1.01857E+00   5.07105E-01   1.16632E+00
 2.67500E+00   2.28568E+00   1.02233E+00   5.09127E-01   1.16370E+00
 2.72500E+00   2.27243E+00   1.02580E+00   5.11064E-01   1.16136E+00
 2.77500E+00   2.26026E+00   1.02896E+00   5.12907E-01   1.15930E+00
 2.82500E+00   2.24918E+00   1.03179E+00   5.14647E-01   1.15754E+00
 2.87500E+00   2.23919E+00   1.03431E+00   5.16281E-01   1.15605E+00
 2.92500E+00   2.23024E+00   1.03654E+00   5.17807E-01   1.15483E+00
 2.97500E+00   2.22228E+00   1.03848E+00   5.19226E-01   1.15387E+00
 3.02500E+00   2.21526E+00   1.04015E+00   5.20540E-01   1.15313E+00
 3.07500E+00   2.20909E+00   1.04159E+00   5.21756E-01   1.15261E+00
 3.12500E+00   2.20370E+00   1.04282E+00   5.22879E-01   1.15227E+00
 3.17500E+00   2.19901E+00   1.04386E+00   5.23915E-01   1.15210E+00
 3.22500E+00   2.19494E+00   1.04474E+00   5.24873E-01   1.15207E+00
 3.27500E+00   2.19142E+00   1.04548E+00   5.25759E-01   1.15216E+00
 3.32500E+00   2.18838E+00   1.04609E+00   5.26580E-01   1.15236E+00
 3.37500E+00   2.18576E+00   1.04660E+00   5.27344E-01   1.15265E+00
 3.42500E+00   2.18350E+00   1.04702E+00   5.28056E-01   1.15301E+00
 3.47500E+00   2.18156E+00   1.04737E+00   5.28721E-01   1.15344E+00
 3.52500E+00   2.17990E+00   1.04766E+00   5.29345E-01   1.15392E+00
 3.57500E+00   2.17848E+00   1.04789E+00   5.29933E-01   1.15445E+00
 3.62500E+00   2.17727E+00   1.04809E+00   5.30488E-01   1.15502E+00
 3.67500E+00   2.17625E+00   1.04825E+00   5.31013E-01   1.15562E+00
 3.72500E+00   2.17539E+00   1.04838E+00   5.31513E-01   1.15625E+00
 3.77500E+00   2.17468E+00   1.04849E+00   5.31990E-01   1.15691E+00
 3.82500E+00   2.17409E+00   1.04857E+00   5.32445E-01   1.15759E+00
 3.87500E+00   2.17363E+00   1.04865E+00   5.32882E-01   1.15829E+00
 3.92500E+00   2.17328E+00   1.04871E+00   5.33301E-01   1.15901E+00
 3.97500E+00   2.17303E+00   1.04875E+00   5.33705E-01   1.15976E+00
 4.02500E+00   2.17288E+00   1.04879E+00   5.34094E-01   1.16052E+00
 4.07500E+00   2.17283E+00   1.04883E+00   5.34470E-01   1.16131E+00
 4.12500E+00   2.17286E+00   1.04885E+00   5.34834E-01   1.16212E+00
 4.17500E+00   2.17297E+00   1.04887E+00   5.35188E-01   1.16295E+00
 4.22500E+00   2.17317E+00   1.04889E+00   5.35532E-01   1.16380E+00
 4.27500E+00   2.17344E+00   1.04890E+00   5.35867E-01   1.16468E+00
 4.32500E+00   2.17380E+00   1.04891E+00   5.36194E-01   1.16558E+00
 4.37500E+00   2.17423E+00   1.04891E+00   5.36514E-01   1.16650E+00
 4.42500E+00   2.17473E+00   1.04891E+00   5.36828E-01   1.16746E+00
 4.47500E+00   2.17530E+00   1.04890E+00   5.37137E-01   1.16843E+00
 4.52500E+00   2.17594E+00   1.04890E+00   5.37441E-01   1.16944E+00
 4.57500E+00   2.17664E+00   1.04888E+00   5.37742E-01   1.17047E+00
 4.62500E+00   2.17740E+00   1.04887E+00   5.38040E-01   1.17153E+00
 4.67500E+00   2.17821E+00   1.04884E+00   5.38336E-01   1.17261E+00
 4.72500E+00   2.17907E+00   1.04882E+00   5.38631E-01   1.17372E+00
 4.77500E+00   2.17997E+00   1.04879E+00   5.38926E-01   1.17484E+00
 4.82500E+00   2.18091E+00   1.04875E+00   5.39221E-01   1.17599E+00
 4.87500E+00   2.18186E+00   1.04871E+00   5.39517E-01   1.17715E+00
 4.92500E+00   2.18284E+00   1.04867E+00   5.39815E-01   1.17833E+00
 4.97500E+00   2.18382E+00   1.04862E+00   5.40114E-01   1.17951E+00
 5.02500E+00   2.18479E+00   1.04857E+00   5.40417E-01   1.18070E+00
 5.07500E+00   2.18575E+00   1.04852E+00   5.40722E-01   1.18188E+00
 5.12500E+00   2.18668E+00   1.04847E+00   5.41032E-01   1.18306E+00
 5.17500E+00   2.18757E+00   1.04841E+00   5.41345E-01   1.18423E+00
 5.22500E+00   2.18841E+00   1.04836E+00   5.41663E-01   1.18538E+00
 5.27500E+00   2.18919E+00   1.04831E+00   5.41986E-01   1.18651E+00
 5.32500E+00   2.18991E+00   1.04826E+00   5.42314E-01   1.18762E+00
 5.37500E+00   2.19055E+00   1.04822E+00   5.42646E-01   1.18869E+00
 5.42500E+00   2.19111E+00   1.04818E+00   5.42984E-01   1.18974E+00
 5.47500E+00   2.19159E+00   1.04815E+00   5.43326E-01   1.19075E+00
 5.52500E+00   2.19197E+00   1.04813E+00   5.43674E-01   1.19172E+00
 5.57500E+00   2.19227E+00   1.04812E+00   5.44027E-01   1.19266E+00
 5.62500E+00   2.19249E+00   1.04811E+00   5.44386E-01   1.19356E+00
 5.67500E+00   2.19262E+00   1.04812E+00   5.44749E-01   1.19443E+00
 5.72500E+00   2.19268E+00   1.04813E+00   5.45118E-01   1.19527E+00
 5.77500E+00   2.19267E+00   1.04816E+00   5.45492E-01   1.19609E+00
 5.82500E+00   2.19261E+00   1.04819E+00   5.45872E-01   1.19688E+00
 5.87500E+00   2.19249E+00   1.04823E+00   5.46256E-01   1.19766E+00
 5.92500E+00   2.19234E+00   1.04828E+00   5.46646E-01   1.19844E+00
 5.97500E+00   2.19217E+00   1.04834E+00   5.47040E-01   1.19920E+00
 6.02500E+00   2.19198E+00   1.04841E+00   5.47440E-01   1.19998E+00
 6.07500E+00   2.19178E+00   1.04848E+00   5.47845E-01   1.20076E+00
 6.12500E+00   2.19160E+00   1.04856E+00   5.48254E-01   1.20155E+00
 6.17500E+00   2.19143E+00   1.04864E+00   5.48668E-01   1.20237E+00
 6.22500E+00   2.19128E+00   1.04873E+00   5.49086E-01   1.20320E+00
 6.27500E+00   2.19117E+00   1.04882E+00   5.49508E-01   1.20407E+00
 6.32500E+00   2.19109E+00   1.04892E+00   5.49935E-01   1.20496E+00
 6.37500E+00   2.19105E+00   1.04902E+00   5.50365E-01   1.20588E+00
 6.42500E+00   2.19105E+00   1.04912E+00   5.50798E-01   1.20683E+00
 6.47500E+00   2.19109E+00   1.04923E+00   5.51234E-01   1.20780E+00
 6.52500E+00   2.19117E+00   1.04935E+00   5.51671E-01   1.20880E+00
 6.57500E+00   2.19128E+00   1.04947E+00   5.52109E-01   1.20983E+00
 6.62500E+00   2.19142E+00   1.04960E+00   5.52547E-01   1.21086E+00
 6.67500E+00   2.19158E+00   1.04973E+00   5.52984E-01   1.21191E+00
 6.72500E+00   2.19175E+00   1.04988E+00   5.53418E-01   1.21295E+00
 6.77500E+00   2.19192E+00   1.05004E+00   5.53849E-01   1.21399E+00
 6.82500E+00   2.19209E+00   1.05022E+00   5.54275E-01   1.21502E+00
 6.87500E+00   2.19224E+00   1.05041E+00   5.54696E-01   1.21603E+00
 6.92500E+00   2.19239E+00   1.05062E+00   5.55114E-01   1.21703E+00
 6.97500E+00   2.19254E+00   1.05085E+00   5.55530E-01   1.21802E+00
 7.02500E+00   2.19270E+00   1.05109E+00   5.55941E-01   1.21901E+00
 7.07500E+00   2.19287E+00   1.05133E+00   5.56349E-01   1.22000E+00
 7.12500E+00   2.19307E+00   1.05157E+00   5.56753E-01   1.22099E+00
 7.17500E+00   2.19328E+00   1.05182E+00   5.57150E-01   1.22199E+00
 7.22500E+00   2.19351E+00   1.05207E+00   5.57542E-01   1.22298E+00
 7.27500E+00   2.19377E+00   1.05232E+00   5.57927E-01   1.22396E+00
 7.32500E+00   2.19405E+00   1.05256E+00   5.58303E-01   1.22495E+00
 7.37500E+00   2.19436E+00   1.05280E+00   5.58671E-01   1.22592E+00
 7.42500E+00   2.19468E+00   1.05303E+00   5.59029E-01   1.22689E+00
 7.47500E+00   2.19502E+00   1.05326E+00   5.59375E-01   1.22784E+00
 7.52500E+00   2.19537E+00   1.05348E+00   5.59709E-01   1.22877E+00
 7.57500E+00   2.19574E+00   1.05369E+00   5.60030E-01   1.22968E+00
 7.62500E+00   2.19612E+00   1.05389E+00   5.60336E-01   1.23056E+00
 7.67500E+00   2.19651E+00   1.05408E+00   5.60625E-01   1.23142E+00
 7.72500E+00   2.19690E+00   1.05426E+00   5.60897E-01   1.23223E+00
 7.77500E+00   2.19729E+00   1.05443E+00   5.61150E-01   1.23301E+00
 7.82500E+00   2.19768E+00   1.05459E+00   5.61384E-01   1.23374E+00
 7.87500E+00   2.19806E+00   1.05474E+00   5.61596E-01   1.23442E+00
 7.92500E+00   2.19843E+00   1.05488E+00   5.61786E-01   1.23505E+00
 7.97500E+00   2.19879E+00   1.05501E+00   5.61952E-01   1.23562E+00
 8.02500E+00   2.19913E+00   1.05512E+00   5.62094E-01   1.23612E+00
 8.07500E+00   2.19945E+00   1.05523E+00   5.62210E-01   1.23655E+00
 8.12500E+00   2.19975E+00   1.05532E+00   5.62300E-01   1.23692E+00
 8.17500E+00   2.20002E+00   1.05540E+00   5.62362E-01   1.23721E+00
 8.22500E+00   2.20025E+00   1.05547E+00   5.62396E-01   1.23741E+00
 8.27500E+00   2.20046E+00   1.05553E+00   5.62401E-01   1.23754E+00
 8.32500E+00   2.20062E+00   1.05558E+00   5.62377E-01   1.23758E+00
 8.37500E+00   2.20075E+00   1.05561E+00   5.62323E-01   1.23753E+00
 8.42500E+00   2.20084E+00   1.05564E+00   5.62239E-01   1.23740E+00
 8.47500E+00   2.20088E+00   1.05565E+00   5.62125E-01   1.23717E+00
 8.52500E+00   2.20087E+00   1.05565E+00   5.61980E-01   1.23685E+00
 8.57500E+00   2.20082E+00   1.05565E+00   5.61805E-01   1.23643E+00
 8.62500E+00   2.20071E+00   1.05563E+00   5.61601E-01   1.23592E+00
 8.67500E+00   2.20055E+00   1.05560E+00   5.61367E-01   1.23532E+00
 8.72500E+00   2.20034E+00   1.05556E+00   5.61104E-01   1.23462E+00
 8.77500E+00   2.20008E+00   1.05552E+00   5.60813E-01   1.23383E+00
 8.82500E+00   2.19975E+00   1.05546E+00   5.60494E-01   1.23295E+00
 8.87500E+00   2.19938E+00   1.05539E+00   5.60149E-01   1.23198E+00
 8.92500E+00   2.19895E+00   1.05532E+00   5.59778E-01   1.23092E+00
 8.97500E+00   2.19846E+00   1.05524E+00   5.59384E-01   1.22978E+00
 9.02500E+00   2.19791E+00   1.05515E+00   5.58966E-01   1.22856E+00
 9.07500E+00   2.19731E+00   1.05505E+00   5.58526E-01   1.22726E+00
 9.12500E+00   2.19666E+00   1.05495E+00   5.58065E-01   1.22588E+00
 9.17500E+00   2.19595E+00   1.05484E+00   5.57586E-01   1.22443E+00
 9.22500E+00   2.19519E+00   1.05472E+00   5.57088E-01   1.22292E+00
 9.27500E+00   2.19438E+00   1.05460E+00   5.56575E-01   1.22134E+00
 9.32500E+00   2.19352E+00   1.05447E+00   5.56048E-01   1.21970E+00
 9.37500E+00   2.19262E+00   1.05434E+00   5.55508E-01   1.21802E+00
 9.42500E+00   2.19166E+00   1.05420E+00   5.54957E-01   1.21628E+00
 9.47500E+00   2.19067E+00   1.05406E+00   5.54397E-01   1.21450E+00
 9.52500E+00   2.18964E+00   1.05392E+00   5.53829E-01   1.21268E+00
 9.57500E+00   2.18857E+00   1.05377E+00   5.53255E-01   1.21083E+00
 9.62500E+00   2.18746E+00   1.05363E+00   5.52676E-01   1.20896E+00
 9.67500E+00   2.18633E+00   1.05348E+00   5.52095E-01   1.20706E+00
 9.72500E+00   2.18517E+00   1.05333E+00   5.51513E-01   1.20515E+00
 9.77500E+00   2.18398E+00   1.05317E+00   5.50930E-01   1.20322E+00
 9.82500E+00   2.18278E+00   1.05302E+00   5.50350E-01   1.20129E+00
 9.87500E+00   2.18155E+00   1.05287E+00   5.49773E-01   1.19936E+00
 9.92500E+00   2.18032E+00   1.05272E+00   5.49200E-01   1.19743E+00
 9.97500E+00   2.17907E+00   1.05256E+00   5.48632E-01   1.19551E+00
 1.00250E+01   2.17782E+00   1.05241E+00   5.48071E-01   1.19360E+00
 1.00750E+01   2.17656E+00   1.05226E+00   5.47518E-01   1.19171E+00
 1.01250E+01   2.17531E+00   1.05212E+00   5.46973E-01   1.18984E+00
 1.01750E+01   2.17406E+00   1.05197E+00   5.46438E-01   1.18799E+00
 1.02250E+01   2.17282E+00   1.05183E+00   5.45914E-01   1.18617E+00
 1.02750E+01   2.17159E+00   1.05168E+00   5.45400E-01   1.18438E+00
 1.03250E+01   2.17037E+00   1.05155E+00   5.44899E-01   1.18263E+00
 1.03750E+01   2.16917E+00   1.05141E+00   5.44409E-01   1.18092E+00
 1.04250E+01   2.16799E+00   1.05128E+00   5.43933E-01   1.17924E+00
 1.04750E+01   2.16683E+00   1.05115E+00   5.43470E-01   1.17761E+00
 1.05250E+01   2.16570E+00   1.05102E+00   5.43022E-01   1.17602E+00
 1.05750E+01   2.16459E+00   1.05090E+00   5.42587E-01   1.17448E+00
 1.06250E+01   2.16352E+00   1.05078E+00   5.42166E-01   1.17298E+00
 1.06750E+01   2.16247E+00   1.05066E+00   5.41759E-01   1.17154E+00
 1.07250E+01   2.16146E+00   1.05055E+00   5.41368E-01   1.17015E+00
 1.07750E+01   2.16049E+00   1.05044E+00   5.40990E-01   1.16880E+00
 1.08250E+01   2.15955E+00   1.05034E+00   5.40628E-01   1.16751E+00
 1.08750E+01   2.15866E+00   1.05024E+00   5.40280E-01   1.16628E+00
 1.09250E+01   2.15780E+00   1.05014E+00   5.39947E-01   1.16510E+00
 1.09750E+01   2.15698E+00   1.05005E+00   5.39628E-01   1.16397E+00
 1.10250E+01   2.15620E+00   1.04996E+00   5.39324E-01   1.16289E+00
 1.10750E+01   2.15547E+00   1.04988E+00   5.39035E-01   1.16187E+00
 1.11250E+01   2.15477E+00   1.04980E+00   5.38759E-01   1.16090E+00
 1.11750E+01   2.15412E+00   1.04972E+00   5.38497E-01   1.15999E+00
 1.12250E+01   2.15351E+00   1.04965E+00   5.38249E-01   1.15913E+00
 1.12750E+01   2.15294E+00   1.04958E+00   5.38014E-01   1.15831E+00
 1.13250E+01   2.15242E+00   1.04951E+00   5.37793E-01   1.15755E+00
 1.13750E+01   2.15193E+00   1.04945E+00   5.37584E-01   1.15685E+00
 1.14250E+01   2.15149E+00   1.04939E+00   5.37388E-01   1.15618E+00
 1.14750E+01   2.15109E+00   1.04934E+00   5.37204E-01   1.15557E+00
 1.15250E+01   2.15073E+00   1.04929E+00   5.37031E-01   1.15501E+00
 1.15750E+01   2.15040E+00   1.04924E+00   5.36870E-01   1.15449E+00
 1.16250E+01   2.15012E+00   1.04920E+00   5.36721E-01   1.15401E+00
 1.16750E+01   2.14987E+00   1.04916E+00   5.36582E-01   1.15358E+00
 1.17250E+01   2.14966E+00   1.04912E+00   5.36454E-01   1.15319E+00
 1.17750E+01   2.14948E+00   1.04909E+00   5.36337E-01   1.15285E+00
 1.18250E+01   2.14934E+00   1.04906E+00   5.36229E-01   1.15254E+00
 1.18750E+01   2.14923E+00   1.04903E+00   5.36132E-01   1.15227E+00
 1.19250E+01   2.14916E+00   1.04901E+00   5.36043E-01   1.15204E+00
 1.19750E+01   2.14911E+00   1.04898E+00   5.35964E-01   1.15185E+00
 1.20250E+01   2.14909E+00   1.04897E+00   5.35893E-01   1.15168E+00
 1.20750E+01   2.14910E+00   1.04895E+00   5.35831E-01   1.15156E+00
 1.21250E+01   2.14914E+00   1.04893E+00   5.35777E-01   1.15146E+00
 1.21750E+01   2.14921E+00   1.04892E+00   5.35731E-01   1.15140E+00
 1.22250E+01   2.14929E+00   1.04891E+00   5.35693E-01   1.15136E+00
 1.22750E+01   2.14940E+00   1.04891E+00   5.35662E-01   1.15135E+00
 1.23250E+01   2.14954E+00   1.04890E+00   5.35638E-01   1.15137E+00
 1.23750E+01   2.14969E+00   1.04890E+00   5.35621E-01   1.15142E+00
 1.24250E+01   2.14986E+00   1.04890E+00   5.35610E-01   1.15149E+00
 1.24750E+01   2.15005E+00   1.04890E+00   5.35605E-01   1.15158E+00
 1.25250E+01   2.15025E+00   1.04890E+00   5.35605E-01   1.15169E+00
 1.25750E+01   2.15047E+00   1.04890E+00   5.35611E-01   1.15181E+00
 1.26250E+01   2.15069E+00   1.04890E+00   5.35621E-01   1.15196E+00
 1.26750E+01   2.15093E+00   1.04890E+00   5.35635E-01   1.15211E+00
 1.27250E+01   2.15118E+00   1.04890E+00   5.35654E-01   1.15229E+00
 1.27750E+01   2.15143E+00   1.04891E+00   5.35676E-01   1.15247E+00
 1.28250E+01   2.15168E+00   1.04891E+00   5.35702E-01   1.15266E+00
 1.28750E+01   2.15194E+00   1.04892E+00   5.35730E-01   1.15286E+00
 1.29250E+01   2.15221E+00   1.04892E+00   5.35762E-01   1.15307E+00
 1.29750E+01   2.15247E+00   1.04893E+00   5.35796E-01   1.15328E+00
 1.30250E+01   2.15273E+00   1.04893E+00   5.35833E-01   1.15350E+00
 1.30750E+01   2.15298E+00   1.04894E+00   5.35872E-01   1.15372E+00
 1.31250E+01   2.15324E+00   1.04895E+00   5.35913E-01   1.15395E+00
 1.31750E+01   2.15349E+00   1.04896E+00   5.35955E-01   1.15417E+00
 1.32250E+01   2.15373E+00   1.04896E+00   5.36000E-01   1.15440E+00
 1.32750E+01   2.15397E+00   1.04897E+00   5.36046E-01   1.15462E+00
 1.33250E+01   2.15419E+00   1.04898E+00   5.36093E-01   1.15485E+00
 1.33750E+01   2.15441E+00   1.04899E+00   5.36142E-01   1.15507E+00
 1.34250E+01   2.15462E+00   1.04900E+00   5.36192E-01   1.15529E+00
 1.34750E+01   2.15481E+00   1.04901E+00   5.36242E-01   1.15550E+00
 1.35250E+01   2.15500E+00   1.04902E+00   5.36294E-01   1.15571E+00
 1.35750E+01   2.15517E+00   1.04903E+00   5.36345E-01   1.15591E+00
 1.36250E+01   2.15532E+00   1.04904E+00   5.36398E-01   1.15611E+00
 1.36750E+01   2.15546E+00   1.04906E+00   5.36451E-01   1.15630E+00
 1.37250E+01   2.15559E+00   1.04907E+00   5.36504E-01   1.15648E+00
 1.37750E+01   2.15570E+00   1.04908E+00   5.36556E-01   1.15666E+00
 1.38250E+01   2.15580E+00   1.04910E+00   5.36609E-01   1.15682E+00
 1.38750E+01   2.15588E+00   1.04912E+00   5.36662E-01   1.15698E+00
 1.39250E+01   2.15594E+00   1.04913E+00   5.36716E-01   1.15713E+00
 1.39750E+01   2.15599E+00   1.04915E+00   5.36769E-01   1.15727E+00
 1.40250E+01   2.15603E+00   1.04917E+00   5.36823E-01   1.15741E+00
 1.40750E+01   2.15606E+00   1.04919E+00   5.36878E-01   1.15754E+00
 1.41250E+01   2.15607E+00   1.04921E+00   5.36932E-01   1.15767E+00
 1.41750E+01   2.15608E+00   1.04923E+00   5.36988E-01   1.15779E+00
 1.42250E+01   2.15607E+00   1.04926E+00   5.37044E-01   1.15791E+00
 1.42750E+01   2.15606E+00   1.04928E+00   5.37101E-01   1.15802E+00
 1.43250E+01   2.15604E+00   1.04930E+00   5.37158E-01   1.15814E+00
 1.43750E+01   2.15602E+00   1.04932E+00   5.37216E-01   1.15825E+00
 1.44250E+01   2.15598E+00   1.04934E+00   5.37275E-01   1.15836E+00
 1.44750E+01   2.15595E+00   1.04936E+00   5.37335E-01   1.15846E+00
 1.45250E+01   2.15590E+00   1.04938E+00   5.37395E-01   1.15857E+00
 1.45750E+01   2.15586E+00   1.04940E+00   5.37456E-01   1.15868E+00
 1.46250E+01   2.15581E+00   1.04942E+00   5.37518E-01   1.15879E+00
 1.46750E+01   2.15576E+00   1.04944E+00   5.37580E-01   1.15889E+00
 1.47250E+01   2.15571E+00   1.04946E+00   5.37643E-01   1.15900E+00
 1.47750E+01   2.15566E+00   1.04948E+00   5.37706E-01   1.15911E+00
 1.48250E+01   2.15562E+00   1.04950E+00   5.37771E-01   1.15923E+00
 1.48750E+01   2.15557E+00   1.04952E+00   5.37836E-01   1.15934E+00
 1.49250E+01   2.15553E+00   1.04953E+00   5.37901E-01   1.15946E+00
 1.49750E+01   2.15549E+00   1.04955E+00   5.37968E-01   1.15958E+00
 1.50250E+01   2.15546E+00   1.04957E+00   5.38035E-01   1.15971E+00
 1.50750E+01   2.15543E+00   1.04959E+00   5.38102E-01   1.15984E+00
 1.51250E+01   2.15541E+00   1.04961E+00   5.38171E-01   1.15998E+00
 1.51750E+01   2.15539E+00   1.04963E+00   5.38240E-01   1.16012E+00
 1.52250E+01   2.15539E+00   1.04965E+00   5.38310E-01   1.16027E+00
 1.52750E+01   2.15539E+00   1.04967E+00   5.38380E-01   1.16042E+00
 1.53250E+01   2.15540E+00   1.04969E+00   5.38452E-01   1.16058E+00
 1.53750E+01   2.15543E+00   1.04971E+00   5.38524E-01   1.16075E+00
 1.54250E+01   2.15546E+00   1.04972E+00   5.38597E-01   1.16092E+00
 1.54750E+01   2.15550E+00   1.04974E+00   5.38671E-01   1.16110E+00
 1.55250E+01   2.15556E+00   1.04976E+00   5.38745E-01   1.16130E+00
 1.55750E+01   2.15562E+00   1.04978E+00   5.38821E-01   1.16149E+00
 1.56250E+01   2.15570E+00   1.04980E+00   5.38897E-01   1.16170E+00
 1.56750E+01   2.15579E+00   1.04982E+00   5.38974E-01   1.16191E+00
 1.57250E+01   2.15589E+00   1.04984E+00   5.39053E-01   1.16214E+00
 1.57750E+01   2.15600E+00   1.04986E+00   5.39132E-01   1.16237E+00
 1.58250E+01   2.15613E+00   1.04988E+00   5.39213E-01   1.16261E+00
 1.58750E+01   2.15627E+00   1.04991E+00   5.39294E-01   1.16286E+00
 1.59250E+01   2.15642E+00   1.04993E+00   5.39377E-01   1.16312E+00
 1.59750E+01   2.15658E+00   1.04995E+00   5.39461E-01   1.16339E+00
 1.60250E+01   2.15676E+00   1.04997E+00   5.39545E-01   1.16367E+00
 1.60750E+01   2.15694E+00   1.04999E+00   5.39631E-01   1.16395E+00
 1.61250E+01   2.15714E+00   1.05001E+00   5.39718E-01   1.16425E+00
 1.61750E+01   2.15735E+00   1.05004E+00   5.39806E-01   1.16455E+00
 1.62250E+01   2.15757E+00   1.05006E+00   5.39896E-01   1.16487E+00
 1.62750E+01   2.15781E+00   1.05008E+00   5.39987E-01   1.16519E+00
 1.63250E+01   2.15805E+00   1.05011E+00   5.40079E-01   1.16552E+00
 1.63750E+01   2.15830E+00   1.05013E+00   5.40172E-01   1.16585E+00
 1.64250E+01   2.15856E+00   1.05016E+00   5.40268E-01   1.16620E+00
 1.64750E+01   2.15883E+00   1.05018E+00   5.40364E-01   1.16656E+00
 1.65250E+01   2.15911E+00   1.05021E+00   5.40462E-01   1.16692E+00
 1.65750E+01   2.15940E+00   1.05023E+00   5.40562E-01   1.16729E+00
 1.66250E+01   2.15970E+00   1.05026E+00   5.40663E-01   1.16767E+00
 1.66750E+01   2.16000E+00   1.05029E+00   5.40766E-01   1.16805E+00
 1.67250E+01   2.16031E+00   1.05032E+00   5.40871E-01   1.16845E+00
 1.67750E+01   2.16062E+00   1.05034E+00   5.40977E-01   1.16885E+00
 1.68250E+01   2.16094E+00   1.05037E+00   5.41085E-01   1.16925E+00
 1.68750E+01   2.16127E+00   1.05040E+00   5.41195E-01   1.16967E+00
 1.69250E+01   2.16159E+00   1.05043E+00   5.41308E-01   1.17009E+00
 1.69750E+01   2.16193E+00   1.05046E+00   5.41422E-01   1.17052E+00
 1.70250E+01   2.16226E+00   1.05049E+00   5.41539E-01   1.17095E+00
 1.70750E+01   2.16260E+00   1.05052E+00   5.41658E-01   1.17139E+00
 1.71250E+01   2.16294E+00   1.05056E+00   5.41779E-01   1.17184E+00
 1.71750E+01   2.16329E+00   1.05059E+00   5.41902E-01   1.17229E+00
 1.72250E+01   2.16363E+00   1.05062E+00   5.42028E-01   1.17275E+00
 1.72750E+01   2.16398E+00   1.05065E+00   5.42156E-01   1.17321E+00
 1.73250E+01   2.16432E+00   1.05069E+00   5.42287E-01   1.17368E+00
 1.73750E+01   2.16467E+00   1.05072E+00   5.42421E-01   1.17416E+00
 1.74250E+01   2.16501E+00   1.05076E+00   5.42557E-01   1.17464E+00
 1.74750E+01   2.16536E+00   1.05080E+00   5.42696E-01   1.17513E+00
 1.75250E+01   2.16570E+00   1.05083E+00   5.42838E-01   1.17563E+00
 1.75750E+01   2.16605E+00   1.05087E+00   5.42983E-01   1.17613E+00
 1.76250E+01   2.16639E+00   1.05091E+00   5.43131E-01   1.17663E+00
 1.76750E+01   2.16673E+00   1.05095E+00   5.43282E-01   1.17715E+00
 1.77250E+01   2.16707E+00   1.05099E+00   5.43436E-01   1.17766E+00
 1.77750E+01   2.16741E+00   1.05103E+00   5.43593E-01   1.17819E+00
 1.78250E+01   2.16775E+00   1.05107E+00   5.43753E-01   1.17872E+00
 1.78750E+01   2.16808E+00   1.05112E+00   5.43917E-01   1.17926E+00
 1.79250E+01   2.16842E+00   1.05116E+00   5.44084E-01   1.17980E+00
 1.79750E+01   2.16875E+00   1.05120E+00   5.44254E-01   1.18035E+00
 1.80250E+01   2.16908E+00   1.05125E+00   5.44428E-01   1.18091E+00
 1.80750E+01   2.16941E+00   1.05130E+00   5.44606E-01   1.18147E+00
 1.81250E+01   2.16974E+00   1.05134E+00   5.44787E-01   1.18205E+00
 1.81750E+01   2.17007E+00   1.05139E+00   5.44972E-01   1.18263E+00
 1.82250E+01   2.17040E+00   1.05144E+00   5.45160E-01   1.18322E+00
 1.82750E+01   2.17073E+00   1.05149E+00   5.45352E-01   1.18381E+00
 1.83250E+01   2.17106E+00   1.05154E+00   5.45548E-01   1.18442E+00
 1.83750E+01   2.17139E+00   1.05159E+00   5.45748E-01   1.18503E+00
 1.84250E+01   2.17172E+00   1.05165E+00   5.45951E-01   1.18565E+00
 1.84750E+01   2.17205E+00   1.05170E+00   5.46158E-01   1.18629E+00
 1.85250E+01   2.17239E+00   1.05175E+00   5.46369E-01   1.18693E+00
 1.85750E+01   2.17273E+00   1.05181E+00   5.46584E-01   1.18758E+00
 1.86250E+01   2.17306E+00   1.05187E+00   5.46802E-01   1.18824E+00
 1.86750E+01   2.17341E+00   1.05192E+00   5.47024E-01   1.18891E+00
 1.87250E+01   2.17375E+00   1.05198E+00   5.47250E-01   1.18959E+00
 1.87750E+01   2.17410E+00   1.05204E+00   5.47479E-01   1.19028E+00
 1.88250E+01   2.17446E+00   1.05210E+00   5.47712E-01   1.19098E+00
 1.88750E+01   2.17481E+00   1.05216E+00   5.47948E-01   1.19169E+00
 1.89250E+01   2.17518E+00   1.05223E+00   5.48188E-01   1.19241E+00
 1.89750E+01   2.17555E+00   1.05229E+00   5.48431E-01   1.19314E+00
 1.90250E+01   2.17592E+00   1.05235E+00   5.48677E-01   1.19388E+00
 1.90750E+01   2.17630E+00   1.05242E+00   5.48927E-01   1.19463E+00
 1.91250E+01   2.17668E+00   1.05248E+00   5.49179E-01   1.19539E+00
 1.91750E+01   2.17708E+00   1.05255E+00   5.49434E-01   1.19616E+00
 1.92250E+01   2.17747E+00   1.05262E+00   5.49692E-01   1.19694E+00
 1.92750E+01   2.17788E+00   1.05269E+00   5.49953E-01   1.19773E+00
 1.93250E+01   2.17829E+00   1.05275E+00   5.50215E-01   1.19853E+00
 1.93750E+01   2.17870E+00   1.05282E+00   5.50479E-01   1.19933E+00
 1.94250E+01   2.17913E+00   1.05289E+00   5.50745E-01   1.20014E+00
 1.94750E+01   2.17956E+00   1.05296E+00   5.51013E-01   1.20096E+00
 1.95250E+01   2.17999E+00   1.05303E+00   5.51281E-01   1.20179E+00
 1.95750E+01   2.18043E+00   1.05310E+00   5.51551E-01   1.20262E+00
 1.96250E+01   2.18088E+00   1.05317E+00   5.51821E-01   1.20346E+00
 1.96750E+01   2.18133E+00   1.05324E+00   5.52091E-01   1.20429E+00
 1.97250E+01   2.18179E+00   1.05332E+00   5.52362E-01   1.20514E+00
 1.97750E+01   2.18225E+00   1.05339E+00   5.52632E-01   1.20598E+00
 1.98250E+01   2.18272E+00   1.05346E+00   5.52901E-01   1.20683E+00
 1.98750E+01   2.18319E+00   1.05353E+00   5.53169E-01   1.20767E+00
 1.99250E+01   2.18366E+00   1.05360E+00   5.53435E-01   1.20851E+00
 1.99750E+01   2.18413E+00   1.05367E+00   5.53699E-01   1.20935E+00
 2.00250E+01   2.18461E+00   1.05374E+00   5.53961E-01   1.21019E+00
 2.00750E+01   2.18508E+00   1.05381E+00   5.54219E-01   1.21101E+00
 2.01250E+01   2.18555E+00   1.05387E+00   5.54474E-01   1.21183E+00
 2.01750E+01   2.18603E+00   1.05394E+00   5.54726E-01   1.21264E+00
 2.02250E+01   2.18649E+00   1.05401E+00   5.54973E-01   1.21344E+00
 2.02750E+01   2.18696E+00   1.05407E+00   5.55215E-01   1.21423E+00
 2.03250E+01   2.18742E+00   1.05414E+00   5.55452E-01   1.21501E+00
 2.03750E+01   2.18788E+00   1.05420E+00   5.55683E-01   1.21577E+00
 2.04250E+01   2.18832E+00   1.05426E+00   5.55908E-01   1.21651E+00
 2.04750E+01   2.18876E+00   1.05432E+00   5.56126E-01   1.21723E+00
 2.05250E+01   2.18918E+00   1.05438E+00   5.56337E-01   1.21792E+00
 2.05750E+01   2.18960E+00   1.05443E+00   5.56539E-01   1.21860E+00
 2.06250E+01   2.19000E+00   1.05449E+00   5.56733E-01   1.21925E+00
 2.06750E+01   2.19039E+00   1.05454E+00   5.56918E-01   1.21987E+00
 2.07250E+01   2.19076E+00   1.05458E+00   5.57093E-01   1.22046E+00
 2.07750E+01   2.19112E+00   1.05463E+00   5.57257E-01   1.22102E+00
 2.08250E+01   2.19146E+00   1.05468E+00   5.57411E-01   1.22154E+00
 2.08750E+01   2.19178E+00   1.05472E+00   5.57554E-01   1.22203E+00
 2.09250E+01   2.19208E+00   1.05475E+00   5.57685E-01   1.22249E+00
 2.09750E+01   2.19235E+00   1.05479E+00   5.57805E-01   1.22290E+00
 2.10250E+01   2.19260E+00   1.05482E+00   5.57911E-01   1.22328E+00
 2.10750E+01   2.19283E+00   1.05485E+00   5.58005E-01   1.22361E+00
 2.11250E+01   2.19303E+00   1.05487E+00   5.58084E-01   1.22390E+00
 2.11750E+01   2.19321E+00   1.05490E+00   5.58150E-01   1.22414E+00
 2.12250E+01   2.19335E+00   1.05491E+00   5.58201E-01   1.22433E+00
 2.12750E+01   2.19347E+00   1.05493E+00   5.58237E-01   1.22448E+00
 2.13250E+01   2.19355E+00   1.05494E+00   5.58259E-01   1.22457E+00
 2.13750E+01   2.19361E+00   1.05494E+00   5.58264E-01   1.22461E+00
 2.14250E+01   2.19363E+00   1.05495E+00   5.58255E-01   1.22460E+00
 2.14750E+01   2.19362E+00   1.05495E+00   5.58228E-01   1.22454E+00
 2.15250E+01   2.19357E+00   1.05494E+00   5.58186E-01   1.22442E+00
 2.15750E+01   2.19349E+00   1.05493E+00   5.58127E-01   1.22425E+00
 2.16250E+01   2.19338E+00   1.05492E+00   5.58051E-01   1.22402E+00
 2.16750E+01   2.19323E+00   1.05490E+00   5.57959E-01   1.22373E+00
 2.17250E+01   2.19305E+00   1.05487E+00   5.57850E-01   1.22339E+00
 2.17750E+01   2.19283E+00   1.05485E+00   5.57725E-01   1.22300E+00
 2.18250E+01   2.19257E+00   1.05482E+00   5.57583E-01   1.22254E+00
 2.18750E+01   2.19229E+00   1.05478E+00   5.57424E-01   1.22203E+00
 2.19250E+01   2.19196E+00   1.05474E+00   5.57249E-01   1.22147E+00
 2.19750E+01   2.19160E+00   1.05470E+00   5.57058E-01   1.22085E+00
 2.20250E+01   2.19121E+00   1.05465E+00   5.56851E-01   1.22018E+00
 2.20750E+01   2.19078E+00   1.05460E+00   5.56628E-01   1.21945E+00
 2.21250E+01   2.19032E+00   1.05454E+00   5.56390E-01   1.21867E+00
 2.21750E+01   2.18983E+00   1.05448E+00   5.56137E-01   1.21785E+00
 2.22250E+01   2.18931E+00   1.05442E+00   5.55869E-01   1.21697E+00
 2.22750E+01   2.18876E+00   1.05435E+00   5.55587E-01   1.21604E+00
 2.23250E+01   2.18817E+00   1.05428E+00   5.55292E-01   1.21507E+00
 2.23750E+01   2.18756E+00   1.05420E+00   5.54984E-01   1.21406E+00
 2.24250E+01   2.18693E+00   1.05412E+00   5.54663E-01   1.21301E+00
 2.24750E+01   2.18627E+00   1.05404E+00   5.54330E-01   1.21191E+00
 2.25250E+01   2.18558E+00   1.05396E+00   5.53987E-01   1.21078E+00
 2.25750E+01   2.18488E+00   1.05387E+00   5.53633E-01   1.20962E+00
 2.26250E+01   2.18415E+00   1.05378E+00   5.53270E-01   1.20842E+00
 2.26750E+01   2.18340E+00   1.05369E+00   5.52898E-01   1.20720E+00
 2.27250E+01   2.18264E+00   1.05359E+00   5.52517E-01   1.20595E+00
 2.27750E+01   2.18186E+00   1.05349E+00   5.52129E-01   1.20467E+00
 2.28250E+01   2.18107E+00   1.05340E+00   5.51735E-01   1.20337E+00
 2.28750E+01   2.18027E+00   1.05329E+00   5.51335E-01   1.20206E+00
 2.29250E+01   2.17946E+00   1.05319E+00   5.50930E-01   1.20073E+00
 2.29750E+01   2.17864E+00   1.05309E+00   5.50520E-01   1.19939E+00
 2.30250E+01   2.17781E+00   1.05298E+00   5.50108E-01   1.19803E+00
 2.30750E+01   2.17698E+00   1.05288E+00   5.49693E-01   1.19667E+00
 2.31250E+01   2.17615E+00   1.05277E+00   5.49276E-01   1.19531E+00
 2.31750E+01   2.17531E+00   1.05266E+00   5.48858E-01   1.19394E+00
 2.32250E+01   2.17448E+00   1.05256E+00   5.48440E-01   1.19257E+00
 2.32750E+01   2.17365E+00   1.05245E+00   5.48022E-01   1.19121E+00
 2.33250E+01   2.17282E+00   1.05234E+00   5.47606E-01   1.18985E+00
 2.33750E+01   2.17200E+00   1.05224E+00   5.47192E-01   1.18850E+00
 2.34250E+01   2.17119E+00   1.05213E+00   5.46781E-01   1.18716E+00
 2.34750E+01   2.17038E+00   1.05203E+00   5.46373E-01   1.18584E+00
 2.35250E+01   2.16959E+00   1.05192E+00   5.45969E-01   1.18453E+00
 2.35750E+01   2.16881E+00   1.05182E+00   5.45571E-01   1.18324E+00
 2.36250E+01   2.16804E+00   1.05172E+00   5.45177E-01   1.18196E+00
 2.36750E+01   2.16728E+00   1.05162E+00   5.44789E-01   1.18071E+00
 2.37250E+01   2.16654E+00   1.05152E+00   5.44408E-01   1.17948E+00
 2.37750E+01   2.16581E+00   1.05142E+00   5.44034E-01   1.17827E+00
 2.38250E+01   2.16511E+00   1.05133E+00   5.43666E-01   1.17710E+00
 2.38750E+01   2.16442E+00   1.05123E+00   5.43307E-01   1.17594E+00
 2.39250E+01   2.16375E+00   1.05114E+00   5.42957E-01   1.17482E+00
 2.39750E+01   2.16310E+00   1.05105E+00   5.42614E-01   1.17373E+00
 2.40250E+01   2.16247E+00   1.05097E+00   5.42281E-01   1.17266E+00
 2.40750E+01   2.16186E+00   1.05088E+00   5.41957E-01   1.17163E+00
 2.41250E+01   2.16127E+00   1.05080E+00   5.41642E-01   1.17063E+00
 2.41750E+01   2.16070E+00   1.05072E+00   5.41337E-01   1.16967E+00
 2.42250E+01   2.16016E+00   1.05064E+00   5.41041E-01   1.16874E+00
 2.42750E+01   2.15964E+00   1.05057E+00   5.40756E-01   1.16784E+00
 2.43250E+01   2.15914E+00   1.05049E+00   5.40480E-01   1.16697E+00
 2.43750E+01   2.15866E+00   1.05043E+00   5.40215E-01   1.16614E+00
 2.44250E+01   2.15820E+00   1.05036E+00   5.39960E-01   1.16534E+00
 2.44750E+01   2.15776E+00   1.05029E+00   5.39715E-01   1.16458E+00
 2.45250E+01   2.15735E+00   1.05023E+00   5.39480E-01   1.16384E+00
 2.45750E+01   2.15695E+00   1.05017E+00   5.39254E-01   1.16315E+00
 2.46250E+01   2.15658E+00   1.05012E+00   5.39039E-01   1.16248E+00
 2.46750E+01   2.15623E+00   1.05006E+00   5.38833E-01   1.16185E+00
 2.47250E+01   2.15590E+00   1.05001E+00   5.38638E-01   1.16125E+00
 2.47750E+01   2.15559E+00   1.04996E+00   5.38451E-01   1.16068E+00
 2.48250E+01   2.15530E+00   1.04992E+00   5.38275E-01   1.16014E+00
 2.48750E+01   2.15503E+00   1.04987E+00   5.38107E-01   1.15963E+00
 2.49250E+01   2.15477E+00   1.04983E+00   5.37949E-01   1.15916E+00
 2.49750E+01   2.15453E+00   1.04979E+00   5.37800E-01   1.15871E+00
 2.50250E+01   2.15432E+00   1.04976E+00   5.37660E-01   1.15829E+00
 2.50750E+01   2.15411E+00   1.04972E+00   5.37529E-01   1.15790E+00
 2.51250E+01   2.15393E+00   1.04969E+00   5.37405E-01   1.15753E+00
 2.51750E+01   2.15375E+00   1.04966E+00   5.37290E-01   1.15719E+00
 2.52250E+01   2.15360E+00   1.04963E+00   5.37183E-01   1.15688E+00
 2.52750E+01   2.15346E+00   1.04961E+00   5.37083E-01   1.15658E+00
 2.53250E+01   2.15333E+00   1.04958E+00   5.36991E-01   1.15632E+00
 2.53750E+01   2.15321E+00   1.04956E+00   5.36906E-01   1.15607E+00
 2.54250E+01   2.15311E+00   1.04954E+00   5.36828E-01   1.15585E+00
 2.54750E+01   2.15302E+00   1.04952E+00   5.36757E-01   1.15565E+00
 2.55250E+01   2.15294E+00   1.04951E+00   5.36692E-01   1.15546E+00
 2.55750E+01   2.15287E+00   1.04949E+00   5.36634E-01   1.15530E+00
 2.56250E+01   2.15280E+00   1.04948E+00   5.36581E-01   1.15515E+00
 2.56750E+01   2.15275E+00   1.04947E+00   5.36535E-01   1.15503E+00
 2.57250E+01   2.15271E+00   1.04946E+00   5.36494E-01   1.15492E+00
 2.57750E+01   2.15267E+00   1.04945E+00   5.36458E-01   1.15482E+00
 2.58250E+01   2.15265E+00   1.04944E+00   5.36427E-01   1.15474E+00
 2.58750E+01   2.15262E+00   1.04944E+00   5.36401E-01   1.15467E+00
 2.59250E+01   2.15261E+00   1.04943E+00   5.36380E-01   1.15462E+00
 2.59750E+01   2.15260E+00   1.04943E+00   5.36363E-01   1.15458E+00
 2.60250E+01   2.15260E+00   1.04943E+00   5.36351E-01   1.15455E+00
 2.60750E+01   2.15260E+00   1.04943E+00   5.36343E-01   1.15453E+00
 2.61250E+01   2.15261E+00   1.04943E+00   5.36339E-01   1.15453E+00
 2.61750E+01   2.15262E+00   1.04943E+00   5.36338E-01   1.15453E+00
 2.62250E+01   2.15264E+00   1.04943E+00   5.36341E-01   1.15455E+00
 2.62750E+01   2.15266E+00   1.04944E+00   5.36348E-01   1.15457E+00
 2.63250E+01   2.15269E+00   1.04944E+00   5.36358E-01   1.15461E+00
 2.63750E+01   2.15271E+00   1.04944E+00   5.36371E-01   1.15465E+00
 2.64250E+01   2.15275E+00   1.04945E+00   5.36387E-01   1.15470E+00
 2.64750E+01   2.15278E+00   1.04946E+00   5.36406E-01   1.15476E+00
 2.65250E+01   2.15282E+00   1.04946E+00   5.36428E-01   1.15483E+00
 2.65750E+01   2.15286E+00   1.04947E+00   5.36452E-01   1.15490E+00
 2.66250E+01   2.15290E+00   1.04948E+00   5.36479E-01   1.15498E+00
 2.66750E+01   2.15294E+00   1.04949E+00   5.36508E-01   1.15507E+00
 2.67250E+01   2.15299E+00   1.04950E+00   5.36540E-01   1.15516E+00
 2.67750E+01   2.15303E+00   1.04951E+00   5.36574E-01   1.15526E+00
 2.68250E+01   2.15308E+00   1.04952E+00   5.36609E-01   1.15536E+00
 2.68750E+01   2.15314E+00   1.04953E+00   5.36647E-01   1.15547E+00
 2.69250E+01   2.15319E+00   1.04955E+00   5.36687E-01   1.15559E+00
 2.69750E+01   2.15325E+00   1.04956E+00   5.36728E-01   1.15571E+00
 2.70250E+01   2.15330E+00   1.04957E+00   5.36771E-01   1.15583E+00
 2.70750E+01   2.15336E+00   1.04958E+00   5.36816E-01   1.15596E+00
 2.71250E+01   2.15343E+00   1.04960E+00   5.36863E-01   1.15609E+00
 2.71750E+01   2.15349E+00   1.04961E+00   5.36911E-01   1.15623E+00
 2.72250E+01   2.15355E+00   1.04963E+00   5.36960E-01   1.15637E+00
 2.72750E+01   2.15362E+00   1.04964E+00   5.37011E-01   1.15652E+00
 2.73250E+01   2.15369E+00   1.04966E+00   5.37064E-01   1.15667E+00
 2.73750E+01   2.15376E+00   1.04967E+00   5.37117E-01   1.15682E+00
 2.74250E+01   2.15383E+00   1.04969E+00   5.37172E-01   1.15698E+00
 2.74750E+01   2.15391E+00   1.04970E+00   5.37228E-01   1.15714E+00
 2.75250E+01   2.15398E+00   1.04972E+00   5.37285E-01   1.15730E+00
 2.75750E+01   2.15406E+00   1.04974E+00   5.37343E-01   1.15747E+00
 2.76250E+01   2.15415E+00   1.04975E+00   5.37403E-01   1.15764E+00
 2.76750E+01   2.15423E+00   1.04977E+00   5.37464E-01   1.15782E+00
 2.77250E+01   2.15432E+00   1.04979E+00   5.37526E-01   1.15800E+00
 2.77750E+01   2.15441E+00   1.04981E+00   5.37589E-01   1.15819E+00
 2.78250E+01   2.15450E+00   1.04983E+00   5.37653E-01   1.15837E+00
 2.78750E+01   2.15460E+00   1.04984E+00   5.37718E-01   1.15857E+00
 2.79250E+01   2.15470E+00   1.04986E+00   5.37784E-01   1.15876E+00
 2.79750E+01   2.15480E+00   1.04988E+00   5.37851E-01   1.15896E+00
 2.80250E+01   2.15491E+00   1.04990E+00   5.37920E-01   1.15917E+00
 2.80750E+01   2.15502E+00   1.04992E+00   5.37989E-01   1.15938E+00
 2.81250E+01   2.15513E+00   1.04994E+00   5.38059E-01   1.15959E+00
 2.81750E+01   2.15525E+00   1.04996E+00   5.38131E-01   1.15980E+00
 2.82250E+01   2.15536E+00   1.04998E+00   5.38203E-01   1.16002E+00
 2.82750E+01   2.15549E+00   1.05000E+00   5.38276E-01   1.16025E+00
 2.83250E+01   2.15561E+00   1.05002E+00   5.38351E-01   1.16048E+00
 2.83750E+01   2.15574E+00   1.05004E+00   5.38427E-01   1.16071E+00
 2.84250E+01   2.15588E+00   1.05006E+00   5.38503E-01   1.16095E+00
 2.84750E+01   2.15601E+00   1.05008E+00   5.38581E-01   1.16119E+00
 2.85250E+01   2.15615E+00   1.05010E+00   5.38659E-01   1.16143E+00
 2.85750E+01   2.15630E+00   1.05013E+00   5.38739E-01   1.16168E+00
 2.86250E+01   2.15645E+00   1.05015E+00   5.38820E-01   1.16194E+00
 2.86750E+01   2.15660E+00   1.05017E+00   5.38902E-01   1.16220E+00
 2.87250E+01   2.15675E+00   1.05019E+00   5.38985E-01   1.16246E+00
 2.87750E+01   2.15691E+00   1.05022E+00   5.39070E-01   1.16273E+00
 2.88250E+01   2.15708E+00   1.05024E+00   5.39155E-01   1.16300E+00
 2.88750E+01   2.15724E+00   1.05026E+00   5.39241E-01   1.16327E+00
 2.89250E+01   2.15741E+00   1.05029E+00   5.39329E-01   1.16355E+00
 2.89750E+01   2.15759E+00   1.05031E+00   5.39417E-01   1.16384E+00
 2.90250E+01   2.15776E+00   1.05034E+00   5.39507E-01   1.16413E+00
 2.90750E+01   2.15794E+00   1.05036E+00   5.39599E-01   1.16442E+00
 2.91250E+01   2.15813E+00   1.05039E+00   5.39691E-01   1.16472E+00
 2.91750E+01   2.15831E+00   1.05041E+00   5.39785E-01   1.16503E+00
 2.92250E+01   2.15850E+00   1.05044E+00   5.39880E-01   1.16533E+00
 2.92750E+01   2.15870E+00   1.05046E+00   5.39977E-01   1.16565E+00
 2.93250E+01   2.15889E+00   1.05049E+00   5.40074E-01   1.16596E+00
 2.93750E+01   2.15910E+00   1.05052E+00   5.40174E-01   1.16629E+00
 2.94250E+01   2.15930E+00   1.05055E+00   5.40275E-01   1.16661E+00
 2.94750E+01   2.15951E+00   1.05058E+00   5.40377E-01   1.16695E+00
 2.95250E+01   2.15971E+00   1.05060E+00   5.40480E-01   1.16728E+00
 2.95750E+01   2.15993E+00   1.05063E+00   5.40586E-01   1.16763E+00
 2.96250E+01   2.16014E+00   1.05066E+00   5.40692E-01   1.16797E+00
 2.96750E+01   2.16036E+00   1.05069E+00   5.40801E-01   1.16833E+00
 2.97250E+01   2.16059E+00   1.05072E+00   5.40911E-01   1.16868E+00
 2.97750E+01   2.16081E+00   1.05075E+00   5.41023E-01   1.16905E+00
 2.98250E+01   2.16104E+00   1.05079E+00   5.41136E-01   1.16942E+00
 2.98750E+01   2.16127E+00   1.05082E+00   5.41252E-01   1.16979E+00
 2.99250E+01   2.16150E+00   1.05085E+00   5.41369E-01   1.17017E+00
 2.99750E+01   2.16174E+00   1.05088E+00   5.41488E-01   1.17056E+00
 3.00250E+01   2.16198E+00   1.05092E+00   5.41609E-01   1.17095E+00
 3.00750E+01   2.16222E+00   1.05095E+00   5.41732E-01   1.17135E+00
 3.01250E+01   2.16247E+00   1.05099E+00   5.41857E-01   1.17175E+00
 3.01750E+01   2.16272E+00   1.05102E+00   5.41984E-01   1.17216E+00
 3.02250E+01   2.16297E+00   1.05106E+00   5.42113E-01   1.17257E+00
 3.02750E+01   2.16322E+00   1.05109E+00   5.42244E-01   1.17300E+00
 3.03250E+01   2.16348E+00   1.05113E+00   5.42378E-01   1.17343E+00
 3.03750E+01   2.16374E+00   1.05117E+00   5.42514E-01   1.17386E+00
 3.04250E+01   2.16401E+00   1.05121E+00   5.42651E-01   1.17430E+00
 3.04750E+01   2.16428E+00   1.05125E+00   5.42791E-01   1.17475E+00
 3.05250E+01   2.16455E+00   1.05129E+00   5.42934E-01   1.17521E+00
 3.05750E+01   2.16482E+00   1.05133E+00   5.43078E-01   1.17567E+00
 3.06250E+01   2.16510E+00   1.05137E+00   5.43225E-01   1.17614E+00
 3.06750E+01   2.16538E+00   1.05141E+00   5.43375E-01   1.17661E+00
 3.07250E+01   2.16567E+00   1.05145E+00   5.43527E-01   1.17710E+00
 3.07750E+01   2.16595E+00   1.05149E+00   5.43681E-01   1.17759E+00
 3.08250E+01   2.16624E+00   1.05154E+00   5.43837E-01   1.17808E+00
 3.08750E+01   2.16654E+00   1.05158E+00   5.43996E-01   1.17859E+00
 3.09250E+01   2.16684E+00   1.05163E+00   5.44158E-01   1.17910E+00
 3.09750E+01   2.16714E+00   1.05167E+00   5.44322E-01   1.17962E+00
 3.10250E+01   2.16745E+00   1.05172E+00   5.44489E-01   1.18015E+00
 3.10750E+01   2.16776E+00   1.05177E+00   5.44658E-01   1.18068E+00
 3.11250E+01   2.16807E+00   1.05181E+00   5.44829E-01   1.18123E+00
 3.11750E+01   2.16838E+00   1.05186E+00   5.45003E-01   1.18178E+00
 3.12250E+01   2.16870E+00   1.05191E+00   5.45179E-01   1.18233E+00
 3.12750E+01   2.16903E+00   1.05196E+00   5.45358E-01   1.18290E+00
 3.13250E+01   2.16936E+00   1.05201E+00   5.45539E-01   1.18347E+00
 3.13750E+01   2.16969E+00   1.05206E+00   5.45722E-01   1.18405E+00
 3.14250E+01   2.17002E+00   1.05211E+00   5.45908E-01   1.18463E+00
 3.14750E+01   2.17036E+00   1.05216E+00   5.46096E-01   1.18523E+00
 3.15250E+01   2.17071E+00   1.05221E+00   5.46287E-01   1.18583E+00
 3.15750E+01   2.17105E+00   1.05226E+00   5.46479E-01   1.18643E+00
 3.16250E+01   2.17140E+00   1.05232E+00   5.46674E-01   1.18705E+00
 3.16750E+01   2.17176E+00   1.05237E+00   5.46870E-01   1.18767E+00
 3.17250E+01   2.17211E+00   1.05242E+00   5.47069E-01   1.18830E+00
 3.17750E+01   2.17247E+00   1.05248E+00   5.47270E-01   1.18893E+00
 3.18250E+01   2.17284E+00   1.05253E+00   5.47472E-01   1.18957E+00
 3.18750E+01   2.17320E+00   1.05259E+00   5.47676E-01   1.19021E+00
 3.19250E+01   2.17357E+00   1.05264E+00   5.47882E-01   1.19086E+00
 3.19750E+01   2.17395E+00   1.05270E+00   5.48089E-01   1.19152E+00
 3.20250E+01   2.17432E+00   1.05275E+00   5.48298E-01   1.19218E+00
 3.20750E+01   2.17470E+00   1.05281E+00   5.48508E-01   1.19284E+00
 3.21250E+01   2.17508E+00   1.05287E+00   5.48719E-01   1.19351E+00
 3.21750E+01   2.17546E+00   1.05292E+00   5.48931E-01   1.19418E+00
 3.22250E+01   2.17584E+00   1.05298E+00   5.49144E-01   1.19485E+00
 3.22750E+01   2.17623E+00   1.05304E+00   5.49357E-01   1.19553E+00
 3.23250E+01   2.17661E+00   1.05309E+00   5.49571E-01   1.19620E+00
 3.23750E+01   2.17700E+00   1.05315E+00   5.49785E-01   1.19688E+00
 3.24250E+01   2.17738E+00   1.05321E+00   5.50000E-01   1.19756E+00
 3.24750E+01   2.17777E+00   1.05326E+00   5.50214E-01   1.19824E+00
 3.25250E+01   2.17816E+00   1.05332E+00   5.50428E-01   1.19892E+00
 3.25750E+01   2.17854E+00   1.05338E+00   5.50641E-01   1.19959E+00
 3.26250E+01   2.17892E+00   1.05343E+00   5.50854E-01   1.20027E+00
 3.26750E+01   2.17931E+00   1.05349E+00   5.51065E-01   1.20094E+00
 3.27250E+01   2.17969E+00   1.05354E+00   5.51275E-01   1.20161E+00
 3.27750E+01   2.18006E+00   1.05360E+00   5.51484E-01   1.20227E+00
 3.28250E+01   2.18044E+00   1.05365E+00   5.51690E-01   1.20293E+00
 3.28750E+01   2.18081E+00   1.05371E+00   5.51895E-01   1.20358E+00
 3.29250E+01   2.18118E+00   1.05376E+00   5.52098E-01   1.20422E+00
 3.29750E+01   2.18154E+00   1.05382E+00   5.52298E-01   1.20486E+00
 3.30250E+01   2.18190E+00   1.05387E+00   5.52495E-01   1.20549E+00
 3.30750E+01   2.18225E+00   1.05392E+00   5.52689E-01   1.20610E+00
 3.31250E+01   2.18259E+00   1.05397E+00   5.52880E-01   1.20671E+00
 3.31750E+01   2.18293E+00   1.05402E+00   5.53067E-01   1.20731E+00
 3.32250E+01   2.18327E+00   1.05407E+00   5.53250E-01   1.20789E+00
 3.32750E+01   2.18359E+00   1.05412E+00   5.53428E-01   1.20846E+00
 3.33250E+01   2.18390E+00   1.05417E+00   5.53602E-01   1.20901E+00
 3.33750E+01   2.18421E+00   1.05421E+00   5.53771E-01   1.20955E+00
 3.34250E+01   2.18451E+00   1.05426E+00   5.53935E-01   1.21007E+00
 3.34750E+01   2.18479E+00   1.05430E+00   5.54093E-01   1.21058E+00
 3.35250E+01   2.18507E+00   1.05434E+00   5.54245E-01   1.21106E+00
 3.35750E+01   2.18533E+00   1.05438E+00   5.54391E-01   1.21153E+00
 3.36250E+01   2.18558E+00   1.05442E+00   5.54530E-01   1.21197E+00
 3.36750E+01   2.18582E+00   1.05446E+00   5.54662E-01   1.21239E+00
 3.37250E+01   2.18604E+00   1.05449E+00   5.54787E-01   1.21279E+00
 3.37750E+01   2.18626E+00   1.05453E+00   5.54905E-01   1.21316E+00
 3.38250E+01   2.18645E+00   1.05456E+00   5.55015E-01   1.21351E+00
 3.38750E+01   2.18664E+00   1.05459E+00   5.55116E-01   1.21384E+00
 3.39250E+01   2.18680E+00   1.05462E+00   5.55210E-01   1.21413E+00
 3.39750E+01   2.18695E+00   1.05464E+00   5.55295E-01   1.21440E+00
 3.40250E+01   2.18708E+00   1.05466E+00   5.55370E-01   1.21464E+00
 3.40750E+01   2.18720E+00   1.05469E+00   5.55437E-01   1.21485E+00
 3.41250E+01   2.18730E+00   1.05471E+00   5.55494E-01   1.21503E+00
 3.41750E+01   2.18738E+00   1.05472E+00   5.55541E-01   1.21518E+00
 3.42250E+01   2.18744E+00   1.05474E+00   5.55579E-01   1.21530E+00
 3.42750E+01   2.18748E+00   1.05475E+00   5.55607E-01   1.21538E+00
 3.43250E+01   2.18751E+00   1.05476E+00   5.55624E-01   1.21543E+00
 3.43750E+01   2.18751E+00   1.05477E+00   5.55630E-01   1.21545E+00
 3.44250E+01   2.18750E+00   1.05477E+00   5.55626E-01   1.21543E+00
 3.44750E+01   2.18746E+00   1.05477E+00   5.55611E-01   1.21538E+00
 3.45250E+01   2.18740E+00   1.05477E+00   5.55585E-01   1.21529E+00
 3.45750E+01   2.18732E+00   1.05477E+00   5.55547E-01   1.21516E+00
 3.46250E+01   2.18722E+00   1.05476E+00   5.55498E-01   1.21500E+00
 3.46750E+01   2.18710E+00   1.05475E+00   5.55438E-01   1.21480E+00
 3.47250E+01   2.18696E+00   1.05474E+00   5.55367E-01   1.21456E+00
 3.47750E+01   2.18680E+00   1.05472E+00   5.55284E-01   1.21429E+00
 3.48250E+01   2.18661E+00   1.05471E+00   5.55189E-01   1.21398E+00
 3.48750E+01   2.18641E+00   1.05469E+00   5.55083E-01   1.21364E+00
 3.49250E+01   2.18618E+00   1.05466E+00   5.54966E-01   1.21325E+00
 3.49750E+01   2.18593E+00   1.05464E+00   5.54837E-01   1.21283E+00
 3.50250E+01   2.18566E+00   1.05461E+00   5.54697E-01   1.21238E+00
 3.50750E+01   2.18537E+00   1.05458E+00   5.54546E-01   1.21189E+00
 3.51250E+01   2.18506E+00   1.05454E+00   5.54383E-01   1.21136E+00
 3.51750E+01   2.18473E+00   1.05450E+00   5.54210E-01   1.21080E+00
 3.52250E+01   2.18438E+00   1.05446E+00   5.54027E-01   1.21021E+00
 3.52750E+01   2.18401E+00   1.05442E+00   5.53833E-01   1.20958E+00
 3.53250E+01   2.18363E+00   1.05438E+00   5.53628E-01   1.20892E+00
 3.53750E+01   2.18322E+00   1.05433E+00   5.53414E-01   1.20823E+00
 3.54250E+01   2.18280E+00   1.05428E+00   5.53190E-01   1.20750E+00
 3.54750E+01   2.18236E+00   1.05422E+00   5.52958E-01   1.20675E+00
 3.55250E+01   2.18190E+00   1.05417E+00   5.52716E-01   1.20597E+00
 3.55750E+01   2.18143E+00   1.05411E+00   5.52466E-01   1.20517E+00
 3.56250E+01   2.18094E+00   1.05405E+00   5.52207E-01   1.20433E+00
 3.56750E+01   2.18044E+00   1.05399E+00   5.51941E-01   1.20348E+00
 3.57250E+01   2.17993E+00   1.05392E+00   5.51668E-01   1.20260E+00
 3.57750E+01   2.17940E+00   1.05386E+00   5.51388E-01   1.20170E+00
 3.58250E+01   2.17887E+00   1.05379E+00   5.51101E-01   1.20078E+00
 3.58750E+01   2.17832E+00   1.05372E+00   5.50809E-01   1.19984E+00
 3.59250E+01   2.17776E+00   1.05365E+00   5.50511E-01   1.19888E+00
 3.59750E+01   2.17719E+00   1.05358E+00   5.50208E-01   1.19791E+00
 3.60250E+01   2.17661E+00   1.05350E+00   5.49900E-01   1.19692E+00
 3.60750E+01   2.17603E+00   1.05343E+00   5.49589E-01   1.19592E+00
 3.61250E+01   2.17544E+00   1.05335E+00   5.49274E-01   1.19491E+00
 3.61750E+01   2.17484E+00   1.05327E+00   5.48956E-01   1.19389E+00
 3.62250E+01   2.17424E+00   1.05319E+00   5.48636E-01   1.19287E+00
 3.62750E+01   2.17364E+00   1.05311E+00   5.48314E-01   1.19184E+00
 3.63250E+01   2.17304E+00   1.05303E+00   5.47991E-01   1.19080E+00
 3.63750E+01   2.17243E+00   1.05295E+00   5.47666E-01   1.18977E+00
 3.64250E+01   2.17182E+00   1.05287E+00   5.47342E-01   1.18873E+00
 3.64750E+01   2.17121E+00   1.05279E+00   5.47018E-01   1.18769E+00
 3.65250E+01   2.17060E+00   1.05271E+00   5.46694E-01   1.18666E+00
 3.65750E+01   2.17000E+00   1.05263E+00   5.46371E-01   1.18563E+00
 3.66250E+01   2.16940E+00   1.05255E+00   5.46050E-01   1.18460E+00
 3.66750E+01   2.16880E+00   1.05247E+00   5.45730E-01   1.18358E+00
 3.67250E+01   2.16821E+00   1.05239E+00   5.45413E-01   1.18257E+00
 3.67750E+01   2.16762E+00   1.05231E+00   5.45100E-01   1.18157E+00
 3.68250E+01   2.16703E+00   1.05223E+00   5.44789E-01   1.18058E+00
 3.68750E+01   2.16646E+00   1.05215E+00   5.44483E-01   1.17960E+00
 3.69250E+01   2.16589E+00   1.05207E+00   5.44180E-01   1.17863E+00
 3.69750E+01   2.16533E+00   1.05199E+00   5.43882E-01   1.17768E+00
 3.70250E+01   2.16477E+00   1.05191E+00   5.43588E-01   1.17675E+00
 3.70750E+01   2.16423E+00   1.05184E+00   5.43300E-01   1.17583E+00
 3.71250E+01   2.16370E+00   1.05176E+00   5.43018E-01   1.17492E+00
 3.71750E+01   2.16317E+00   1.05169E+00   5.42741E-01   1.17404E+00
 3.72250E+01   2.16266E+00   1.05162E+00   5.42470E-01   1.17318E+00
 3.72750E+01   2.16215E+00   1.05155E+00   5.42205E-01   1.17233E+00
 3.73250E+01   2.16166E+00   1.05148E+00   5.41946E-01   1.17150E+00
 3.73750E+01   2.16118E+00   1.05141E+00   5.41694E-01   1.17070E+00
 3.74250E+01   2.16071E+00   1.05135E+00   5.41449E-01   1.16992E+00
 3.74750E+01   2.16026E+00   1.05128E+00   5.41211E-01   1.16915E+00
 3.75250E+01   2.15981E+00   1.05122E+00   5.40979E-01   1.16841E+00
 3.75750E+01   2.15938E+00   1.05116E+00   5.40755E-01   1.16770E+00
 3.76250E+01   2.15896E+00   1.05110E+00   5.40537E-01   1.16700E+00
 3.76750E+01   2.15856E+00   1.05104E+00   5.40327E-01   1.16633E+00
 3.77250E+01   2.15816E+00   1.05099E+00   5.40125E-01   1.16568E+00
 3.77750E+01   2.15778E+00   1.05093E+00   5.39929E-01   1.16505E+00
 3.78250E+01   2.15742E+00   1.05088E+00   5.39741E-01   1.16445E+00
 3.78750E+01   2.15706E+00   1.05083E+00   5.39560E-01   1.16387E+00
 3.79250E+01   2.15673E+00   1.05078E+00   5.39386E-01   1.16331E+00
 3.79750E+01   2.15640E+00   1.05073E+00   5.39219E-01   1.16277E+00
 3.80250E+01   2.15609E+00   1.05069E+00   5.39060E-01   1.16226E+00
 3.80750E+01   2.15579E+00   1.05064E+00   5.38907E-01   1.16177E+00
 3.81250E+01   2.15550E+00   1.05060E+00   5.38762E-01   1.16130E+00
 3.81750E+01   2.15522E+00   1.05057E+00   5.38623E-01   1.16085E+00
 3.82250E+01   2.15496E+00   1.05053E+00   5.38491E-01   1.16043E+00
 3.82750E+01   2.15472E+00   1.05049E+00   5.38366E-01   1.16002E+00
 3.83250E+01   2.15448E+00   1.05046E+00   5.38247E-01   1.15964E+00
 3.83750E+01   2.15425E+00   1.05043E+00   5.38134E-01   1.15928E+00
 3.84250E+01   2.15404E+00   1.05040E+00   5.38028E-01   1.15894E+00
 3.84750E+01   2.15385E+00   1.05037E+00   5.37928E-01   1.15861E+00
 3.85250E+01   2.15366E+00   1.05034E+00   5.37833E-01   1.15831E+00
 3.85750E+01   2.15348E+00   1.05032E+00   5.37745E-01   1.15803E+00
 3.86250E+01   2.15332E+00   1.05030E+00   5.37662E-01   1.15776E+00
 3.86750E+01   2.15317E+00   1.05027E+00   5.37584E-01   1.15751E+00
 3.87250E+01   2.15302E+00   1.05025E+00   5.37512E-01   1.15728E+00
 3.87750E+01   2.15289E+00   1.05024E+00   5.37445E-01   1.15706E+00
 3.88250E+01   2.15277E+00   1.05022E+00   5.37383E-01   1.15686E+00
 3.88750E+01   2.15266E+00   1.05021E+00   5.37326E-01   1.15668E+00
 3.89250E+01   2.15256E+00   1.05019E+00   5.37273E-01   1.15651E+00
 3.89750E+01   2.15247E+00   1.05018E+00   5.37225E-01   1.15636E+00
 3.90250E+01   2.15239E+00   1.05017E+00   5.37181E-01   1.15622E+00
 3.90750E+01   2.15232E+00   1.05016E+00   5.37141E-01   1.15610E+00
 3.91250E+01   2.15226E+00   1.05015E+00   5.37105E-01   1.15599E+00
 3.91750E+01   2.15221E+00   1.05015E+00   5.37074E-01   1.15589E+00
 3.92250E+01   2.15217E+00   1.05014E+00   5.37046E-01   1.15581E+00
 3.92750E+01   2.15213E+00   1.05014E+00   5.37021E-01   1.15574E+00
 3.93250E+01   2.15210E+00   1.05014E+00   5.37001E-01   1.15568E+00
 3.93750E+01   2.15209E+00   1.05013E+00   5.36983E-01   1.15563E+00
 3.94250E+01   2.15208E+00   1.05013E+00   5.36969E-01   1.15560E+00
 3.94750E+01   2.15207E+00   1.05014E+00   5.36958E-01   1.15557E+00
 3.95250E+01   2.15208E+00   1.05014E+00   5.36950E-01   1.15556E+00
 3.95750E+01   2.15209E+00   1.05014E+00   5.36945E-01   1.15555E+00
 3.96250E+01   2.15210E+00   1.05014E+00   5.36942E-01   1.15556E+00
 3.96750E+01   2.15213E+00   1.05015E+00   5.36943E-01   1.15557E+00
 3.97250E+01   2.15216E+00   1.05016E+00   5.36946E-01   1.15560E+00
 3.97750E+01   2.15220E+00   1.05016E+00   5.36952E-01   1.15563E+00
 3.98250E+01   2.15225E+00   1.05017E+00   5.36961E-01   1.15567E+00
 3.98750E+01   2.15230E+00   1.05018E+00   5.36972E-01   1.15572E+00
 3.99250E+01   2.15235E+00   1.05019E+00   5.36985E-01   1.15578E+00
 3.99750E+01   2.15242E+00   1.05020E+00   5.37001E-01   1.15585E+00
 4.00250E+01   2.15248E+00   1.05021E+00   5.37019E-01   1.15592E+00
 4.00750E+01   2.15255E+00   1.05022E+00   5.37040E-01   1.15601E+00
 4.01250E+01   2.15263E+00   1.05023E+00   5.37062E-01   1.15610E+00
 4.01750E+01   2.15271E+00   1.05025E+00   5.37087E-01   1.15619E+00
 4.02250E+01   2.15280E+00   1.05026E+00   5.37113E-01   1.15630E+00
 4.02750E+01   2.15289E+00   1.05027E+00   5.37142E-01   1.15641E+00
 4.03250E+01   2.15298E+00   1.05029E+00   5.37173E-01   1.15652E+00
 4.03750E+01   2.15308E+00   1.05030E+00   5.37206E-01   1.15665E+00
 4.04250E+01   2.15318E+00   1.05032E+00   5.37241E-01   1.15678E+00
 4.04750E+01   2.15329E+00   1.05034E+00   5.37278E-01   1.15691E+00
 4.05250E+01   2.15340E+00   1.05035E+00   5.37317E-01   1.15706E+00
 4.05750E+01   2.15351E+00   1.05037E+00   5.37358E-01   1.15721E+00
 4.06250E+01   2.15362E+00   1.05039E+00   5.37401E-01   1.15736E+00
 4.06750E+01   2.15374E+00   1.05041E+00   5.37446E-01   1.15752E+00
 4.07250E+01   2.15386E+00   1.05042E+00   5.37494E-01   1.15769E+00
 4.07750E+01   2.15399E+00   1.05044E+00   5.37543E-01   1.15786E+00
 4.08250E+01   2.15411E+00   1.05046E+00   5.37595E-01   1.15804E+00
 4.08750E+01   2.15424E+00   1.05048E+00   5.37649E-01   1.15822E+00
 4.09250E+01   2.15437E+00   1.05050E+00   5.37704E-01   1.15841E+00
 4.09750E+01   2.15450E+00   1.05052E+00   5.37761E-01   1.15861E+00
 4.10250E+01   2.15463E+00   1.05054E+00   5.37821E-01   1.15881E+00
 4.10750E+01   2.15477E+00   1.05056E+00   5.37882E-01   1.15901E+00
 4.11250E+01   2.15491E+00   1.05058E+00   5.37947E-01   1.15922E+00
 4.11750E+01   2.15505E+00   1.05060E+00   5.38013E-01   1.15944E+00
 4.12250E+01   2.15519E+00   1.05062E+00   5.38082E-01   1.15967E+00
 4.12750E+01   2.15533E+00   1.05064E+00   5.38154E-01   1.15990E+00
 4.13250E+01   2.15547E+00   1.05066E+00   5.38227E-01   1.16013E+00
 4.13750E+01   2.15561E+00   1.05068E+00   5.38303E-01   1.16037E+00
 4.14250E+01   2.15576E+00   1.05070E+00   5.38380E-01   1.16062E+00
 4.14750E+01   2.15591E+00   1.05072E+00   5.38460E-01   1.16087E+00
 4.15250E+01   2.15606E+00   1.05074E+00   5.38543E-01   1.16113E+00
 4.15750E+01   2.15620E+00   1.05076E+00   5.38627E-01   1.16139E+00
 4.16250E+01   2.15635E+00   1.05078E+00   5.38714E-01   1.16166E+00
 4.16750E+01   2.15651E+00   1.05080E+00   5.38803E-01   1.16193E+00
 4.17250E+01   2.15666E+00   1.05082E+00   5.38895E-01   1.16221E+00
 4.17750E+01   2.15681E+00   1.05085E+00   5.38988E-01   1.16250E+00
 4.18250E+01   2.15696E+00   1.05087E+00   5.39084E-01   1.16279E+00
 4.18750E+01   2.15712E+00   1.05089E+00   5.39183E-01   1.16308E+00
 4.19250E+01   2.15727E+00   1.05091E+00   5.39283E-01   1.16338E+00
 4.19750E+01   2.15743E+00   1.05093E+00   5.39386E-01   1.16369E+00
 4.20250E+01   2.15759E+00   1.05096E+00   5.39491E-01   1.16400E+00
 4.20750E+01   2.15775E+00   1.05098E+00   5.39598E-01   1.16432E+00
 4.21250E+01   2.15791E+00   1.05100E+00   5.39708E-01   1.16464E+00
 4.21750E+01   2.15807E+00   1.05102E+00   5.39819E-01   1.16497E+00
 4.22250E+01   2.15824E+00   1.05105E+00   5.39933E-01   1.16530E+00
 4.22750E+01   2.15840E+00   1.05107E+00   5.40048E-01   1.16564E+00
 4.23250E+01   2.15857E+00   1.05109E+00   5.40166E-01   1.16599E+00
 4.23750E+01   2.15874E+00   1.05112E+00   5.40286E-01   1.16634E+00
 4.24250E+01   2.15891E+00   1.05114E+00   5.40408E-01   1.16669E+00
 4.24750E+01   2.15909E+00   1.05117E+00   5.40531E-01   1.16705E+00
 4.25250E+01   2.15926E+00   1.05119E+00   5.40656E-01   1.16742E+00
 4.25750E+01   2.15944E+00   1.05122E+00   5.40783E-01   1.16779E+00
 4.26250E+01   2.15962E+00   1.05124E+00   5.40912E-01   1.16817E+00
 4.26750E+01   2.15981E+00   1.05127E+00   5.41043E-01   1.16855E+00
 4.27250E+01   2.15999E+00   1.05130E+00   5.41176E-01   1.16894E+00
 4.27750E+01   2.16018E+00   1.05132E+00   5.41311E-01   1.16933E+00
 4.28250E+01   2.16038E+00   1.05135E+00   5.41447E-01   1.16973E+00
 4.28750E+01   2.16057E+00   1.05138E+00   5.41585E-01   1.17013E+00
 4.29250E+01   2.16077E+00   1.05141E+00   5.41724E-01   1.17054E+00
 4.29750E+01   2.16097E+00   1.05144E+00   5.41864E-01   1.17095E+00
 4.30250E+01   2.16118E+00   1.05147E+00   5.42006E-01   1.17137E+00
 4.30750E+01   2.16139E+00   1.05150E+00   5.42148E-01   1.17179E+00
 4.31250E+01   2.16160E+00   1.05153E+00   5.42292E-01   1.17222E+00
 4.31750E+01   2.16182E+00   1.05156E+00   5.42437E-01   1.17265E+00
 4.32250E+01   2.16205E+00   1.05159E+00   5.42582E-01   1.17309E+00
 4.32750E+01   2.16228E+00   1.05163E+00   5.42729E-01   1.17353E+00
 4.33250E+01   2.16251E+00   1.05166E+00   5.42877E-01   1.17398E+00
 4.33750E+01   2.16275E+00   1.05170E+00   5.43025E-01   1.17443E+00
 4.34250E+01   2.16299E+00   1.05173E+00   5.43175E-01   1.17488E+00
 4.34750E+01   2.16324E+00   1.05177E+00   5.43325E-01   1.17534E+00
 4.35250E+01   2.16349E+00   1.05180E+00   5.43476E-01   1.17580E+00
 4.35750E+01   2.16374E+00   1.05184E+00   5.43627E-01   1.17627E+00
 4.36250E+01   2.16401E+00   1.05188E+00   5.43779E-01   1.17674E+00
 4.36750E+01   2.16428E+00   1.05192E+00   5.43932E-01   1.17722E+00
 4.37250E+01   2.16455E+00   1.05196E+00   5.44085E-01   1.17770E+00
 4.37750E+01   2.16483E+00   1.05200E+00   5.44238E-01   1.17818E+00
 4.38250E+01   2.16511E+00   1.05204E+00   5.44392E-01   1.17867E+00
 4.38750E+01   2.16540E+00   1.05208E+00   5.44546E-01   1.17916E+00
 4.39250E+01   2.16570E+00   1.05213E+00   5.44701E-01   1.17966E+00
 4.39750E+01   2.16600E+00   1.05217E+00   5.44855E-01   1.18016E+00
 4.40250E+01   2.16630E+00   1.05222E+00   5.45010E-01   1.18066E+00
 4.40750E+01   2.16661E+00   1.05226E+00   5.45165E-01   1.18116E+00
 4.41250E+01   2.16693E+00   1.05231E+00   5.45320E-01   1.18167E+00
 4.41750E+01   2.16725E+00   1.05235E+00   5.45475E-01   1.18218E+00
 4.42250E+01   2.16758E+00   1.05240E+00   5.45630E-01   1.18270E+00
 4.42750E+01   2.16792E+00   1.05245E+00   5.45786E-01   1.18322E+00
 4.43250E+01   2.16825E+00   1.05250E+00   5.45941E-01   1.18374E+00
 4.43750E+01   2.16859E+00   1.05255E+00   5.46096E-01   1.18426E+00
 4.44250E+01   2.16894E+00   1.05260E+00   5.46251E-01   1.18479E+00
 4.44750E+01   2.16929E+00   1.05265E+00   5.46406E-01   1.18531E+00
 4.45250E+01   2.16964E+00   1.05270E+00   5.46561E-01   1.18584E+00
 4.45750E+01   2.17000E+00   1.05275E+00   5.46716E-01   1.18637E+00
 4.46250E+01   2.17036E+00   1.05281E+00   5.46870E-01   1.18691E+00
 4.46750E+01   2.17073E+00   1.05286E+00   5.47024E-01   1.18744E+00
 4.47250E+01   2.17110E+00   1.05291E+00   5.47178E-01   1.18798E+00
 4.47750E+01   2.17147E+00   1.05297E+00   5.47331E-01   1.18851E+00
 4.48250E+01   2.17184E+00   1.05302E+00   5.47484E-01   1.18905E+00
 4.48750E+01   2.17222E+00   1.05307E+00   5.47637E-01   1.18959E+00
 4.49250E+01   2.17260E+00   1.05313E+00   5.47790E-01   1.19013E+00
 4.49750E+01   2.17298E+00   1.05318E+00   5.47942E-01   1.19067E+00
 4.50250E+01   2.17336E+00   1.05323E+00   5.48095E-01   1.19120E+00
 4.50750E+01   2.17374E+00   1.05329E+00   5.48247E-01   1.19174E+00
 4.51250E+01   2.17412E+00   1.05334E+00   5.48399E-01   1.19228E+00
 4.51750E+01   2.17450E+00   1.05340E+00   5.48550E-01   1.19282E+00
 4.52250E+01   2.17487E+00   1.05345E+00   5.48702E-01   1.19336E+00
 4.52750E+01   2.17525E+00   1.05350E+00   5.48853E-01   1.19389E+00
 4.53250E+01   2.17563E+00   1.05356E+00   5.49004E-01   1.19443E+00
 4.53750E+01   2.17600E+00   1.05361E+00   5.49155E-01   1.19496E+00
 4.54250E+01   2.17637E+00   1.05366E+00   5.49305E-01   1.19549E+00
 4.54750E+01   2.17673E+00   1.05371E+00   5.49454E-01   1.19602E+00
 4.55250E+01   2.17710E+00   1.05376E+00   5.49603E-01   1.19654E+00
 4.55750E+01   2.17746E+00   1.05381E+00   5.49752E-01   1.19706E+00
 4.56250E+01   2.17781E+00   1.05386E+00   5.49900E-01   1.19758E+00
 4.56750E+01   2.17816E+00   1.05391E+00   5.50048E-01   1.19809E+00
 4.57250E+01   2.17850E+00   1.05396E+00   5.50196E-01   1.19860E+00
 4.57750E+01   2.17883E+00   1.05400E+00   5.50343E-01   1.19910E+00
 4.58250E+01   2.17915E+00   1.05405E+00   5.50489E-01   1.19960E+00
 4.58750E+01   2.17947E+00   1.05409E+00   5.50634E-01   1.20009E+00
 4.59250E+01   2.17978E+00   1.05414E+00   5.50778E-01   1.20058E+00
 4.59750E+01   2.18008E+00   1.05418E+00   5.50922E-01   1.20105E+00
 4.60250E+01   2.18037E+00   1.05422E+00   5.51064E-01   1.20152E+00
 4.60750E+01   2.18065E+00   1.05426E+00   5.51204E-01   1.20198E+00
 4.61250E+01   2.18092E+00   1.05430E+00   5.51343E-01   1.20244E+00
 4.61750E+01   2.18118E+00   1.05433E+00   5.51481E-01   1.20288E+00
 4.62250E+01   2.18142E+00   1.05437E+00   5.51617E-01   1.20331E+00
 4.62750E+01   2.18166E+00   1.05440E+00   5.51750E-01   1.20373E+00
 4.63250E+01   2.18188E+00   1.05443E+00   5.51882E-01   1.20414E+00
 4.63750E+01   2.18209E+00   1.05446E+00   5.52010E-01   1.20453E+00
 4.64250E+01   2.18228E+00   1.05449E+00   5.52137E-01   1.20492E+00
 4.64750E+01   2.18247E+00   1.05452E+00   5.52261E-01   1.20529E+00
 4.65250E+01   2.18263E+00   1.05454E+00   5.52382E-01   1.20565E+00
 4.65750E+01   2.18279E+00   1.05457E+00   5.52499E-01   1.20599E+00
 4.66250E+01   2.18293E+00   1.05459E+00   5.52613E-01   1.20631E+00
 4.66750E+01   2.18305E+00   1.05461E+00   5.52724E-01   1.20662E+00
 4.67250E+01   2.18316E+00   1.05463E+00   5.52830E-01   1.20691E+00
 4.67750E+01   2.18325E+00   1.05464E+00   5.52931E-01   1.20719E+00
 4.68250E+01   2.18333E+00   1.05466E+00   5.53029E-01   1.20745E+00
 4.68750E+01   2.18340E+00   1.05467E+00   5.53121E-01   1.20768E+00
 4.69250E+01   2.18344E+00   1.05468E+00   5.53209E-01   1.20790E+00
 4.69750E+01   2.18348E+00   1.05468E+00   5.53291E-01   1.20810E+00
 4.70250E+01   2.18349E+00   1.05469E+00   5.53368E-01   1.20828E+00
 4.70750E+01   2.18349E+00   1.05469E+00   5.53439E-01   1.20843E+00
 4.71250E+01   2.18348E+00   1.05470E+00   5.53504E-01   1.20856E+00
 4.71750E+01   2.18345E+00   1.05470E+00   5.53561E-01   1.20867E+00
 4.72250E+01   2.18340E+00   1.05469E+00   5.53612E-01   1.20876E+00
 4.72750E+01   2.18333E+00   1.05469E+00   5.53656E-01   1.20882E+00
 4.73250E+01   2.18326E+00   1.05468E+00   5.53693E-01   1.20885E+00
 4.73750E+01   2.18316E+00   1.05468E+00   5.53723E-01   1.20887E+00
 4.74250E+01   2.18305E+00   1.05467E+00   5.53745E-01   1.20885E+00
 4.74750E+01   2.18292E+00   1.05466E+00   5.53759E-01   1.20881E+00
 4.75250E+01   2.18278E+00   1.05464E+00   5.53765E-01   1.20875E+00
 4.75750E+01   2.18262E+00   1.05463E+00   5.53763E-01   1.20865E+00
 4.76250E+01   2.18244E+00   1.05462E+00   5.53752E-01   1.20853E+00
 4.76750E+01   2.18225E+00   1.05460E+00   5.53733E-01   1.20838E+00
 4.77250E+01   2.18204E+00   1.05458E+00   5.53704E-01   1.20820E+00
 4.77750E+01   2.18181E+00   1.05457E+00   5.53667E-01   1.20800E+00
 4.78250E+01   2.18157E+00   1.05455E+00   5.53622E-01   1.20776E+00
 4.78750E+01   2.18130E+00   1.05453E+00   5.53568E-01   1.20750E+00
 4.79250E+01   2.18102E+00   1.05452E+00   5.53506E-01   1.20721E+00
 4.79750E+01   2.18071E+00   1.05451E+00   5.53436E-01   1.20688E+00
 4.80250E+01   2.18038E+00   1.05450E+00   5.53357E-01   1.20653E+00
 4.80750E+01   2.18002E+00   1.05450E+00   5.53272E-01   1.20614E+00
 4.81250E+01   2.17963E+00   1.05451E+00   5.53181E-01   1.20573E+00
 4.81750E+01   2.17920E+00   1.05452E+00   5.53084E-01   1.20528E+00
 4.82250E+01   2.17872E+00   1.05455E+00   5.52983E-01   1.20480E+00
 4.82750E+01   2.17820E+00   1.05461E+00   5.52879E-01   1.20428E+00
 4.83250E+01   2.17760E+00   1.05468E+00   5.52776E-01   1.20373E+00
 4.83750E+01   2.17692E+00   1.05479E+00   5.52675E-01   1.20313E+00
 4.84250E+01   2.17614E+00   1.05495E+00   5.52582E-01   1.20249E+00
 4.84750E+01   2.17522E+00   1.05516E+00   5.52500E-01   1.20181E+00
 4.85250E+01   2.17413E+00   1.05545E+00   5.52436E-01   1.20107E+00
 4.85750E+01   2.17282E+00   1.05584E+00   5.52400E-01   1.20027E+00
 4.86250E+01   2.17123E+00   1.05635E+00   5.52402E-01   1.19939E+00
 4.86750E+01   2.16928E+00   1.05703E+00   5.52457E-01   1.19844E+00
 4.87250E+01   2.16687E+00   1.05793E+00   5.52584E-01   1.19738E+00
 4.87750E+01   2.16389E+00   1.05911E+00   5.52811E-01   1.19622E+00
 4.88250E+01   2.16025E+00   1.06066E+00   5.53197E-01   1.19504E+00
 4.88750E+01   2.15630E+00   1.06269E+00   5.53919E-01   1.19442E+00
 4.89250E+01   2.15485E+00   1.06544E+00   5.55799E-01   1.19766E+00
 4.89750E+01   2.17270E+00   1.06940E+00   5.63124E-01   1.22350E+00
