      xx/10.          rhoa          temp           vel      vel*rhoa
         [-]           [-]           [-]           [-]           [-]
 1.02500E+00   2.60267E+00   9.22906E-01   4.77781E-01   1.24351E+00
 1.07500E+00   2.60137E+00   9.23517E-01   4.77822E-01   1.24299E+00
 1.12500E+00   2.59977E+00   9.24294E-01   4.77855E-01   1.24231E+00
 1.17500E+00   2.59772E+00   9.25249E-01   4.77921E-01   1.24150E+00
 1.22500E+00   2.59513E+00   9.26387E-01   4.78040E-01   1.24058E+00
 1.27500E+00   2.59197E+00   9.27711E-01   4.78232E-01   1.23956E+00
 1.32500E+00   2.58822E+00   9.29215E-01   4.78510E-01   1.23849E+00
 1.37500E+00   2.58388E+00   9.30883E-01   4.78887E-01   1.23739E+00
 1.42500E+00   2.57900E+00   9.32699E-01   4.79370E-01   1.23629E+00
 1.47500E+00   2.57363E+00   9.34635E-01   4.79967E-01   1.23526E+00
 1.52500E+00   2.56784E+00   9.36662E-01   4.80680E-01   1.23431E+00
 1.57500E+00   2.56171E+00   9.38749E-01   4.81510E-01   1.23349E+00
 1.62500E+00   2.55534E+00   9.40861E-01   4.82453E-01   1.23283E+00
 1.67500E+00   2.54884E+00   9.42965E-01   4.83503E-01   1.23237E+00
 1.72500E+00   2.54230E+00   9.45028E-01   4.84652E-01   1.23213E+00
 1.77500E+00   2.53581E+00   9.47021E-01   4.85889E-01   1.23212E+00
 1.82500E+00   2.52947E+00   9.48916E-01   4.87202E-01   1.23236E+00
 1.87500E+00   2.52335E+00   9.50694E-01   4.88577E-01   1.23285E+00
 1.92500E+00   2.51750E+00   9.52338E-01   4.90000E-01   1.23358E+00
 1.97500E+00   2.51198E+00   9.53837E-01   4.91459E-01   1.23453E+00
 2.02500E+00   2.50680E+00   9.55185E-01   4.92941E-01   1.23571E+00
 2.07500E+00   2.50199E+00   9.56382E-01   4.94431E-01   1.23706E+00
 2.12500E+00   2.49754E+00   9.57433E-01   4.95918E-01   1.23858E+00
 2.17500E+00   2.49343E+00   9.58346E-01   4.97391E-01   1.24021E+00
 2.22500E+00   2.48963E+00   9.59137E-01   4.98840E-01   1.24193E+00
 2.27500E+00   2.48608E+00   9.59825E-01   5.00257E-01   1.24368E+00
 2.32500E+00   2.48274E+00   9.60431E-01   5.01634E-01   1.24542E+00
 2.37500E+00   2.47952E+00   9.60980E-01   5.02965E-01   1.24711E+00
 2.42500E+00   2.47635E+00   9.61500E-01   5.04247E-01   1.24869E+00
 2.47500E+00   2.47314E+00   9.62022E-01   5.05476E-01   1.25012E+00
 2.52500E+00   2.46982E+00   9.62574E-01   5.06651E-01   1.25134E+00
 2.57500E+00   2.46628E+00   9.63187E-01   5.07771E-01   1.25230E+00
 2.62500E+00   2.46243E+00   9.63892E-01   5.08838E-01   1.25298E+00
 2.67500E+00   2.45820E+00   9.64717E-01   5.09854E-01   1.25332E+00
 2.72500E+00   2.45350E+00   9.65690E-01   5.10822E-01   1.25330E+00
 2.77500E+00   2.44827E+00   9.66833E-01   5.11747E-01   1.25289E+00
 2.82500E+00   2.44243E+00   9.68167E-01   5.12632E-01   1.25207E+00
 2.87500E+00   2.43594E+00   9.69709E-01   5.13484E-01   1.25082E+00
 2.92500E+00   2.42877E+00   9.71472E-01   5.14308E-01   1.24913E+00
 2.97500E+00   2.42089E+00   9.73461E-01   5.15109E-01   1.24702E+00
 3.02500E+00   2.41231E+00   9.75679E-01   5.15892E-01   1.24449E+00
 3.07500E+00   2.40304E+00   9.78122E-01   5.16663E-01   1.24156E+00
 3.12500E+00   2.39311E+00   9.80783E-01   5.17425E-01   1.23826E+00
 3.17500E+00   2.38257E+00   9.83645E-01   5.18183E-01   1.23461E+00
 3.22500E+00   2.37148E+00   9.86691E-01   5.18938E-01   1.23065E+00
 3.27500E+00   2.35993E+00   9.89895E-01   5.19693E-01   1.22644E+00
 3.32500E+00   2.34799E+00   9.93231E-01   5.20448E-01   1.22201E+00
 3.37500E+00   2.33578E+00   9.96666E-01   5.21203E-01   1.21741E+00
 3.42500E+00   2.32339E+00   1.00017E+00   5.21957E-01   1.21271E+00
 3.47500E+00   2.31096E+00   1.00370E+00   5.22706E-01   1.20795E+00
 3.52500E+00   2.29858E+00   1.00722E+00   5.23449E-01   1.20319E+00
 3.57500E+00   2.28638E+00   1.01070E+00   5.24180E-01   1.19847E+00
 3.62500E+00   2.27445E+00   1.01410E+00   5.24897E-01   1.19385E+00
 3.67500E+00   2.26291E+00   1.01739E+00   5.25594E-01   1.18937E+00
 3.72500E+00   2.25184E+00   1.02054E+00   5.26266E-01   1.18507E+00
 3.77500E+00   2.24131E+00   1.02354E+00   5.26910E-01   1.18097E+00
 3.82500E+00   2.23139E+00   1.02635E+00   5.27520E-01   1.17710E+00
 3.87500E+00   2.22211E+00   1.02897E+00   5.28095E-01   1.17349E+00
 3.92500E+00   2.21351E+00   1.03138E+00   5.28631E-01   1.17013E+00
 3.97500E+00   2.20560E+00   1.03359E+00   5.29128E-01   1.16705E+00
 4.02500E+00   2.19838E+00   1.03559E+00   5.29583E-01   1.16423E+00
 4.07500E+00   2.19184E+00   1.03739E+00   5.29998E-01   1.16167E+00
 4.12500E+00   2.18596E+00   1.03900E+00   5.30372E-01   1.15937E+00
 4.17500E+00   2.18070E+00   1.04042E+00   5.30708E-01   1.15732E+00
 4.22500E+00   2.17603E+00   1.04167E+00   5.31007E-01   1.15549E+00
 4.27500E+00   2.17191E+00   1.04276E+00   5.31272E-01   1.15387E+00
 4.32500E+00   2.16829E+00   1.04370E+00   5.31505E-01   1.15246E+00
 4.37500E+00   2.16513E+00   1.04452E+00   5.31710E-01   1.15122E+00
 4.42500E+00   2.16238E+00   1.04521E+00   5.31889E-01   1.15015E+00
 4.47500E+00   2.16001E+00   1.04581E+00   5.32046E-01   1.14922E+00
 4.52500E+00   2.15796E+00   1.04631E+00   5.32183E-01   1.14843E+00
 4.57500E+00   2.15621E+00   1.04673E+00   5.32304E-01   1.14776E+00
 4.62500E+00   2.15472E+00   1.04709E+00   5.32411E-01   1.14720E+00
 4.67500E+00   2.15345E+00   1.04738E+00   5.32506E-01   1.14672E+00
 4.72500E+00   2.15238E+00   1.04763E+00   5.32591E-01   1.14634E+00
 4.77500E+00   2.15148E+00   1.04783E+00   5.32668E-01   1.14602E+00
 4.82500E+00   2.15073E+00   1.04800E+00   5.32739E-01   1.14577E+00
 4.87500E+00   2.15010E+00   1.04814E+00   5.32805E-01   1.14559E+00
 4.92500E+00   2.14960E+00   1.04826E+00   5.32867E-01   1.14545E+00
 4.97500E+00   2.14919E+00   1.04835E+00   5.32927E-01   1.14536E+00
 5.02500E+00   2.14886E+00   1.04843E+00   5.32985E-01   1.14531E+00
 5.07500E+00   2.14861E+00   1.04849E+00   5.33042E-01   1.14530E+00
 5.12500E+00   2.14843E+00   1.04854E+00   5.33098E-01   1.14533E+00
 5.17500E+00   2.14831E+00   1.04858E+00   5.33154E-01   1.14538E+00
 5.22500E+00   2.14825E+00   1.04862E+00   5.33211E-01   1.14547E+00
 5.27500E+00   2.14823E+00   1.04865E+00   5.33269E-01   1.14559E+00
 5.32500E+00   2.14826E+00   1.04867E+00   5.33328E-01   1.14573E+00
 5.37500E+00   2.14833E+00   1.04869E+00   5.33387E-01   1.14589E+00
 5.42500E+00   2.14844E+00   1.04871E+00   5.33448E-01   1.14608E+00
 5.47500E+00   2.14859E+00   1.04873E+00   5.33511E-01   1.14630E+00
 5.52500E+00   2.14877E+00   1.04874E+00   5.33574E-01   1.14653E+00
 5.57500E+00   2.14899E+00   1.04876E+00   5.33639E-01   1.14678E+00
 5.62500E+00   2.14924E+00   1.04877E+00   5.33705E-01   1.14706E+00
 5.67500E+00   2.14952E+00   1.04878E+00   5.33772E-01   1.14735E+00
 5.72500E+00   2.14983E+00   1.04879E+00   5.33840E-01   1.14766E+00
 5.77500E+00   2.15016E+00   1.04881E+00   5.33910E-01   1.14799E+00
 5.82500E+00   2.15053E+00   1.04882E+00   5.33980E-01   1.14834E+00
 5.87500E+00   2.15093E+00   1.04883E+00   5.34052E-01   1.14871E+00
 5.92500E+00   2.15135E+00   1.04884E+00   5.34125E-01   1.14909E+00
 5.97500E+00   2.15179E+00   1.04886E+00   5.34198E-01   1.14948E+00
 6.02500E+00   2.15227E+00   1.04887E+00   5.34273E-01   1.14990E+00
 6.07500E+00   2.15276E+00   1.04888E+00   5.34349E-01   1.15032E+00
 6.12500E+00   2.15327E+00   1.04889E+00   5.34425E-01   1.15076E+00
 6.17500E+00   2.15380E+00   1.04891E+00   5.34502E-01   1.15121E+00
 6.22500E+00   2.15435E+00   1.04892E+00   5.34580E-01   1.15167E+00
 6.27500E+00   2.15491E+00   1.04893E+00   5.34659E-01   1.15214E+00
 6.32500E+00   2.15549E+00   1.04895E+00   5.34738E-01   1.15262E+00
 6.37500E+00   2.15607E+00   1.04896E+00   5.34818E-01   1.15310E+00
 6.42500E+00   2.15666E+00   1.04897E+00   5.34898E-01   1.15359E+00
 6.47500E+00   2.15725E+00   1.04898E+00   5.34979E-01   1.15408E+00
 6.52500E+00   2.15784E+00   1.04900E+00   5.35061E-01   1.15458E+00
 6.57500E+00   2.15843E+00   1.04901E+00   5.35143E-01   1.15507E+00
 6.62500E+00   2.15901E+00   1.04902E+00   5.35225E-01   1.15556E+00
 6.67500E+00   2.15958E+00   1.04903E+00   5.35308E-01   1.15604E+00
 6.72500E+00   2.16013E+00   1.04904E+00   5.35392E-01   1.15652E+00
 6.77500E+00   2.16067E+00   1.04904E+00   5.35475E-01   1.15698E+00
 6.82500E+00   2.16118E+00   1.04905E+00   5.35560E-01   1.15744E+00
 6.87500E+00   2.16167E+00   1.04906E+00   5.35644E-01   1.15789E+00
 6.92500E+00   2.16213E+00   1.04906E+00   5.35729E-01   1.15832E+00
 6.97500E+00   2.16256E+00   1.04907E+00   5.35815E-01   1.15873E+00
 7.02500E+00   2.16296E+00   1.04907E+00   5.35901E-01   1.15913E+00
 7.07500E+00   2.16331E+00   1.04907E+00   5.35987E-01   1.15951E+00
 7.12500E+00   2.16363E+00   1.04908E+00   5.36074E-01   1.15986E+00
 7.17500E+00   2.16390E+00   1.04908E+00   5.36161E-01   1.16020E+00
 7.22500E+00   2.16413E+00   1.04908E+00   5.36248E-01   1.16051E+00
 7.27500E+00   2.16432E+00   1.04908E+00   5.36336E-01   1.16080E+00
 7.32500E+00   2.16447E+00   1.04907E+00   5.36424E-01   1.16107E+00
 7.37500E+00   2.16456E+00   1.04907E+00   5.36512E-01   1.16132E+00
 7.42500E+00   2.16462E+00   1.04907E+00   5.36601E-01   1.16154E+00
 7.47500E+00   2.16463E+00   1.04906E+00   5.36691E-01   1.16174E+00
 7.52500E+00   2.16460E+00   1.04906E+00   5.36781E-01   1.16192E+00
 7.57500E+00   2.16453E+00   1.04906E+00   5.36871E-01   1.16207E+00
 7.62500E+00   2.16442E+00   1.04905E+00   5.36962E-01   1.16221E+00
 7.67500E+00   2.16428E+00   1.04905E+00   5.37053E-01   1.16233E+00
 7.72500E+00   2.16410E+00   1.04904E+00   5.37145E-01   1.16244E+00
 7.77500E+00   2.16390E+00   1.04904E+00   5.37238E-01   1.16253E+00
 7.82500E+00   2.16367E+00   1.04903E+00   5.37330E-01   1.16261E+00
 7.87500E+00   2.16342E+00   1.04903E+00   5.37424E-01   1.16267E+00
 7.92500E+00   2.16315E+00   1.04902E+00   5.37517E-01   1.16273E+00
 7.97500E+00   2.16288E+00   1.04902E+00   5.37612E-01   1.16279E+00
 8.02500E+00   2.16259E+00   1.04901E+00   5.37707E-01   1.16284E+00
 8.07500E+00   2.16229E+00   1.04901E+00   5.37802E-01   1.16289E+00
 8.12500E+00   2.16200E+00   1.04900E+00   5.37898E-01   1.16293E+00
 8.17500E+00   2.16170E+00   1.04900E+00   5.37995E-01   1.16299E+00
 8.22500E+00   2.16141E+00   1.04900E+00   5.38092E-01   1.16304E+00
 8.27500E+00   2.16113E+00   1.04899E+00   5.38190E-01   1.16310E+00
 8.32500E+00   2.16086E+00   1.04899E+00   5.38289E-01   1.16317E+00
 8.37500E+00   2.16061E+00   1.04899E+00   5.38389E-01   1.16325E+00
 8.42500E+00   2.16037E+00   1.04899E+00   5.38489E-01   1.16333E+00
 8.47500E+00   2.16014E+00   1.04898E+00   5.38590E-01   1.16343E+00
 8.52500E+00   2.15994E+00   1.04898E+00   5.38692E-01   1.16354E+00
 8.57500E+00   2.15976E+00   1.04898E+00   5.38795E-01   1.16367E+00
 8.62500E+00   2.15961E+00   1.04898E+00   5.38899E-01   1.16381E+00
 8.67500E+00   2.15948E+00   1.04899E+00   5.39004E-01   1.16396E+00
 8.72500E+00   2.15937E+00   1.04899E+00   5.39109E-01   1.16414E+00
 8.77500E+00   2.15929E+00   1.04899E+00   5.39216E-01   1.16432E+00
 8.82500E+00   2.15923E+00   1.04899E+00   5.39324E-01   1.16452E+00
 8.87500E+00   2.15920E+00   1.04900E+00   5.39433E-01   1.16474E+00
 8.92500E+00   2.15919E+00   1.04900E+00   5.39543E-01   1.16498E+00
 8.97500E+00   2.15922E+00   1.04901E+00   5.39655E-01   1.16523E+00
 9.02500E+00   2.15926E+00   1.04902E+00   5.39767E-01   1.16550E+00
 9.07500E+00   2.15934E+00   1.04903E+00   5.39881E-01   1.16578E+00
 9.12500E+00   2.15944E+00   1.04904E+00   5.39995E-01   1.16608E+00
 9.17500E+00   2.15956E+00   1.04905E+00   5.40111E-01   1.16640E+00
 9.22500E+00   2.15970E+00   1.04906E+00   5.40228E-01   1.16673E+00
 9.27500E+00   2.15987E+00   1.04908E+00   5.40345E-01   1.16708E+00
 9.32500E+00   2.16006E+00   1.04909E+00   5.40464E-01   1.16743E+00
 9.37500E+00   2.16026E+00   1.04911E+00   5.40584E-01   1.16780E+00
 9.42500E+00   2.16049E+00   1.04914E+00   5.40704E-01   1.16818E+00
 9.47500E+00   2.16073E+00   1.04916E+00   5.40824E-01   1.16857E+00
 9.52500E+00   2.16098E+00   1.04919E+00   5.40945E-01   1.16897E+00
 9.57500E+00   2.16125E+00   1.04923E+00   5.41066E-01   1.16938E+00
 9.62500E+00   2.16152E+00   1.04927E+00   5.41187E-01   1.16979E+00
 9.67500E+00   2.16180E+00   1.04931E+00   5.41308E-01   1.17020E+00
 9.72500E+00   2.16209E+00   1.04936E+00   5.41430E-01   1.17062E+00
 9.77500E+00   2.16239E+00   1.04942E+00   5.41552E-01   1.17104E+00
 9.82500E+00   2.16269E+00   1.04948E+00   5.41675E-01   1.17148E+00
 9.87500E+00   2.16301E+00   1.04955E+00   5.41800E-01   1.17192E+00
 9.92500E+00   2.16335E+00   1.04962E+00   5.41926E-01   1.17237E+00
 9.97500E+00   2.16370E+00   1.04969E+00   5.42054E-01   1.17284E+00
 1.00250E+01   2.16406E+00   1.04976E+00   5.42184E-01   1.17332E+00
 1.00750E+01   2.16444E+00   1.04984E+00   5.42315E-01   1.17381E+00
 1.01250E+01   2.16483E+00   1.04992E+00   5.42449E-01   1.17431E+00
 1.01750E+01   2.16524E+00   1.05000E+00   5.42585E-01   1.17483E+00
 1.02250E+01   2.16567E+00   1.05007E+00   5.42724E-01   1.17536E+00
 1.02750E+01   2.16611E+00   1.05015E+00   5.42865E-01   1.17590E+00
 1.03250E+01   2.16656E+00   1.05023E+00   5.43009E-01   1.17646E+00
 1.03750E+01   2.16702E+00   1.05031E+00   5.43156E-01   1.17703E+00
 1.04250E+01   2.16750E+00   1.05039E+00   5.43306E-01   1.17762E+00
 1.04750E+01   2.16799E+00   1.05047E+00   5.43459E-01   1.17821E+00
 1.05250E+01   2.16849E+00   1.05055E+00   5.43616E-01   1.17883E+00
 1.05750E+01   2.16900E+00   1.05062E+00   5.43776E-01   1.17945E+00
 1.06250E+01   2.16952E+00   1.05070E+00   5.43940E-01   1.18009E+00
 1.06750E+01   2.17004E+00   1.05078E+00   5.44107E-01   1.18074E+00
 1.07250E+01   2.17057E+00   1.05085E+00   5.44279E-01   1.18140E+00
 1.07750E+01   2.17111E+00   1.05093E+00   5.44455E-01   1.18207E+00
 1.08250E+01   2.17165E+00   1.05100E+00   5.44635E-01   1.18275E+00
 1.08750E+01   2.17219E+00   1.05108E+00   5.44819E-01   1.18345E+00
 1.09250E+01   2.17273E+00   1.05115E+00   5.45007E-01   1.18415E+00
 1.09750E+01   2.17327E+00   1.05123E+00   5.45201E-01   1.18487E+00
 1.10250E+01   2.17381E+00   1.05130E+00   5.45398E-01   1.18559E+00
 1.10750E+01   2.17435E+00   1.05137E+00   5.45600E-01   1.18632E+00
 1.11250E+01   2.17488E+00   1.05144E+00   5.45807E-01   1.18707E+00
 1.11750E+01   2.17541E+00   1.05152E+00   5.46019E-01   1.18782E+00
 1.12250E+01   2.17594E+00   1.05159E+00   5.46236E-01   1.18857E+00
 1.12750E+01   2.17645E+00   1.05166E+00   5.46458E-01   1.18934E+00
 1.13250E+01   2.17697E+00   1.05173E+00   5.46685E-01   1.19011E+00
 1.13750E+01   2.17747E+00   1.05180E+00   5.46917E-01   1.19090E+00
 1.14250E+01   2.17797E+00   1.05188E+00   5.47154E-01   1.19169E+00
 1.14750E+01   2.17846E+00   1.05195E+00   5.47396E-01   1.19248E+00
 1.15250E+01   2.17894E+00   1.05202E+00   5.47644E-01   1.19328E+00
 1.15750E+01   2.17941E+00   1.05209E+00   5.47897E-01   1.19409E+00
 1.16250E+01   2.17988E+00   1.05217E+00   5.48155E-01   1.19491E+00
 1.16750E+01   2.18033E+00   1.05224E+00   5.48418E-01   1.19573E+00
 1.17250E+01   2.18078E+00   1.05232E+00   5.48687E-01   1.19656E+00
 1.17750E+01   2.18121E+00   1.05239E+00   5.48960E-01   1.19740E+00
 1.18250E+01   2.18164E+00   1.05247E+00   5.49239E-01   1.19824E+00
 1.18750E+01   2.18206E+00   1.05254E+00   5.49522E-01   1.19909E+00
 1.19250E+01   2.18248E+00   1.05262E+00   5.49810E-01   1.19995E+00
 1.19750E+01   2.18288E+00   1.05270E+00   5.50102E-01   1.20081E+00
 1.20250E+01   2.18328E+00   1.05277E+00   5.50399E-01   1.20168E+00
 1.20750E+01   2.18368E+00   1.05285E+00   5.50700E-01   1.20255E+00
 1.21250E+01   2.18407E+00   1.05293E+00   5.51004E-01   1.20343E+00
 1.21750E+01   2.18445E+00   1.05301E+00   5.51312E-01   1.20431E+00
 1.22250E+01   2.18483E+00   1.05309E+00   5.51624E-01   1.20521E+00
 1.22750E+01   2.18521E+00   1.05317E+00   5.51938E-01   1.20610E+00
 1.23250E+01   2.18558E+00   1.05325E+00   5.52255E-01   1.20700E+00
 1.23750E+01   2.18595E+00   1.05333E+00   5.52574E-01   1.20790E+00
 1.24250E+01   2.18632E+00   1.05341E+00   5.52895E-01   1.20881E+00
 1.24750E+01   2.18669E+00   1.05349E+00   5.53218E-01   1.20972E+00
 1.25250E+01   2.18706E+00   1.05358E+00   5.53541E-01   1.21063E+00
 1.25750E+01   2.18743E+00   1.05366E+00   5.53864E-01   1.21154E+00
 1.26250E+01   2.18779E+00   1.05374E+00   5.54188E-01   1.21245E+00
 1.26750E+01   2.18816E+00   1.05382E+00   5.54510E-01   1.21336E+00
 1.27250E+01   2.18853E+00   1.05390E+00   5.54831E-01   1.21426E+00
 1.27750E+01   2.18890E+00   1.05398E+00   5.55150E-01   1.21517E+00
 1.28250E+01   2.18926E+00   1.05406E+00   5.55466E-01   1.21606E+00
 1.28750E+01   2.18963E+00   1.05414E+00   5.55779E-01   1.21695E+00
 1.29250E+01   2.19000E+00   1.05422E+00   5.56087E-01   1.21783E+00
 1.29750E+01   2.19037E+00   1.05430E+00   5.56391E-01   1.21870E+00
 1.30250E+01   2.19073E+00   1.05437E+00   5.56689E-01   1.21956E+00
 1.30750E+01   2.19110E+00   1.05445E+00   5.56981E-01   1.22040E+00
 1.31250E+01   2.19146E+00   1.05452E+00   5.57266E-01   1.22123E+00
 1.31750E+01   2.19182E+00   1.05459E+00   5.57542E-01   1.22203E+00
 1.32250E+01   2.19217E+00   1.05466E+00   5.57810E-01   1.22282E+00
 1.32750E+01   2.19252E+00   1.05473E+00   5.58068E-01   1.22358E+00
 1.33250E+01   2.19286E+00   1.05479E+00   5.58316E-01   1.22431E+00
 1.33750E+01   2.19320E+00   1.05485E+00   5.58553E-01   1.22502E+00
 1.34250E+01   2.19352E+00   1.05491E+00   5.58777E-01   1.22569E+00
 1.34750E+01   2.19384E+00   1.05497E+00   5.58988E-01   1.22633E+00
 1.35250E+01   2.19414E+00   1.05502E+00   5.59186E-01   1.22693E+00
 1.35750E+01   2.19443E+00   1.05507E+00   5.59369E-01   1.22749E+00
 1.36250E+01   2.19470E+00   1.05512E+00   5.59536E-01   1.22802E+00
 1.36750E+01   2.19496E+00   1.05516E+00   5.59688E-01   1.22849E+00
 1.37250E+01   2.19520E+00   1.05520E+00   5.59822E-01   1.22892E+00
 1.37750E+01   2.19542E+00   1.05523E+00   5.59939E-01   1.22930E+00
 1.38250E+01   2.19562E+00   1.05526E+00   5.60038E-01   1.22963E+00
 1.38750E+01   2.19579E+00   1.05529E+00   5.60118E-01   1.22990E+00
 1.39250E+01   2.19595E+00   1.05531E+00   5.60178E-01   1.23012E+00
 1.39750E+01   2.19607E+00   1.05533E+00   5.60218E-01   1.23028E+00
 1.40250E+01   2.19617E+00   1.05534E+00   5.60238E-01   1.23038E+00
 1.40750E+01   2.19624E+00   1.05534E+00   5.60236E-01   1.23041E+00
 1.41250E+01   2.19628E+00   1.05534E+00   5.60214E-01   1.23039E+00
 1.41750E+01   2.19629E+00   1.05534E+00   5.60169E-01   1.23029E+00
 1.42250E+01   2.19626E+00   1.05533E+00   5.60103E-01   1.23013E+00
 1.42750E+01   2.19621E+00   1.05531E+00   5.60015E-01   1.22991E+00
 1.43250E+01   2.19611E+00   1.05529E+00   5.59904E-01   1.22961E+00
 1.43750E+01   2.19599E+00   1.05526E+00   5.59771E-01   1.22925E+00
 1.44250E+01   2.19582E+00   1.05523E+00   5.59616E-01   1.22882E+00
 1.44750E+01   2.19562E+00   1.05519E+00   5.59439E-01   1.22832E+00
 1.45250E+01   2.19539E+00   1.05514E+00   5.59240E-01   1.22775E+00
 1.45750E+01   2.19512E+00   1.05509E+00   5.59020E-01   1.22711E+00
 1.46250E+01   2.19481E+00   1.05504E+00   5.58778E-01   1.22641E+00
 1.46750E+01   2.19446E+00   1.05498E+00   5.58516E-01   1.22564E+00
 1.47250E+01   2.19408E+00   1.05491E+00   5.58234E-01   1.22481E+00
 1.47750E+01   2.19366E+00   1.05484E+00   5.57932E-01   1.22391E+00
 1.48250E+01   2.19320E+00   1.05477E+00   5.57612E-01   1.22296E+00
 1.48750E+01   2.19271E+00   1.05469E+00   5.57273E-01   1.22194E+00
 1.49250E+01   2.19219E+00   1.05460E+00   5.56916E-01   1.22087E+00
 1.49750E+01   2.19163E+00   1.05451E+00   5.56544E-01   1.21974E+00
 1.50250E+01   2.19104E+00   1.05442E+00   5.56155E-01   1.21856E+00
 1.50750E+01   2.19041E+00   1.05432E+00   5.55752E-01   1.21733E+00
 1.51250E+01   2.18976E+00   1.05421E+00   5.55336E-01   1.21605E+00
 1.51750E+01   2.18907E+00   1.05411E+00   5.54906E-01   1.21473E+00
 1.52250E+01   2.18836E+00   1.05400E+00   5.54465E-01   1.21337E+00
 1.52750E+01   2.18762E+00   1.05389E+00   5.54013E-01   1.21197E+00
 1.53250E+01   2.18686E+00   1.05377E+00   5.53552E-01   1.21054E+00
 1.53750E+01   2.18608E+00   1.05365E+00   5.53082E-01   1.20908E+00
 1.54250E+01   2.18527E+00   1.05353E+00   5.52606E-01   1.20759E+00
 1.54750E+01   2.18444E+00   1.05341E+00   5.52123E-01   1.20608E+00
 1.55250E+01   2.18360E+00   1.05329E+00   5.51636E-01   1.20455E+00
 1.55750E+01   2.18274E+00   1.05316E+00   5.51145E-01   1.20301E+00
 1.56250E+01   2.18187E+00   1.05304E+00   5.50651E-01   1.20145E+00
 1.56750E+01   2.18098E+00   1.05291E+00   5.50156E-01   1.19988E+00
 1.57250E+01   2.18009E+00   1.05278E+00   5.49661E-01   1.19831E+00
 1.57750E+01   2.17918E+00   1.05265E+00   5.49166E-01   1.19673E+00
 1.58250E+01   2.17827E+00   1.05253E+00   5.48673E-01   1.19516E+00
 1.58750E+01   2.17736E+00   1.05240E+00   5.48183E-01   1.19359E+00
 1.59250E+01   2.17644E+00   1.05227E+00   5.47697E-01   1.19203E+00
 1.59750E+01   2.17553E+00   1.05215E+00   5.47214E-01   1.19048E+00
 1.60250E+01   2.17461E+00   1.05202E+00   5.46738E-01   1.18894E+00
 1.60750E+01   2.17370E+00   1.05190E+00   5.46267E-01   1.18742E+00
 1.61250E+01   2.17279E+00   1.05178E+00   5.45803E-01   1.18592E+00
 1.61750E+01   2.17189E+00   1.05166E+00   5.45347E-01   1.18443E+00
 1.62250E+01   2.17099E+00   1.05154E+00   5.44899E-01   1.18297E+00
 1.62750E+01   2.17011E+00   1.05142E+00   5.44461E-01   1.18154E+00
 1.63250E+01   2.16923E+00   1.05131E+00   5.44031E-01   1.18013E+00
 1.63750E+01   2.16837E+00   1.05120E+00   5.43611E-01   1.17875E+00
 1.64250E+01   2.16752E+00   1.05109E+00   5.43202E-01   1.17740E+00
 1.64750E+01   2.16669E+00   1.05098E+00   5.42803E-01   1.17608E+00
 1.65250E+01   2.16587E+00   1.05088E+00   5.42415E-01   1.17480E+00
 1.65750E+01   2.16507E+00   1.05078E+00   5.42039E-01   1.17355E+00
 1.66250E+01   2.16428E+00   1.05068E+00   5.41675E-01   1.17234E+00
 1.66750E+01   2.16352E+00   1.05059E+00   5.41322E-01   1.17116E+00
 1.67250E+01   2.16278E+00   1.05049E+00   5.40982E-01   1.17002E+00
 1.67750E+01   2.16205E+00   1.05041E+00   5.40654E-01   1.16892E+00
 1.68250E+01   2.16135E+00   1.05032E+00   5.40338E-01   1.16786E+00
 1.68750E+01   2.16068E+00   1.05024E+00   5.40034E-01   1.16684E+00
 1.69250E+01   2.16002E+00   1.05016E+00   5.39743E-01   1.16586E+00
 1.69750E+01   2.15939E+00   1.05009E+00   5.39464E-01   1.16491E+00
 1.70250E+01   2.15878E+00   1.05002E+00   5.39197E-01   1.16401E+00
 1.70750E+01   2.15820E+00   1.04995E+00   5.38942E-01   1.16315E+00
 1.71250E+01   2.15764E+00   1.04988E+00   5.38700E-01   1.16232E+00
 1.71750E+01   2.15711E+00   1.04982E+00   5.38469E-01   1.16154E+00
 1.72250E+01   2.15661E+00   1.04976E+00   5.38250E-01   1.16079E+00
 1.72750E+01   2.15613E+00   1.04971E+00   5.38042E-01   1.16009E+00
 1.73250E+01   2.15568E+00   1.04965E+00   5.37846E-01   1.15942E+00
 1.73750E+01   2.15525E+00   1.04960E+00   5.37660E-01   1.15879E+00
 1.74250E+01   2.15485E+00   1.04956E+00   5.37486E-01   1.15820E+00
 1.74750E+01   2.15447E+00   1.04951E+00   5.37323E-01   1.15765E+00
 1.75250E+01   2.15413E+00   1.04947E+00   5.37170E-01   1.15713E+00
 1.75750E+01   2.15380E+00   1.04943E+00   5.37027E-01   1.15665E+00
 1.76250E+01   2.15351E+00   1.04940E+00   5.36895E-01   1.15621E+00
 1.76750E+01   2.15323E+00   1.04937E+00   5.36771E-01   1.15579E+00
 1.77250E+01   2.15299E+00   1.04933E+00   5.36658E-01   1.15542E+00
 1.77750E+01   2.15277E+00   1.04931E+00   5.36553E-01   1.15507E+00
 1.78250E+01   2.15257E+00   1.04928E+00   5.36457E-01   1.15476E+00
 1.78750E+01   2.15239E+00   1.04926E+00   5.36370E-01   1.15448E+00
 1.79250E+01   2.15224E+00   1.04924E+00   5.36291E-01   1.15423E+00
 1.79750E+01   2.15211E+00   1.04922E+00   5.36220E-01   1.15401E+00
 1.80250E+01   2.15201E+00   1.04920E+00   5.36156E-01   1.15381E+00
 1.80750E+01   2.15192E+00   1.04918E+00   5.36100E-01   1.15364E+00
 1.81250E+01   2.15185E+00   1.04917E+00   5.36051E-01   1.15350E+00
 1.81750E+01   2.15181E+00   1.04916E+00   5.36008E-01   1.15338E+00
 1.82250E+01   2.15178E+00   1.04915E+00   5.35971E-01   1.15329E+00
 1.82750E+01   2.15176E+00   1.04914E+00   5.35940E-01   1.15322E+00
 1.83250E+01   2.15177E+00   1.04913E+00   5.35915E-01   1.15316E+00
 1.83750E+01   2.15179E+00   1.04913E+00   5.35895E-01   1.15313E+00
 1.84250E+01   2.15182E+00   1.04912E+00   5.35879E-01   1.15312E+00
 1.84750E+01   2.15187E+00   1.04912E+00   5.35869E-01   1.15312E+00
 1.85250E+01   2.15194E+00   1.04912E+00   5.35863E-01   1.15314E+00
 1.85750E+01   2.15201E+00   1.04912E+00   5.35862E-01   1.15318E+00
 1.86250E+01   2.15210E+00   1.04912E+00   5.35864E-01   1.15323E+00
 1.86750E+01   2.15220E+00   1.04912E+00   5.35870E-01   1.15330E+00
 1.87250E+01   2.15231E+00   1.04912E+00   5.35880E-01   1.15338E+00
 1.87750E+01   2.15242E+00   1.04913E+00   5.35893E-01   1.15347E+00
 1.88250E+01   2.15255E+00   1.04913E+00   5.35909E-01   1.15357E+00
 1.88750E+01   2.15268E+00   1.04914E+00   5.35927E-01   1.15368E+00
 1.89250E+01   2.15282E+00   1.04914E+00   5.35949E-01   1.15380E+00
 1.89750E+01   2.15296E+00   1.04915E+00   5.35974E-01   1.15393E+00
 1.90250E+01   2.15311E+00   1.04916E+00   5.36000E-01   1.15406E+00
 1.90750E+01   2.15326E+00   1.04916E+00   5.36029E-01   1.15421E+00
 1.91250E+01   2.15341E+00   1.04917E+00   5.36060E-01   1.15436E+00
 1.91750E+01   2.15357E+00   1.04918E+00   5.36093E-01   1.15451E+00
 1.92250E+01   2.15373E+00   1.04919E+00   5.36127E-01   1.15467E+00
 1.92750E+01   2.15389E+00   1.04920E+00   5.36164E-01   1.15483E+00
 1.93250E+01   2.15405E+00   1.04921E+00   5.36202E-01   1.15500E+00
 1.93750E+01   2.15421E+00   1.04922E+00   5.36241E-01   1.15517E+00
 1.94250E+01   2.15437E+00   1.04923E+00   5.36283E-01   1.15535E+00
 1.94750E+01   2.15452E+00   1.04924E+00   5.36325E-01   1.15552E+00
 1.95250E+01   2.15468E+00   1.04925E+00   5.36369E-01   1.15570E+00
 1.95750E+01   2.15483E+00   1.04927E+00   5.36414E-01   1.15588E+00
 1.96250E+01   2.15498E+00   1.04928E+00   5.36460E-01   1.15606E+00
 1.96750E+01   2.15513E+00   1.04929E+00   5.36507E-01   1.15624E+00
 1.97250E+01   2.15528E+00   1.04930E+00   5.36555E-01   1.15643E+00
 1.97750E+01   2.15542E+00   1.04932E+00   5.36605E-01   1.15661E+00
 1.98250E+01   2.15556E+00   1.04933E+00   5.36655E-01   1.15679E+00
 1.98750E+01   2.15569E+00   1.04934E+00   5.36707E-01   1.15698E+00
 1.99250E+01   2.15583E+00   1.04936E+00   5.36759E-01   1.15716E+00
 1.99750E+01   2.15595E+00   1.04937E+00   5.36813E-01   1.15734E+00
 2.00250E+01   2.15607E+00   1.04939E+00   5.36867E-01   1.15752E+00
 2.00750E+01   2.15619E+00   1.04940E+00   5.36922E-01   1.15771E+00
 2.01250E+01   2.15630E+00   1.04942E+00   5.36978E-01   1.15789E+00
 2.01750E+01   2.15641E+00   1.04943E+00   5.37035E-01   1.15807E+00
 2.02250E+01   2.15652E+00   1.04945E+00   5.37092E-01   1.15825E+00
 2.02750E+01   2.15662E+00   1.04946E+00   5.37151E-01   1.15843E+00
 2.03250E+01   2.15671E+00   1.04948E+00   5.37210E-01   1.15861E+00
 2.03750E+01   2.15680E+00   1.04949E+00   5.37270E-01   1.15879E+00
 2.04250E+01   2.15689E+00   1.04951E+00   5.37331E-01   1.15897E+00
 2.04750E+01   2.15698E+00   1.04952E+00   5.37393E-01   1.15914E+00
 2.05250E+01   2.15706E+00   1.04954E+00   5.37455E-01   1.15932E+00
 2.05750E+01   2.15713E+00   1.04956E+00   5.37518E-01   1.15950E+00
 2.06250E+01   2.15721E+00   1.04957E+00   5.37582E-01   1.15968E+00
 2.06750E+01   2.15728E+00   1.04959E+00   5.37647E-01   1.15985E+00
 2.07250E+01   2.15735E+00   1.04961E+00   5.37712E-01   1.16003E+00
 2.07750E+01   2.15741E+00   1.04963E+00   5.37777E-01   1.16021E+00
 2.08250E+01   2.15748E+00   1.04964E+00   5.37844E-01   1.16039E+00
 2.08750E+01   2.15754E+00   1.04966E+00   5.37911E-01   1.16057E+00
 2.09250E+01   2.15761E+00   1.04968E+00   5.37980E-01   1.16075E+00
 2.09750E+01   2.15767E+00   1.04970E+00   5.38049E-01   1.16093E+00
 2.10250E+01   2.15773E+00   1.04972E+00   5.38119E-01   1.16112E+00
 2.10750E+01   2.15779E+00   1.04973E+00   5.38189E-01   1.16130E+00
 2.11250E+01   2.15786E+00   1.04975E+00   5.38260E-01   1.16149E+00
 2.11750E+01   2.15792E+00   1.04977E+00   5.38332E-01   1.16168E+00
 2.12250E+01   2.15799E+00   1.04979E+00   5.38405E-01   1.16187E+00
 2.12750E+01   2.15806E+00   1.04981E+00   5.38478E-01   1.16207E+00
 2.13250E+01   2.15813E+00   1.04983E+00   5.38553E-01   1.16227E+00
 2.13750E+01   2.15820E+00   1.04985E+00   5.38628E-01   1.16247E+00
 2.14250E+01   2.15828E+00   1.04987E+00   5.38705E-01   1.16267E+00
 2.14750E+01   2.15836E+00   1.04989E+00   5.38782E-01   1.16288E+00
 2.15250E+01   2.15844E+00   1.04991E+00   5.38861E-01   1.16310E+00
 2.15750E+01   2.15853E+00   1.04993E+00   5.38940E-01   1.16332E+00
 2.16250E+01   2.15862E+00   1.04995E+00   5.39020E-01   1.16354E+00
 2.16750E+01   2.15872E+00   1.04997E+00   5.39101E-01   1.16377E+00
 2.17250E+01   2.15882E+00   1.05000E+00   5.39183E-01   1.16400E+00
 2.17750E+01   2.15893E+00   1.05002E+00   5.39266E-01   1.16424E+00
 2.18250E+01   2.15904E+00   1.05004E+00   5.39350E-01   1.16448E+00
 2.18750E+01   2.15916E+00   1.05006E+00   5.39436E-01   1.16473E+00
 2.19250E+01   2.15928E+00   1.05009E+00   5.39522E-01   1.16498E+00
 2.19750E+01   2.15942E+00   1.05011E+00   5.39610E-01   1.16524E+00
 2.20250E+01   2.15956E+00   1.05013E+00   5.39698E-01   1.16551E+00
 2.20750E+01   2.15970E+00   1.05016E+00   5.39789E-01   1.16578E+00
 2.21250E+01   2.15986E+00   1.05018E+00   5.39880E-01   1.16606E+00
 2.21750E+01   2.16002E+00   1.05021E+00   5.39973E-01   1.16635E+00
 2.22250E+01   2.16019E+00   1.05023E+00   5.40067E-01   1.16665E+00
 2.22750E+01   2.16036E+00   1.05026E+00   5.40163E-01   1.16695E+00
 2.23250E+01   2.16055E+00   1.05028E+00   5.40261E-01   1.16726E+00
 2.23750E+01   2.16074E+00   1.05031E+00   5.40360E-01   1.16758E+00
 2.24250E+01   2.16094E+00   1.05033E+00   5.40460E-01   1.16790E+00
 2.24750E+01   2.16114E+00   1.05036E+00   5.40563E-01   1.16823E+00
 2.25250E+01   2.16135E+00   1.05039E+00   5.40667E-01   1.16857E+00
 2.25750E+01   2.16157E+00   1.05042E+00   5.40772E-01   1.16892E+00
 2.26250E+01   2.16180E+00   1.05045E+00   5.40880E-01   1.16927E+00
 2.26750E+01   2.16203E+00   1.05047E+00   5.40989E-01   1.16964E+00
 2.27250E+01   2.16228E+00   1.05050E+00   5.41100E-01   1.17001E+00
 2.27750E+01   2.16253E+00   1.05053E+00   5.41213E-01   1.17039E+00
 2.28250E+01   2.16278E+00   1.05056E+00   5.41328E-01   1.17077E+00
 2.28750E+01   2.16304E+00   1.05059E+00   5.41445E-01   1.17117E+00
 2.29250E+01   2.16332E+00   1.05063E+00   5.41564E-01   1.17157E+00
 2.29750E+01   2.16359E+00   1.05066E+00   5.41686E-01   1.17199E+00
 2.30250E+01   2.16387E+00   1.05069E+00   5.41810E-01   1.17241E+00
 2.30750E+01   2.16416E+00   1.05072E+00   5.41936E-01   1.17284E+00
 2.31250E+01   2.16446E+00   1.05076E+00   5.42064E-01   1.17328E+00
 2.31750E+01   2.16476E+00   1.05079E+00   5.42195E-01   1.17372E+00
 2.32250E+01   2.16506E+00   1.05082E+00   5.42328E-01   1.17418E+00
 2.32750E+01   2.16538E+00   1.05086E+00   5.42464E-01   1.17464E+00
 2.33250E+01   2.16569E+00   1.05090E+00   5.42603E-01   1.17511E+00
 2.33750E+01   2.16601E+00   1.05093E+00   5.42744E-01   1.17559E+00
 2.34250E+01   2.16634E+00   1.05097E+00   5.42887E-01   1.17608E+00
 2.34750E+01   2.16667E+00   1.05101E+00   5.43034E-01   1.17658E+00
 2.35250E+01   2.16701E+00   1.05105E+00   5.43183E-01   1.17708E+00
 2.35750E+01   2.16735E+00   1.05108E+00   5.43335E-01   1.17759E+00
 2.36250E+01   2.16769E+00   1.05112E+00   5.43489E-01   1.17812E+00
 2.36750E+01   2.16804E+00   1.05116E+00   5.43647E-01   1.17865E+00
 2.37250E+01   2.16839E+00   1.05121E+00   5.43807E-01   1.17918E+00
 2.37750E+01   2.16874E+00   1.05125E+00   5.43970E-01   1.17973E+00
 2.38250E+01   2.16910E+00   1.05129E+00   5.44137E-01   1.18029E+00
 2.38750E+01   2.16946E+00   1.05133E+00   5.44306E-01   1.18085E+00
 2.39250E+01   2.16982E+00   1.05138E+00   5.44478E-01   1.18142E+00
 2.39750E+01   2.17019E+00   1.05142E+00   5.44654E-01   1.18200E+00
 2.40250E+01   2.17056E+00   1.05147E+00   5.44832E-01   1.18259E+00
 2.40750E+01   2.17093E+00   1.05152E+00   5.45014E-01   1.18319E+00
 2.41250E+01   2.17131E+00   1.05156E+00   5.45198E-01   1.18379E+00
 2.41750E+01   2.17168E+00   1.05161E+00   5.45385E-01   1.18440E+00
 2.42250E+01   2.17206E+00   1.05166E+00   5.45576E-01   1.18503E+00
 2.42750E+01   2.17244E+00   1.05171E+00   5.45770E-01   1.18565E+00
 2.43250E+01   2.17283E+00   1.05176E+00   5.45966E-01   1.18629E+00
 2.43750E+01   2.17321E+00   1.05181E+00   5.46166E-01   1.18693E+00
 2.44250E+01   2.17360E+00   1.05186E+00   5.46368E-01   1.18758E+00
 2.44750E+01   2.17399E+00   1.05192E+00   5.46573E-01   1.18824E+00
 2.45250E+01   2.17438E+00   1.05197E+00   5.46781E-01   1.18891E+00
 2.45750E+01   2.17477E+00   1.05202E+00   5.46992E-01   1.18958E+00
 2.46250E+01   2.17516E+00   1.05208E+00   5.47206E-01   1.19026E+00
 2.46750E+01   2.17556E+00   1.05213E+00   5.47422E-01   1.19095E+00
 2.47250E+01   2.17595E+00   1.05219E+00   5.47641E-01   1.19164E+00
 2.47750E+01   2.17635E+00   1.05225E+00   5.47862E-01   1.19234E+00
 2.48250E+01   2.17675E+00   1.05230E+00   5.48085E-01   1.19305E+00
 2.48750E+01   2.17715E+00   1.05236E+00   5.48311E-01   1.19376E+00
 2.49250E+01   2.17755E+00   1.05242E+00   5.48539E-01   1.19447E+00
 2.49750E+01   2.17796E+00   1.05248E+00   5.48769E-01   1.19519E+00
 2.50250E+01   2.17836E+00   1.05254E+00   5.49000E-01   1.19592E+00
 2.50750E+01   2.17877E+00   1.05260E+00   5.49234E-01   1.19665E+00
 2.51250E+01   2.17917E+00   1.05266E+00   5.49468E-01   1.19739E+00
 2.51750E+01   2.17958E+00   1.05272E+00   5.49704E-01   1.19812E+00
 2.52250E+01   2.17998E+00   1.05278E+00   5.49942E-01   1.19886E+00
 2.52750E+01   2.18039E+00   1.05284E+00   5.50180E-01   1.19961E+00
 2.53250E+01   2.18080E+00   1.05290E+00   5.50418E-01   1.20035E+00
 2.53750E+01   2.18120E+00   1.05296E+00   5.50658E-01   1.20110E+00
 2.54250E+01   2.18161E+00   1.05303E+00   5.50897E-01   1.20184E+00
 2.54750E+01   2.18202E+00   1.05309E+00   5.51136E-01   1.20259E+00
 2.55250E+01   2.18242E+00   1.05315E+00   5.51375E-01   1.20333E+00
 2.55750E+01   2.18283E+00   1.05321E+00   5.51614E-01   1.20408E+00
 2.56250E+01   2.18323E+00   1.05327E+00   5.51851E-01   1.20482E+00
 2.56750E+01   2.18363E+00   1.05334E+00   5.52088E-01   1.20555E+00
 2.57250E+01   2.18403E+00   1.05340E+00   5.52323E-01   1.20629E+00
 2.57750E+01   2.18442E+00   1.05346E+00   5.52556E-01   1.20702E+00
 2.58250E+01   2.18482E+00   1.05352E+00   5.52788E-01   1.20774E+00
 2.58750E+01   2.18521E+00   1.05358E+00   5.53017E-01   1.20846E+00
 2.59250E+01   2.18559E+00   1.05364E+00   5.53243E-01   1.20916E+00
 2.59750E+01   2.18597E+00   1.05370E+00   5.53466E-01   1.20986E+00
 2.60250E+01   2.18635E+00   1.05375E+00   5.53685E-01   1.21055E+00
 2.60750E+01   2.18672E+00   1.05381E+00   5.53901E-01   1.21123E+00
 2.61250E+01   2.18709E+00   1.05387E+00   5.54112E-01   1.21189E+00
 2.61750E+01   2.18745E+00   1.05392E+00   5.54319E-01   1.21254E+00
 2.62250E+01   2.18780E+00   1.05398E+00   5.54521E-01   1.21318E+00
 2.62750E+01   2.18814E+00   1.05403E+00   5.54717E-01   1.21380E+00
 2.63250E+01   2.18848E+00   1.05408E+00   5.54908E-01   1.21440E+00
 2.63750E+01   2.18881E+00   1.05413E+00   5.55092E-01   1.21499E+00
 2.64250E+01   2.18912E+00   1.05418E+00   5.55270E-01   1.21555E+00
 2.64750E+01   2.18943E+00   1.05422E+00   5.55442E-01   1.21610E+00
 2.65250E+01   2.18972E+00   1.05427E+00   5.55605E-01   1.21662E+00
 2.65750E+01   2.19001E+00   1.05431E+00   5.55762E-01   1.21712E+00
 2.66250E+01   2.19028E+00   1.05435E+00   5.55910E-01   1.21760E+00
 2.66750E+01   2.19053E+00   1.05439E+00   5.56049E-01   1.21804E+00
 2.67250E+01   2.19078E+00   1.05443E+00   5.56180E-01   1.21846E+00
 2.67750E+01   2.19100E+00   1.05446E+00   5.56301E-01   1.21886E+00
 2.68250E+01   2.19122E+00   1.05449E+00   5.56412E-01   1.21922E+00
 2.68750E+01   2.19141E+00   1.05452E+00   5.56514E-01   1.21955E+00
 2.69250E+01   2.19159E+00   1.05455E+00   5.56605E-01   1.21985E+00
 2.69750E+01   2.19175E+00   1.05458E+00   5.56686E-01   1.22011E+00
 2.70250E+01   2.19189E+00   1.05460E+00   5.56755E-01   1.22034E+00
 2.70750E+01   2.19201E+00   1.05462E+00   5.56813E-01   1.22054E+00
 2.71250E+01   2.19211E+00   1.05463E+00   5.56859E-01   1.22070E+00
 2.71750E+01   2.19219E+00   1.05464E+00   5.56893E-01   1.22081E+00
 2.72250E+01   2.19225E+00   1.05465E+00   5.56916E-01   1.22090E+00
 2.72750E+01   2.19228E+00   1.05466E+00   5.56925E-01   1.22094E+00
 2.73250E+01   2.19230E+00   1.05466E+00   5.56923E-01   1.22094E+00
 2.73750E+01   2.19229E+00   1.05466E+00   5.56907E-01   1.22090E+00
 2.74250E+01   2.19225E+00   1.05466E+00   5.56878E-01   1.22082E+00
 2.74750E+01   2.19219E+00   1.05465E+00   5.56836E-01   1.22069E+00
 2.75250E+01   2.19211E+00   1.05464E+00   5.56780E-01   1.22052E+00
 2.75750E+01   2.19200E+00   1.05463E+00   5.56711E-01   1.22031E+00
 2.76250E+01   2.19187E+00   1.05461E+00   5.56628E-01   1.22006E+00
 2.76750E+01   2.19171E+00   1.05459E+00   5.56532E-01   1.21976E+00
 2.77250E+01   2.19152E+00   1.05457E+00   5.56422E-01   1.21941E+00
 2.77750E+01   2.19131E+00   1.05454E+00   5.56298E-01   1.21902E+00
 2.78250E+01   2.19108E+00   1.05451E+00   5.56161E-01   1.21859E+00
 2.78750E+01   2.19082E+00   1.05448E+00   5.56011E-01   1.21812E+00
 2.79250E+01   2.19053E+00   1.05444E+00   5.55847E-01   1.21760E+00
 2.79750E+01   2.19021E+00   1.05440E+00   5.55671E-01   1.21704E+00
 2.80250E+01   2.18987E+00   1.05435E+00   5.55481E-01   1.21643E+00
 2.80750E+01   2.18951E+00   1.05431E+00   5.55278E-01   1.21579E+00
 2.81250E+01   2.18912E+00   1.05425E+00   5.55064E-01   1.21510E+00
 2.81750E+01   2.18871E+00   1.05420E+00   5.54837E-01   1.21438E+00
 2.82250E+01   2.18828E+00   1.05414E+00   5.54598E-01   1.21361E+00
 2.82750E+01   2.18782E+00   1.05408E+00   5.54347E-01   1.21281E+00
 2.83250E+01   2.18734E+00   1.05402E+00   5.54086E-01   1.21197E+00
 2.83750E+01   2.18684E+00   1.05395E+00   5.53815E-01   1.21110E+00
 2.84250E+01   2.18631E+00   1.05388E+00   5.53533E-01   1.21020E+00
 2.84750E+01   2.18577E+00   1.05381E+00   5.53241E-01   1.20926E+00
 2.85250E+01   2.18521E+00   1.05373E+00   5.52941E-01   1.20829E+00
 2.85750E+01   2.18463E+00   1.05366E+00   5.52631E-01   1.20730E+00
 2.86250E+01   2.18404E+00   1.05358E+00   5.52314E-01   1.20627E+00
 2.86750E+01   2.18342E+00   1.05350E+00   5.51989E-01   1.20523E+00
 2.87250E+01   2.18280E+00   1.05341E+00   5.51657E-01   1.20416E+00
 2.87750E+01   2.18216E+00   1.05333E+00   5.51319E-01   1.20306E+00
 2.88250E+01   2.18150E+00   1.05324E+00   5.50975E-01   1.20195E+00
 2.88750E+01   2.18084E+00   1.05315E+00   5.50625E-01   1.20083E+00
 2.89250E+01   2.18017E+00   1.05306E+00   5.50272E-01   1.19968E+00
 2.89750E+01   2.17948E+00   1.05297E+00   5.49914E-01   1.19853E+00
 2.90250E+01   2.17879E+00   1.05288E+00   5.49553E-01   1.19736E+00
 2.90750E+01   2.17810E+00   1.05278E+00   5.49189E-01   1.19619E+00
 2.91250E+01   2.17740E+00   1.05269E+00   5.48824E-01   1.19501E+00
 2.91750E+01   2.17669E+00   1.05260E+00   5.48457E-01   1.19382E+00
 2.92250E+01   2.17598E+00   1.05250E+00   5.48089E-01   1.19263E+00
 2.92750E+01   2.17528E+00   1.05241E+00   5.47721E-01   1.19144E+00
 2.93250E+01   2.17457E+00   1.05231E+00   5.47354E-01   1.19026E+00
 2.93750E+01   2.17386E+00   1.05222E+00   5.46987E-01   1.18907E+00
 2.94250E+01   2.17316E+00   1.05212E+00   5.46622E-01   1.18790E+00
 2.94750E+01   2.17246E+00   1.05203E+00   5.46259E-01   1.18672E+00
 2.95250E+01   2.17176E+00   1.05193E+00   5.45899E-01   1.18556E+00
 2.95750E+01   2.17107E+00   1.05184E+00   5.45543E-01   1.18441E+00
 2.96250E+01   2.17039E+00   1.05175E+00   5.45190E-01   1.18327E+00
 2.96750E+01   2.16972E+00   1.05165E+00   5.44841E-01   1.18215E+00
 2.97250E+01   2.16905E+00   1.05156E+00   5.44497E-01   1.18104E+00
 2.97750E+01   2.16839E+00   1.05147E+00   5.44158E-01   1.17995E+00
 2.98250E+01   2.16775E+00   1.05139E+00   5.43825E-01   1.17888E+00
 2.98750E+01   2.16712E+00   1.05130E+00   5.43498E-01   1.17782E+00
 2.99250E+01   2.16650E+00   1.05121E+00   5.43177E-01   1.17679E+00
 2.99750E+01   2.16589E+00   1.05113E+00   5.42863E-01   1.17578E+00
 3.00250E+01   2.16529E+00   1.05105E+00   5.42556E-01   1.17479E+00
 3.00750E+01   2.16471E+00   1.05097E+00   5.42256E-01   1.17383E+00
 3.01250E+01   2.16415E+00   1.05089E+00   5.41963E-01   1.17289E+00
 3.01750E+01   2.16360E+00   1.05081E+00   5.41678E-01   1.17197E+00
 3.02250E+01   2.16306E+00   1.05074E+00   5.41400E-01   1.17108E+00
 3.02750E+01   2.16254E+00   1.05067E+00   5.41131E-01   1.17022E+00
 3.03250E+01   2.16204E+00   1.05060E+00   5.40870E-01   1.16938E+00
 3.03750E+01   2.16156E+00   1.05053E+00   5.40617E-01   1.16858E+00
 3.04250E+01   2.16109E+00   1.05046E+00   5.40372E-01   1.16779E+00
 3.04750E+01   2.16064E+00   1.05040E+00   5.40136E-01   1.16704E+00
 3.05250E+01   2.16021E+00   1.05034E+00   5.39909E-01   1.16631E+00
 3.05750E+01   2.15979E+00   1.05028E+00   5.39689E-01   1.16562E+00
 3.06250E+01   2.15939E+00   1.05022E+00   5.39478E-01   1.16494E+00
 3.06750E+01   2.15901E+00   1.05017E+00   5.39275E-01   1.16430E+00
 3.07250E+01   2.15865E+00   1.05012E+00   5.39081E-01   1.16368E+00
 3.07750E+01   2.15830E+00   1.05007E+00   5.38895E-01   1.16310E+00
 3.08250E+01   2.15797E+00   1.05002E+00   5.38717E-01   1.16254E+00
 3.08750E+01   2.15766E+00   1.04997E+00   5.38548E-01   1.16200E+00
 3.09250E+01   2.15736E+00   1.04993E+00   5.38386E-01   1.16149E+00
 3.09750E+01   2.15708E+00   1.04989E+00   5.38232E-01   1.16101E+00
 3.10250E+01   2.15682E+00   1.04985E+00   5.38086E-01   1.16055E+00
 3.10750E+01   2.15657E+00   1.04981E+00   5.37948E-01   1.16012E+00
 3.11250E+01   2.15634E+00   1.04977E+00   5.37817E-01   1.15972E+00
 3.11750E+01   2.15613E+00   1.04974E+00   5.37694E-01   1.15934E+00
 3.12250E+01   2.15593E+00   1.04971E+00   5.37577E-01   1.15898E+00
 3.12750E+01   2.15574E+00   1.04968E+00   5.37468E-01   1.15864E+00
 3.13250E+01   2.15557E+00   1.04965E+00   5.37366E-01   1.15833E+00
 3.13750E+01   2.15541E+00   1.04963E+00   5.37270E-01   1.15804E+00
 3.14250E+01   2.15527E+00   1.04960E+00   5.37181E-01   1.15777E+00
 3.14750E+01   2.15513E+00   1.04958E+00   5.37098E-01   1.15752E+00
 3.15250E+01   2.15502E+00   1.04956E+00   5.37021E-01   1.15729E+00
 3.15750E+01   2.15491E+00   1.04954E+00   5.36950E-01   1.15708E+00
 3.16250E+01   2.15482E+00   1.04952E+00   5.36885E-01   1.15689E+00
 3.16750E+01   2.15473E+00   1.04951E+00   5.36825E-01   1.15671E+00
 3.17250E+01   2.15466E+00   1.04949E+00   5.36771E-01   1.15656E+00
 3.17750E+01   2.15460E+00   1.04948E+00   5.36722E-01   1.15642E+00
 3.18250E+01   2.15455E+00   1.04947E+00   5.36678E-01   1.15630E+00
 3.18750E+01   2.15450E+00   1.04946E+00   5.36638E-01   1.15619E+00
 3.19250E+01   2.15447E+00   1.04945E+00   5.36604E-01   1.15610E+00
 3.19750E+01   2.15444E+00   1.04945E+00   5.36574E-01   1.15602E+00
 3.20250E+01   2.15443E+00   1.04944E+00   5.36548E-01   1.15595E+00
 3.20750E+01   2.15442E+00   1.04943E+00   5.36526E-01   1.15590E+00
 3.21250E+01   2.15442E+00   1.04943E+00   5.36508E-01   1.15586E+00
 3.21750E+01   2.15442E+00   1.04943E+00   5.36494E-01   1.15584E+00
 3.22250E+01   2.15444E+00   1.04943E+00   5.36484E-01   1.15582E+00
 3.22750E+01   2.15446E+00   1.04943E+00   5.36478E-01   1.15582E+00
 3.23250E+01   2.15448E+00   1.04943E+00   5.36475E-01   1.15582E+00
 3.23750E+01   2.15451E+00   1.04943E+00   5.36475E-01   1.15584E+00
 3.24250E+01   2.15455E+00   1.04943E+00   5.36479E-01   1.15587E+00
 3.24750E+01   2.15459E+00   1.04943E+00   5.36485E-01   1.15591E+00
 3.25250E+01   2.15464E+00   1.04944E+00   5.36495E-01   1.15595E+00
 3.25750E+01   2.15469E+00   1.04944E+00   5.36507E-01   1.15600E+00
 3.26250E+01   2.15474E+00   1.04945E+00   5.36523E-01   1.15607E+00
 3.26750E+01   2.15480E+00   1.04945E+00   5.36541E-01   1.15614E+00
 3.27250E+01   2.15486E+00   1.04946E+00   5.36561E-01   1.15622E+00
 3.27750E+01   2.15493E+00   1.04947E+00   5.36584E-01   1.15630E+00
 3.28250E+01   2.15500E+00   1.04948E+00   5.36610E-01   1.15639E+00
 3.28750E+01   2.15507E+00   1.04949E+00   5.36637E-01   1.15649E+00
 3.29250E+01   2.15514E+00   1.04949E+00   5.36667E-01   1.15660E+00
 3.29750E+01   2.15522E+00   1.04950E+00   5.36699E-01   1.15671E+00
 3.30250E+01   2.15530E+00   1.04951E+00   5.36733E-01   1.15682E+00
 3.30750E+01   2.15538E+00   1.04952E+00   5.36769E-01   1.15694E+00
 3.31250E+01   2.15547E+00   1.04954E+00   5.36807E-01   1.15707E+00
 3.31750E+01   2.15555E+00   1.04955E+00   5.36847E-01   1.15720E+00
 3.32250E+01   2.15564E+00   1.04956E+00   5.36889E-01   1.15734E+00
 3.32750E+01   2.15573E+00   1.04957E+00   5.36932E-01   1.15748E+00
 3.33250E+01   2.15582E+00   1.04958E+00   5.36977E-01   1.15762E+00
 3.33750E+01   2.15591E+00   1.04960E+00   5.37024E-01   1.15778E+00
 3.34250E+01   2.15600E+00   1.04961E+00   5.37073E-01   1.15793E+00
 3.34750E+01   2.15610E+00   1.04962E+00   5.37124E-01   1.15809E+00
 3.35250E+01   2.15619E+00   1.04964E+00   5.37176E-01   1.15825E+00
 3.35750E+01   2.15629E+00   1.04965E+00   5.37229E-01   1.15842E+00
 3.36250E+01   2.15639E+00   1.04967E+00   5.37285E-01   1.15859E+00
 3.36750E+01   2.15649E+00   1.04968E+00   5.37341E-01   1.15877E+00
 3.37250E+01   2.15659E+00   1.04970E+00   5.37399E-01   1.15895E+00
 3.37750E+01   2.15669E+00   1.04971E+00   5.37459E-01   1.15913E+00
 3.38250E+01   2.15679E+00   1.04973E+00   5.37520E-01   1.15932E+00
 3.38750E+01   2.15690E+00   1.04974E+00   5.37583E-01   1.15951E+00
 3.39250E+01   2.15700E+00   1.04976E+00   5.37647E-01   1.15971E+00
 3.39750E+01   2.15711E+00   1.04977E+00   5.37712E-01   1.15990E+00
 3.40250E+01   2.15722E+00   1.04979E+00   5.37779E-01   1.16011E+00
 3.40750E+01   2.15733E+00   1.04981E+00   5.37847E-01   1.16031E+00
 3.41250E+01   2.15744E+00   1.04982E+00   5.37917E-01   1.16052E+00
 3.41750E+01   2.15755E+00   1.04984E+00   5.37988E-01   1.16074E+00
 3.42250E+01   2.15766E+00   1.04986E+00   5.38060E-01   1.16095E+00
 3.42750E+01   2.15778E+00   1.04987E+00   5.38134E-01   1.16117E+00
 3.43250E+01   2.15789E+00   1.04989E+00   5.38209E-01   1.16140E+00
 3.43750E+01   2.15801E+00   1.04991E+00   5.38285E-01   1.16163E+00
 3.44250E+01   2.15813E+00   1.04993E+00   5.38362E-01   1.16186E+00
 3.44750E+01   2.15826E+00   1.04995E+00   5.38441E-01   1.16209E+00
 3.45250E+01   2.15838E+00   1.04996E+00   5.38521E-01   1.16234E+00
 3.45750E+01   2.15851E+00   1.04998E+00   5.38603E-01   1.16258E+00
 3.46250E+01   2.15864E+00   1.05000E+00   5.38686E-01   1.16283E+00
 3.46750E+01   2.15877E+00   1.05002E+00   5.38770E-01   1.16308E+00
 3.47250E+01   2.15891E+00   1.05004E+00   5.38855E-01   1.16334E+00
 3.47750E+01   2.15904E+00   1.05006E+00   5.38942E-01   1.16360E+00
 3.48250E+01   2.15918E+00   1.05008E+00   5.39030E-01   1.16386E+00
 3.48750E+01   2.15932E+00   1.05010E+00   5.39119E-01   1.16413E+00
 3.49250E+01   2.15947E+00   1.05012E+00   5.39210E-01   1.16441E+00
 3.49750E+01   2.15962E+00   1.05014E+00   5.39302E-01   1.16468E+00
 3.50250E+01   2.15977E+00   1.05017E+00   5.39395E-01   1.16497E+00
 3.50750E+01   2.15992E+00   1.05019E+00   5.39489E-01   1.16526E+00
 3.51250E+01   2.16008E+00   1.05021E+00   5.39585E-01   1.16555E+00
 3.51750E+01   2.16024E+00   1.05023E+00   5.39682E-01   1.16584E+00
 3.52250E+01   2.16041E+00   1.05025E+00   5.39780E-01   1.16614E+00
 3.52750E+01   2.16057E+00   1.05028E+00   5.39880E-01   1.16645E+00
 3.53250E+01   2.16075E+00   1.05030E+00   5.39981E-01   1.16676E+00
 3.53750E+01   2.16092E+00   1.05033E+00   5.40083E-01   1.16708E+00
 3.54250E+01   2.16110E+00   1.05035E+00   5.40187E-01   1.16740E+00
 3.54750E+01   2.16128E+00   1.05037E+00   5.40292E-01   1.16772E+00
 3.55250E+01   2.16147E+00   1.05040E+00   5.40398E-01   1.16805E+00
 3.55750E+01   2.16166E+00   1.05043E+00   5.40505E-01   1.16839E+00
 3.56250E+01   2.16185E+00   1.05045E+00   5.40614E-01   1.16873E+00
 3.56750E+01   2.16205E+00   1.05048E+00   5.40725E-01   1.16908E+00
 3.57250E+01   2.16226E+00   1.05051E+00   5.40837E-01   1.16943E+00
 3.57750E+01   2.16246E+00   1.05053E+00   5.40950E-01   1.16979E+00
 3.58250E+01   2.16268E+00   1.05056E+00   5.41065E-01   1.17015E+00
 3.58750E+01   2.16289E+00   1.05059E+00   5.41180E-01   1.17051E+00
 3.59250E+01   2.16311E+00   1.05062E+00   5.41297E-01   1.17089E+00
 3.59750E+01   2.16334E+00   1.05065E+00   5.41416E-01   1.17126E+00
 3.60250E+01   2.16356E+00   1.05068E+00   5.41536E-01   1.17165E+00
 3.60750E+01   2.16380E+00   1.05071E+00   5.41658E-01   1.17204E+00
 3.61250E+01   2.16403E+00   1.05074E+00   5.41781E-01   1.17243E+00
 3.61750E+01   2.16428E+00   1.05077E+00   5.41905E-01   1.17283E+00
 3.62250E+01   2.16452E+00   1.05081E+00   5.42031E-01   1.17324E+00
 3.62750E+01   2.16477E+00   1.05084E+00   5.42159E-01   1.17365E+00
 3.63250E+01   2.16503E+00   1.05087E+00   5.42287E-01   1.17407E+00
 3.63750E+01   2.16529E+00   1.05091E+00   5.42418E-01   1.17449E+00
 3.64250E+01   2.16555E+00   1.05094E+00   5.42550E-01   1.17492E+00
 3.64750E+01   2.16582E+00   1.05098E+00   5.42684E-01   1.17536E+00
 3.65250E+01   2.16609E+00   1.05102E+00   5.42819E-01   1.17580E+00
 3.65750E+01   2.16637E+00   1.05105E+00   5.42956E-01   1.17624E+00
 3.66250E+01   2.16665E+00   1.05109E+00   5.43095E-01   1.17670E+00
 3.66750E+01   2.16694E+00   1.05113E+00   5.43235E-01   1.17716E+00
 3.67250E+01   2.16723E+00   1.05117E+00   5.43376E-01   1.17762E+00
 3.67750E+01   2.16752E+00   1.05121E+00   5.43520E-01   1.17809E+00
 3.68250E+01   2.16782E+00   1.05125E+00   5.43665E-01   1.17857E+00
 3.68750E+01   2.16812E+00   1.05129E+00   5.43811E-01   1.17905E+00
 3.69250E+01   2.16843E+00   1.05133E+00   5.43960E-01   1.17954E+00
 3.69750E+01   2.16874E+00   1.05137E+00   5.44110E-01   1.18003E+00
 3.70250E+01   2.16905E+00   1.05141E+00   5.44262E-01   1.18053E+00
 3.70750E+01   2.16937E+00   1.05146E+00   5.44415E-01   1.18104E+00
 3.71250E+01   2.16969E+00   1.05150E+00   5.44571E-01   1.18155E+00
 3.71750E+01   2.17001E+00   1.05154E+00   5.44728E-01   1.18207E+00
 3.72250E+01   2.17034E+00   1.05159E+00   5.44886E-01   1.18259E+00
 3.72750E+01   2.17068E+00   1.05163E+00   5.45047E-01   1.18312E+00
 3.73250E+01   2.17101E+00   1.05168E+00   5.45209E-01   1.18366E+00
 3.73750E+01   2.17135E+00   1.05173E+00   5.45373E-01   1.18419E+00
 3.74250E+01   2.17169E+00   1.05177E+00   5.45538E-01   1.18474E+00
 3.74750E+01   2.17203E+00   1.05182E+00   5.45705E-01   1.18529E+00
 3.75250E+01   2.17238E+00   1.05187E+00   5.45874E-01   1.18585E+00
 3.75750E+01   2.17273E+00   1.05192E+00   5.46045E-01   1.18641E+00
 3.76250E+01   2.17308E+00   1.05196E+00   5.46217E-01   1.18697E+00
 3.76750E+01   2.17343E+00   1.05201E+00   5.46391E-01   1.18754E+00
 3.77250E+01   2.17379E+00   1.05206E+00   5.46567E-01   1.18812E+00
 3.77750E+01   2.17415E+00   1.05211E+00   5.46744E-01   1.18870E+00
 3.78250E+01   2.17451E+00   1.05216E+00   5.46923E-01   1.18929E+00
 3.78750E+01   2.17487E+00   1.05221E+00   5.47103E-01   1.18988E+00
 3.79250E+01   2.17523E+00   1.05226E+00   5.47284E-01   1.19047E+00
 3.79750E+01   2.17559E+00   1.05231E+00   5.47467E-01   1.19107E+00
 3.80250E+01   2.17596E+00   1.05236E+00   5.47651E-01   1.19167E+00
 3.80750E+01   2.17632E+00   1.05241E+00   5.47836E-01   1.19227E+00
 3.81250E+01   2.17669E+00   1.05246E+00   5.48022E-01   1.19287E+00
 3.81750E+01   2.17705E+00   1.05252E+00   5.48209E-01   1.19348E+00
 3.82250E+01   2.17742E+00   1.05257E+00   5.48398E-01   1.19409E+00
 3.82750E+01   2.17779E+00   1.05262E+00   5.48587E-01   1.19470E+00
 3.83250E+01   2.17815E+00   1.05267E+00   5.48776E-01   1.19532E+00
 3.83750E+01   2.17851E+00   1.05272E+00   5.48967E-01   1.19593E+00
 3.84250E+01   2.17888E+00   1.05277E+00   5.49157E-01   1.19655E+00
 3.84750E+01   2.17924E+00   1.05282E+00   5.49348E-01   1.19716E+00
 3.85250E+01   2.17960E+00   1.05287E+00   5.49540E-01   1.19777E+00
 3.85750E+01   2.17995E+00   1.05292E+00   5.49731E-01   1.19839E+00
 3.86250E+01   2.18031E+00   1.05297E+00   5.49922E-01   1.19900E+00
 3.86750E+01   2.18066E+00   1.05302E+00   5.50113E-01   1.19961E+00
 3.87250E+01   2.18100E+00   1.05307E+00   5.50303E-01   1.20021E+00
 3.87750E+01   2.18135E+00   1.05312E+00   5.50493E-01   1.20082E+00
 3.88250E+01   2.18169E+00   1.05317E+00   5.50682E-01   1.20142E+00
 3.88750E+01   2.18203E+00   1.05322E+00   5.50870E-01   1.20201E+00
 3.89250E+01   2.18236E+00   1.05326E+00   5.51057E-01   1.20260E+00
 3.89750E+01   2.18268E+00   1.05331E+00   5.51242E-01   1.20319E+00
 3.90250E+01   2.18301E+00   1.05335E+00   5.51426E-01   1.20377E+00
 3.90750E+01   2.18332E+00   1.05340E+00   5.51608E-01   1.20434E+00
 3.91250E+01   2.18363E+00   1.05344E+00   5.51787E-01   1.20490E+00
 3.91750E+01   2.18394E+00   1.05349E+00   5.51965E-01   1.20546E+00
 3.92250E+01   2.18423E+00   1.05353E+00   5.52140E-01   1.20600E+00
 3.92750E+01   2.18452E+00   1.05357E+00   5.52312E-01   1.20654E+00
 3.93250E+01   2.18481E+00   1.05361E+00   5.52481E-01   1.20706E+00
 3.93750E+01   2.18508E+00   1.05365E+00   5.52647E-01   1.20758E+00
 3.94250E+01   2.18535E+00   1.05369E+00   5.52809E-01   1.20808E+00
 3.94750E+01   2.18560E+00   1.05373E+00   5.52967E-01   1.20857E+00
 3.95250E+01   2.18585E+00   1.05376E+00   5.53122E-01   1.20904E+00
 3.95750E+01   2.18609E+00   1.05380E+00   5.53271E-01   1.20950E+00
 3.96250E+01   2.18632E+00   1.05383E+00   5.53416E-01   1.20994E+00
 3.96750E+01   2.18654E+00   1.05387E+00   5.53556E-01   1.21037E+00
 3.97250E+01   2.18675E+00   1.05390E+00   5.53691E-01   1.21078E+00
 3.97750E+01   2.18694E+00   1.05393E+00   5.53821E-01   1.21118E+00
 3.98250E+01   2.18713E+00   1.05395E+00   5.53945E-01   1.21155E+00
 3.98750E+01   2.18730E+00   1.05398E+00   5.54063E-01   1.21190E+00
 3.99250E+01   2.18746E+00   1.05400E+00   5.54175E-01   1.21224E+00
 3.99750E+01   2.18761E+00   1.05403E+00   5.54280E-01   1.21255E+00
 4.00250E+01   2.18775E+00   1.05405E+00   5.54378E-01   1.21284E+00
 4.00750E+01   2.18787E+00   1.05407E+00   5.54469E-01   1.21311E+00
 4.01250E+01   2.18798E+00   1.05409E+00   5.54553E-01   1.21335E+00
 4.01750E+01   2.18808E+00   1.05410E+00   5.54629E-01   1.21357E+00
 4.02250E+01   2.18816E+00   1.05412E+00   5.54697E-01   1.21377E+00
 4.02750E+01   2.18823E+00   1.05413E+00   5.54757E-01   1.21393E+00
 4.03250E+01   2.18828E+00   1.05414E+00   5.54808E-01   1.21408E+00
 4.03750E+01   2.18832E+00   1.05415E+00   5.54851E-01   1.21419E+00
 4.04250E+01   2.18834E+00   1.05415E+00   5.54886E-01   1.21428E+00
 4.04750E+01   2.18835E+00   1.05416E+00   5.54911E-01   1.21434E+00
 4.05250E+01   2.18833E+00   1.05416E+00   5.54927E-01   1.21437E+00
 4.05750E+01   2.18831E+00   1.05416E+00   5.54933E-01   1.21437E+00
 4.06250E+01   2.18827E+00   1.05416E+00   5.54930E-01   1.21434E+00
 4.06750E+01   2.18821E+00   1.05415E+00   5.54917E-01   1.21427E+00
 4.07250E+01   2.18814E+00   1.05415E+00   5.54894E-01   1.21418E+00
 4.07750E+01   2.18804E+00   1.05414E+00   5.54861E-01   1.21406E+00
 4.08250E+01   2.18794E+00   1.05413E+00   5.54818E-01   1.21391E+00
 4.08750E+01   2.18781E+00   1.05411E+00   5.54764E-01   1.21372E+00
 4.09250E+01   2.18767E+00   1.05410E+00   5.54700E-01   1.21350E+00
 4.09750E+01   2.18751E+00   1.05408E+00   5.54626E-01   1.21325E+00
 4.10250E+01   2.18734E+00   1.05406E+00   5.54542E-01   1.21297E+00
 4.10750E+01   2.18715E+00   1.05404E+00   5.54446E-01   1.21266E+00
 4.11250E+01   2.18694E+00   1.05401E+00   5.54341E-01   1.21231E+00
 4.11750E+01   2.18672E+00   1.05399E+00   5.54225E-01   1.21193E+00
 4.12250E+01   2.18648E+00   1.05396E+00   5.54099E-01   1.21153E+00
 4.12750E+01   2.18622E+00   1.05393E+00   5.53963E-01   1.21109E+00
 4.13250E+01   2.18595E+00   1.05389E+00   5.53817E-01   1.21062E+00
 4.13750E+01   2.18567E+00   1.05386E+00   5.53661E-01   1.21012E+00
 4.14250E+01   2.18536E+00   1.05382E+00   5.53495E-01   1.20959E+00
 4.14750E+01   2.18505E+00   1.05378E+00   5.53319E-01   1.20903E+00
 4.15250E+01   2.18472E+00   1.05374E+00   5.53134E-01   1.20844E+00
 4.15750E+01   2.18437E+00   1.05369E+00   5.52939E-01   1.20782E+00
 4.16250E+01   2.18401E+00   1.05365E+00   5.52735E-01   1.20718E+00
 4.16750E+01   2.18364E+00   1.05360E+00   5.52523E-01   1.20651E+00
 4.17250E+01   2.18326E+00   1.05355E+00   5.52302E-01   1.20582E+00
 4.17750E+01   2.18286E+00   1.05350E+00   5.52073E-01   1.20510E+00
 4.18250E+01   2.18245E+00   1.05345E+00   5.51836E-01   1.20436E+00
 4.18750E+01   2.18203E+00   1.05339E+00   5.51591E-01   1.20359E+00
 4.19250E+01   2.18160E+00   1.05334E+00   5.51339E-01   1.20280E+00
 4.19750E+01   2.18116E+00   1.05328E+00   5.51081E-01   1.20200E+00
 4.20250E+01   2.18071E+00   1.05322E+00   5.50815E-01   1.20117E+00
 4.20750E+01   2.18025E+00   1.05316E+00   5.50544E-01   1.20033E+00
 4.21250E+01   2.17979E+00   1.05310E+00   5.50267E-01   1.19947E+00
 4.21750E+01   2.17931E+00   1.05304E+00   5.49985E-01   1.19859E+00
 4.22250E+01   2.17883E+00   1.05297E+00   5.49698E-01   1.19770E+00
 4.22750E+01   2.17834E+00   1.05291E+00   5.49407E-01   1.19680E+00
 4.23250E+01   2.17785E+00   1.05284E+00   5.49112E-01   1.19588E+00
 4.23750E+01   2.17735E+00   1.05277E+00   5.48814E-01   1.19496E+00
 4.24250E+01   2.17684E+00   1.05271E+00   5.48512E-01   1.19402E+00
 4.24750E+01   2.17633E+00   1.05264E+00   5.48209E-01   1.19309E+00
 4.25250E+01   2.17582E+00   1.05257E+00   5.47903E-01   1.19214E+00
 4.25750E+01   2.17531E+00   1.05250E+00   5.47596E-01   1.19119E+00
 4.26250E+01   2.17479E+00   1.05243E+00   5.47288E-01   1.19024E+00
 4.26750E+01   2.17428E+00   1.05236E+00   5.46979E-01   1.18929E+00
 4.27250E+01   2.17376E+00   1.05229E+00   5.46671E-01   1.18833E+00
 4.27750E+01   2.17324E+00   1.05222E+00   5.46363E-01   1.18738E+00
 4.28250E+01   2.17273E+00   1.05215E+00   5.46056E-01   1.18643E+00
 4.28750E+01   2.17221E+00   1.05208E+00   5.45750E-01   1.18548E+00
 4.29250E+01   2.17170E+00   1.05200E+00   5.45446E-01   1.18454E+00
 4.29750E+01   2.17119E+00   1.05193E+00   5.45144E-01   1.18361E+00
 4.30250E+01   2.17068E+00   1.05186E+00   5.44845E-01   1.18268E+00
 4.30750E+01   2.17017E+00   1.05179E+00   5.44550E-01   1.18177E+00
 4.31250E+01   2.16967E+00   1.05172E+00   5.44257E-01   1.18086E+00
 4.31750E+01   2.16917E+00   1.05165E+00   5.43969E-01   1.17996E+00
 4.32250E+01   2.16868E+00   1.05158E+00   5.43685E-01   1.17908E+00
 4.32750E+01   2.16819E+00   1.05152E+00   5.43405E-01   1.17821E+00
 4.33250E+01   2.16771E+00   1.05145E+00   5.43131E-01   1.17735E+00
 4.33750E+01   2.16724E+00   1.05138E+00   5.42861E-01   1.17651E+00
 4.34250E+01   2.16677E+00   1.05131E+00   5.42598E-01   1.17568E+00
 4.34750E+01   2.16631E+00   1.05125E+00   5.42340E-01   1.17488E+00
 4.35250E+01   2.16585E+00   1.05118E+00   5.42088E-01   1.17408E+00
 4.35750E+01   2.16540E+00   1.05112E+00   5.41842E-01   1.17331E+00
 4.36250E+01   2.16496E+00   1.05106E+00   5.41603E-01   1.17255E+00
 4.36750E+01   2.16453E+00   1.05099E+00   5.41371E-01   1.17181E+00
 4.37250E+01   2.16411E+00   1.05093E+00   5.41145E-01   1.17110E+00
 4.37750E+01   2.16369E+00   1.05087E+00   5.40927E-01   1.17040E+00
 4.38250E+01   2.16329E+00   1.05081E+00   5.40717E-01   1.16973E+00
 4.38750E+01   2.16289E+00   1.05075E+00   5.40513E-01   1.16907E+00
 4.39250E+01   2.16250E+00   1.05070E+00   5.40317E-01   1.16844E+00
 4.39750E+01   2.16212E+00   1.05064E+00   5.40128E-01   1.16782E+00
 4.40250E+01   2.16175E+00   1.05059E+00   5.39947E-01   1.16723E+00
 4.40750E+01   2.16138E+00   1.05053E+00   5.39772E-01   1.16666E+00
 4.41250E+01   2.16103E+00   1.05048E+00   5.39605E-01   1.16610E+00
 4.41750E+01   2.16069E+00   1.05043E+00   5.39445E-01   1.16557E+00
 4.42250E+01   2.16035E+00   1.05038E+00   5.39293E-01   1.16506E+00
 4.42750E+01   2.16003E+00   1.05034E+00   5.39148E-01   1.16458E+00
 4.43250E+01   2.15972E+00   1.05029E+00   5.39011E-01   1.16411E+00
 4.43750E+01   2.15941E+00   1.05024E+00   5.38881E-01   1.16367E+00
 4.44250E+01   2.15912E+00   1.05020E+00   5.38758E-01   1.16324E+00
 4.44750E+01   2.15883E+00   1.05016E+00   5.38642E-01   1.16284E+00
 4.45250E+01   2.15856E+00   1.05012E+00   5.38533E-01   1.16245E+00
 4.45750E+01   2.15829E+00   1.05008E+00   5.38431E-01   1.16209E+00
 4.46250E+01   2.15803E+00   1.05004E+00   5.38335E-01   1.16174E+00
 4.46750E+01   2.15779E+00   1.05000E+00   5.38246E-01   1.16142E+00
 4.47250E+01   2.15755E+00   1.04997E+00   5.38163E-01   1.16111E+00
 4.47750E+01   2.15733E+00   1.04993E+00   5.38086E-01   1.16083E+00
 4.48250E+01   2.15711E+00   1.04990E+00   5.38015E-01   1.16056E+00
 4.48750E+01   2.15690E+00   1.04987E+00   5.37950E-01   1.16031E+00
 4.49250E+01   2.15671E+00   1.04984E+00   5.37891E-01   1.16007E+00
 4.49750E+01   2.15652E+00   1.04981E+00   5.37837E-01   1.15986E+00
 4.50250E+01   2.15634E+00   1.04979E+00   5.37788E-01   1.15965E+00
 4.50750E+01   2.15617E+00   1.04976E+00   5.37744E-01   1.15947E+00
 4.51250E+01   2.15602E+00   1.04974E+00   5.37704E-01   1.15930E+00
 4.51750E+01   2.15587E+00   1.04972E+00   5.37670E-01   1.15915E+00
 4.52250E+01   2.15573E+00   1.04970E+00   5.37640E-01   1.15900E+00
 4.52750E+01   2.15560E+00   1.04968E+00   5.37613E-01   1.15888E+00
 4.53250E+01   2.15548E+00   1.04966E+00   5.37591E-01   1.15877E+00
 4.53750E+01   2.15537E+00   1.04964E+00   5.37572E-01   1.15867E+00
 4.54250E+01   2.15527E+00   1.04963E+00   5.37557E-01   1.15858E+00
 4.54750E+01   2.15517E+00   1.04961E+00   5.37544E-01   1.15850E+00
 4.55250E+01   2.15509E+00   1.04960E+00   5.37535E-01   1.15844E+00
 4.55750E+01   2.15502E+00   1.04959E+00   5.37529E-01   1.15838E+00
 4.56250E+01   2.15495E+00   1.04958E+00   5.37525E-01   1.15834E+00
 4.56750E+01   2.15490E+00   1.04957E+00   5.37524E-01   1.15831E+00
 4.57250E+01   2.15485E+00   1.04956E+00   5.37525E-01   1.15829E+00
 4.57750E+01   2.15481E+00   1.04956E+00   5.37528E-01   1.15827E+00
 4.58250E+01   2.15479E+00   1.04955E+00   5.37534E-01   1.15827E+00
 4.58750E+01   2.15477E+00   1.04955E+00   5.37541E-01   1.15828E+00
 4.59250E+01   2.15476E+00   1.04955E+00   5.37550E-01   1.15829E+00
 4.59750E+01   2.15476E+00   1.04955E+00   5.37560E-01   1.15831E+00
 4.60250E+01   2.15476E+00   1.04955E+00   5.37572E-01   1.15834E+00
 4.60750E+01   2.15478E+00   1.04955E+00   5.37585E-01   1.15838E+00
 4.61250E+01   2.15480E+00   1.04955E+00   5.37599E-01   1.15842E+00
 4.61750E+01   2.15484E+00   1.04956E+00   5.37614E-01   1.15847E+00
 4.62250E+01   2.15488E+00   1.04956E+00   5.37629E-01   1.15853E+00
 4.62750E+01   2.15493E+00   1.04957E+00   5.37645E-01   1.15859E+00
 4.63250E+01   2.15499E+00   1.04958E+00   5.37662E-01   1.15865E+00
 4.63750E+01   2.15505E+00   1.04959E+00   5.37679E-01   1.15873E+00
 4.64250E+01   2.15513E+00   1.04960E+00   5.37697E-01   1.15881E+00
 4.64750E+01   2.15521E+00   1.04961E+00   5.37715E-01   1.15889E+00
 4.65250E+01   2.15530E+00   1.04962E+00   5.37734E-01   1.15898E+00
 4.65750E+01   2.15539E+00   1.04964E+00   5.37753E-01   1.15907E+00
 4.66250E+01   2.15550E+00   1.04965E+00   5.37771E-01   1.15917E+00
 4.66750E+01   2.15561E+00   1.04967E+00   5.37790E-01   1.15927E+00
 4.67250E+01   2.15573E+00   1.04969E+00   5.37809E-01   1.15937E+00
 4.67750E+01   2.15586E+00   1.04971E+00   5.37829E-01   1.15948E+00
 4.68250E+01   2.15599E+00   1.04972E+00   5.37848E-01   1.15959E+00
 4.68750E+01   2.15613E+00   1.04974E+00   5.37867E-01   1.15971E+00
 4.69250E+01   2.15628E+00   1.04977E+00   5.37887E-01   1.15983E+00
 4.69750E+01   2.15643E+00   1.04979E+00   5.37907E-01   1.15996E+00
 4.70250E+01   2.15658E+00   1.04981E+00   5.37927E-01   1.16008E+00
 4.70750E+01   2.15675E+00   1.04983E+00   5.37947E-01   1.16022E+00
 4.71250E+01   2.15692E+00   1.04986E+00   5.37967E-01   1.16035E+00
 4.71750E+01   2.15709E+00   1.04988E+00   5.37988E-01   1.16049E+00
 4.72250E+01   2.15727E+00   1.04991E+00   5.38010E-01   1.16063E+00
 4.72750E+01   2.15746E+00   1.04993E+00   5.38032E-01   1.16078E+00
 4.73250E+01   2.15765E+00   1.04996E+00   5.38055E-01   1.16093E+00
 4.73750E+01   2.15784E+00   1.04999E+00   5.38079E-01   1.16109E+00
 4.74250E+01   2.15803E+00   1.05002E+00   5.38104E-01   1.16125E+00
 4.74750E+01   2.15823E+00   1.05005E+00   5.38130E-01   1.16141E+00
 4.75250E+01   2.15843E+00   1.05008E+00   5.38158E-01   1.16158E+00
 4.75750E+01   2.15863E+00   1.05011E+00   5.38187E-01   1.16175E+00
 4.76250E+01   2.15884E+00   1.05014E+00   5.38219E-01   1.16193E+00
 4.76750E+01   2.15904E+00   1.05017E+00   5.38252E-01   1.16211E+00
 4.77250E+01   2.15924E+00   1.05021E+00   5.38288E-01   1.16229E+00
 4.77750E+01   2.15945E+00   1.05024E+00   5.38326E-01   1.16249E+00
 4.78250E+01   2.15964E+00   1.05028E+00   5.38369E-01   1.16268E+00
 4.78750E+01   2.15983E+00   1.05032E+00   5.38414E-01   1.16289E+00
 4.79250E+01   2.16002E+00   1.05037E+00   5.38464E-01   1.16309E+00
 4.79750E+01   2.16019E+00   1.05041E+00   5.38518E-01   1.16330E+00
 4.80250E+01   2.16036E+00   1.05047E+00   5.38578E-01   1.16352E+00
 4.80750E+01   2.16050E+00   1.05053E+00   5.38644E-01   1.16374E+00
 4.81250E+01   2.16063E+00   1.05060E+00   5.38716E-01   1.16397E+00
 4.81750E+01   2.16072E+00   1.05068E+00   5.38798E-01   1.16419E+00
 4.82250E+01   2.16078E+00   1.05078E+00   5.38888E-01   1.16442E+00
 4.82750E+01   2.16080E+00   1.05089E+00   5.38991E-01   1.16465E+00
 4.83250E+01   2.16076E+00   1.05103E+00   5.39108E-01   1.16488E+00
 4.83750E+01   2.16064E+00   1.05121E+00   5.39242E-01   1.16510E+00
 4.84250E+01   2.16042E+00   1.05143E+00   5.39396E-01   1.16532E+00
 4.84750E+01   2.16007E+00   1.05171E+00   5.39577E-01   1.16553E+00
 4.85250E+01   2.15957E+00   1.05206E+00   5.39789E-01   1.16571E+00
 4.85750E+01   2.15885E+00   1.05250E+00   5.40041E-01   1.16587E+00
 4.86250E+01   2.15787E+00   1.05307E+00   5.40343E-01   1.16599E+00
 4.86750E+01   2.15654E+00   1.05380E+00   5.40708E-01   1.16606E+00
 4.87250E+01   2.15478E+00   1.05474E+00   5.41155E-01   1.16607E+00
 4.87750E+01   2.15246E+00   1.05594E+00   5.41711E-01   1.16601E+00
 4.88250E+01   2.14954E+00   1.05749E+00   5.42428E-01   1.16597E+00
 4.88750E+01   2.14636E+00   1.05951E+00   5.43482E-01   1.16650E+00
 4.89250E+01   2.14565E+00   1.06219E+00   5.45668E-01   1.17081E+00
 4.89750E+01   2.16348E+00   1.06602E+00   5.53103E-01   1.19663E+00
