      xx/10.          rhoa          temp           vel      vel*rhoa
         [-]           [-]           [-]           [-]           [-]
 1.02500E+00   2.57245E+00   9.19217E-01   4.90635E-01   1.26213E+00
 1.07500E+00   2.57107E+00   9.19844E-01   4.90797E-01   1.26188E+00
 1.12500E+00   2.56839E+00   9.20473E-01   4.91346E-01   1.26197E+00
 1.17500E+00   2.56488E+00   9.21132E-01   4.92126E-01   1.26225E+00
 1.22500E+00   2.56082E+00   9.21837E-01   4.93044E-01   1.26260E+00
 1.27500E+00   2.55636E+00   9.22597E-01   4.94047E-01   1.26296E+00
 1.32500E+00   2.55161E+00   9.23417E-01   4.95105E-01   1.26331E+00
 1.37500E+00   2.54660E+00   9.24302E-01   4.96199E-01   1.26362E+00
 1.42500E+00   2.54137E+00   9.25256E-01   4.97319E-01   1.26387E+00
 1.47500E+00   2.53592E+00   9.26288E-01   4.98456E-01   1.26404E+00
 1.52500E+00   2.53022E+00   9.27406E-01   4.99607E-01   1.26412E+00
 1.57500E+00   2.52426E+00   9.28623E-01   5.00769E-01   1.26407E+00
 1.62500E+00   2.51800E+00   9.29952E-01   5.01941E-01   1.26389E+00
 1.67500E+00   2.51139E+00   9.31411E-01   5.03123E-01   1.26354E+00
 1.72500E+00   2.50438E+00   9.33019E-01   5.04315E-01   1.26299E+00
 1.77500E+00   2.49690E+00   9.34796E-01   5.05519E-01   1.26223E+00
 1.82500E+00   2.48890E+00   9.36764E-01   5.06738E-01   1.26122E+00
 1.87500E+00   2.48030E+00   9.38942E-01   5.07974E-01   1.25993E+00
 1.92500E+00   2.47106E+00   9.41352E-01   5.09230E-01   1.25834E+00
 1.97500E+00   2.46111E+00   9.44011E-01   5.10512E-01   1.25643E+00
 2.02500E+00   2.45040E+00   9.46934E-01   5.11824E-01   1.25417E+00
 2.07500E+00   2.43889E+00   9.50132E-01   5.13169E-01   1.25156E+00
 2.12500E+00   2.42657E+00   9.53611E-01   5.14551E-01   1.24859E+00
 2.17500E+00   2.41343E+00   9.57370E-01   5.15974E-01   1.24526E+00
 2.22500E+00   2.39949E+00   9.61403E-01   5.17439E-01   1.24159E+00
 2.27500E+00   2.38479E+00   9.65695E-01   5.18948E-01   1.23758E+00
 2.32500E+00   2.36940E+00   9.70221E-01   5.20500E-01   1.23327E+00
 2.37500E+00   2.35343E+00   9.74950E-01   5.22093E-01   1.22871E+00
 2.42500E+00   2.33699E+00   9.79841E-01   5.23722E-01   1.22393E+00
 2.47500E+00   2.32022E+00   9.84844E-01   5.25382E-01   1.21900E+00
 2.52500E+00   2.30330E+00   9.89906E-01   5.27064E-01   1.21399E+00
 2.57500E+00   2.28641E+00   9.94967E-01   5.28756E-01   1.20895E+00
 2.62500E+00   2.26972E+00   9.99964E-01   5.30447E-01   1.20397E+00
 2.67500E+00   2.25343E+00   1.00484E+00   5.32122E-01   1.19910E+00
 2.72500E+00   2.23772E+00   1.00953E+00   5.33766E-01   1.19442E+00
 2.77500E+00   2.22274E+00   1.01399E+00   5.35365E-01   1.18998E+00
 2.82500E+00   2.20864E+00   1.01817E+00   5.36905E-01   1.18583E+00
 2.87500E+00   2.19551E+00   1.02205E+00   5.38372E-01   1.18200E+00
 2.92500E+00   2.18344E+00   1.02558E+00   5.39757E-01   1.17853E+00
 2.97500E+00   2.17248E+00   1.02878E+00   5.41050E-01   1.17542E+00
 3.02500E+00   2.16262E+00   1.03163E+00   5.42247E-01   1.17267E+00
 3.07500E+00   2.15386E+00   1.03414E+00   5.43345E-01   1.17029E+00
 3.12500E+00   2.14616E+00   1.03632E+00   5.44343E-01   1.16825E+00
 3.17500E+00   2.13945E+00   1.03821E+00   5.45244E-01   1.16652E+00
 3.22500E+00   2.13367E+00   1.03982E+00   5.46052E-01   1.16509E+00
 3.27500E+00   2.12873E+00   1.04118E+00   5.46773E-01   1.16393E+00
 3.32500E+00   2.12455E+00   1.04233E+00   5.47412E-01   1.16300E+00
 3.37500E+00   2.12104E+00   1.04328E+00   5.47979E-01   1.16229E+00
 3.42500E+00   2.11813E+00   1.04407E+00   5.48480E-01   1.16175E+00
 3.47500E+00   2.11573E+00   1.04471E+00   5.48923E-01   1.16137E+00
 3.52500E+00   2.11377E+00   1.04524E+00   5.49315E-01   1.16113E+00
 3.57500E+00   2.11220E+00   1.04567E+00   5.49662E-01   1.16099E+00
 3.62500E+00   2.11095E+00   1.04602E+00   5.49971E-01   1.16096E+00
 3.67500E+00   2.10997E+00   1.04630E+00   5.50247E-01   1.16101E+00
 3.72500E+00   2.10923E+00   1.04653E+00   5.50495E-01   1.16112E+00
 3.77500E+00   2.10870E+00   1.04671E+00   5.50719E-01   1.16130E+00
 3.82500E+00   2.10833E+00   1.04686E+00   5.50923E-01   1.16153E+00
 3.87500E+00   2.10811E+00   1.04698E+00   5.51110E-01   1.16180E+00
 3.92500E+00   2.10802E+00   1.04708E+00   5.51282E-01   1.16211E+00
 3.97500E+00   2.10803E+00   1.04716E+00   5.51442E-01   1.16246E+00
 4.02500E+00   2.10815E+00   1.04723E+00   5.51591E-01   1.16284E+00
 4.07500E+00   2.10835E+00   1.04728E+00   5.51731E-01   1.16324E+00
 4.12500E+00   2.10864E+00   1.04733E+00   5.51863E-01   1.16368E+00
 4.17500E+00   2.10899E+00   1.04738E+00   5.51989E-01   1.16414E+00
 4.22500E+00   2.10941E+00   1.04741E+00   5.52109E-01   1.16462E+00
 4.27500E+00   2.10989E+00   1.04745E+00   5.52225E-01   1.16513E+00
 4.32500E+00   2.11043E+00   1.04748E+00   5.52336E-01   1.16567E+00
 4.37500E+00   2.11102E+00   1.04751E+00   5.52443E-01   1.16622E+00
 4.42500E+00   2.11166E+00   1.04754E+00   5.52548E-01   1.16679E+00
 4.47500E+00   2.11235E+00   1.04757E+00   5.52649E-01   1.16739E+00
 4.52500E+00   2.11308E+00   1.04759E+00   5.52749E-01   1.16800E+00
 4.57500E+00   2.11385E+00   1.04762E+00   5.52846E-01   1.16863E+00
 4.62500E+00   2.11465E+00   1.04764E+00   5.52942E-01   1.16928E+00
 4.67500E+00   2.11548E+00   1.04767E+00   5.53037E-01   1.16994E+00
 4.72500E+00   2.11634E+00   1.04769E+00   5.53130E-01   1.17061E+00
 4.77500E+00   2.11722E+00   1.04771E+00   5.53222E-01   1.17129E+00
 4.82500E+00   2.11812E+00   1.04774E+00   5.53314E-01   1.17198E+00
 4.87500E+00   2.11902E+00   1.04776E+00   5.53405E-01   1.17268E+00
 4.92500E+00   2.11992E+00   1.04778E+00   5.53497E-01   1.17337E+00
 4.97500E+00   2.12082E+00   1.04779E+00   5.53588E-01   1.17406E+00
 5.02500E+00   2.12171E+00   1.04781E+00   5.53679E-01   1.17475E+00
 5.07500E+00   2.12259E+00   1.04782E+00   5.53771E-01   1.17543E+00
 5.12500E+00   2.12343E+00   1.04784E+00   5.53863E-01   1.17609E+00
 5.17500E+00   2.12425E+00   1.04785E+00   5.53956E-01   1.17674E+00
 5.22500E+00   2.12502E+00   1.04786E+00   5.54049E-01   1.17737E+00
 5.27500E+00   2.12575E+00   1.04786E+00   5.54143E-01   1.17797E+00
 5.32500E+00   2.12643E+00   1.04787E+00   5.54238E-01   1.17855E+00
 5.37500E+00   2.12705E+00   1.04787E+00   5.54335E-01   1.17910E+00
 5.42500E+00   2.12761E+00   1.04787E+00   5.54433E-01   1.17962E+00
 5.47500E+00   2.12811E+00   1.04787E+00   5.54532E-01   1.18011E+00
 5.52500E+00   2.12854E+00   1.04787E+00   5.54632E-01   1.18056E+00
 5.57500E+00   2.12890E+00   1.04787E+00   5.54735E-01   1.18098E+00
 5.62500E+00   2.12920E+00   1.04787E+00   5.54839E-01   1.18136E+00
 5.67500E+00   2.12942E+00   1.04786E+00   5.54945E-01   1.18171E+00
 5.72500E+00   2.12958E+00   1.04786E+00   5.55053E-01   1.18203E+00
 5.77500E+00   2.12968E+00   1.04786E+00   5.55163E-01   1.18232E+00
 5.82500E+00   2.12972E+00   1.04785E+00   5.55275E-01   1.18258E+00
 5.87500E+00   2.12971E+00   1.04785E+00   5.55390E-01   1.18282E+00
 5.92500E+00   2.12965E+00   1.04784E+00   5.55507E-01   1.18303E+00
 5.97500E+00   2.12955E+00   1.04784E+00   5.55627E-01   1.18323E+00
 6.02500E+00   2.12942E+00   1.04784E+00   5.55749E-01   1.18342E+00
 6.07500E+00   2.12927E+00   1.04784E+00   5.55874E-01   1.18360E+00
 6.12500E+00   2.12910E+00   1.04784E+00   5.56002E-01   1.18378E+00
 6.17500E+00   2.12892E+00   1.04785E+00   5.56133E-01   1.18396E+00
 6.22500E+00   2.12874E+00   1.04785E+00   5.56267E-01   1.18415E+00
 6.27500E+00   2.12857E+00   1.04786E+00   5.56405E-01   1.18435E+00
 6.32500E+00   2.12842E+00   1.04787E+00   5.56546E-01   1.18456E+00
 6.37500E+00   2.12828E+00   1.04788E+00   5.56690E-01   1.18479E+00
 6.42500E+00   2.12816E+00   1.04789E+00   5.56838E-01   1.18504E+00
 6.47500E+00   2.12808E+00   1.04790E+00   5.56990E-01   1.18532E+00
 6.52500E+00   2.12802E+00   1.04792E+00   5.57146E-01   1.18562E+00
 6.57500E+00   2.12800E+00   1.04795E+00   5.57305E-01   1.18595E+00
 6.62500E+00   2.12802E+00   1.04797E+00   5.57469E-01   1.18630E+00
 6.67500E+00   2.12807E+00   1.04801E+00   5.57636E-01   1.18669E+00
 6.72500E+00   2.12816E+00   1.04805E+00   5.57807E-01   1.18710E+00
 6.77500E+00   2.12828E+00   1.04809E+00   5.57982E-01   1.18754E+00
 6.82500E+00   2.12842E+00   1.04815E+00   5.58160E-01   1.18800E+00
 6.87500E+00   2.12859E+00   1.04821E+00   5.58341E-01   1.18848E+00
 6.92500E+00   2.12878E+00   1.04829E+00   5.58525E-01   1.18898E+00
 6.97500E+00   2.12899E+00   1.04838E+00   5.58713E-01   1.18949E+00
 7.02500E+00   2.12921E+00   1.04849E+00   5.58906E-01   1.19003E+00
 7.07500E+00   2.12946E+00   1.04861E+00   5.59104E-01   1.19059E+00
 7.12500E+00   2.12974E+00   1.04875E+00   5.59307E-01   1.19118E+00
 7.17500E+00   2.13006E+00   1.04889E+00   5.59516E-01   1.19180E+00
 7.22500E+00   2.13041E+00   1.04904E+00   5.59731E-01   1.19245E+00
 7.27500E+00   2.13080E+00   1.04920E+00   5.59951E-01   1.19314E+00
 7.32500E+00   2.13124E+00   1.04936E+00   5.60178E-01   1.19387E+00
 7.37500E+00   2.13172E+00   1.04953E+00   5.60412E-01   1.19464E+00
 7.42500E+00   2.13225E+00   1.04971E+00   5.60653E-01   1.19545E+00
 7.47500E+00   2.13282E+00   1.04989E+00   5.60901E-01   1.19630E+00
 7.52500E+00   2.13345E+00   1.05007E+00   5.61156E-01   1.19720E+00
 7.57500E+00   2.13412E+00   1.05025E+00   5.61419E-01   1.19814E+00
 7.62500E+00   2.13485E+00   1.05043E+00   5.61690E-01   1.19912E+00
 7.67500E+00   2.13562E+00   1.05062E+00   5.61969E-01   1.20015E+00
 7.72500E+00   2.13644E+00   1.05081E+00   5.62256E-01   1.20122E+00
 7.77500E+00   2.13730E+00   1.05099E+00   5.62551E-01   1.20234E+00
 7.82500E+00   2.13821E+00   1.05117E+00   5.62855E-01   1.20350E+00
 7.87500E+00   2.13916E+00   1.05136E+00   5.63167E-01   1.20471E+00
 7.92500E+00   2.14016E+00   1.05154E+00   5.63488E-01   1.20595E+00
 7.97500E+00   2.14119E+00   1.05172E+00   5.63816E-01   1.20723E+00
 8.02500E+00   2.14225E+00   1.05190E+00   5.64152E-01   1.20855E+00
 8.07500E+00   2.14334E+00   1.05208E+00   5.64495E-01   1.20991E+00
 8.12500E+00   2.14447E+00   1.05225E+00   5.64845E-01   1.21129E+00
 8.17500E+00   2.14561E+00   1.05242E+00   5.65202E-01   1.21270E+00
 8.22500E+00   2.14678E+00   1.05260E+00   5.65565E-01   1.21414E+00
 8.27500E+00   2.14796E+00   1.05276E+00   5.65932E-01   1.21560E+00
 8.32500E+00   2.14915E+00   1.05293E+00   5.66304E-01   1.21707E+00
 8.37500E+00   2.15035E+00   1.05309E+00   5.66680E-01   1.21856E+00
 8.42500E+00   2.15155E+00   1.05325E+00   5.67057E-01   1.22005E+00
 8.47500E+00   2.15275E+00   1.05341E+00   5.67437E-01   1.22155E+00
 8.52500E+00   2.15393E+00   1.05356E+00   5.67816E-01   1.22304E+00
 8.57500E+00   2.15511E+00   1.05371E+00   5.68194E-01   1.22452E+00
 8.62500E+00   2.15627E+00   1.05386E+00   5.68570E-01   1.22599E+00
 8.67500E+00   2.15740E+00   1.05401E+00   5.68942E-01   1.22743E+00
 8.72500E+00   2.15850E+00   1.05415E+00   5.69309E-01   1.22885E+00
 8.77500E+00   2.15957E+00   1.05428E+00   5.69669E-01   1.23024E+00
 8.82500E+00   2.16060E+00   1.05441E+00   5.70021E-01   1.23159E+00
 8.87500E+00   2.16159E+00   1.05454E+00   5.70363E-01   1.23289E+00
 8.92500E+00   2.16252E+00   1.05466E+00   5.70693E-01   1.23414E+00
 8.97500E+00   2.16341E+00   1.05478E+00   5.71009E-01   1.23532E+00
 9.02500E+00   2.16424E+00   1.05489E+00   5.71310E-01   1.23645E+00
 9.07500E+00   2.16500E+00   1.05500E+00   5.71594E-01   1.23750E+00
 9.12500E+00   2.16570E+00   1.05510E+00   5.71859E-01   1.23848E+00
 9.17500E+00   2.16633E+00   1.05519E+00   5.72104E-01   1.23937E+00
 9.22500E+00   2.16690E+00   1.05528E+00   5.72325E-01   1.24017E+00
 9.27500E+00   2.16738E+00   1.05536E+00   5.72523E-01   1.24088E+00
 9.32500E+00   2.16780E+00   1.05543E+00   5.72694E-01   1.24148E+00
 9.37500E+00   2.16813E+00   1.05549E+00   5.72837E-01   1.24199E+00
 9.42500E+00   2.16838E+00   1.05555E+00   5.72952E-01   1.24238E+00
 9.47500E+00   2.16856E+00   1.05560E+00   5.73036E-01   1.24266E+00
 9.52500E+00   2.16865E+00   1.05564E+00   5.73088E-01   1.24283E+00
 9.57500E+00   2.16867E+00   1.05567E+00   5.73108E-01   1.24288E+00
 9.62500E+00   2.16860E+00   1.05569E+00   5.73092E-01   1.24281E+00
 9.67500E+00   2.16845E+00   1.05570E+00   5.73042E-01   1.24261E+00
 9.72500E+00   2.16822E+00   1.05570E+00   5.72956E-01   1.24230E+00
 9.77500E+00   2.16791E+00   1.05570E+00   5.72834E-01   1.24185E+00
 9.82500E+00   2.16753E+00   1.05568E+00   5.72674E-01   1.24129E+00
 9.87500E+00   2.16708E+00   1.05565E+00   5.72477E-01   1.24060E+00
 9.92500E+00   2.16655E+00   1.05562E+00   5.72244E-01   1.23980E+00
 9.97500E+00   2.16596E+00   1.05557E+00   5.71974E-01   1.23887E+00
 1.00250E+01   2.16530E+00   1.05552E+00   5.71668E-01   1.23783E+00
 1.00750E+01   2.16458E+00   1.05546E+00   5.71326E-01   1.23668E+00
 1.01250E+01   2.16381E+00   1.05539E+00   5.70949E-01   1.23542E+00
 1.01750E+01   2.16297E+00   1.05531E+00   5.70539E-01   1.23406E+00
 1.02250E+01   2.16209E+00   1.05522E+00   5.70096E-01   1.23260E+00
 1.02750E+01   2.16117E+00   1.05512E+00   5.69621E-01   1.23105E+00
 1.03250E+01   2.16020E+00   1.05502E+00   5.69117E-01   1.22941E+00
 1.03750E+01   2.15920E+00   1.05491E+00   5.68585E-01   1.22769E+00
 1.04250E+01   2.15817E+00   1.05479E+00   5.68026E-01   1.22590E+00
 1.04750E+01   2.15711E+00   1.05467E+00   5.67444E-01   1.22404E+00
 1.05250E+01   2.15603E+00   1.05454E+00   5.66839E-01   1.22212E+00
 1.05750E+01   2.15493E+00   1.05441E+00   5.66214E-01   1.22015E+00
 1.06250E+01   2.15382E+00   1.05427E+00   5.65572E-01   1.21814E+00
 1.06750E+01   2.15270E+00   1.05413E+00   5.64914E-01   1.21609E+00
 1.07250E+01   2.15158E+00   1.05399E+00   5.64243E-01   1.21401E+00
 1.07750E+01   2.15045E+00   1.05384E+00   5.63562E-01   1.21191E+00
 1.08250E+01   2.14933E+00   1.05369E+00   5.62872E-01   1.20980E+00
 1.08750E+01   2.14822E+00   1.05355E+00   5.62177E-01   1.20768E+00
 1.09250E+01   2.14712E+00   1.05340E+00   5.61477E-01   1.20556E+00
 1.09750E+01   2.14604E+00   1.05325E+00   5.60776E-01   1.20345E+00
 1.10250E+01   2.14497E+00   1.05310E+00   5.60075E-01   1.20135E+00
 1.10750E+01   2.14393E+00   1.05295E+00   5.59378E-01   1.19926E+00
 1.11250E+01   2.14291E+00   1.05281E+00   5.58684E-01   1.19721E+00
 1.11750E+01   2.14191E+00   1.05266E+00   5.57997E-01   1.19518E+00
 1.12250E+01   2.14094E+00   1.05252E+00   5.57318E-01   1.19319E+00
 1.12750E+01   2.14000E+00   1.05238E+00   5.56649E-01   1.19123E+00
 1.13250E+01   2.13909E+00   1.05225E+00   5.55992E-01   1.18932E+00
 1.13750E+01   2.13822E+00   1.05212E+00   5.55348E-01   1.18745E+00
 1.14250E+01   2.13738E+00   1.05199E+00   5.54717E-01   1.18564E+00
 1.14750E+01   2.13657E+00   1.05187E+00   5.54102E-01   1.18388E+00
 1.15250E+01   2.13579E+00   1.05175E+00   5.53503E-01   1.18217E+00
 1.15750E+01   2.13505E+00   1.05164E+00   5.52920E-01   1.18051E+00
 1.16250E+01   2.13434E+00   1.05153E+00   5.52356E-01   1.17892E+00
 1.16750E+01   2.13367E+00   1.05143E+00   5.51810E-01   1.17738E+00
 1.17250E+01   2.13303E+00   1.05133E+00   5.51282E-01   1.17590E+00
 1.17750E+01   2.13242E+00   1.05123E+00   5.50773E-01   1.17448E+00
 1.18250E+01   2.13184E+00   1.05114E+00   5.50284E-01   1.17312E+00
 1.18750E+01   2.13129E+00   1.05106E+00   5.49814E-01   1.17181E+00
 1.19250E+01   2.13077E+00   1.05098E+00   5.49363E-01   1.17057E+00
 1.19750E+01   2.13028E+00   1.05091E+00   5.48931E-01   1.16938E+00
 1.20250E+01   2.12982E+00   1.05084E+00   5.48519E-01   1.16825E+00
 1.20750E+01   2.12938E+00   1.05077E+00   5.48125E-01   1.16717E+00
 1.21250E+01   2.12897E+00   1.05071E+00   5.47751E-01   1.16614E+00
 1.21750E+01   2.12857E+00   1.05066E+00   5.47394E-01   1.16517E+00
 1.22250E+01   2.12821E+00   1.05061E+00   5.47057E-01   1.16425E+00
 1.22750E+01   2.12786E+00   1.05056E+00   5.46737E-01   1.16338E+00
 1.23250E+01   2.12753E+00   1.05052E+00   5.46434E-01   1.16255E+00
 1.23750E+01   2.12722E+00   1.05048E+00   5.46148E-01   1.16177E+00
 1.24250E+01   2.12692E+00   1.05045E+00   5.45879E-01   1.16104E+00
 1.24750E+01   2.12664E+00   1.05042E+00   5.45626E-01   1.16035E+00
 1.25250E+01   2.12638E+00   1.05039E+00   5.45388E-01   1.15970E+00
 1.25750E+01   2.12613E+00   1.05037E+00   5.45164E-01   1.15909E+00
 1.26250E+01   2.12590E+00   1.05035E+00   5.44956E-01   1.15852E+00
 1.26750E+01   2.12568E+00   1.05033E+00   5.44760E-01   1.15798E+00
 1.27250E+01   2.12547E+00   1.05032E+00   5.44579E-01   1.15748E+00
 1.27750E+01   2.12527E+00   1.05031E+00   5.44410E-01   1.15702E+00
 1.28250E+01   2.12508E+00   1.05030E+00   5.44253E-01   1.15658E+00
 1.28750E+01   2.12491E+00   1.05029E+00   5.44107E-01   1.15618E+00
 1.29250E+01   2.12474E+00   1.05029E+00   5.43973E-01   1.15580E+00
 1.29750E+01   2.12459E+00   1.05029E+00   5.43849E-01   1.15546E+00
 1.30250E+01   2.12445E+00   1.05029E+00   5.43735E-01   1.15514E+00
 1.30750E+01   2.12431E+00   1.05029E+00   5.43631E-01   1.15484E+00
 1.31250E+01   2.12419E+00   1.05030E+00   5.43536E-01   1.15457E+00
 1.31750E+01   2.12408E+00   1.05031E+00   5.43450E-01   1.15433E+00
 1.32250E+01   2.12397E+00   1.05032E+00   5.43371E-01   1.15411E+00
 1.32750E+01   2.12388E+00   1.05033E+00   5.43301E-01   1.15391E+00
 1.33250E+01   2.12380E+00   1.05034E+00   5.43238E-01   1.15373E+00
 1.33750E+01   2.12372E+00   1.05036E+00   5.43182E-01   1.15357E+00
 1.34250E+01   2.12366E+00   1.05037E+00   5.43132E-01   1.15343E+00
 1.34750E+01   2.12361E+00   1.05039E+00   5.43089E-01   1.15331E+00
 1.35250E+01   2.12356E+00   1.05041E+00   5.43051E-01   1.15320E+00
 1.35750E+01   2.12353E+00   1.05043E+00   5.43019E-01   1.15312E+00
 1.36250E+01   2.12351E+00   1.05045E+00   5.42993E-01   1.15305E+00
 1.36750E+01   2.12350E+00   1.05048E+00   5.42971E-01   1.15300E+00
 1.37250E+01   2.12350E+00   1.05050E+00   5.42954E-01   1.15296E+00
 1.37750E+01   2.12351E+00   1.05053E+00   5.42941E-01   1.15294E+00
 1.38250E+01   2.12353E+00   1.05055E+00   5.42932E-01   1.15293E+00
 1.38750E+01   2.12356E+00   1.05058E+00   5.42927E-01   1.15294E+00
 1.39250E+01   2.12360E+00   1.05061E+00   5.42926E-01   1.15296E+00
 1.39750E+01   2.12365E+00   1.05064E+00   5.42928E-01   1.15299E+00
 1.40250E+01   2.12371E+00   1.05067E+00   5.42934E-01   1.15303E+00
 1.40750E+01   2.12378E+00   1.05071E+00   5.42943E-01   1.15309E+00
 1.41250E+01   2.12386E+00   1.05074E+00   5.42955E-01   1.15316E+00
 1.41750E+01   2.12394E+00   1.05078E+00   5.42969E-01   1.15324E+00
 1.42250E+01   2.12404E+00   1.05081E+00   5.42986E-01   1.15332E+00
 1.42750E+01   2.12414E+00   1.05085E+00   5.43006E-01   1.15342E+00
 1.43250E+01   2.12425E+00   1.05089E+00   5.43028E-01   1.15353E+00
 1.43750E+01   2.12437E+00   1.05093E+00   5.43052E-01   1.15365E+00
 1.44250E+01   2.12450E+00   1.05097E+00   5.43079E-01   1.15377E+00
 1.44750E+01   2.12463E+00   1.05101E+00   5.43108E-01   1.15390E+00
 1.45250E+01   2.12477E+00   1.05105E+00   5.43139E-01   1.15404E+00
 1.45750E+01   2.12491E+00   1.05110E+00   5.43172E-01   1.15419E+00
 1.46250E+01   2.12506E+00   1.05115E+00   5.43207E-01   1.15434E+00
 1.46750E+01   2.12521E+00   1.05119E+00   5.43243E-01   1.15450E+00
 1.47250E+01   2.12536E+00   1.05124E+00   5.43282E-01   1.15467E+00
 1.47750E+01   2.12551E+00   1.05129E+00   5.43322E-01   1.15484E+00
 1.48250E+01   2.12567E+00   1.05134E+00   5.43364E-01   1.15501E+00
 1.48750E+01   2.12583E+00   1.05139E+00   5.43407E-01   1.15519E+00
 1.49250E+01   2.12599E+00   1.05144E+00   5.43452E-01   1.15538E+00
 1.49750E+01   2.12615E+00   1.05150E+00   5.43499E-01   1.15556E+00
 1.50250E+01   2.12631E+00   1.05155E+00   5.43547E-01   1.15575E+00
 1.50750E+01   2.12648E+00   1.05161E+00   5.43597E-01   1.15595E+00
 1.51250E+01   2.12664E+00   1.05167E+00   5.43648E-01   1.15614E+00
 1.51750E+01   2.12679E+00   1.05173E+00   5.43701E-01   1.15634E+00
 1.52250E+01   2.12695E+00   1.05179E+00   5.43756E-01   1.15654E+00
 1.52750E+01   2.12711E+00   1.05185E+00   5.43812E-01   1.15675E+00
 1.53250E+01   2.12726E+00   1.05191E+00   5.43870E-01   1.15695E+00
 1.53750E+01   2.12741E+00   1.05197E+00   5.43930E-01   1.15716E+00
 1.54250E+01   2.12756E+00   1.05204E+00   5.43991E-01   1.15737E+00
 1.54750E+01   2.12770E+00   1.05211E+00   5.44053E-01   1.15758E+00
 1.55250E+01   2.12784E+00   1.05218E+00   5.44118E-01   1.15780E+00
 1.55750E+01   2.12798E+00   1.05225E+00   5.44184E-01   1.15801E+00
 1.56250E+01   2.12812E+00   1.05232E+00   5.44251E-01   1.15823E+00
 1.56750E+01   2.12825E+00   1.05239E+00   5.44321E-01   1.15845E+00
 1.57250E+01   2.12838E+00   1.05247E+00   5.44392E-01   1.15867E+00
 1.57750E+01   2.12851E+00   1.05254E+00   5.44466E-01   1.15890E+00
 1.58250E+01   2.12863E+00   1.05262E+00   5.44541E-01   1.15913E+00
 1.58750E+01   2.12875E+00   1.05270E+00   5.44617E-01   1.15935E+00
 1.59250E+01   2.12887E+00   1.05278E+00   5.44696E-01   1.15959E+00
 1.59750E+01   2.12898E+00   1.05286E+00   5.44777E-01   1.15982E+00
 1.60250E+01   2.12910E+00   1.05294E+00   5.44861E-01   1.16006E+00
 1.60750E+01   2.12921E+00   1.05303E+00   5.44946E-01   1.16030E+00
 1.61250E+01   2.12932E+00   1.05312E+00   5.45033E-01   1.16055E+00
 1.61750E+01   2.12943E+00   1.05320E+00   5.45123E-01   1.16080E+00
 1.62250E+01   2.12954E+00   1.05329E+00   5.45216E-01   1.16106E+00
 1.62750E+01   2.12964E+00   1.05339E+00   5.45310E-01   1.16132E+00
 1.63250E+01   2.12975E+00   1.05348E+00   5.45407E-01   1.16158E+00
 1.63750E+01   2.12986E+00   1.05358E+00   5.45507E-01   1.16185E+00
 1.64250E+01   2.12996E+00   1.05367E+00   5.45609E-01   1.16213E+00
 1.64750E+01   2.13007E+00   1.05377E+00   5.45714E-01   1.16241E+00
 1.65250E+01   2.13018E+00   1.05387E+00   5.45823E-01   1.16270E+00
 1.65750E+01   2.13029E+00   1.05397E+00   5.45933E-01   1.16300E+00
 1.66250E+01   2.13040E+00   1.05408E+00   5.46047E-01   1.16330E+00
 1.66750E+01   2.13051E+00   1.05418E+00   5.46164E-01   1.16361E+00
 1.67250E+01   2.13063E+00   1.05429E+00   5.46284E-01   1.16393E+00
 1.67750E+01   2.13074E+00   1.05440E+00   5.46407E-01   1.16425E+00
 1.68250E+01   2.13086E+00   1.05452E+00   5.46534E-01   1.16459E+00
 1.68750E+01   2.13099E+00   1.05463E+00   5.46664E-01   1.16493E+00
 1.69250E+01   2.13111E+00   1.05475E+00   5.46797E-01   1.16529E+00
 1.69750E+01   2.13124E+00   1.05486E+00   5.46934E-01   1.16565E+00
 1.70250E+01   2.13137E+00   1.05498E+00   5.47076E-01   1.16602E+00
 1.70750E+01   2.13151E+00   1.05511E+00   5.47220E-01   1.16641E+00
 1.71250E+01   2.13165E+00   1.05523E+00   5.47369E-01   1.16680E+00
 1.71750E+01   2.13180E+00   1.05536E+00   5.47522E-01   1.16721E+00
 1.72250E+01   2.13195E+00   1.05549E+00   5.47678E-01   1.16762E+00
 1.72750E+01   2.13211E+00   1.05562E+00   5.47839E-01   1.16805E+00
 1.73250E+01   2.13227E+00   1.05575E+00   5.48004E-01   1.16849E+00
 1.73750E+01   2.13243E+00   1.05589E+00   5.48174E-01   1.16894E+00
 1.74250E+01   2.13260E+00   1.05602E+00   5.48348E-01   1.16941E+00
 1.74750E+01   2.13278E+00   1.05616E+00   5.48526E-01   1.16988E+00
 1.75250E+01   2.13296E+00   1.05630E+00   5.48709E-01   1.17037E+00
 1.75750E+01   2.13315E+00   1.05645E+00   5.48896E-01   1.17088E+00
 1.76250E+01   2.13334E+00   1.05660E+00   5.49089E-01   1.17139E+00
 1.76750E+01   2.13354E+00   1.05674E+00   5.49286E-01   1.17192E+00
 1.77250E+01   2.13375E+00   1.05690E+00   5.49488E-01   1.17247E+00
 1.77750E+01   2.13396E+00   1.05705E+00   5.49694E-01   1.17302E+00
 1.78250E+01   2.13417E+00   1.05720E+00   5.49906E-01   1.17359E+00
 1.78750E+01   2.13439E+00   1.05736E+00   5.50122E-01   1.17418E+00
 1.79250E+01   2.13462E+00   1.05752E+00   5.50343E-01   1.17477E+00
 1.79750E+01   2.13485E+00   1.05768E+00   5.50568E-01   1.17538E+00
 1.80250E+01   2.13509E+00   1.05785E+00   5.50799E-01   1.17600E+00
 1.80750E+01   2.13533E+00   1.05801E+00   5.51034E-01   1.17664E+00
 1.81250E+01   2.13558E+00   1.05818E+00   5.51273E-01   1.17729E+00
 1.81750E+01   2.13583E+00   1.05835E+00   5.51518E-01   1.17795E+00
 1.82250E+01   2.13608E+00   1.05853E+00   5.51766E-01   1.17862E+00
 1.82750E+01   2.13635E+00   1.05870E+00   5.52020E-01   1.17930E+00
 1.83250E+01   2.13661E+00   1.05888E+00   5.52277E-01   1.18000E+00
 1.83750E+01   2.13688E+00   1.05906E+00   5.52538E-01   1.18071E+00
 1.84250E+01   2.13715E+00   1.05924E+00   5.52804E-01   1.18143E+00
 1.84750E+01   2.13743E+00   1.05942E+00   5.53073E-01   1.18215E+00
 1.85250E+01   2.13770E+00   1.05960E+00   5.53345E-01   1.18289E+00
 1.85750E+01   2.13799E+00   1.05979E+00   5.53620E-01   1.18363E+00
 1.86250E+01   2.13827E+00   1.05997E+00   5.53899E-01   1.18438E+00
 1.86750E+01   2.13855E+00   1.06016E+00   5.54179E-01   1.18514E+00
 1.87250E+01   2.13884E+00   1.06035E+00   5.54462E-01   1.18591E+00
 1.87750E+01   2.13912E+00   1.06054E+00   5.54747E-01   1.18667E+00
 1.88250E+01   2.13941E+00   1.06073E+00   5.55033E-01   1.18744E+00
 1.88750E+01   2.13969E+00   1.06093E+00   5.55321E-01   1.18822E+00
 1.89250E+01   2.13998E+00   1.06112E+00   5.55609E-01   1.18899E+00
 1.89750E+01   2.14026E+00   1.06131E+00   5.55897E-01   1.18976E+00
 1.90250E+01   2.14053E+00   1.06151E+00   5.56186E-01   1.19053E+00
 1.90750E+01   2.14081E+00   1.06170E+00   5.56473E-01   1.19130E+00
 1.91250E+01   2.14107E+00   1.06190E+00   5.56759E-01   1.19206E+00
 1.91750E+01   2.14134E+00   1.06209E+00   5.57043E-01   1.19282E+00
 1.92250E+01   2.14159E+00   1.06229E+00   5.57325E-01   1.19356E+00
 1.92750E+01   2.14184E+00   1.06248E+00   5.57604E-01   1.19430E+00
 1.93250E+01   2.14208E+00   1.06268E+00   5.57879E-01   1.19502E+00
 1.93750E+01   2.14231E+00   1.06287E+00   5.58149E-01   1.19573E+00
 1.94250E+01   2.14253E+00   1.06306E+00   5.58415E-01   1.19642E+00
 1.94750E+01   2.14273E+00   1.06325E+00   5.58675E-01   1.19709E+00
 1.95250E+01   2.14293E+00   1.06344E+00   5.58928E-01   1.19774E+00
 1.95750E+01   2.14310E+00   1.06363E+00   5.59175E-01   1.19837E+00
 1.96250E+01   2.14327E+00   1.06382E+00   5.59413E-01   1.19897E+00
 1.96750E+01   2.14341E+00   1.06400E+00   5.59644E-01   1.19955E+00
 1.97250E+01   2.14354E+00   1.06418E+00   5.59865E-01   1.20009E+00
 1.97750E+01   2.14365E+00   1.06436E+00   5.60076E-01   1.20061E+00
 1.98250E+01   2.14374E+00   1.06454E+00   5.60276E-01   1.20109E+00
 1.98750E+01   2.14381E+00   1.06471E+00   5.60466E-01   1.20153E+00
 1.99250E+01   2.14385E+00   1.06489E+00   5.60643E-01   1.20194E+00
 1.99750E+01   2.14387E+00   1.06505E+00   5.60807E-01   1.20230E+00
 2.00250E+01   2.14387E+00   1.06522E+00   5.60958E-01   1.20262E+00
 2.00750E+01   2.14384E+00   1.06538E+00   5.61094E-01   1.20289E+00
 2.01250E+01   2.14378E+00   1.06553E+00   5.61216E-01   1.20312E+00
 2.01750E+01   2.14369E+00   1.06569E+00   5.61322E-01   1.20330E+00
 2.02250E+01   2.14357E+00   1.06583E+00   5.61412E-01   1.20343E+00
 2.02750E+01   2.14342E+00   1.06598E+00   5.61485E-01   1.20350E+00
 2.03250E+01   2.14325E+00   1.06612E+00   5.61541E-01   1.20352E+00
 2.03750E+01   2.14303E+00   1.06625E+00   5.61580E-01   1.20348E+00
 2.04250E+01   2.14279E+00   1.06638E+00   5.61600E-01   1.20339E+00
 2.04750E+01   2.14251E+00   1.06650E+00   5.61601E-01   1.20324E+00
 2.05250E+01   2.14220E+00   1.06662E+00   5.61583E-01   1.20302E+00
 2.05750E+01   2.14185E+00   1.06673E+00   5.61545E-01   1.20275E+00
 2.06250E+01   2.14147E+00   1.06684E+00   5.61488E-01   1.20241E+00
 2.06750E+01   2.14105E+00   1.06694E+00   5.61411E-01   1.20201E+00
 2.07250E+01   2.14060E+00   1.06704E+00   5.61314E-01   1.20155E+00
 2.07750E+01   2.14011E+00   1.06712E+00   5.61196E-01   1.20102E+00
 2.08250E+01   2.13959E+00   1.06721E+00   5.61059E-01   1.20044E+00
 2.08750E+01   2.13903E+00   1.06729E+00   5.60901E-01   1.19978E+00
 2.09250E+01   2.13843E+00   1.06736E+00   5.60723E-01   1.19907E+00
 2.09750E+01   2.13781E+00   1.06742E+00   5.60526E-01   1.19829E+00
 2.10250E+01   2.13714E+00   1.06748E+00   5.60308E-01   1.19746E+00
 2.10750E+01   2.13645E+00   1.06754E+00   5.60072E-01   1.19657E+00
 2.11250E+01   2.13573E+00   1.06758E+00   5.59816E-01   1.19561E+00
 2.11750E+01   2.13497E+00   1.06763E+00   5.59543E-01   1.19461E+00
 2.12250E+01   2.13418E+00   1.06766E+00   5.59252E-01   1.19355E+00
 2.12750E+01   2.13337E+00   1.06769E+00   5.58944E-01   1.19243E+00
 2.13250E+01   2.13253E+00   1.06772E+00   5.58619E-01   1.19127E+00
 2.13750E+01   2.13166E+00   1.06774E+00   5.58278E-01   1.19006E+00
 2.14250E+01   2.13077E+00   1.06776E+00   5.57923E-01   1.18881E+00
 2.14750E+01   2.12986E+00   1.06777E+00   5.57553E-01   1.18751E+00
 2.15250E+01   2.12893E+00   1.06777E+00   5.57170E-01   1.18618E+00
 2.15750E+01   2.12798E+00   1.06778E+00   5.56775E-01   1.18480E+00
 2.16250E+01   2.12701E+00   1.06777E+00   5.56369E-01   1.18340E+00
 2.16750E+01   2.12603E+00   1.06777E+00   5.55952E-01   1.18197E+00
 2.17250E+01   2.12503E+00   1.06776E+00   5.55526E-01   1.18051E+00
 2.17750E+01   2.12402E+00   1.06774E+00   5.55092E-01   1.17903E+00
 2.18250E+01   2.12301E+00   1.06773E+00   5.54650E-01   1.17753E+00
 2.18750E+01   2.12198E+00   1.06771E+00   5.54203E-01   1.17601E+00
 2.19250E+01   2.12095E+00   1.06769E+00   5.53750E-01   1.17448E+00
 2.19750E+01   2.11992E+00   1.06766E+00   5.53294E-01   1.17294E+00
 2.20250E+01   2.11889E+00   1.06763E+00   5.52835E-01   1.17140E+00
 2.20750E+01   2.11786E+00   1.06761E+00   5.52374E-01   1.16985E+00
 2.21250E+01   2.11684E+00   1.06758E+00   5.51913E-01   1.16831E+00
 2.21750E+01   2.11581E+00   1.06755E+00   5.51453E-01   1.16677E+00
 2.22250E+01   2.11480E+00   1.06751E+00   5.50994E-01   1.16524E+00
 2.22750E+01   2.11379E+00   1.06748E+00   5.50538E-01   1.16372E+00
 2.23250E+01   2.11280E+00   1.06745E+00   5.50085E-01   1.16222E+00
 2.23750E+01   2.11181E+00   1.06742E+00   5.49636E-01   1.16073E+00
 2.24250E+01   2.11084E+00   1.06738E+00   5.49194E-01   1.15926E+00
 2.24750E+01   2.10988E+00   1.06735E+00   5.48757E-01   1.15781E+00
 2.25250E+01   2.10894E+00   1.06732E+00   5.48327E-01   1.15639E+00
 2.25750E+01   2.10802E+00   1.06729E+00   5.47905E-01   1.15499E+00
 2.26250E+01   2.10711E+00   1.06726E+00   5.47491E-01   1.15363E+00
 2.26750E+01   2.10623E+00   1.06723E+00   5.47086E-01   1.15229E+00
 2.27250E+01   2.10536E+00   1.06720E+00   5.46690E-01   1.15098E+00
 2.27750E+01   2.10452E+00   1.06718E+00   5.46304E-01   1.14971E+00
 2.28250E+01   2.10370E+00   1.06715E+00   5.45929E-01   1.14847E+00
 2.28750E+01   2.10290E+00   1.06713E+00   5.45565E-01   1.14727E+00
 2.29250E+01   2.10212E+00   1.06711E+00   5.45213E-01   1.14610E+00
 2.29750E+01   2.10137E+00   1.06709E+00   5.44872E-01   1.14498E+00
 2.30250E+01   2.10064E+00   1.06707E+00   5.44543E-01   1.14389E+00
 2.30750E+01   2.09993E+00   1.06706E+00   5.44226E-01   1.14284E+00
 2.31250E+01   2.09925E+00   1.06704E+00   5.43921E-01   1.14183E+00
 2.31750E+01   2.09860E+00   1.06703E+00   5.43629E-01   1.14086E+00
 2.32250E+01   2.09797E+00   1.06703E+00   5.43348E-01   1.13993E+00
 2.32750E+01   2.09736E+00   1.06702E+00   5.43081E-01   1.13904E+00
 2.33250E+01   2.09678E+00   1.06702E+00   5.42825E-01   1.13818E+00
 2.33750E+01   2.09622E+00   1.06702E+00   5.42582E-01   1.13737E+00
 2.34250E+01   2.09568E+00   1.06702E+00   5.42351E-01   1.13660E+00
 2.34750E+01   2.09517E+00   1.06702E+00   5.42132E-01   1.13586E+00
 2.35250E+01   2.09469E+00   1.06702E+00   5.41925E-01   1.13516E+00
 2.35750E+01   2.09422E+00   1.06703E+00   5.41730E-01   1.13450E+00
 2.36250E+01   2.09378E+00   1.06704E+00   5.41546E-01   1.13388E+00
 2.36750E+01   2.09336E+00   1.06705E+00   5.41374E-01   1.13329E+00
 2.37250E+01   2.09296E+00   1.06707E+00   5.41212E-01   1.13273E+00
 2.37750E+01   2.09258E+00   1.06708E+00   5.41062E-01   1.13221E+00
 2.38250E+01   2.09222E+00   1.06710E+00   5.40922E-01   1.13173E+00
 2.38750E+01   2.09188E+00   1.06712E+00   5.40792E-01   1.13127E+00
 2.39250E+01   2.09156E+00   1.06714E+00   5.40672E-01   1.13085E+00
 2.39750E+01   2.09126E+00   1.06716E+00   5.40561E-01   1.13046E+00
 2.40250E+01   2.09098E+00   1.06719E+00   5.40460E-01   1.13009E+00
 2.40750E+01   2.09072E+00   1.06722E+00   5.40368E-01   1.12976E+00
 2.41250E+01   2.09047E+00   1.06724E+00   5.40285E-01   1.12945E+00
 2.41750E+01   2.09024E+00   1.06727E+00   5.40209E-01   1.12916E+00
 2.42250E+01   2.09002E+00   1.06730E+00   5.40142E-01   1.12891E+00
 2.42750E+01   2.08982E+00   1.06734E+00   5.40083E-01   1.12868E+00
 2.43250E+01   2.08963E+00   1.06737E+00   5.40031E-01   1.12847E+00
 2.43750E+01   2.08946E+00   1.06740E+00   5.39986E-01   1.12828E+00
 2.44250E+01   2.08931E+00   1.06744E+00   5.39948E-01   1.12812E+00
 2.44750E+01   2.08916E+00   1.06747E+00   5.39917E-01   1.12797E+00
 2.45250E+01   2.08903E+00   1.06751E+00   5.39892E-01   1.12785E+00
 2.45750E+01   2.08891E+00   1.06755E+00   5.39873E-01   1.12775E+00
 2.46250E+01   2.08880E+00   1.06759E+00   5.39860E-01   1.12766E+00
 2.46750E+01   2.08870E+00   1.06763E+00   5.39852E-01   1.12759E+00
 2.47250E+01   2.08862E+00   1.06767E+00   5.39850E-01   1.12754E+00
 2.47750E+01   2.08854E+00   1.06771E+00   5.39853E-01   1.12750E+00
 2.48250E+01   2.08847E+00   1.06775E+00   5.39861E-01   1.12749E+00
 2.48750E+01   2.08842E+00   1.06780E+00   5.39874E-01   1.12748E+00
 2.49250E+01   2.08837E+00   1.06784E+00   5.39891E-01   1.12749E+00
 2.49750E+01   2.08833E+00   1.06788E+00   5.39912E-01   1.12751E+00
 2.50250E+01   2.08830E+00   1.06793E+00   5.39938E-01   1.12755E+00
 2.50750E+01   2.08828E+00   1.06797E+00   5.39967E-01   1.12760E+00
 2.51250E+01   2.08826E+00   1.06802E+00   5.40001E-01   1.12766E+00
 2.51750E+01   2.08826E+00   1.06806E+00   5.40038E-01   1.12774E+00
 2.52250E+01   2.08826E+00   1.06811E+00   5.40078E-01   1.12782E+00
 2.52750E+01   2.08826E+00   1.06816E+00   5.40121E-01   1.12792E+00
 2.53250E+01   2.08828E+00   1.06820E+00   5.40168E-01   1.12802E+00
 2.53750E+01   2.08830E+00   1.06825E+00   5.40218E-01   1.12814E+00
 2.54250E+01   2.08832E+00   1.06830E+00   5.40271E-01   1.12826E+00
 2.54750E+01   2.08836E+00   1.06834E+00   5.40326E-01   1.12839E+00
 2.55250E+01   2.08840E+00   1.06839E+00   5.40384E-01   1.12854E+00
 2.55750E+01   2.08844E+00   1.06844E+00   5.40445E-01   1.12869E+00
 2.56250E+01   2.08849E+00   1.06849E+00   5.40509E-01   1.12885E+00
 2.56750E+01   2.08855E+00   1.06853E+00   5.40575E-01   1.12901E+00
 2.57250E+01   2.08861E+00   1.06858E+00   5.40643E-01   1.12919E+00
 2.57750E+01   2.08867E+00   1.06863E+00   5.40714E-01   1.12937E+00
 2.58250E+01   2.08874E+00   1.06868E+00   5.40787E-01   1.12956E+00
 2.58750E+01   2.08882E+00   1.06872E+00   5.40862E-01   1.12976E+00
 2.59250E+01   2.08890E+00   1.06877E+00   5.40939E-01   1.12997E+00
 2.59750E+01   2.08898E+00   1.06882E+00   5.41018E-01   1.13018E+00
 2.60250E+01   2.08907E+00   1.06887E+00   5.41100E-01   1.13040E+00
 2.60750E+01   2.08917E+00   1.06892E+00   5.41183E-01   1.13062E+00
 2.61250E+01   2.08926E+00   1.06897E+00   5.41268E-01   1.13085E+00
 2.61750E+01   2.08937E+00   1.06902E+00   5.41356E-01   1.13109E+00
 2.62250E+01   2.08948E+00   1.06906E+00   5.41445E-01   1.13134E+00
 2.62750E+01   2.08959E+00   1.06911E+00   5.41537E-01   1.13159E+00
 2.63250E+01   2.08971E+00   1.06916E+00   5.41630E-01   1.13185E+00
 2.63750E+01   2.08983E+00   1.06921E+00   5.41726E-01   1.13211E+00
 2.64250E+01   2.08995E+00   1.06926E+00   5.41823E-01   1.13238E+00
 2.64750E+01   2.09008E+00   1.06931E+00   5.41923E-01   1.13266E+00
 2.65250E+01   2.09022E+00   1.06936E+00   5.42025E-01   1.13295E+00
 2.65750E+01   2.09036E+00   1.06941E+00   5.42129E-01   1.13324E+00
 2.66250E+01   2.09050E+00   1.06946E+00   5.42235E-01   1.13354E+00
 2.66750E+01   2.09065E+00   1.06951E+00   5.42343E-01   1.13385E+00
 2.67250E+01   2.09080E+00   1.06956E+00   5.42453E-01   1.13416E+00
 2.67750E+01   2.09096E+00   1.06961E+00   5.42565E-01   1.13448E+00
 2.68250E+01   2.09112E+00   1.06966E+00   5.42679E-01   1.13481E+00
 2.68750E+01   2.09129E+00   1.06971E+00   5.42796E-01   1.13514E+00
 2.69250E+01   2.09146E+00   1.06976E+00   5.42915E-01   1.13549E+00
 2.69750E+01   2.09164E+00   1.06981E+00   5.43036E-01   1.13584E+00
 2.70250E+01   2.09182E+00   1.06986E+00   5.43160E-01   1.13619E+00
 2.70750E+01   2.09201E+00   1.06992E+00   5.43286E-01   1.13656E+00
 2.71250E+01   2.09220E+00   1.06997E+00   5.43414E-01   1.13693E+00
 2.71750E+01   2.09239E+00   1.07002E+00   5.43545E-01   1.13731E+00
 2.72250E+01   2.09259E+00   1.07007E+00   5.43678E-01   1.13770E+00
 2.72750E+01   2.09280E+00   1.07013E+00   5.43814E-01   1.13809E+00
 2.73250E+01   2.09301E+00   1.07018E+00   5.43952E-01   1.13850E+00
 2.73750E+01   2.09323E+00   1.07023E+00   5.44093E-01   1.13891E+00
 2.74250E+01   2.09345E+00   1.07029E+00   5.44236E-01   1.13933E+00
 2.74750E+01   2.09368E+00   1.07034E+00   5.44382E-01   1.13976E+00
 2.75250E+01   2.09391E+00   1.07040E+00   5.44530E-01   1.14020E+00
 2.75750E+01   2.09415E+00   1.07045E+00   5.44681E-01   1.14064E+00
 2.76250E+01   2.09439E+00   1.07051E+00   5.44835E-01   1.14110E+00
 2.76750E+01   2.09464E+00   1.07056E+00   5.44992E-01   1.14156E+00
 2.77250E+01   2.09489E+00   1.07062E+00   5.45151E-01   1.14203E+00
 2.77750E+01   2.09515E+00   1.07068E+00   5.45313E-01   1.14251E+00
 2.78250E+01   2.09541E+00   1.07074E+00   5.45478E-01   1.14300E+00
 2.78750E+01   2.09568E+00   1.07079E+00   5.45646E-01   1.14350E+00
 2.79250E+01   2.09596E+00   1.07085E+00   5.45817E-01   1.14401E+00
 2.79750E+01   2.09624E+00   1.07091E+00   5.45990E-01   1.14453E+00
 2.80250E+01   2.09653E+00   1.07097E+00   5.46166E-01   1.14505E+00
 2.80750E+01   2.09682E+00   1.07103E+00   5.46345E-01   1.14559E+00
 2.81250E+01   2.09712E+00   1.07109E+00   5.46527E-01   1.14613E+00
 2.81750E+01   2.09742E+00   1.07116E+00   5.46711E-01   1.14668E+00
 2.82250E+01   2.09772E+00   1.07122E+00   5.46898E-01   1.14724E+00
 2.82750E+01   2.09804E+00   1.07128E+00   5.47088E-01   1.14781E+00
 2.83250E+01   2.09835E+00   1.07134E+00   5.47280E-01   1.14839E+00
 2.83750E+01   2.09868E+00   1.07141E+00   5.47475E-01   1.14897E+00
 2.84250E+01   2.09900E+00   1.07147E+00   5.47673E-01   1.14957E+00
 2.84750E+01   2.09934E+00   1.07153E+00   5.47872E-01   1.15017E+00
 2.85250E+01   2.09967E+00   1.07160E+00   5.48074E-01   1.15078E+00
 2.85750E+01   2.10001E+00   1.07166E+00   5.48279E-01   1.15139E+00
 2.86250E+01   2.10036E+00   1.07173E+00   5.48485E-01   1.15201E+00
 2.86750E+01   2.10070E+00   1.07180E+00   5.48693E-01   1.15264E+00
 2.87250E+01   2.10106E+00   1.07186E+00   5.48903E-01   1.15328E+00
 2.87750E+01   2.10141E+00   1.07193E+00   5.49116E-01   1.15392E+00
 2.88250E+01   2.10177E+00   1.07200E+00   5.49329E-01   1.15456E+00
 2.88750E+01   2.10213E+00   1.07206E+00   5.49545E-01   1.15522E+00
 2.89250E+01   2.10250E+00   1.07213E+00   5.49761E-01   1.15587E+00
 2.89750E+01   2.10287E+00   1.07220E+00   5.49979E-01   1.15653E+00
 2.90250E+01   2.10323E+00   1.07227E+00   5.50198E-01   1.15720E+00
 2.90750E+01   2.10361E+00   1.07234E+00   5.50418E-01   1.15786E+00
 2.91250E+01   2.10398E+00   1.07240E+00   5.50639E-01   1.15853E+00
 2.91750E+01   2.10435E+00   1.07247E+00   5.50860E-01   1.15920E+00
 2.92250E+01   2.10472E+00   1.07254E+00   5.51081E-01   1.15987E+00
 2.92750E+01   2.10510E+00   1.07261E+00   5.51302E-01   1.16054E+00
 2.93250E+01   2.10547E+00   1.07268E+00   5.51523E-01   1.16121E+00
 2.93750E+01   2.10584E+00   1.07274E+00   5.51743E-01   1.16188E+00
 2.94250E+01   2.10621E+00   1.07281E+00   5.51963E-01   1.16255E+00
 2.94750E+01   2.10658E+00   1.07288E+00   5.52181E-01   1.16322E+00
 2.95250E+01   2.10695E+00   1.07295E+00   5.52399E-01   1.16388E+00
 2.95750E+01   2.10731E+00   1.07301E+00   5.52614E-01   1.16453E+00
 2.96250E+01   2.10767E+00   1.07308E+00   5.52828E-01   1.16518E+00
 2.96750E+01   2.10803E+00   1.07314E+00   5.53040E-01   1.16582E+00
 2.97250E+01   2.10838E+00   1.07321E+00   5.53248E-01   1.16646E+00
 2.97750E+01   2.10873E+00   1.07327E+00   5.53454E-01   1.16708E+00
 2.98250E+01   2.10907E+00   1.07333E+00   5.53657E-01   1.16770E+00
 2.98750E+01   2.10940E+00   1.07340E+00   5.53856E-01   1.16830E+00
 2.99250E+01   2.10973E+00   1.07346E+00   5.54051E-01   1.16890E+00
 2.99750E+01   2.11005E+00   1.07352E+00   5.54242E-01   1.16948E+00
 3.00250E+01   2.11035E+00   1.07358E+00   5.54428E-01   1.17004E+00
 3.00750E+01   2.11066E+00   1.07363E+00   5.54609E-01   1.17059E+00
 3.01250E+01   2.11095E+00   1.07369E+00   5.54785E-01   1.17112E+00
 3.01750E+01   2.11123E+00   1.07374E+00   5.54954E-01   1.17163E+00
 3.02250E+01   2.11150E+00   1.07380E+00   5.55118E-01   1.17213E+00
 3.02750E+01   2.11175E+00   1.07385E+00   5.55275E-01   1.17260E+00
 3.03250E+01   2.11200E+00   1.07390E+00   5.55425E-01   1.17306E+00
 3.03750E+01   2.11223E+00   1.07394E+00   5.55568E-01   1.17349E+00
 3.04250E+01   2.11245E+00   1.07399E+00   5.55704E-01   1.17389E+00
 3.04750E+01   2.11265E+00   1.07403E+00   5.55831E-01   1.17428E+00
 3.05250E+01   2.11284E+00   1.07407E+00   5.55950E-01   1.17463E+00
 3.05750E+01   2.11301E+00   1.07411E+00   5.56059E-01   1.17496E+00
 3.06250E+01   2.11316E+00   1.07415E+00   5.56160E-01   1.17526E+00
 3.06750E+01   2.11330E+00   1.07418E+00   5.56251E-01   1.17553E+00
 3.07250E+01   2.11342E+00   1.07421E+00   5.56333E-01   1.17576E+00
 3.07750E+01   2.11352E+00   1.07424E+00   5.56404E-01   1.17597E+00
 3.08250E+01   2.11360E+00   1.07427E+00   5.56465E-01   1.17615E+00
 3.08750E+01   2.11367E+00   1.07429E+00   5.56515E-01   1.17629E+00
 3.09250E+01   2.11371E+00   1.07431E+00   5.56555E-01   1.17639E+00
 3.09750E+01   2.11373E+00   1.07433E+00   5.56582E-01   1.17647E+00
 3.10250E+01   2.11373E+00   1.07434E+00   5.56599E-01   1.17650E+00
 3.10750E+01   2.11372E+00   1.07435E+00   5.56604E-01   1.17650E+00
 3.11250E+01   2.11368E+00   1.07436E+00   5.56596E-01   1.17646E+00
 3.11750E+01   2.11361E+00   1.07436E+00   5.56577E-01   1.17639E+00
 3.12250E+01   2.11353E+00   1.07436E+00   5.56545E-01   1.17627E+00
 3.12750E+01   2.11342E+00   1.07436E+00   5.56501E-01   1.17612E+00
 3.13250E+01   2.11329E+00   1.07436E+00   5.56445E-01   1.17593E+00
 3.13750E+01   2.11314E+00   1.07435E+00   5.56375E-01   1.17570E+00
 3.14250E+01   2.11297E+00   1.07434E+00   5.56294E-01   1.17543E+00
 3.14750E+01   2.11277E+00   1.07432E+00   5.56199E-01   1.17512E+00
 3.15250E+01   2.11255E+00   1.07430E+00   5.56092E-01   1.17477E+00
 3.15750E+01   2.11231E+00   1.07428E+00   5.55973E-01   1.17439E+00
 3.16250E+01   2.11205E+00   1.07426E+00   5.55841E-01   1.17396E+00
 3.16750E+01   2.11176E+00   1.07423E+00   5.55697E-01   1.17350E+00
 3.17250E+01   2.11145E+00   1.07419E+00   5.55540E-01   1.17300E+00
 3.17750E+01   2.11113E+00   1.07416E+00   5.55372E-01   1.17246E+00
 3.18250E+01   2.11078E+00   1.07412E+00   5.55192E-01   1.17189E+00
 3.18750E+01   2.11041E+00   1.07408E+00   5.55001E-01   1.17128E+00
 3.19250E+01   2.11002E+00   1.07403E+00   5.54798E-01   1.17064E+00
 3.19750E+01   2.10961E+00   1.07399E+00   5.54585E-01   1.16996E+00
 3.20250E+01   2.10919E+00   1.07394E+00   5.54361E-01   1.16925E+00
 3.20750E+01   2.10875E+00   1.07388E+00   5.54127E-01   1.16851E+00
 3.21250E+01   2.10829E+00   1.07383E+00   5.53883E-01   1.16775E+00
 3.21750E+01   2.10781E+00   1.07377E+00   5.53631E-01   1.16695E+00
 3.22250E+01   2.10732E+00   1.07371E+00   5.53369E-01   1.16613E+00
 3.22750E+01   2.10682E+00   1.07365E+00   5.53099E-01   1.16528E+00
 3.23250E+01   2.10630E+00   1.07358E+00   5.52821E-01   1.16441E+00
 3.23750E+01   2.10577E+00   1.07351E+00   5.52536E-01   1.16351E+00
 3.24250E+01   2.10523E+00   1.07344E+00   5.52244E-01   1.16260E+00
 3.24750E+01   2.10468E+00   1.07337E+00   5.51946E-01   1.16167E+00
 3.25250E+01   2.10412E+00   1.07330E+00   5.51642E-01   1.16072E+00
 3.25750E+01   2.10355E+00   1.07322E+00   5.51334E-01   1.15976E+00
 3.26250E+01   2.10298E+00   1.07315E+00   5.51021E-01   1.15878E+00
 3.26750E+01   2.10240E+00   1.07307E+00   5.50704E-01   1.15780E+00
 3.27250E+01   2.10181E+00   1.07299E+00   5.50384E-01   1.15681E+00
 3.27750E+01   2.10123E+00   1.07291E+00   5.50061E-01   1.15580E+00
 3.28250E+01   2.10063E+00   1.07283E+00   5.49737E-01   1.15480E+00
 3.28750E+01   2.10004E+00   1.07275E+00   5.49411E-01   1.15379E+00
 3.29250E+01   2.09945E+00   1.07267E+00   5.49084E-01   1.15277E+00
 3.29750E+01   2.09886E+00   1.07259E+00   5.48758E-01   1.15176E+00
 3.30250E+01   2.09827E+00   1.07251E+00   5.48431E-01   1.15076E+00
 3.30750E+01   2.09768E+00   1.07243E+00   5.48106E-01   1.14975E+00
 3.31250E+01   2.09710E+00   1.07235E+00   5.47783E-01   1.14875E+00
 3.31750E+01   2.09652E+00   1.07227E+00   5.47461E-01   1.14776E+00
 3.32250E+01   2.09594E+00   1.07219E+00   5.47142E-01   1.14678E+00
 3.32750E+01   2.09538E+00   1.07211E+00   5.46827E-01   1.14581E+00
 3.33250E+01   2.09481E+00   1.07203E+00   5.46515E-01   1.14485E+00
 3.33750E+01   2.09426E+00   1.07195E+00   5.46207E-01   1.14390E+00
 3.34250E+01   2.09372E+00   1.07188E+00   5.45903E-01   1.14297E+00
 3.34750E+01   2.09319E+00   1.07180E+00   5.45605E-01   1.14205E+00
 3.35250E+01   2.09266E+00   1.07173E+00   5.45312E-01   1.14115E+00
 3.35750E+01   2.09215E+00   1.07165E+00   5.45024E-01   1.14027E+00
 3.36250E+01   2.09165E+00   1.07158E+00   5.44743E-01   1.13941E+00
 3.36750E+01   2.09116E+00   1.07151E+00   5.44468E-01   1.13857E+00
 3.37250E+01   2.09068E+00   1.07144E+00   5.44200E-01   1.13775E+00
 3.37750E+01   2.09022E+00   1.07138E+00   5.43938E-01   1.13695E+00
 3.38250E+01   2.08976E+00   1.07131E+00   5.43684E-01   1.13617E+00
 3.38750E+01   2.08933E+00   1.07125E+00   5.43437E-01   1.13542E+00
 3.39250E+01   2.08890E+00   1.07119E+00   5.43198E-01   1.13469E+00
 3.39750E+01   2.08849E+00   1.07113E+00   5.42966E-01   1.13398E+00
 3.40250E+01   2.08810E+00   1.07107E+00   5.42742E-01   1.13330E+00
 3.40750E+01   2.08772E+00   1.07101E+00   5.42526E-01   1.13264E+00
 3.41250E+01   2.08735E+00   1.07096E+00   5.42319E-01   1.13201E+00
 3.41750E+01   2.08700E+00   1.07091E+00   5.42119E-01   1.13140E+00
 3.42250E+01   2.08666E+00   1.07086E+00   5.41928E-01   1.13082E+00
 3.42750E+01   2.08634E+00   1.07081E+00   5.41744E-01   1.13026E+00
 3.43250E+01   2.08603E+00   1.07077E+00   5.41569E-01   1.12973E+00
 3.43750E+01   2.08574E+00   1.07072E+00   5.41402E-01   1.12922E+00
 3.44250E+01   2.08546E+00   1.07068E+00   5.41243E-01   1.12874E+00
 3.44750E+01   2.08519E+00   1.07064E+00   5.41092E-01   1.12828E+00
 3.45250E+01   2.08494E+00   1.07061E+00   5.40950E-01   1.12785E+00
 3.45750E+01   2.08471E+00   1.07057E+00   5.40815E-01   1.12744E+00
 3.46250E+01   2.08449E+00   1.07054E+00   5.40688E-01   1.12706E+00
 3.46750E+01   2.08428E+00   1.07051E+00   5.40568E-01   1.12670E+00
 3.47250E+01   2.08409E+00   1.07048E+00   5.40457E-01   1.12636E+00
 3.47750E+01   2.08390E+00   1.07045E+00   5.40352E-01   1.12604E+00
 3.48250E+01   2.08374E+00   1.07042E+00   5.40256E-01   1.12575E+00
 3.48750E+01   2.08358E+00   1.07040E+00   5.40166E-01   1.12548E+00
 3.49250E+01   2.08344E+00   1.07038E+00   5.40084E-01   1.12523E+00
 3.49750E+01   2.08331E+00   1.07036E+00   5.40008E-01   1.12500E+00
 3.50250E+01   2.08319E+00   1.07034E+00   5.39940E-01   1.12480E+00
 3.50750E+01   2.08309E+00   1.07033E+00   5.39878E-01   1.12461E+00
 3.51250E+01   2.08299E+00   1.07031E+00   5.39822E-01   1.12444E+00
 3.51750E+01   2.08291E+00   1.07030E+00   5.39773E-01   1.12430E+00
 3.52250E+01   2.08284E+00   1.07029E+00   5.39730E-01   1.12417E+00
 3.52750E+01   2.08277E+00   1.07028E+00   5.39694E-01   1.12406E+00
 3.53250E+01   2.08272E+00   1.07027E+00   5.39663E-01   1.12397E+00
 3.53750E+01   2.08268E+00   1.07026E+00   5.39638E-01   1.12389E+00
 3.54250E+01   2.08265E+00   1.07026E+00   5.39619E-01   1.12384E+00
 3.54750E+01   2.08262E+00   1.07025E+00   5.39605E-01   1.12379E+00
 3.55250E+01   2.08261E+00   1.07025E+00   5.39596E-01   1.12377E+00
 3.55750E+01   2.08260E+00   1.07025E+00   5.39592E-01   1.12376E+00
 3.56250E+01   2.08261E+00   1.07025E+00   5.39593E-01   1.12376E+00
 3.56750E+01   2.08262E+00   1.07025E+00   5.39598E-01   1.12378E+00
 3.57250E+01   2.08264E+00   1.07026E+00   5.39608E-01   1.12381E+00
 3.57750E+01   2.08267E+00   1.07026E+00   5.39623E-01   1.12386E+00
 3.58250E+01   2.08271E+00   1.07027E+00   5.39643E-01   1.12392E+00
 3.58750E+01   2.08275E+00   1.07027E+00   5.39667E-01   1.12399E+00
 3.59250E+01   2.08281E+00   1.07028E+00   5.39695E-01   1.12408E+00
 3.59750E+01   2.08286E+00   1.07029E+00   5.39728E-01   1.12418E+00
 3.60250E+01   2.08293E+00   1.07030E+00   5.39764E-01   1.12429E+00
 3.60750E+01   2.08300E+00   1.07031E+00   5.39804E-01   1.12441E+00
 3.61250E+01   2.08308E+00   1.07032E+00   5.39848E-01   1.12455E+00
 3.61750E+01   2.08316E+00   1.07033E+00   5.39895E-01   1.12469E+00
 3.62250E+01   2.08325E+00   1.07035E+00   5.39946E-01   1.12484E+00
 3.62750E+01   2.08335E+00   1.07036E+00   5.40000E-01   1.12501E+00
 3.63250E+01   2.08345E+00   1.07038E+00   5.40057E-01   1.12518E+00
 3.63750E+01   2.08356E+00   1.07039E+00   5.40117E-01   1.12537E+00
 3.64250E+01   2.08367E+00   1.07041E+00   5.40180E-01   1.12556E+00
 3.64750E+01   2.08380E+00   1.07043E+00   5.40247E-01   1.12576E+00
 3.65250E+01   2.08392E+00   1.07044E+00   5.40317E-01   1.12598E+00
 3.65750E+01   2.08405E+00   1.07046E+00   5.40390E-01   1.12620E+00
 3.66250E+01   2.08419E+00   1.07048E+00   5.40466E-01   1.12643E+00
 3.66750E+01   2.08432E+00   1.07051E+00   5.40544E-01   1.12667E+00
 3.67250E+01   2.08447E+00   1.07053E+00   5.40625E-01   1.12692E+00
 3.67750E+01   2.08461E+00   1.07055E+00   5.40709E-01   1.12717E+00
 3.68250E+01   2.08477E+00   1.07057E+00   5.40795E-01   1.12743E+00
 3.68750E+01   2.08493E+00   1.07060E+00   5.40884E-01   1.12770E+00
 3.69250E+01   2.08509E+00   1.07062E+00   5.40975E-01   1.12798E+00
 3.69750E+01   2.08525E+00   1.07064E+00   5.41068E-01   1.12826E+00
 3.70250E+01   2.08542E+00   1.07067E+00   5.41163E-01   1.12855E+00
 3.70750E+01   2.08559E+00   1.07070E+00   5.41261E-01   1.12885E+00
 3.71250E+01   2.08577E+00   1.07072E+00   5.41361E-01   1.12915E+00
 3.71750E+01   2.08595E+00   1.07075E+00   5.41462E-01   1.12947E+00
 3.72250E+01   2.08614E+00   1.07078E+00   5.41567E-01   1.12978E+00
 3.72750E+01   2.08633E+00   1.07081E+00   5.41673E-01   1.13011E+00
 3.73250E+01   2.08653E+00   1.07083E+00   5.41782E-01   1.13044E+00
 3.73750E+01   2.08672E+00   1.07086E+00   5.41894E-01   1.13078E+00
 3.74250E+01   2.08692E+00   1.07089E+00   5.42007E-01   1.13113E+00
 3.74750E+01   2.08713E+00   1.07092E+00   5.42122E-01   1.13148E+00
 3.75250E+01   2.08733E+00   1.07095E+00   5.42239E-01   1.13183E+00
 3.75750E+01   2.08754E+00   1.07099E+00   5.42358E-01   1.13220E+00
 3.76250E+01   2.08776E+00   1.07102E+00   5.42479E-01   1.13256E+00
 3.76750E+01   2.08797E+00   1.07105E+00   5.42601E-01   1.13293E+00
 3.77250E+01   2.08819E+00   1.07108E+00   5.42725E-01   1.13331E+00
 3.77750E+01   2.08841E+00   1.07112E+00   5.42850E-01   1.13369E+00
 3.78250E+01   2.08864E+00   1.07115E+00   5.42977E-01   1.13408E+00
 3.78750E+01   2.08886E+00   1.07119E+00   5.43105E-01   1.13447E+00
 3.79250E+01   2.08909E+00   1.07122E+00   5.43235E-01   1.13487E+00
 3.79750E+01   2.08933E+00   1.07125E+00   5.43366E-01   1.13527E+00
 3.80250E+01   2.08956E+00   1.07129E+00   5.43499E-01   1.13567E+00
 3.80750E+01   2.08980E+00   1.07133E+00   5.43632E-01   1.13608E+00
 3.81250E+01   2.09004E+00   1.07136E+00   5.43766E-01   1.13649E+00
 3.81750E+01   2.09028E+00   1.07140E+00   5.43902E-01   1.13691E+00
 3.82250E+01   2.09052E+00   1.07143E+00   5.44039E-01   1.13732E+00
 3.82750E+01   2.09077E+00   1.07147E+00   5.44176E-01   1.13775E+00
 3.83250E+01   2.09102E+00   1.07151E+00   5.44315E-01   1.13817E+00
 3.83750E+01   2.09127E+00   1.07154E+00   5.44455E-01   1.13860E+00
 3.84250E+01   2.09152E+00   1.07158E+00   5.44596E-01   1.13903E+00
 3.84750E+01   2.09177E+00   1.07162E+00   5.44737E-01   1.13947E+00
 3.85250E+01   2.09202E+00   1.07165E+00   5.44879E-01   1.13990E+00
 3.85750E+01   2.09228E+00   1.07169E+00   5.45021E-01   1.14034E+00
 3.86250E+01   2.09253E+00   1.07173E+00   5.45164E-01   1.14077E+00
 3.86750E+01   2.09278E+00   1.07177E+00   5.45307E-01   1.14121E+00
 3.87250E+01   2.09304E+00   1.07180E+00   5.45450E-01   1.14165E+00
 3.87750E+01   2.09329E+00   1.07184E+00   5.45593E-01   1.14209E+00
 3.88250E+01   2.09355E+00   1.07188E+00   5.45736E-01   1.14252E+00
 3.88750E+01   2.09380E+00   1.07192E+00   5.45879E-01   1.14296E+00
 3.89250E+01   2.09405E+00   1.07195E+00   5.46021E-01   1.14340E+00
 3.89750E+01   2.09430E+00   1.07199E+00   5.46163E-01   1.14383E+00
 3.90250E+01   2.09455E+00   1.07203E+00   5.46304E-01   1.14426E+00
 3.90750E+01   2.09480E+00   1.07207E+00   5.46444E-01   1.14469E+00
 3.91250E+01   2.09504E+00   1.07210E+00   5.46583E-01   1.14512E+00
 3.91750E+01   2.09529E+00   1.07214E+00   5.46722E-01   1.14554E+00
 3.92250E+01   2.09553E+00   1.07218E+00   5.46859E-01   1.14596E+00
 3.92750E+01   2.09577E+00   1.07221E+00   5.46995E-01   1.14637E+00
 3.93250E+01   2.09600E+00   1.07225E+00   5.47129E-01   1.14678E+00
 3.93750E+01   2.09623E+00   1.07228E+00   5.47262E-01   1.14719E+00
 3.94250E+01   2.09646E+00   1.07232E+00   5.47392E-01   1.14759E+00
 3.94750E+01   2.09668E+00   1.07235E+00   5.47521E-01   1.14798E+00
 3.95250E+01   2.09690E+00   1.07239E+00   5.47647E-01   1.14836E+00
 3.95750E+01   2.09711E+00   1.07242E+00   5.47770E-01   1.14874E+00
 3.96250E+01   2.09732E+00   1.07245E+00   5.47891E-01   1.14910E+00
 3.96750E+01   2.09753E+00   1.07249E+00   5.48008E-01   1.14946E+00
 3.97250E+01   2.09772E+00   1.07252E+00   5.48123E-01   1.14981E+00
 3.97750E+01   2.09792E+00   1.07255E+00   5.48234E-01   1.15015E+00
 3.98250E+01   2.09810E+00   1.07258E+00   5.48342E-01   1.15048E+00
 3.98750E+01   2.09828E+00   1.07261E+00   5.48446E-01   1.15079E+00
 3.99250E+01   2.09845E+00   1.07263E+00   5.48547E-01   1.15110E+00
 3.99750E+01   2.09862E+00   1.07266E+00   5.48644E-01   1.15139E+00
 4.00250E+01   2.09878E+00   1.07269E+00   5.48736E-01   1.15168E+00
 4.00750E+01   2.09893E+00   1.07271E+00   5.48825E-01   1.15194E+00
 4.01250E+01   2.09907E+00   1.07274E+00   5.48908E-01   1.15220E+00
 4.01750E+01   2.09920E+00   1.07276E+00   5.48987E-01   1.15243E+00
 4.02250E+01   2.09933E+00   1.07278E+00   5.49061E-01   1.15266E+00
 4.02750E+01   2.09944E+00   1.07280E+00   5.49130E-01   1.15287E+00
 4.03250E+01   2.09955E+00   1.07282E+00   5.49194E-01   1.15306E+00
 4.03750E+01   2.09964E+00   1.07284E+00   5.49252E-01   1.15323E+00
 4.04250E+01   2.09973E+00   1.07285E+00   5.49305E-01   1.15339E+00
 4.04750E+01   2.09981E+00   1.07287E+00   5.49352E-01   1.15354E+00
 4.05250E+01   2.09988E+00   1.07288E+00   5.49394E-01   1.15366E+00
 4.05750E+01   2.09994E+00   1.07289E+00   5.49431E-01   1.15377E+00
 4.06250E+01   2.09998E+00   1.07290E+00   5.49461E-01   1.15386E+00
 4.06750E+01   2.10002E+00   1.07291E+00   5.49485E-01   1.15393E+00
 4.07250E+01   2.10004E+00   1.07291E+00   5.49503E-01   1.15398E+00
 4.07750E+01   2.10005E+00   1.07292E+00   5.49514E-01   1.15401E+00
 4.08250E+01   2.10005E+00   1.07292E+00   5.49519E-01   1.15402E+00
 4.08750E+01   2.10004E+00   1.07292E+00   5.49518E-01   1.15401E+00
 4.09250E+01   2.10001E+00   1.07292E+00   5.49510E-01   1.15398E+00
 4.09750E+01   2.09998E+00   1.07292E+00   5.49495E-01   1.15393E+00
 4.10250E+01   2.09993E+00   1.07292E+00   5.49473E-01   1.15385E+00
 4.10750E+01   2.09987E+00   1.07291E+00   5.49444E-01   1.15376E+00
 4.11250E+01   2.09979E+00   1.07290E+00   5.49409E-01   1.15364E+00
 4.11750E+01   2.09971E+00   1.07289E+00   5.49366E-01   1.15351E+00
 4.12250E+01   2.09961E+00   1.07288E+00   5.49316E-01   1.15335E+00
 4.12750E+01   2.09950E+00   1.07287E+00   5.49260E-01   1.15317E+00
 4.13250E+01   2.09937E+00   1.07285E+00   5.49196E-01   1.15297E+00
 4.13750E+01   2.09924E+00   1.07284E+00   5.49126E-01   1.15275E+00
 4.14250E+01   2.09909E+00   1.07282E+00   5.49049E-01   1.15250E+00
 4.14750E+01   2.09893E+00   1.07280E+00   5.48965E-01   1.15224E+00
 4.15250E+01   2.09876E+00   1.07278E+00   5.48875E-01   1.15196E+00
 4.15750E+01   2.09858E+00   1.07275E+00   5.48778E-01   1.15165E+00
 4.16250E+01   2.09838E+00   1.07273E+00   5.48674E-01   1.15133E+00
 4.16750E+01   2.09818E+00   1.07270E+00   5.48564E-01   1.15099E+00
 4.17250E+01   2.09796E+00   1.07267E+00   5.48448E-01   1.15062E+00
 4.17750E+01   2.09773E+00   1.07264E+00   5.48326E-01   1.15024E+00
 4.18250E+01   2.09750E+00   1.07261E+00   5.48198E-01   1.14984E+00
 4.18750E+01   2.09725E+00   1.07258E+00   5.48064E-01   1.14943E+00
 4.19250E+01   2.09699E+00   1.07254E+00   5.47925E-01   1.14900E+00
 4.19750E+01   2.09673E+00   1.07251E+00   5.47781E-01   1.14855E+00
 4.20250E+01   2.09646E+00   1.07247E+00   5.47631E-01   1.14809E+00
 4.20750E+01   2.09617E+00   1.07243E+00   5.47477E-01   1.14761E+00
 4.21250E+01   2.09588E+00   1.07239E+00   5.47319E-01   1.14711E+00
 4.21750E+01   2.09558E+00   1.07235E+00   5.47156E-01   1.14661E+00
 4.22250E+01   2.09528E+00   1.07231E+00   5.46989E-01   1.14609E+00
 4.22750E+01   2.09496E+00   1.07226E+00   5.46818E-01   1.14556E+00
 4.23250E+01   2.09465E+00   1.07222E+00   5.46643E-01   1.14502E+00
 4.23750E+01   2.09432E+00   1.07217E+00   5.46466E-01   1.14448E+00
 4.24250E+01   2.09399E+00   1.07213E+00   5.46285E-01   1.14392E+00
 4.24750E+01   2.09366E+00   1.07208E+00   5.46102E-01   1.14335E+00
 4.25250E+01   2.09332E+00   1.07203E+00   5.45916E-01   1.14278E+00
 4.25750E+01   2.09298E+00   1.07198E+00   5.45728E-01   1.14220E+00
 4.26250E+01   2.09264E+00   1.07193E+00   5.45539E-01   1.14162E+00
 4.26750E+01   2.09230E+00   1.07188E+00   5.45348E-01   1.14103E+00
 4.27250E+01   2.09195E+00   1.07183E+00   5.45156E-01   1.14044E+00
 4.27750E+01   2.09160E+00   1.07178E+00   5.44963E-01   1.13984E+00
 4.28250E+01   2.09125E+00   1.07173E+00   5.44770E-01   1.13925E+00
 4.28750E+01   2.09090E+00   1.07168E+00   5.44576E-01   1.13866E+00
 4.29250E+01   2.09055E+00   1.07163E+00   5.44383E-01   1.13806E+00
 4.29750E+01   2.09021E+00   1.07158E+00   5.44190E-01   1.13747E+00
 4.30250E+01   2.08986E+00   1.07153E+00   5.43998E-01   1.13688E+00
 4.30750E+01   2.08952E+00   1.07148E+00   5.43807E-01   1.13630E+00
 4.31250E+01   2.08918E+00   1.07143E+00   5.43618E-01   1.13571E+00
 4.31750E+01   2.08884E+00   1.07138E+00   5.43430E-01   1.13514E+00
 4.32250E+01   2.08851E+00   1.07133E+00   5.43244E-01   1.13457E+00
 4.32750E+01   2.08818E+00   1.07128E+00   5.43061E-01   1.13401E+00
 4.33250E+01   2.08785E+00   1.07123E+00   5.42879E-01   1.13345E+00
 4.33750E+01   2.08753E+00   1.07118E+00   5.42701E-01   1.13291E+00
 4.34250E+01   2.08722E+00   1.07114E+00   5.42525E-01   1.13237E+00
 4.34750E+01   2.08691E+00   1.07109E+00   5.42352E-01   1.13184E+00
 4.35250E+01   2.08661E+00   1.07105E+00   5.42183E-01   1.13132E+00
 4.35750E+01   2.08631E+00   1.07100E+00   5.42018E-01   1.13082E+00
 4.36250E+01   2.08602E+00   1.07096E+00   5.41856E-01   1.13032E+00
 4.36750E+01   2.08574E+00   1.07091E+00   5.41698E-01   1.12984E+00
 4.37250E+01   2.08547E+00   1.07087E+00   5.41545E-01   1.12938E+00
 4.37750E+01   2.08520E+00   1.07083E+00   5.41396E-01   1.12892E+00
 4.38250E+01   2.08494E+00   1.07079E+00   5.41251E-01   1.12848E+00
 4.38750E+01   2.08470E+00   1.07075E+00   5.41111E-01   1.12805E+00
 4.39250E+01   2.08445E+00   1.07072E+00   5.40975E-01   1.12764E+00
 4.39750E+01   2.08422E+00   1.07068E+00   5.40845E-01   1.12724E+00
 4.40250E+01   2.08400E+00   1.07065E+00   5.40718E-01   1.12686E+00
 4.40750E+01   2.08379E+00   1.07061E+00   5.40597E-01   1.12649E+00
 4.41250E+01   2.08359E+00   1.07058E+00   5.40482E-01   1.12614E+00
 4.41750E+01   2.08339E+00   1.07055E+00   5.40371E-01   1.12581E+00
 4.42250E+01   2.08321E+00   1.07052E+00   5.40267E-01   1.12549E+00
 4.42750E+01   2.08304E+00   1.07049E+00   5.40168E-01   1.12519E+00
 4.43250E+01   2.08288E+00   1.07047E+00   5.40074E-01   1.12491E+00
 4.43750E+01   2.08272E+00   1.07044E+00   5.39986E-01   1.12464E+00
 4.44250E+01   2.08258E+00   1.07042E+00   5.39904E-01   1.12439E+00
 4.44750E+01   2.08245E+00   1.07039E+00   5.39828E-01   1.12416E+00
 4.45250E+01   2.08232E+00   1.07037E+00   5.39757E-01   1.12395E+00
 4.45750E+01   2.08221E+00   1.07035E+00   5.39692E-01   1.12375E+00
 4.46250E+01   2.08211E+00   1.07033E+00   5.39632E-01   1.12357E+00
 4.46750E+01   2.08201E+00   1.07032E+00   5.39579E-01   1.12341E+00
 4.47250E+01   2.08193E+00   1.07030E+00   5.39531E-01   1.12327E+00
 4.47750E+01   2.08186E+00   1.07029E+00   5.39488E-01   1.12314E+00
 4.48250E+01   2.08179E+00   1.07027E+00   5.39451E-01   1.12303E+00
 4.48750E+01   2.08174E+00   1.07026E+00   5.39421E-01   1.12293E+00
 4.49250E+01   2.08169E+00   1.07025E+00   5.39395E-01   1.12285E+00
 4.49750E+01   2.08166E+00   1.07024E+00   5.39376E-01   1.12279E+00
 4.50250E+01   2.08163E+00   1.07024E+00   5.39362E-01   1.12275E+00
 4.50750E+01   2.08161E+00   1.07023E+00   5.39353E-01   1.12272E+00
 4.51250E+01   2.08160E+00   1.07023E+00   5.39349E-01   1.12271E+00
 4.51750E+01   2.08160E+00   1.07023E+00   5.39351E-01   1.12271E+00
 4.52250E+01   2.08160E+00   1.07023E+00   5.39358E-01   1.12273E+00
 4.52750E+01   2.08162E+00   1.07023E+00   5.39369E-01   1.12276E+00
 4.53250E+01   2.08164E+00   1.07023E+00   5.39386E-01   1.12281E+00
 4.53750E+01   2.08168E+00   1.07023E+00   5.39408E-01   1.12287E+00
 4.54250E+01   2.08172E+00   1.07023E+00   5.39435E-01   1.12295E+00
 4.54750E+01   2.08177E+00   1.07024E+00   5.39466E-01   1.12304E+00
 4.55250E+01   2.08182E+00   1.07025E+00   5.39502E-01   1.12315E+00
 4.55750E+01   2.08189E+00   1.07025E+00   5.39543E-01   1.12327E+00
 4.56250E+01   2.08196E+00   1.07026E+00   5.39588E-01   1.12340E+00
 4.56750E+01   2.08204E+00   1.07027E+00   5.39638E-01   1.12355E+00
 4.57250E+01   2.08212E+00   1.07028E+00   5.39692E-01   1.12371E+00
 4.57750E+01   2.08222E+00   1.07030E+00   5.39750E-01   1.12388E+00
 4.58250E+01   2.08232E+00   1.07031E+00   5.39813E-01   1.12406E+00
 4.58750E+01   2.08243E+00   1.07032E+00   5.39879E-01   1.12426E+00
 4.59250E+01   2.08254E+00   1.07034E+00   5.39948E-01   1.12446E+00
 4.59750E+01   2.08266E+00   1.07035E+00   5.40022E-01   1.12468E+00
 4.60250E+01   2.08279E+00   1.07037E+00   5.40099E-01   1.12491E+00
 4.60750E+01   2.08292E+00   1.07039E+00   5.40179E-01   1.12515E+00
 4.61250E+01   2.08306E+00   1.07041E+00   5.40262E-01   1.12540E+00
 4.61750E+01   2.08320E+00   1.07043E+00   5.40349E-01   1.12565E+00
 4.62250E+01   2.08335E+00   1.07045E+00   5.40438E-01   1.12592E+00
 4.62750E+01   2.08350E+00   1.07047E+00   5.40531E-01   1.12620E+00
 4.63250E+01   2.08366E+00   1.07049E+00   5.40626E-01   1.12648E+00
 4.63750E+01   2.08382E+00   1.07052E+00   5.40723E-01   1.12677E+00
 4.64250E+01   2.08399E+00   1.07054E+00   5.40823E-01   1.12707E+00
 4.64750E+01   2.08416E+00   1.07057E+00   5.40925E-01   1.12738E+00
 4.65250E+01   2.08434E+00   1.07059E+00   5.41030E-01   1.12769E+00
 4.65750E+01   2.08452E+00   1.07062E+00   5.41136E-01   1.12801E+00
 4.66250E+01   2.08470E+00   1.07064E+00   5.41244E-01   1.12833E+00
 4.66750E+01   2.08489E+00   1.07067E+00   5.41354E-01   1.12866E+00
 4.67250E+01   2.08508E+00   1.07070E+00   5.41466E-01   1.12900E+00
 4.67750E+01   2.08527E+00   1.07073E+00   5.41579E-01   1.12934E+00
 4.68250E+01   2.08547E+00   1.07075E+00   5.41693E-01   1.12969E+00
 4.68750E+01   2.08567E+00   1.07078E+00   5.41809E-01   1.13003E+00
 4.69250E+01   2.08587E+00   1.07081E+00   5.41925E-01   1.13038E+00
 4.69750E+01   2.08607E+00   1.07084E+00   5.42043E-01   1.13074E+00
 4.70250E+01   2.08627E+00   1.07087E+00   5.42162E-01   1.13110E+00
 4.70750E+01   2.08647E+00   1.07090E+00   5.42282E-01   1.13146E+00
 4.71250E+01   2.08668E+00   1.07093E+00   5.42402E-01   1.13182E+00
 4.71750E+01   2.08688E+00   1.07096E+00   5.42523E-01   1.13218E+00
 4.72250E+01   2.08709E+00   1.07099E+00   5.42644E-01   1.13255E+00
 4.72750E+01   2.08729E+00   1.07102E+00   5.42766E-01   1.13291E+00
 4.73250E+01   2.08749E+00   1.07105E+00   5.42888E-01   1.13327E+00
 4.73750E+01   2.08769E+00   1.07109E+00   5.43010E-01   1.13364E+00
 4.74250E+01   2.08789E+00   1.07112E+00   5.43132E-01   1.13400E+00
 4.74750E+01   2.08809E+00   1.07115E+00   5.43255E-01   1.13436E+00
 4.75250E+01   2.08829E+00   1.07118E+00   5.43377E-01   1.13473E+00
 4.75750E+01   2.08848E+00   1.07121E+00   5.43500E-01   1.13509E+00
 4.76250E+01   2.08866E+00   1.07125E+00   5.43622E-01   1.13544E+00
 4.76750E+01   2.08884E+00   1.07128E+00   5.43744E-01   1.13579E+00
 4.77250E+01   2.08901E+00   1.07132E+00   5.43866E-01   1.13614E+00
 4.77750E+01   2.08918E+00   1.07136E+00   5.43988E-01   1.13649E+00
 4.78250E+01   2.08933E+00   1.07140E+00   5.44109E-01   1.13683E+00
 4.78750E+01   2.08948E+00   1.07144E+00   5.44231E-01   1.13716E+00
 4.79250E+01   2.08961E+00   1.07149E+00   5.44353E-01   1.13749E+00
 4.79750E+01   2.08973E+00   1.07154E+00   5.44476E-01   1.13781E+00
 4.80250E+01   2.08982E+00   1.07160E+00   5.44600E-01   1.13812E+00
 4.80750E+01   2.08989E+00   1.07167E+00   5.44725E-01   1.13842E+00
 4.81250E+01   2.08993E+00   1.07175E+00   5.44853E-01   1.13870E+00
 4.81750E+01   2.08993E+00   1.07185E+00   5.44985E-01   1.13898E+00
 4.82250E+01   2.08988E+00   1.07197E+00   5.45122E-01   1.13924E+00
 4.82750E+01   2.08977E+00   1.07211E+00   5.45266E-01   1.13948E+00
 4.83250E+01   2.08958E+00   1.07229E+00   5.45420E-01   1.13970E+00
 4.83750E+01   2.08930E+00   1.07252E+00   5.45587E-01   1.13989E+00
 4.84250E+01   2.08889E+00   1.07280E+00   5.45773E-01   1.14006E+00
 4.84750E+01   2.08832E+00   1.07316E+00   5.45982E-01   1.14018E+00
 4.85250E+01   2.08755E+00   1.07361E+00   5.46222E-01   1.14027E+00
 4.85750E+01   2.08652E+00   1.07419E+00   5.46504E-01   1.14029E+00
 4.86250E+01   2.08516E+00   1.07493E+00   5.46841E-01   1.14025E+00
 4.86750E+01   2.08338E+00   1.07587E+00   5.47249E-01   1.14012E+00
 4.87250E+01   2.08106E+00   1.07709E+00   5.47750E-01   1.13990E+00
 4.87750E+01   2.07808E+00   1.07864E+00   5.48380E-01   1.13958E+00
 4.88250E+01   2.07436E+00   1.08064E+00   5.49204E-01   1.13925E+00
 4.88750E+01   2.07032E+00   1.08323E+00   5.50436E-01   1.13958E+00
 4.89250E+01   2.06922E+00   1.08665E+00   5.53048E-01   1.14438E+00
 4.89750E+01   2.09018E+00   1.09149E+00   5.62068E-01   1.17482E+00
