      xx/10.          rhoa          temp           vel      vel*rhoa
         [-]           [-]           [-]           [-]           [-]
 1.02500E+00   2.58962E+00   9.20371E-01   4.83783E-01   1.25281E+00
 1.07500E+00   2.58825E+00   9.21018E-01   4.83869E-01   1.25237E+00
 1.12500E+00   2.58629E+00   9.21796E-01   4.84058E-01   1.25192E+00
 1.17500E+00   2.58377E+00   9.22715E-01   4.84339E-01   1.25142E+00
 1.22500E+00   2.58071E+00   9.23780E-01   4.84707E-01   1.25089E+00
 1.27500E+00   2.57713E+00   9.24985E-01   4.85161E-01   1.25032E+00
 1.32500E+00   2.57309E+00   9.26318E-01   4.85703E-01   1.24976E+00
 1.37500E+00   2.56862E+00   9.27757E-01   4.86336E-01   1.24921E+00
 1.42500E+00   2.56380E+00   9.29280E-01   4.87060E-01   1.24873E+00
 1.47500E+00   2.55870E+00   9.30859E-01   4.87875E-01   1.24832E+00
 1.52500E+00   2.55339E+00   9.32466E-01   4.88776E-01   1.24803E+00
 1.57500E+00   2.54795E+00   9.34074E-01   4.89759E-01   1.24788E+00
 1.62500E+00   2.54246E+00   9.35657E-01   4.90815E-01   1.24788E+00
 1.67500E+00   2.53700E+00   9.37192E-01   4.91934E-01   1.24803E+00
 1.72500E+00   2.53161E+00   9.38664E-01   4.93106E-01   1.24835E+00
 1.77500E+00   2.52635E+00   9.40059E-01   4.94318E-01   1.24882E+00
 1.82500E+00   2.52124E+00   9.41371E-01   4.95559E-01   1.24942E+00
 1.87500E+00   2.51631E+00   9.42597E-01   4.96818E-01   1.25015E+00
 1.92500E+00   2.51155E+00   9.43740E-01   4.98083E-01   1.25096E+00
 1.97500E+00   2.50696E+00   9.44809E-01   4.99344E-01   1.25183E+00
 2.02500E+00   2.50249E+00   9.45817E-01   5.00593E-01   1.25273E+00
 2.07500E+00   2.49811E+00   9.46782E-01   5.01821E-01   1.25360E+00
 2.12500E+00   2.49376E+00   9.47725E-01   5.03022E-01   1.25442E+00
 2.17500E+00   2.48937E+00   9.48671E-01   5.04192E-01   1.25512E+00
 2.22500E+00   2.48488E+00   9.49647E-01   5.05327E-01   1.25567E+00
 2.27500E+00   2.48019E+00   9.50681E-01   5.06425E-01   1.25603E+00
 2.32500E+00   2.47523E+00   9.51801E-01   5.07488E-01   1.25615E+00
 2.37500E+00   2.46991E+00   9.53037E-01   5.08516E-01   1.25599E+00
 2.42500E+00   2.46415E+00   9.54416E-01   5.09511E-01   1.25551E+00
 2.47500E+00   2.45789E+00   9.55962E-01   5.10477E-01   1.25470E+00
 2.52500E+00   2.45104E+00   9.57699E-01   5.11419E-01   1.25351E+00
 2.57500E+00   2.44356E+00   9.59645E-01   5.12342E-01   1.25194E+00
 2.62500E+00   2.43540E+00   9.61814E-01   5.13250E-01   1.24997E+00
 2.67500E+00   2.42654E+00   9.64217E-01   5.14150E-01   1.24761E+00
 2.72500E+00   2.41697E+00   9.66858E-01   5.15047E-01   1.24485E+00
 2.77500E+00   2.40668E+00   9.69734E-01   5.15945E-01   1.24171E+00
 2.82500E+00   2.39570E+00   9.72840E-01   5.16850E-01   1.23822E+00
 2.87500E+00   2.38409E+00   9.76161E-01   5.17763E-01   1.23439E+00
 2.92500E+00   2.37189E+00   9.79677E-01   5.18687E-01   1.23027E+00
 2.97500E+00   2.35919E+00   9.83365E-01   5.19623E-01   1.22589E+00
 3.02500E+00   2.34607E+00   9.87194E-01   5.20571E-01   1.22130E+00
 3.07500E+00   2.33266E+00   9.91130E-01   5.21530E-01   1.21655E+00
 3.12500E+00   2.31906E+00   9.95134E-01   5.22496E-01   1.21170E+00
 3.17500E+00   2.30541E+00   9.99165E-01   5.23465E-01   1.20680E+00
 3.22500E+00   2.29183E+00   1.00318E+00   5.24433E-01   1.20191E+00
 3.27500E+00   2.27846E+00   1.00714E+00   5.25394E-01   1.19709E+00
 3.32500E+00   2.26542E+00   1.01100E+00   5.26341E-01   1.19238E+00
 3.37500E+00   2.25282E+00   1.01473E+00   5.27267E-01   1.18784E+00
 3.42500E+00   2.24078E+00   1.01829E+00   5.28166E-01   1.18350E+00
 3.47500E+00   2.22936E+00   1.02165E+00   5.29029E-01   1.17940E+00
 3.52500E+00   2.21866E+00   1.02479E+00   5.29853E-01   1.17556E+00
 3.57500E+00   2.20870E+00   1.02770E+00   5.30632E-01   1.17201E+00
 3.62500E+00   2.19954E+00   1.03037E+00   5.31362E-01   1.16875E+00
 3.67500E+00   2.19117E+00   1.03279E+00   5.32039E-01   1.16579E+00
 3.72500E+00   2.18360E+00   1.03496E+00   5.32664E-01   1.16312E+00
 3.77500E+00   2.17680E+00   1.03690E+00   5.33235E-01   1.16075E+00
 3.82500E+00   2.17075E+00   1.03862E+00   5.33753E-01   1.15864E+00
 3.87500E+00   2.16540E+00   1.04012E+00   5.34221E-01   1.15680E+00
 3.92500E+00   2.16071E+00   1.04143E+00   5.34641E-01   1.15521E+00
 3.97500E+00   2.15663E+00   1.04255E+00   5.35016E-01   1.15383E+00
 4.02500E+00   2.15309E+00   1.04352E+00   5.35350E-01   1.15266E+00
 4.07500E+00   2.15005E+00   1.04434E+00   5.35647E-01   1.15167E+00
 4.12500E+00   2.14746E+00   1.04504E+00   5.35910E-01   1.15084E+00
 4.17500E+00   2.14525E+00   1.04562E+00   5.36145E-01   1.15017E+00
 4.22500E+00   2.14339E+00   1.04611E+00   5.36353E-01   1.14961E+00
 4.27500E+00   2.14183E+00   1.04652E+00   5.36540E-01   1.14918E+00
 4.32500E+00   2.14053E+00   1.04685E+00   5.36707E-01   1.14884E+00
 4.37500E+00   2.13946E+00   1.04713E+00   5.36858E-01   1.14859E+00
 4.42500E+00   2.13859E+00   1.04736E+00   5.36997E-01   1.14841E+00
 4.47500E+00   2.13788E+00   1.04755E+00   5.37123E-01   1.14830E+00
 4.52500E+00   2.13732E+00   1.04770E+00   5.37241E-01   1.14825E+00
 4.57500E+00   2.13688E+00   1.04783E+00   5.37351E-01   1.14825E+00
 4.62500E+00   2.13655E+00   1.04793E+00   5.37455E-01   1.14830E+00
 4.67500E+00   2.13632E+00   1.04802E+00   5.37554E-01   1.14839E+00
 4.72500E+00   2.13617E+00   1.04808E+00   5.37649E-01   1.14851E+00
 4.77500E+00   2.13609E+00   1.04814E+00   5.37741E-01   1.14867E+00
 4.82500E+00   2.13608E+00   1.04819E+00   5.37831E-01   1.14885E+00
 4.87500E+00   2.13613E+00   1.04823E+00   5.37920E-01   1.14907E+00
 4.92500E+00   2.13623E+00   1.04826E+00   5.38007E-01   1.14931E+00
 4.97500E+00   2.13638E+00   1.04829E+00   5.38094E-01   1.14957E+00
 5.02500E+00   2.13657E+00   1.04831E+00   5.38179E-01   1.14986E+00
 5.07500E+00   2.13681E+00   1.04834E+00   5.38265E-01   1.15017E+00
 5.12500E+00   2.13709E+00   1.04836E+00   5.38350E-01   1.15050E+00
 5.17500E+00   2.13741E+00   1.04838E+00   5.38436E-01   1.15086E+00
 5.22500E+00   2.13776E+00   1.04839E+00   5.38522E-01   1.15123E+00
 5.27500E+00   2.13814E+00   1.04841E+00   5.38607E-01   1.15162E+00
 5.32500E+00   2.13856E+00   1.04843E+00   5.38693E-01   1.15203E+00
 5.37500E+00   2.13901E+00   1.04844E+00   5.38779E-01   1.15246E+00
 5.42500E+00   2.13949E+00   1.04846E+00   5.38866E-01   1.15290E+00
 5.47500E+00   2.14000E+00   1.04848E+00   5.38952E-01   1.15336E+00
 5.52500E+00   2.14054E+00   1.04849E+00   5.39040E-01   1.15383E+00
 5.57500E+00   2.14110E+00   1.04851E+00   5.39127E-01   1.15432E+00
 5.62500E+00   2.14168E+00   1.04852E+00   5.39214E-01   1.15482E+00
 5.67500E+00   2.14228E+00   1.04854E+00   5.39302E-01   1.15533E+00
 5.72500E+00   2.14289E+00   1.04855E+00   5.39390E-01   1.15586E+00
 5.77500E+00   2.14352E+00   1.04857E+00   5.39479E-01   1.15638E+00
 5.82500E+00   2.14416E+00   1.04858E+00   5.39567E-01   1.15692E+00
 5.87500E+00   2.14481E+00   1.04860E+00   5.39656E-01   1.15746E+00
 5.92500E+00   2.14546E+00   1.04861E+00   5.39746E-01   1.15800E+00
 5.97500E+00   2.14610E+00   1.04863E+00   5.39836E-01   1.15854E+00
 6.02500E+00   2.14675E+00   1.04864E+00   5.39926E-01   1.15908E+00
 6.07500E+00   2.14738E+00   1.04865E+00   5.40016E-01   1.15962E+00
 6.12500E+00   2.14799E+00   1.04866E+00   5.40107E-01   1.16015E+00
 6.17500E+00   2.14859E+00   1.04867E+00   5.40198E-01   1.16067E+00
 6.22500E+00   2.14917E+00   1.04868E+00   5.40289E-01   1.16117E+00
 6.27500E+00   2.14972E+00   1.04869E+00   5.40381E-01   1.16167E+00
 6.32500E+00   2.15024E+00   1.04870E+00   5.40474E-01   1.16215E+00
 6.37500E+00   2.15072E+00   1.04870E+00   5.40567E-01   1.16261E+00
 6.42500E+00   2.15116E+00   1.04870E+00   5.40660E-01   1.16305E+00
 6.47500E+00   2.15156E+00   1.04871E+00   5.40754E-01   1.16346E+00
 6.52500E+00   2.15192E+00   1.04871E+00   5.40848E-01   1.16386E+00
 6.57500E+00   2.15223E+00   1.04871E+00   5.40943E-01   1.16423E+00
 6.62500E+00   2.15248E+00   1.04871E+00   5.41039E-01   1.16458E+00
 6.67500E+00   2.15269E+00   1.04871E+00   5.41134E-01   1.16490E+00
 6.72500E+00   2.15285E+00   1.04871E+00   5.41230E-01   1.16519E+00
 6.77500E+00   2.15296E+00   1.04870E+00   5.41327E-01   1.16545E+00
 6.82500E+00   2.15301E+00   1.04870E+00   5.41425E-01   1.16569E+00
 6.87500E+00   2.15302E+00   1.04870E+00   5.41523E-01   1.16591E+00
 6.92500E+00   2.15298E+00   1.04869E+00   5.41622E-01   1.16610E+00
 6.97500E+00   2.15290E+00   1.04868E+00   5.41722E-01   1.16627E+00
 7.02500E+00   2.15277E+00   1.04868E+00   5.41822E-01   1.16642E+00
 7.07500E+00   2.15260E+00   1.04867E+00   5.41923E-01   1.16654E+00
 7.12500E+00   2.15240E+00   1.04867E+00   5.42025E-01   1.16666E+00
 7.17500E+00   2.15217E+00   1.04866E+00   5.42127E-01   1.16675E+00
 7.22500E+00   2.15192E+00   1.04866E+00   5.42231E-01   1.16684E+00
 7.27500E+00   2.15164E+00   1.04865E+00   5.42335E-01   1.16691E+00
 7.32500E+00   2.15135E+00   1.04865E+00   5.42440E-01   1.16698E+00
 7.37500E+00   2.15105E+00   1.04864E+00   5.42546E-01   1.16704E+00
 7.42500E+00   2.15073E+00   1.04863E+00   5.42653E-01   1.16710E+00
 7.47500E+00   2.15042E+00   1.04863E+00   5.42760E-01   1.16716E+00
 7.52500E+00   2.15011E+00   1.04863E+00   5.42869E-01   1.16723E+00
 7.57500E+00   2.14981E+00   1.04862E+00   5.42979E-01   1.16730E+00
 7.62500E+00   2.14952E+00   1.04862E+00   5.43090E-01   1.16738E+00
 7.67500E+00   2.14924E+00   1.04862E+00   5.43203E-01   1.16747E+00
 7.72500E+00   2.14898E+00   1.04861E+00   5.43316E-01   1.16757E+00
 7.77500E+00   2.14874E+00   1.04861E+00   5.43431E-01   1.16769E+00
 7.82500E+00   2.14852E+00   1.04861E+00   5.43547E-01   1.16782E+00
 7.87500E+00   2.14833E+00   1.04861E+00   5.43665E-01   1.16797E+00
 7.92500E+00   2.14816E+00   1.04861E+00   5.43784E-01   1.16814E+00
 7.97500E+00   2.14803E+00   1.04862E+00   5.43904E-01   1.16832E+00
 8.02500E+00   2.14792E+00   1.04862E+00   5.44026E-01   1.16852E+00
 8.07500E+00   2.14785E+00   1.04862E+00   5.44149E-01   1.16875E+00
 8.12500E+00   2.14780E+00   1.04863E+00   5.44274E-01   1.16899E+00
 8.17500E+00   2.14779E+00   1.04863E+00   5.44401E-01   1.16926E+00
 8.22500E+00   2.14780E+00   1.04864E+00   5.44530E-01   1.16954E+00
 8.27500E+00   2.14785E+00   1.04865E+00   5.44660E-01   1.16985E+00
 8.32500E+00   2.14793E+00   1.04866E+00   5.44791E-01   1.17018E+00
 8.37500E+00   2.14804E+00   1.04868E+00   5.44925E-01   1.17052E+00
 8.42500E+00   2.14818E+00   1.04869E+00   5.45060E-01   1.17089E+00
 8.47500E+00   2.14834E+00   1.04871E+00   5.45196E-01   1.17127E+00
 8.52500E+00   2.14853E+00   1.04873E+00   5.45334E-01   1.17167E+00
 8.57500E+00   2.14875E+00   1.04876E+00   5.45472E-01   1.17208E+00
 8.62500E+00   2.14898E+00   1.04878E+00   5.45612E-01   1.17251E+00
 8.67500E+00   2.14924E+00   1.04882E+00   5.45753E-01   1.17295E+00
 8.72500E+00   2.14951E+00   1.04886E+00   5.45894E-01   1.17340E+00
 8.77500E+00   2.14979E+00   1.04890E+00   5.46035E-01   1.17386E+00
 8.82500E+00   2.15008E+00   1.04895E+00   5.46177E-01   1.17432E+00
 8.87500E+00   2.15038E+00   1.04901E+00   5.46320E-01   1.17480E+00
 8.92500E+00   2.15070E+00   1.04908E+00   5.46464E-01   1.17528E+00
 8.97500E+00   2.15103E+00   1.04915E+00   5.46610E-01   1.17577E+00
 9.02500E+00   2.15137E+00   1.04923E+00   5.46759E-01   1.17628E+00
 9.07500E+00   2.15174E+00   1.04931E+00   5.46909E-01   1.17681E+00
 9.12500E+00   2.15212E+00   1.04940E+00   5.47063E-01   1.17735E+00
 9.17500E+00   2.15253E+00   1.04948E+00   5.47219E-01   1.17790E+00
 9.22500E+00   2.15295E+00   1.04957E+00   5.47377E-01   1.17848E+00
 9.27500E+00   2.15340E+00   1.04966E+00   5.47539E-01   1.17907E+00
 9.32500E+00   2.15386E+00   1.04976E+00   5.47705E-01   1.17968E+00
 9.37500E+00   2.15434E+00   1.04985E+00   5.47874E-01   1.18031E+00
 9.42500E+00   2.15484E+00   1.04994E+00   5.48046E-01   1.18095E+00
 9.47500E+00   2.15536E+00   1.05004E+00   5.48223E-01   1.18162E+00
 9.52500E+00   2.15589E+00   1.05013E+00   5.48404E-01   1.18230E+00
 9.57500E+00   2.15644E+00   1.05022E+00   5.48590E-01   1.18300E+00
 9.62500E+00   2.15700E+00   1.05032E+00   5.48780E-01   1.18372E+00
 9.67500E+00   2.15758E+00   1.05041E+00   5.48975E-01   1.18446E+00
 9.72500E+00   2.15816E+00   1.05050E+00   5.49175E-01   1.18521E+00
 9.77500E+00   2.15876E+00   1.05059E+00   5.49380E-01   1.18598E+00
 9.82500E+00   2.15936E+00   1.05068E+00   5.49590E-01   1.18676E+00
 9.87500E+00   2.15997E+00   1.05077E+00   5.49806E-01   1.18757E+00
 9.92500E+00   2.16059E+00   1.05086E+00   5.50027E-01   1.18838E+00
 9.97500E+00   2.16120E+00   1.05095E+00   5.50254E-01   1.18921E+00
 1.00250E+01   2.16183E+00   1.05104E+00   5.50487E-01   1.19006E+00
 1.00750E+01   2.16245E+00   1.05113E+00   5.50726E-01   1.19092E+00
 1.01250E+01   2.16307E+00   1.05122E+00   5.50971E-01   1.19179E+00
 1.01750E+01   2.16369E+00   1.05131E+00   5.51222E-01   1.19267E+00
 1.02250E+01   2.16430E+00   1.05139E+00   5.51479E-01   1.19357E+00
 1.02750E+01   2.16491E+00   1.05148E+00   5.51743E-01   1.19448E+00
 1.03250E+01   2.16552E+00   1.05157E+00   5.52013E-01   1.19539E+00
 1.03750E+01   2.16612E+00   1.05166E+00   5.52289E-01   1.19632E+00
 1.04250E+01   2.16671E+00   1.05174E+00   5.52571E-01   1.19726E+00
 1.04750E+01   2.16730E+00   1.05183E+00   5.52859E-01   1.19821E+00
 1.05250E+01   2.16787E+00   1.05192E+00   5.53154E-01   1.19917E+00
 1.05750E+01   2.16844E+00   1.05201E+00   5.53455E-01   1.20013E+00
 1.06250E+01   2.16900E+00   1.05209E+00   5.53761E-01   1.20111E+00
 1.06750E+01   2.16955E+00   1.05218E+00   5.54073E-01   1.20209E+00
 1.07250E+01   2.17009E+00   1.05227E+00   5.54391E-01   1.20308E+00
 1.07750E+01   2.17061E+00   1.05236E+00   5.54714E-01   1.20407E+00
 1.08250E+01   2.17113E+00   1.05245E+00   5.55042E-01   1.20507E+00
 1.08750E+01   2.17164E+00   1.05254E+00   5.55375E-01   1.20607E+00
 1.09250E+01   2.17214E+00   1.05263E+00   5.55712E-01   1.20708E+00
 1.09750E+01   2.17263E+00   1.05272E+00   5.56053E-01   1.20809E+00
 1.10250E+01   2.17310E+00   1.05281E+00   5.56397E-01   1.20911E+00
 1.10750E+01   2.17357E+00   1.05290E+00   5.56745E-01   1.21013E+00
 1.11250E+01   2.17404E+00   1.05299E+00   5.57095E-01   1.21114E+00
 1.11750E+01   2.17449E+00   1.05309E+00   5.57447E-01   1.21216E+00
 1.12250E+01   2.17493E+00   1.05318E+00   5.57801E-01   1.21318E+00
 1.12750E+01   2.17537E+00   1.05327E+00   5.58155E-01   1.21419E+00
 1.13250E+01   2.17580E+00   1.05336E+00   5.58510E-01   1.21521E+00
 1.13750E+01   2.17622E+00   1.05345E+00   5.58864E-01   1.21621E+00
 1.14250E+01   2.17664E+00   1.05354E+00   5.59216E-01   1.21721E+00
 1.14750E+01   2.17705E+00   1.05363E+00   5.59566E-01   1.21820E+00
 1.15250E+01   2.17745E+00   1.05372E+00   5.59913E-01   1.21918E+00
 1.15750E+01   2.17784E+00   1.05380E+00   5.60255E-01   1.22015E+00
 1.16250E+01   2.17823E+00   1.05389E+00   5.60593E-01   1.22110E+00
 1.16750E+01   2.17861E+00   1.05397E+00   5.60926E-01   1.22204E+00
 1.17250E+01   2.17898E+00   1.05406E+00   5.61251E-01   1.22295E+00
 1.17750E+01   2.17934E+00   1.05414E+00   5.61568E-01   1.22385E+00
 1.18250E+01   2.17970E+00   1.05422E+00   5.61877E-01   1.22472E+00
 1.18750E+01   2.18004E+00   1.05429E+00   5.62175E-01   1.22557E+00
 1.19250E+01   2.18038E+00   1.05437E+00   5.62462E-01   1.22638E+00
 1.19750E+01   2.18070E+00   1.05444E+00   5.62738E-01   1.22716E+00
 1.20250E+01   2.18101E+00   1.05451E+00   5.63000E-01   1.22791E+00
 1.20750E+01   2.18131E+00   1.05457E+00   5.63249E-01   1.22862E+00
 1.21250E+01   2.18159E+00   1.05464E+00   5.63481E-01   1.22929E+00
 1.21750E+01   2.18186E+00   1.05469E+00   5.63698E-01   1.22991E+00
 1.22250E+01   2.18211E+00   1.05475E+00   5.63897E-01   1.23048E+00
 1.22750E+01   2.18234E+00   1.05480E+00   5.64077E-01   1.23101E+00
 1.23250E+01   2.18255E+00   1.05484E+00   5.64239E-01   1.23148E+00
 1.23750E+01   2.18273E+00   1.05488E+00   5.64381E-01   1.23189E+00
 1.24250E+01   2.18290E+00   1.05491E+00   5.64501E-01   1.23225E+00
 1.24750E+01   2.18303E+00   1.05494E+00   5.64599E-01   1.23254E+00
 1.25250E+01   2.18315E+00   1.05497E+00   5.64675E-01   1.23277E+00
 1.25750E+01   2.18323E+00   1.05499E+00   5.64727E-01   1.23293E+00
 1.26250E+01   2.18328E+00   1.05500E+00   5.64756E-01   1.23302E+00
 1.26750E+01   2.18330E+00   1.05501E+00   5.64759E-01   1.23304E+00
 1.27250E+01   2.18329E+00   1.05501E+00   5.64738E-01   1.23298E+00
 1.27750E+01   2.18324E+00   1.05500E+00   5.64691E-01   1.23286E+00
 1.28250E+01   2.18316E+00   1.05499E+00   5.64618E-01   1.23265E+00
 1.28750E+01   2.18304E+00   1.05497E+00   5.64519E-01   1.23237E+00
 1.29250E+01   2.18288E+00   1.05495E+00   5.64394E-01   1.23200E+00
 1.29750E+01   2.18269E+00   1.05491E+00   5.64243E-01   1.23156E+00
 1.30250E+01   2.18245E+00   1.05488E+00   5.64066E-01   1.23105E+00
 1.30750E+01   2.18218E+00   1.05483E+00   5.63863E-01   1.23045E+00
 1.31250E+01   2.18186E+00   1.05478E+00   5.63635E-01   1.22977E+00
 1.31750E+01   2.18151E+00   1.05472E+00   5.63382E-01   1.22902E+00
 1.32250E+01   2.18111E+00   1.05466E+00   5.63104E-01   1.22819E+00
 1.32750E+01   2.18067E+00   1.05459E+00   5.62803E-01   1.22729E+00
 1.33250E+01   2.18020E+00   1.05451E+00   5.62479E-01   1.22632E+00
 1.33750E+01   2.17969E+00   1.05443E+00   5.62132E-01   1.22527E+00
 1.34250E+01   2.17914E+00   1.05434E+00   5.61764E-01   1.22416E+00
 1.34750E+01   2.17855E+00   1.05425E+00   5.61377E-01   1.22298E+00
 1.35250E+01   2.17792E+00   1.05415E+00   5.60969E-01   1.22175E+00
 1.35750E+01   2.17726E+00   1.05405E+00   5.60544E-01   1.22045E+00
 1.36250E+01   2.17656E+00   1.05394E+00   5.60101E-01   1.21910E+00
 1.36750E+01   2.17584E+00   1.05383E+00   5.59643E-01   1.21769E+00
 1.37250E+01   2.17508E+00   1.05371E+00   5.59171E-01   1.21624E+00
 1.37750E+01   2.17429E+00   1.05359E+00   5.58686E-01   1.21475E+00
 1.38250E+01   2.17348E+00   1.05347E+00   5.58189E-01   1.21321E+00
 1.38750E+01   2.17264E+00   1.05334E+00   5.57682E-01   1.21164E+00
 1.39250E+01   2.17177E+00   1.05321E+00   5.57167E-01   1.21004E+00
 1.39750E+01   2.17089E+00   1.05308E+00   5.56644E-01   1.20841E+00
 1.40250E+01   2.16999E+00   1.05295E+00   5.56115E-01   1.20676E+00
 1.40750E+01   2.16907E+00   1.05281E+00   5.55583E-01   1.20510E+00
 1.41250E+01   2.16813E+00   1.05268E+00   5.55047E-01   1.20342E+00
 1.41750E+01   2.16719E+00   1.05254E+00   5.54510E-01   1.20173E+00
 1.42250E+01   2.16623E+00   1.05240E+00   5.53972E-01   1.20003E+00
 1.42750E+01   2.16527E+00   1.05227E+00   5.53436E-01   1.19834E+00
 1.43250E+01   2.16430E+00   1.05213E+00   5.52903E-01   1.19665E+00
 1.43750E+01   2.16333E+00   1.05199E+00   5.52373E-01   1.19497E+00
 1.44250E+01   2.16236E+00   1.05186E+00   5.51848E-01   1.19329E+00
 1.44750E+01   2.16139E+00   1.05173E+00   5.51329E-01   1.19163E+00
 1.45250E+01   2.16042E+00   1.05159E+00   5.50816E-01   1.18999E+00
 1.45750E+01   2.15946E+00   1.05146E+00   5.50312E-01   1.18837E+00
 1.46250E+01   2.15850E+00   1.05134E+00   5.49816E-01   1.18678E+00
 1.46750E+01   2.15756E+00   1.05121E+00   5.49330E-01   1.18521E+00
 1.47250E+01   2.15662E+00   1.05109E+00   5.48855E-01   1.18367E+00
 1.47750E+01   2.15570E+00   1.05097E+00   5.48390E-01   1.18216E+00
 1.48250E+01   2.15479E+00   1.05085E+00   5.47937E-01   1.18069E+00
 1.48750E+01   2.15390E+00   1.05073E+00   5.47496E-01   1.17925E+00
 1.49250E+01   2.15302E+00   1.05062E+00   5.47068E-01   1.17785E+00
 1.49750E+01   2.15216E+00   1.05051E+00   5.46652E-01   1.17649E+00
 1.50250E+01   2.15133E+00   1.05041E+00   5.46250E-01   1.17516E+00
 1.50750E+01   2.15051E+00   1.05031E+00   5.45862E-01   1.17388E+00
 1.51250E+01   2.14972E+00   1.05021E+00   5.45487E-01   1.17264E+00
 1.51750E+01   2.14895E+00   1.05011E+00   5.45126E-01   1.17145E+00
 1.52250E+01   2.14820E+00   1.05002E+00   5.44780E-01   1.17030E+00
 1.52750E+01   2.14748E+00   1.04994E+00   5.44448E-01   1.16919E+00
 1.53250E+01   2.14679E+00   1.04985E+00   5.44130E-01   1.16813E+00
 1.53750E+01   2.14612E+00   1.04978E+00   5.43826E-01   1.16712E+00
 1.54250E+01   2.14548E+00   1.04970E+00   5.43537E-01   1.16615E+00
 1.54750E+01   2.14487E+00   1.04963E+00   5.43261E-01   1.16522E+00
 1.55250E+01   2.14428E+00   1.04956E+00   5.43000E-01   1.16435E+00
 1.55750E+01   2.14373E+00   1.04949E+00   5.42752E-01   1.16351E+00
 1.56250E+01   2.14320E+00   1.04943E+00   5.42517E-01   1.16273E+00
 1.56750E+01   2.14271E+00   1.04938E+00   5.42296E-01   1.16198E+00
 1.57250E+01   2.14224E+00   1.04932E+00   5.42088E-01   1.16128E+00
 1.57750E+01   2.14180E+00   1.04927E+00   5.41893E-01   1.16062E+00
 1.58250E+01   2.14139E+00   1.04922E+00   5.41710E-01   1.16001E+00
 1.58750E+01   2.14101E+00   1.04918E+00   5.41539E-01   1.15944E+00
 1.59250E+01   2.14065E+00   1.04914E+00   5.41380E-01   1.15891E+00
 1.59750E+01   2.14033E+00   1.04910E+00   5.41232E-01   1.15841E+00
 1.60250E+01   2.14003E+00   1.04906E+00   5.41096E-01   1.15796E+00
 1.60750E+01   2.13976E+00   1.04903E+00   5.40970E-01   1.15755E+00
 1.61250E+01   2.13952E+00   1.04900E+00   5.40855E-01   1.15717E+00
 1.61750E+01   2.13930E+00   1.04897E+00   5.40750E-01   1.15682E+00
 1.62250E+01   2.13910E+00   1.04895E+00   5.40654E-01   1.15652E+00
 1.62750E+01   2.13893E+00   1.04893E+00   5.40568E-01   1.15624E+00
 1.63250E+01   2.13879E+00   1.04891E+00   5.40491E-01   1.15600E+00
 1.63750E+01   2.13867E+00   1.04889E+00   5.40422E-01   1.15578E+00
 1.64250E+01   2.13856E+00   1.04888E+00   5.40361E-01   1.15560E+00
 1.64750E+01   2.13848E+00   1.04886E+00   5.40308E-01   1.15544E+00
 1.65250E+01   2.13842E+00   1.04885E+00   5.40262E-01   1.15531E+00
 1.65750E+01   2.13838E+00   1.04884E+00   5.40223E-01   1.15520E+00
 1.66250E+01   2.13836E+00   1.04884E+00   5.40191E-01   1.15512E+00
 1.66750E+01   2.13835E+00   1.04883E+00   5.40165E-01   1.15506E+00
 1.67250E+01   2.13836E+00   1.04883E+00   5.40145E-01   1.15502E+00
 1.67750E+01   2.13838E+00   1.04883E+00   5.40130E-01   1.15501E+00
 1.68250E+01   2.13842E+00   1.04883E+00   5.40120E-01   1.15500E+00
 1.68750E+01   2.13847E+00   1.04883E+00   5.40116E-01   1.15502E+00
 1.69250E+01   2.13853E+00   1.04883E+00   5.40116E-01   1.15505E+00
 1.69750E+01   2.13860E+00   1.04883E+00   5.40120E-01   1.15510E+00
 1.70250E+01   2.13868E+00   1.04884E+00   5.40129E-01   1.15516E+00
 1.70750E+01   2.13877E+00   1.04884E+00   5.40141E-01   1.15524E+00
 1.71250E+01   2.13887E+00   1.04885E+00   5.40157E-01   1.15533E+00
 1.71750E+01   2.13897E+00   1.04886E+00   5.40177E-01   1.15542E+00
 1.72250E+01   2.13908E+00   1.04887E+00   5.40199E-01   1.15553E+00
 1.72750E+01   2.13920E+00   1.04888E+00   5.40225E-01   1.15565E+00
 1.73250E+01   2.13931E+00   1.04889E+00   5.40253E-01   1.15577E+00
 1.73750E+01   2.13943E+00   1.04890E+00   5.40283E-01   1.15590E+00
 1.74250E+01   2.13956E+00   1.04891E+00   5.40316E-01   1.15604E+00
 1.74750E+01   2.13968E+00   1.04893E+00   5.40352E-01   1.15618E+00
 1.75250E+01   2.13981E+00   1.04894E+00   5.40389E-01   1.15633E+00
 1.75750E+01   2.13993E+00   1.04896E+00   5.40429E-01   1.15648E+00
 1.76250E+01   2.14005E+00   1.04897E+00   5.40470E-01   1.15664E+00
 1.76750E+01   2.14018E+00   1.04899E+00   5.40514E-01   1.15679E+00
 1.77250E+01   2.14030E+00   1.04900E+00   5.40558E-01   1.15695E+00
 1.77750E+01   2.14042E+00   1.04902E+00   5.40604E-01   1.15712E+00
 1.78250E+01   2.14053E+00   1.04904E+00   5.40652E-01   1.15728E+00
 1.78750E+01   2.14065E+00   1.04906E+00   5.40702E-01   1.15745E+00
 1.79250E+01   2.14076E+00   1.04907E+00   5.40753E-01   1.15762E+00
 1.79750E+01   2.14087E+00   1.04909E+00   5.40805E-01   1.15779E+00
 1.80250E+01   2.14097E+00   1.04911E+00   5.40858E-01   1.15796E+00
 1.80750E+01   2.14107E+00   1.04913E+00   5.40913E-01   1.15814E+00
 1.81250E+01   2.14117E+00   1.04915E+00   5.40969E-01   1.15831E+00
 1.81750E+01   2.14127E+00   1.04917E+00   5.41026E-01   1.15848E+00
 1.82250E+01   2.14136E+00   1.04919E+00   5.41084E-01   1.15865E+00
 1.82750E+01   2.14145E+00   1.04921E+00   5.41143E-01   1.15883E+00
 1.83250E+01   2.14153E+00   1.04923E+00   5.41203E-01   1.15900E+00
 1.83750E+01   2.14161E+00   1.04926E+00   5.41264E-01   1.15918E+00
 1.84250E+01   2.14169E+00   1.04928E+00   5.41327E-01   1.15935E+00
 1.84750E+01   2.14176E+00   1.04930E+00   5.41390E-01   1.15953E+00
 1.85250E+01   2.14183E+00   1.04932E+00   5.41454E-01   1.15970E+00
 1.85750E+01   2.14190E+00   1.04935E+00   5.41519E-01   1.15988E+00
 1.86250E+01   2.14197E+00   1.04937E+00   5.41584E-01   1.16006E+00
 1.86750E+01   2.14203E+00   1.04939E+00   5.41651E-01   1.16023E+00
 1.87250E+01   2.14210E+00   1.04942E+00   5.41719E-01   1.16041E+00
 1.87750E+01   2.14216E+00   1.04944E+00   5.41787E-01   1.16060E+00
 1.88250E+01   2.14222E+00   1.04946E+00   5.41857E-01   1.16078E+00
 1.88750E+01   2.14228E+00   1.04949E+00   5.41928E-01   1.16096E+00
 1.89250E+01   2.14235E+00   1.04951E+00   5.42000E-01   1.16115E+00
 1.89750E+01   2.14241E+00   1.04954E+00   5.42072E-01   1.16134E+00
 1.90250E+01   2.14247E+00   1.04956E+00   5.42146E-01   1.16153E+00
 1.90750E+01   2.14254E+00   1.04959E+00   5.42221E-01   1.16173E+00
 1.91250E+01   2.14261E+00   1.04962E+00   5.42296E-01   1.16193E+00
 1.91750E+01   2.14267E+00   1.04964E+00   5.42373E-01   1.16213E+00
 1.92250E+01   2.14275E+00   1.04967E+00   5.42450E-01   1.16233E+00
 1.92750E+01   2.14282E+00   1.04970E+00   5.42529E-01   1.16254E+00
 1.93250E+01   2.14290E+00   1.04972E+00   5.42610E-01   1.16276E+00
 1.93750E+01   2.14298E+00   1.04975E+00   5.42691E-01   1.16298E+00
 1.94250E+01   2.14307E+00   1.04978E+00   5.42773E-01   1.16320E+00
 1.94750E+01   2.14316E+00   1.04981E+00   5.42857E-01   1.16343E+00
 1.95250E+01   2.14325E+00   1.04984E+00   5.42942E-01   1.16366E+00
 1.95750E+01   2.14335E+00   1.04986E+00   5.43028E-01   1.16390E+00
 1.96250E+01   2.14346E+00   1.04989E+00   5.43115E-01   1.16414E+00
 1.96750E+01   2.14357E+00   1.04992E+00   5.43203E-01   1.16439E+00
 1.97250E+01   2.14368E+00   1.04995E+00   5.43293E-01   1.16465E+00
 1.97750E+01   2.14380E+00   1.04998E+00   5.43384E-01   1.16491E+00
 1.98250E+01   2.14393E+00   1.05001E+00   5.43477E-01   1.16518E+00
 1.98750E+01   2.14407E+00   1.05005E+00   5.43571E-01   1.16545E+00
 1.99250E+01   2.14421E+00   1.05008E+00   5.43666E-01   1.16573E+00
 1.99750E+01   2.14436E+00   1.05011E+00   5.43763E-01   1.16602E+00
 2.00250E+01   2.14451E+00   1.05014E+00   5.43862E-01   1.16632E+00
 2.00750E+01   2.14467E+00   1.05018E+00   5.43962E-01   1.16662E+00
 2.01250E+01   2.14484E+00   1.05021E+00   5.44064E-01   1.16693E+00
 2.01750E+01   2.14501E+00   1.05024E+00   5.44168E-01   1.16725E+00
 2.02250E+01   2.14520E+00   1.05028E+00   5.44274E-01   1.16757E+00
 2.02750E+01   2.14538E+00   1.05031E+00   5.44381E-01   1.16791E+00
 2.03250E+01   2.14558E+00   1.05035E+00   5.44491E-01   1.16825E+00
 2.03750E+01   2.14578E+00   1.05038E+00   5.44602E-01   1.16860E+00
 2.04250E+01   2.14599E+00   1.05042E+00   5.44715E-01   1.16895E+00
 2.04750E+01   2.14620E+00   1.05046E+00   5.44831E-01   1.16932E+00
 2.05250E+01   2.14642E+00   1.05049E+00   5.44949E-01   1.16969E+00
 2.05750E+01   2.14665E+00   1.05053E+00   5.45069E-01   1.17007E+00
 2.06250E+01   2.14688E+00   1.05057E+00   5.45191E-01   1.17046E+00
 2.06750E+01   2.14712E+00   1.05061E+00   5.45316E-01   1.17086E+00
 2.07250E+01   2.14736E+00   1.05065E+00   5.45443E-01   1.17126E+00
 2.07750E+01   2.14761E+00   1.05069E+00   5.45573E-01   1.17168E+00
 2.08250E+01   2.14787E+00   1.05073E+00   5.45705E-01   1.17210E+00
 2.08750E+01   2.14813E+00   1.05078E+00   5.45840E-01   1.17253E+00
 2.09250E+01   2.14839E+00   1.05082E+00   5.45978E-01   1.17298E+00
 2.09750E+01   2.14867E+00   1.05086E+00   5.46118E-01   1.17343E+00
 2.10250E+01   2.14894E+00   1.05091E+00   5.46261E-01   1.17388E+00
 2.10750E+01   2.14922E+00   1.05095E+00   5.46407E-01   1.17435E+00
 2.11250E+01   2.14951E+00   1.05100E+00   5.46556E-01   1.17483E+00
 2.11750E+01   2.14980E+00   1.05105E+00   5.46708E-01   1.17531E+00
 2.12250E+01   2.15009E+00   1.05109E+00   5.46863E-01   1.17580E+00
 2.12750E+01   2.15039E+00   1.05114E+00   5.47021E-01   1.17631E+00
 2.13250E+01   2.15069E+00   1.05119E+00   5.47183E-01   1.17682E+00
 2.13750E+01   2.15100E+00   1.05124E+00   5.47347E-01   1.17734E+00
 2.14250E+01   2.15130E+00   1.05129E+00   5.47515E-01   1.17787E+00
 2.14750E+01   2.15162E+00   1.05135E+00   5.47686E-01   1.17841E+00
 2.15250E+01   2.15194E+00   1.05140E+00   5.47861E-01   1.17896E+00
 2.15750E+01   2.15226E+00   1.05145E+00   5.48038E-01   1.17952E+00
 2.16250E+01   2.15258E+00   1.05151E+00   5.48220E-01   1.18009E+00
 2.16750E+01   2.15291E+00   1.05156E+00   5.48404E-01   1.18067E+00
 2.17250E+01   2.15325E+00   1.05162E+00   5.48592E-01   1.18126E+00
 2.17750E+01   2.15359E+00   1.05168E+00   5.48784E-01   1.18185E+00
 2.18250E+01   2.15393E+00   1.05173E+00   5.48979E-01   1.18246E+00
 2.18750E+01   2.15427E+00   1.05179E+00   5.49178E-01   1.18308E+00
 2.19250E+01   2.15462E+00   1.05185E+00   5.49380E-01   1.18371E+00
 2.19750E+01   2.15497E+00   1.05192E+00   5.49587E-01   1.18434E+00
 2.20250E+01   2.15533E+00   1.05198E+00   5.49796E-01   1.18499E+00
 2.20750E+01   2.15569E+00   1.05204E+00   5.50009E-01   1.18565E+00
 2.21250E+01   2.15605E+00   1.05210E+00   5.50226E-01   1.18632E+00
 2.21750E+01   2.15642E+00   1.05217E+00   5.50446E-01   1.18699E+00
 2.22250E+01   2.15679E+00   1.05224E+00   5.50670E-01   1.18768E+00
 2.22750E+01   2.15717E+00   1.05230E+00   5.50897E-01   1.18838E+00
 2.23250E+01   2.15755E+00   1.05237E+00   5.51127E-01   1.18909E+00
 2.23750E+01   2.15794E+00   1.05244E+00   5.51361E-01   1.18980E+00
 2.24250E+01   2.15833E+00   1.05251E+00   5.51597E-01   1.19053E+00
 2.24750E+01   2.15872E+00   1.05258E+00   5.51837E-01   1.19126E+00
 2.25250E+01   2.15911E+00   1.05265E+00   5.52079E-01   1.19200E+00
 2.25750E+01   2.15951E+00   1.05272E+00   5.52324E-01   1.19275E+00
 2.26250E+01   2.15992E+00   1.05279E+00   5.52572E-01   1.19351E+00
 2.26750E+01   2.16032E+00   1.05286E+00   5.52822E-01   1.19427E+00
 2.27250E+01   2.16073E+00   1.05294E+00   5.53074E-01   1.19505E+00
 2.27750E+01   2.16115E+00   1.05301E+00   5.53328E-01   1.19582E+00
 2.28250E+01   2.16156E+00   1.05309E+00   5.53584E-01   1.19661E+00
 2.28750E+01   2.16198E+00   1.05316E+00   5.53841E-01   1.19740E+00
 2.29250E+01   2.16240E+00   1.05324E+00   5.54100E-01   1.19819E+00
 2.29750E+01   2.16283E+00   1.05331E+00   5.54360E-01   1.19898E+00
 2.30250E+01   2.16325E+00   1.05339E+00   5.54620E-01   1.19978E+00
 2.30750E+01   2.16368E+00   1.05347E+00   5.54880E-01   1.20058E+00
 2.31250E+01   2.16411E+00   1.05354E+00   5.55141E-01   1.20139E+00
 2.31750E+01   2.16454E+00   1.05362E+00   5.55402E-01   1.20219E+00
 2.32250E+01   2.16496E+00   1.05369E+00   5.55662E-01   1.20299E+00
 2.32750E+01   2.16539E+00   1.05377E+00   5.55921E-01   1.20379E+00
 2.33250E+01   2.16582E+00   1.05385E+00   5.56179E-01   1.20458E+00
 2.33750E+01   2.16624E+00   1.05392E+00   5.56436E-01   1.20538E+00
 2.34250E+01   2.16667E+00   1.05400E+00   5.56691E-01   1.20616E+00
 2.34750E+01   2.16709E+00   1.05407E+00   5.56943E-01   1.20694E+00
 2.35250E+01   2.16750E+00   1.05415E+00   5.57193E-01   1.20772E+00
 2.35750E+01   2.16791E+00   1.05422E+00   5.57439E-01   1.20848E+00
 2.36250E+01   2.16832E+00   1.05429E+00   5.57682E-01   1.20923E+00
 2.36750E+01   2.16872E+00   1.05436E+00   5.57920E-01   1.20997E+00
 2.37250E+01   2.16911E+00   1.05443E+00   5.58154E-01   1.21070E+00
 2.37750E+01   2.16949E+00   1.05450E+00   5.58383E-01   1.21141E+00
 2.38250E+01   2.16987E+00   1.05457E+00   5.58607E-01   1.21210E+00
 2.38750E+01   2.17023E+00   1.05464E+00   5.58824E-01   1.21278E+00
 2.39250E+01   2.17058E+00   1.05470E+00   5.59035E-01   1.21343E+00
 2.39750E+01   2.17093E+00   1.05476E+00   5.59238E-01   1.21406E+00
 2.40250E+01   2.17125E+00   1.05483E+00   5.59435E-01   1.21467E+00
 2.40750E+01   2.17157E+00   1.05488E+00   5.59623E-01   1.21526E+00
 2.41250E+01   2.17187E+00   1.05494E+00   5.59802E-01   1.21582E+00
 2.41750E+01   2.17215E+00   1.05500E+00   5.59973E-01   1.21634E+00
 2.42250E+01   2.17241E+00   1.05505E+00   5.60134E-01   1.21684E+00
 2.42750E+01   2.17266E+00   1.05510E+00   5.60285E-01   1.21731E+00
 2.43250E+01   2.17289E+00   1.05515E+00   5.60426E-01   1.21774E+00
 2.43750E+01   2.17309E+00   1.05519E+00   5.60555E-01   1.21814E+00
 2.44250E+01   2.17328E+00   1.05524E+00   5.60674E-01   1.21850E+00
 2.44750E+01   2.17344E+00   1.05527E+00   5.60780E-01   1.21882E+00
 2.45250E+01   2.17358E+00   1.05531E+00   5.60874E-01   1.21910E+00
 2.45750E+01   2.17370E+00   1.05534E+00   5.60955E-01   1.21935E+00
 2.46250E+01   2.17379E+00   1.05537E+00   5.61023E-01   1.21955E+00
 2.46750E+01   2.17385E+00   1.05540E+00   5.61078E-01   1.21970E+00
 2.47250E+01   2.17389E+00   1.05542E+00   5.61119E-01   1.21981E+00
 2.47750E+01   2.17390E+00   1.05544E+00   5.61146E-01   1.21988E+00
 2.48250E+01   2.17389E+00   1.05546E+00   5.61158E-01   1.21990E+00
 2.48750E+01   2.17384E+00   1.05547E+00   5.61155E-01   1.21986E+00
 2.49250E+01   2.17377E+00   1.05548E+00   5.61138E-01   1.21978E+00
 2.49750E+01   2.17367E+00   1.05548E+00   5.61105E-01   1.21966E+00
 2.50250E+01   2.17354E+00   1.05548E+00   5.61057E-01   1.21948E+00
 2.50750E+01   2.17337E+00   1.05548E+00   5.60993E-01   1.21925E+00
 2.51250E+01   2.17318E+00   1.05547E+00   5.60914E-01   1.21897E+00
 2.51750E+01   2.17296E+00   1.05546E+00   5.60819E-01   1.21864E+00
 2.52250E+01   2.17270E+00   1.05544E+00   5.60708E-01   1.21825E+00
 2.52750E+01   2.17242E+00   1.05542E+00   5.60581E-01   1.21782E+00
 2.53250E+01   2.17211E+00   1.05540E+00   5.60440E-01   1.21734E+00
 2.53750E+01   2.17177E+00   1.05537E+00   5.60282E-01   1.21680E+00
 2.54250E+01   2.17139E+00   1.05534E+00   5.60110E-01   1.21622E+00
 2.54750E+01   2.17099E+00   1.05530E+00   5.59922E-01   1.21559E+00
 2.55250E+01   2.17056E+00   1.05526E+00   5.59720E-01   1.21491E+00
 2.55750E+01   2.17010E+00   1.05521E+00   5.59503E-01   1.21418E+00
 2.56250E+01   2.16962E+00   1.05517E+00   5.59272E-01   1.21341E+00
 2.56750E+01   2.16911E+00   1.05511E+00   5.59027E-01   1.21259E+00
 2.57250E+01   2.16857E+00   1.05506E+00   5.58769E-01   1.21173E+00
 2.57750E+01   2.16801E+00   1.05500E+00   5.58497E-01   1.21083E+00
 2.58250E+01   2.16743E+00   1.05494E+00   5.58214E-01   1.20989E+00
 2.58750E+01   2.16682E+00   1.05487E+00   5.57919E-01   1.20891E+00
 2.59250E+01   2.16620E+00   1.05480E+00   5.57613E-01   1.20790E+00
 2.59750E+01   2.16555E+00   1.05473E+00   5.57296E-01   1.20685E+00
 2.60250E+01   2.16489E+00   1.05466E+00   5.56969E-01   1.20578E+00
 2.60750E+01   2.16421E+00   1.05458E+00   5.56633E-01   1.20467E+00
 2.61250E+01   2.16351E+00   1.05450E+00   5.56288E-01   1.20354E+00
 2.61750E+01   2.16280E+00   1.05442E+00   5.55935E-01   1.20238E+00
 2.62250E+01   2.16208E+00   1.05434E+00   5.55575E-01   1.20120E+00
 2.62750E+01   2.16135E+00   1.05426E+00   5.55209E-01   1.20000E+00
 2.63250E+01   2.16060E+00   1.05417E+00   5.54838E-01   1.19878E+00
 2.63750E+01   2.15985E+00   1.05408E+00   5.54461E-01   1.19755E+00
 2.64250E+01   2.15909E+00   1.05399E+00   5.54080E-01   1.19631E+00
 2.64750E+01   2.15833E+00   1.05390E+00   5.53697E-01   1.19506E+00
 2.65250E+01   2.15757E+00   1.05381E+00   5.53310E-01   1.19380E+00
 2.65750E+01   2.15680E+00   1.05372E+00   5.52921E-01   1.19254E+00
 2.66250E+01   2.15603E+00   1.05363E+00   5.52532E-01   1.19127E+00
 2.66750E+01   2.15526E+00   1.05353E+00   5.52142E-01   1.19001E+00
 2.67250E+01   2.15450E+00   1.05344E+00   5.51752E-01   1.18875E+00
 2.67750E+01   2.15374E+00   1.05335E+00   5.51364E-01   1.18749E+00
 2.68250E+01   2.15298E+00   1.05326E+00   5.50977E-01   1.18624E+00
 2.68750E+01   2.15223E+00   1.05317E+00   5.50593E-01   1.18500E+00
 2.69250E+01   2.15149E+00   1.05308E+00   5.50212E-01   1.18377E+00
 2.69750E+01   2.15076E+00   1.05299E+00   5.49835E-01   1.18256E+00
 2.70250E+01   2.15003E+00   1.05290E+00   5.49462E-01   1.18136E+00
 2.70750E+01   2.14932E+00   1.05281E+00   5.49094E-01   1.18018E+00
 2.71250E+01   2.14862E+00   1.05272E+00   5.48732E-01   1.17902E+00
 2.71750E+01   2.14794E+00   1.05264E+00   5.48376E-01   1.17788E+00
 2.72250E+01   2.14727E+00   1.05256E+00   5.48027E-01   1.17676E+00
 2.72750E+01   2.14661E+00   1.05248E+00   5.47685E-01   1.17566E+00
 2.73250E+01   2.14597E+00   1.05240E+00   5.47350E-01   1.17459E+00
 2.73750E+01   2.14534E+00   1.05232E+00   5.47023E-01   1.17355E+00
 2.74250E+01   2.14473E+00   1.05224E+00   5.46704E-01   1.17253E+00
 2.74750E+01   2.14414E+00   1.05217E+00   5.46393E-01   1.17154E+00
 2.75250E+01   2.14357E+00   1.05210E+00   5.46091E-01   1.17058E+00
 2.75750E+01   2.14301E+00   1.05203E+00   5.45798E-01   1.16965E+00
 2.76250E+01   2.14247E+00   1.05196E+00   5.45513E-01   1.16875E+00
 2.76750E+01   2.14195E+00   1.05190E+00   5.45239E-01   1.16787E+00
 2.77250E+01   2.14145E+00   1.05184E+00   5.44973E-01   1.16703E+00
 2.77750E+01   2.14096E+00   1.05178E+00   5.44717E-01   1.16622E+00
 2.78250E+01   2.14050E+00   1.05172E+00   5.44471E-01   1.16544E+00
 2.78750E+01   2.14005E+00   1.05167E+00   5.44233E-01   1.16469E+00
 2.79250E+01   2.13963E+00   1.05161E+00   5.44006E-01   1.16397E+00
 2.79750E+01   2.13922E+00   1.05157E+00   5.43788E-01   1.16328E+00
 2.80250E+01   2.13883E+00   1.05152E+00   5.43579E-01   1.16262E+00
 2.80750E+01   2.13845E+00   1.05147E+00   5.43380E-01   1.16199E+00
 2.81250E+01   2.13810E+00   1.05143E+00   5.43191E-01   1.16140E+00
 2.81750E+01   2.13776E+00   1.05139E+00   5.43010E-01   1.16083E+00
 2.82250E+01   2.13744E+00   1.05136E+00   5.42840E-01   1.16029E+00
 2.82750E+01   2.13713E+00   1.05132E+00   5.42678E-01   1.15978E+00
 2.83250E+01   2.13685E+00   1.05129E+00   5.42524E-01   1.15929E+00
 2.83750E+01   2.13658E+00   1.05126E+00   5.42379E-01   1.15883E+00
 2.84250E+01   2.13632E+00   1.05123E+00   5.42243E-01   1.15841E+00
 2.84750E+01   2.13608E+00   1.05121E+00   5.42116E-01   1.15800E+00
 2.85250E+01   2.13585E+00   1.05119E+00   5.41996E-01   1.15762E+00
 2.85750E+01   2.13564E+00   1.05117E+00   5.41884E-01   1.15727E+00
 2.86250E+01   2.13544E+00   1.05115E+00   5.41781E-01   1.15694E+00
 2.86750E+01   2.13526E+00   1.05113E+00   5.41685E-01   1.15664E+00
 2.87250E+01   2.13509E+00   1.05112E+00   5.41596E-01   1.15636E+00
 2.87750E+01   2.13493E+00   1.05110E+00   5.41514E-01   1.15609E+00
 2.88250E+01   2.13478E+00   1.05109E+00   5.41439E-01   1.15586E+00
 2.88750E+01   2.13465E+00   1.05108E+00   5.41371E-01   1.15564E+00
 2.89250E+01   2.13453E+00   1.05108E+00   5.41309E-01   1.15544E+00
 2.89750E+01   2.13441E+00   1.05107E+00   5.41254E-01   1.15526E+00
 2.90250E+01   2.13431E+00   1.05107E+00   5.41204E-01   1.15510E+00
 2.90750E+01   2.13422E+00   1.05107E+00   5.41160E-01   1.15496E+00
 2.91250E+01   2.13414E+00   1.05107E+00   5.41122E-01   1.15483E+00
 2.91750E+01   2.13407E+00   1.05107E+00   5.41089E-01   1.15472E+00
 2.92250E+01   2.13400E+00   1.05107E+00   5.41062E-01   1.15463E+00
 2.92750E+01   2.13395E+00   1.05108E+00   5.41039E-01   1.15455E+00
 2.93250E+01   2.13390E+00   1.05108E+00   5.41021E-01   1.15449E+00
 2.93750E+01   2.13387E+00   1.05109E+00   5.41008E-01   1.15444E+00
 2.94250E+01   2.13383E+00   1.05110E+00   5.40999E-01   1.15440E+00
 2.94750E+01   2.13381E+00   1.05111E+00   5.40994E-01   1.15438E+00
 2.95250E+01   2.13379E+00   1.05112E+00   5.40994E-01   1.15437E+00
 2.95750E+01   2.13378E+00   1.05113E+00   5.40997E-01   1.15437E+00
 2.96250E+01   2.13378E+00   1.05114E+00   5.41004E-01   1.15438E+00
 2.96750E+01   2.13378E+00   1.05116E+00   5.41015E-01   1.15441E+00
 2.97250E+01   2.13379E+00   1.05117E+00   5.41030E-01   1.15444E+00
 2.97750E+01   2.13381E+00   1.05119E+00   5.41047E-01   1.15449E+00
 2.98250E+01   2.13383E+00   1.05120E+00   5.41068E-01   1.15455E+00
 2.98750E+01   2.13385E+00   1.05122E+00   5.41092E-01   1.15461E+00
 2.99250E+01   2.13388E+00   1.05124E+00   5.41119E-01   1.15469E+00
 2.99750E+01   2.13392E+00   1.05126E+00   5.41149E-01   1.15477E+00
 3.00250E+01   2.13396E+00   1.05128E+00   5.41181E-01   1.15486E+00
 3.00750E+01   2.13401E+00   1.05130E+00   5.41216E-01   1.15496E+00
 3.01250E+01   2.13406E+00   1.05133E+00   5.41254E-01   1.15507E+00
 3.01750E+01   2.13411E+00   1.05135E+00   5.41294E-01   1.15518E+00
 3.02250E+01   2.13417E+00   1.05137E+00   5.41336E-01   1.15530E+00
 3.02750E+01   2.13423E+00   1.05140E+00   5.41381E-01   1.15543E+00
 3.03250E+01   2.13430E+00   1.05142E+00   5.41427E-01   1.15557E+00
 3.03750E+01   2.13437E+00   1.05145E+00   5.41476E-01   1.15571E+00
 3.04250E+01   2.13444E+00   1.05148E+00   5.41526E-01   1.15586E+00
 3.04750E+01   2.13452E+00   1.05151E+00   5.41579E-01   1.15601E+00
 3.05250E+01   2.13460E+00   1.05153E+00   5.41633E-01   1.15617E+00
 3.05750E+01   2.13468E+00   1.05156E+00   5.41690E-01   1.15634E+00
 3.06250E+01   2.13477E+00   1.05159E+00   5.41748E-01   1.15651E+00
 3.06750E+01   2.13486E+00   1.05162E+00   5.41807E-01   1.15668E+00
 3.07250E+01   2.13496E+00   1.05165E+00   5.41869E-01   1.15687E+00
 3.07750E+01   2.13505E+00   1.05169E+00   5.41932E-01   1.15705E+00
 3.08250E+01   2.13516E+00   1.05172E+00   5.41997E-01   1.15725E+00
 3.08750E+01   2.13526E+00   1.05175E+00   5.42063E-01   1.15744E+00
 3.09250E+01   2.13537E+00   1.05178E+00   5.42131E-01   1.15765E+00
 3.09750E+01   2.13547E+00   1.05182E+00   5.42200E-01   1.15785E+00
 3.10250E+01   2.13559E+00   1.05185E+00   5.42271E-01   1.15807E+00
 3.10750E+01   2.13570E+00   1.05189E+00   5.42343E-01   1.15828E+00
 3.11250E+01   2.13582E+00   1.05192E+00   5.42417E-01   1.15850E+00
 3.11750E+01   2.13594E+00   1.05196E+00   5.42492E-01   1.15873E+00
 3.12250E+01   2.13606E+00   1.05200E+00   5.42569E-01   1.15896E+00
 3.12750E+01   2.13619E+00   1.05203E+00   5.42647E-01   1.15920E+00
 3.13250E+01   2.13632E+00   1.05207E+00   5.42727E-01   1.15944E+00
 3.13750E+01   2.13645E+00   1.05211E+00   5.42808E-01   1.15968E+00
 3.14250E+01   2.13658E+00   1.05215E+00   5.42891E-01   1.15993E+00
 3.14750E+01   2.13672E+00   1.05219E+00   5.42975E-01   1.16019E+00
 3.15250E+01   2.13686E+00   1.05223E+00   5.43061E-01   1.16045E+00
 3.15750E+01   2.13700E+00   1.05227E+00   5.43149E-01   1.16071E+00
 3.16250E+01   2.13715E+00   1.05232E+00   5.43238E-01   1.16098E+00
 3.16750E+01   2.13729E+00   1.05236E+00   5.43329E-01   1.16125E+00
 3.17250E+01   2.13744E+00   1.05240E+00   5.43421E-01   1.16153E+00
 3.17750E+01   2.13760E+00   1.05245E+00   5.43515E-01   1.16182E+00
 3.18250E+01   2.13775E+00   1.05249E+00   5.43611E-01   1.16211E+00
 3.18750E+01   2.13791E+00   1.05254E+00   5.43708E-01   1.16240E+00
 3.19250E+01   2.13807E+00   1.05259E+00   5.43808E-01   1.16270E+00
 3.19750E+01   2.13823E+00   1.05263E+00   5.43908E-01   1.16300E+00
 3.20250E+01   2.13840E+00   1.05268E+00   5.44011E-01   1.16331E+00
 3.20750E+01   2.13857E+00   1.05273E+00   5.44116E-01   1.16363E+00
 3.21250E+01   2.13874E+00   1.05278E+00   5.44222E-01   1.16395E+00
 3.21750E+01   2.13891E+00   1.05283E+00   5.44330E-01   1.16427E+00
 3.22250E+01   2.13909E+00   1.05288E+00   5.44440E-01   1.16460E+00
 3.22750E+01   2.13927E+00   1.05294E+00   5.44553E-01   1.16494E+00
 3.23250E+01   2.13945E+00   1.05299E+00   5.44667E-01   1.16529E+00
 3.23750E+01   2.13963E+00   1.05304E+00   5.44783E-01   1.16564E+00
 3.24250E+01   2.13982E+00   1.05310E+00   5.44902E-01   1.16599E+00
 3.24750E+01   2.14001E+00   1.05315E+00   5.45023E-01   1.16635E+00
 3.25250E+01   2.14020E+00   1.05321E+00   5.45146E-01   1.16672E+00
 3.25750E+01   2.14039E+00   1.05327E+00   5.45271E-01   1.16709E+00
 3.26250E+01   2.14059E+00   1.05333E+00   5.45398E-01   1.16747E+00
 3.26750E+01   2.14079E+00   1.05339E+00   5.45527E-01   1.16786E+00
 3.27250E+01   2.14100E+00   1.05345E+00   5.45659E-01   1.16825E+00
 3.27750E+01   2.14120E+00   1.05351E+00   5.45793E-01   1.16865E+00
 3.28250E+01   2.14141E+00   1.05357E+00   5.45930E-01   1.16906E+00
 3.28750E+01   2.14162E+00   1.05364E+00   5.46069E-01   1.16947E+00
 3.29250E+01   2.14183E+00   1.05370E+00   5.46210E-01   1.16989E+00
 3.29750E+01   2.14205E+00   1.05377E+00   5.46354E-01   1.17032E+00
 3.30250E+01   2.14227E+00   1.05383E+00   5.46501E-01   1.17075E+00
 3.30750E+01   2.14249E+00   1.05390E+00   5.46650E-01   1.17119E+00
 3.31250E+01   2.14272E+00   1.05397E+00   5.46801E-01   1.17164E+00
 3.31750E+01   2.14295E+00   1.05404E+00   5.46955E-01   1.17209E+00
 3.32250E+01   2.14318E+00   1.05411E+00   5.47111E-01   1.17256E+00
 3.32750E+01   2.14341E+00   1.05418E+00   5.47270E-01   1.17302E+00
 3.33250E+01   2.14364E+00   1.05425E+00   5.47432E-01   1.17350E+00
 3.33750E+01   2.14388E+00   1.05433E+00   5.47595E-01   1.17398E+00
 3.34250E+01   2.14412E+00   1.05440E+00   5.47762E-01   1.17447E+00
 3.34750E+01   2.14437E+00   1.05448E+00   5.47931E-01   1.17496E+00
 3.35250E+01   2.14461E+00   1.05456E+00   5.48102E-01   1.17547E+00
 3.35750E+01   2.14486E+00   1.05463E+00   5.48276E-01   1.17598E+00
 3.36250E+01   2.14511E+00   1.05471E+00   5.48452E-01   1.17649E+00
 3.36750E+01   2.14537E+00   1.05479E+00   5.48631E-01   1.17701E+00
 3.37250E+01   2.14562E+00   1.05488E+00   5.48812E-01   1.17754E+00
 3.37750E+01   2.14588E+00   1.05496E+00   5.48995E-01   1.17808E+00
 3.38250E+01   2.14614E+00   1.05504E+00   5.49181E-01   1.17862E+00
 3.38750E+01   2.14640E+00   1.05513E+00   5.49368E-01   1.17916E+00
 3.39250E+01   2.14666E+00   1.05521E+00   5.49558E-01   1.17972E+00
 3.39750E+01   2.14693E+00   1.05530E+00   5.49750E-01   1.18027E+00
 3.40250E+01   2.14719E+00   1.05539E+00   5.49944E-01   1.18084E+00
 3.40750E+01   2.14746E+00   1.05547E+00   5.50140E-01   1.18140E+00
 3.41250E+01   2.14773E+00   1.05556E+00   5.50337E-01   1.18197E+00
 3.41750E+01   2.14800E+00   1.05565E+00   5.50536E-01   1.18255E+00
 3.42250E+01   2.14827E+00   1.05575E+00   5.50736E-01   1.18313E+00
 3.42750E+01   2.14854E+00   1.05584E+00   5.50938E-01   1.18371E+00
 3.43250E+01   2.14881E+00   1.05593E+00   5.51142E-01   1.18430E+00
 3.43750E+01   2.14908E+00   1.05602E+00   5.51346E-01   1.18489E+00
 3.44250E+01   2.14935E+00   1.05612E+00   5.51552E-01   1.18548E+00
 3.44750E+01   2.14962E+00   1.05621E+00   5.51759E-01   1.18607E+00
 3.45250E+01   2.14989E+00   1.05631E+00   5.51966E-01   1.18666E+00
 3.45750E+01   2.15015E+00   1.05641E+00   5.52174E-01   1.18726E+00
 3.46250E+01   2.15042E+00   1.05651E+00   5.52383E-01   1.18785E+00
 3.46750E+01   2.15068E+00   1.05660E+00   5.52591E-01   1.18845E+00
 3.47250E+01   2.15094E+00   1.05670E+00   5.52800E-01   1.18904E+00
 3.47750E+01   2.15120E+00   1.05680E+00   5.53008E-01   1.18963E+00
 3.48250E+01   2.15146E+00   1.05690E+00   5.53216E-01   1.19022E+00
 3.48750E+01   2.15171E+00   1.05700E+00   5.53423E-01   1.19081E+00
 3.49250E+01   2.15196E+00   1.05710E+00   5.53629E-01   1.19139E+00
 3.49750E+01   2.15221E+00   1.05720E+00   5.53834E-01   1.19196E+00
 3.50250E+01   2.15245E+00   1.05731E+00   5.54038E-01   1.19254E+00
 3.50750E+01   2.15268E+00   1.05741E+00   5.54240E-01   1.19310E+00
 3.51250E+01   2.15291E+00   1.05751E+00   5.54441E-01   1.19366E+00
 3.51750E+01   2.15314E+00   1.05761E+00   5.54639E-01   1.19421E+00
 3.52250E+01   2.15335E+00   1.05771E+00   5.54835E-01   1.19476E+00
 3.52750E+01   2.15356E+00   1.05782E+00   5.55028E-01   1.19529E+00
 3.53250E+01   2.15377E+00   1.05792E+00   5.55219E-01   1.19581E+00
 3.53750E+01   2.15396E+00   1.05802E+00   5.55406E-01   1.19632E+00
 3.54250E+01   2.15415E+00   1.05812E+00   5.55589E-01   1.19682E+00
 3.54750E+01   2.15433E+00   1.05823E+00   5.55769E-01   1.19731E+00
 3.55250E+01   2.15450E+00   1.05833E+00   5.55945E-01   1.19778E+00
 3.55750E+01   2.15466E+00   1.05843E+00   5.56116E-01   1.19824E+00
 3.56250E+01   2.15481E+00   1.05853E+00   5.56283E-01   1.19868E+00
 3.56750E+01   2.15494E+00   1.05863E+00   5.56444E-01   1.19911E+00
 3.57250E+01   2.15507E+00   1.05873E+00   5.56600E-01   1.19951E+00
 3.57750E+01   2.15518E+00   1.05883E+00   5.56751E-01   1.19990E+00
 3.58250E+01   2.15528E+00   1.05892E+00   5.56896E-01   1.20027E+00
 3.58750E+01   2.15537E+00   1.05902E+00   5.57034E-01   1.20061E+00
 3.59250E+01   2.15544E+00   1.05912E+00   5.57166E-01   1.20094E+00
 3.59750E+01   2.15550E+00   1.05921E+00   5.57291E-01   1.20124E+00
 3.60250E+01   2.15555E+00   1.05931E+00   5.57409E-01   1.20152E+00
 3.60750E+01   2.15558E+00   1.05940E+00   5.57520E-01   1.20178E+00
 3.61250E+01   2.15559E+00   1.05949E+00   5.57623E-01   1.20201E+00
 3.61750E+01   2.15559E+00   1.05958E+00   5.57718E-01   1.20221E+00
 3.62250E+01   2.15557E+00   1.05967E+00   5.57804E-01   1.20238E+00
 3.62750E+01   2.15553E+00   1.05976E+00   5.57882E-01   1.20253E+00
 3.63250E+01   2.15548E+00   1.05984E+00   5.57951E-01   1.20265E+00
 3.63750E+01   2.15540E+00   1.05993E+00   5.58012E-01   1.20274E+00
 3.64250E+01   2.15531E+00   1.06001E+00   5.58062E-01   1.20280E+00
 3.64750E+01   2.15520E+00   1.06009E+00   5.58104E-01   1.20283E+00
 3.65250E+01   2.15507E+00   1.06017E+00   5.58136E-01   1.20282E+00
 3.65750E+01   2.15492E+00   1.06025E+00   5.58158E-01   1.20279E+00
 3.66250E+01   2.15475E+00   1.06032E+00   5.58170E-01   1.20272E+00
 3.66750E+01   2.15456E+00   1.06040E+00   5.58172E-01   1.20262E+00
 3.67250E+01   2.15435E+00   1.06047E+00   5.58163E-01   1.20248E+00
 3.67750E+01   2.15412E+00   1.06054E+00   5.58144E-01   1.20231E+00
 3.68250E+01   2.15387E+00   1.06060E+00   5.58113E-01   1.20210E+00
 3.68750E+01   2.15359E+00   1.06067E+00   5.58073E-01   1.20186E+00
 3.69250E+01   2.15329E+00   1.06073E+00   5.58021E-01   1.20158E+00
 3.69750E+01   2.15298E+00   1.06079E+00   5.57958E-01   1.20127E+00
 3.70250E+01   2.15264E+00   1.06085E+00   5.57885E-01   1.20092E+00
 3.70750E+01   2.15227E+00   1.06090E+00   5.57801E-01   1.20054E+00
 3.71250E+01   2.15189E+00   1.06096E+00   5.57706E-01   1.20012E+00
 3.71750E+01   2.15148E+00   1.06101E+00   5.57600E-01   1.19967E+00
 3.72250E+01   2.15106E+00   1.06106E+00   5.57483E-01   1.19918E+00
 3.72750E+01   2.15061E+00   1.06110E+00   5.57355E-01   1.19865E+00
 3.73250E+01   2.15014E+00   1.06115E+00   5.57217E-01   1.19810E+00
 3.73750E+01   2.14965E+00   1.06119E+00   5.57068E-01   1.19750E+00
 3.74250E+01   2.14915E+00   1.06123E+00   5.56909E-01   1.19688E+00
 3.74750E+01   2.14862E+00   1.06126E+00   5.56740E-01   1.19622E+00
 3.75250E+01   2.14807E+00   1.06130E+00   5.56561E-01   1.19553E+00
 3.75750E+01   2.14750E+00   1.06133E+00   5.56373E-01   1.19481E+00
 3.76250E+01   2.14691E+00   1.06136E+00   5.56175E-01   1.19406E+00
 3.76750E+01   2.14631E+00   1.06139E+00   5.55968E-01   1.19328E+00
 3.77250E+01   2.14569E+00   1.06142E+00   5.55753E-01   1.19247E+00
 3.77750E+01   2.14505E+00   1.06144E+00   5.55529E-01   1.19164E+00
 3.78250E+01   2.14440E+00   1.06146E+00   5.55296E-01   1.19077E+00
 3.78750E+01   2.14372E+00   1.06148E+00   5.55057E-01   1.18989E+00
 3.79250E+01   2.14304E+00   1.06150E+00   5.54809E-01   1.18898E+00
 3.79750E+01   2.14234E+00   1.06152E+00   5.54555E-01   1.18805E+00
 3.80250E+01   2.14163E+00   1.06153E+00   5.54295E-01   1.18709E+00
 3.80750E+01   2.14091E+00   1.06155E+00   5.54028E-01   1.18612E+00
 3.81250E+01   2.14017E+00   1.06156E+00   5.53755E-01   1.18513E+00
 3.81750E+01   2.13942E+00   1.06157E+00   5.53478E-01   1.18412E+00
 3.82250E+01   2.13867E+00   1.06158E+00   5.53196E-01   1.18310E+00
 3.82750E+01   2.13790E+00   1.06159E+00   5.52909E-01   1.18207E+00
 3.83250E+01   2.13713E+00   1.06160E+00   5.52618E-01   1.18102E+00
 3.83750E+01   2.13635E+00   1.06161E+00   5.52325E-01   1.17996E+00
 3.84250E+01   2.13557E+00   1.06161E+00   5.52028E-01   1.17889E+00
 3.84750E+01   2.13478E+00   1.06162E+00   5.51729E-01   1.17782E+00
 3.85250E+01   2.13398E+00   1.06162E+00   5.51428E-01   1.17674E+00
 3.85750E+01   2.13319E+00   1.06163E+00   5.51126E-01   1.17565E+00
 3.86250E+01   2.13239E+00   1.06163E+00   5.50823E-01   1.17457E+00
 3.86750E+01   2.13159E+00   1.06164E+00   5.50519E-01   1.17348E+00
 3.87250E+01   2.13079E+00   1.06164E+00   5.50216E-01   1.17239E+00
 3.87750E+01   2.12999E+00   1.06165E+00   5.49913E-01   1.17131E+00
 3.88250E+01   2.12919E+00   1.06165E+00   5.49610E-01   1.17023E+00
 3.88750E+01   2.12839E+00   1.06166E+00   5.49310E-01   1.16915E+00
 3.89250E+01   2.12760E+00   1.06166E+00   5.49010E-01   1.16808E+00
 3.89750E+01   2.12682E+00   1.06167E+00   5.48713E-01   1.16701E+00
 3.90250E+01   2.12603E+00   1.06167E+00   5.48419E-01   1.16596E+00
 3.90750E+01   2.12526E+00   1.06168E+00   5.48128E-01   1.16491E+00
 3.91250E+01   2.12449E+00   1.06169E+00   5.47840E-01   1.16388E+00
 3.91750E+01   2.12373E+00   1.06170E+00   5.47556E-01   1.16286E+00
 3.92250E+01   2.12297E+00   1.06171E+00   5.47275E-01   1.16185E+00
 3.92750E+01   2.12223E+00   1.06172E+00   5.47000E-01   1.16086E+00
 3.93250E+01   2.12149E+00   1.06173E+00   5.46728E-01   1.15988E+00
 3.93750E+01   2.12077E+00   1.06175E+00   5.46462E-01   1.15892E+00
 3.94250E+01   2.12005E+00   1.06176E+00   5.46200E-01   1.15797E+00
 3.94750E+01   2.11935E+00   1.06178E+00   5.45944E-01   1.15705E+00
 3.95250E+01   2.11866E+00   1.06179E+00   5.45694E-01   1.15614E+00
 3.95750E+01   2.11798E+00   1.06181E+00   5.45449E-01   1.15525E+00
 3.96250E+01   2.11731E+00   1.06183E+00   5.45211E-01   1.15438E+00
 3.96750E+01   2.11666E+00   1.06186E+00   5.44978E-01   1.15353E+00
 3.97250E+01   2.11601E+00   1.06188E+00   5.44751E-01   1.15270E+00
 3.97750E+01   2.11539E+00   1.06191E+00   5.44530E-01   1.15189E+00
 3.98250E+01   2.11477E+00   1.06193E+00   5.44316E-01   1.15110E+00
 3.98750E+01   2.11417E+00   1.06196E+00   5.44109E-01   1.15034E+00
 3.99250E+01   2.11358E+00   1.06200E+00   5.43908E-01   1.14960E+00
 3.99750E+01   2.11301E+00   1.06203E+00   5.43714E-01   1.14887E+00
 4.00250E+01   2.11245E+00   1.06206E+00   5.43526E-01   1.14817E+00
 4.00750E+01   2.11191E+00   1.06210E+00   5.43345E-01   1.14750E+00
 4.01250E+01   2.11138E+00   1.06214E+00   5.43171E-01   1.14684E+00
 4.01750E+01   2.11087E+00   1.06218E+00   5.43004E-01   1.14621E+00
 4.02250E+01   2.11037E+00   1.06222E+00   5.42843E-01   1.14560E+00
 4.02750E+01   2.10988E+00   1.06226E+00   5.42688E-01   1.14501E+00
 4.03250E+01   2.10941E+00   1.06231E+00   5.42540E-01   1.14444E+00
 4.03750E+01   2.10895E+00   1.06236E+00   5.42399E-01   1.14389E+00
 4.04250E+01   2.10851E+00   1.06241E+00   5.42265E-01   1.14337E+00
 4.04750E+01   2.10808E+00   1.06246E+00   5.42137E-01   1.14287E+00
 4.05250E+01   2.10767E+00   1.06251E+00   5.42015E-01   1.14239E+00
 4.05750E+01   2.10727E+00   1.06256E+00   5.41900E-01   1.14193E+00
 4.06250E+01   2.10688E+00   1.06262E+00   5.41791E-01   1.14149E+00
 4.06750E+01   2.10651E+00   1.06268E+00   5.41688E-01   1.14107E+00
 4.07250E+01   2.10614E+00   1.06273E+00   5.41591E-01   1.14067E+00
 4.07750E+01   2.10580E+00   1.06279E+00   5.41500E-01   1.14029E+00
 4.08250E+01   2.10546E+00   1.06286E+00   5.41414E-01   1.13993E+00
 4.08750E+01   2.10514E+00   1.06292E+00   5.41335E-01   1.13959E+00
 4.09250E+01   2.10483E+00   1.06298E+00   5.41261E-01   1.13926E+00
 4.09750E+01   2.10453E+00   1.06305E+00   5.41193E-01   1.13896E+00
 4.10250E+01   2.10424E+00   1.06311E+00   5.41131E-01   1.13867E+00
 4.10750E+01   2.10397E+00   1.06318E+00   5.41074E-01   1.13840E+00
 4.11250E+01   2.10370E+00   1.06325E+00   5.41022E-01   1.13815E+00
 4.11750E+01   2.10345E+00   1.06332E+00   5.40976E-01   1.13792E+00
 4.12250E+01   2.10321E+00   1.06339E+00   5.40934E-01   1.13770E+00
 4.12750E+01   2.10297E+00   1.06346E+00   5.40898E-01   1.13749E+00
 4.13250E+01   2.10275E+00   1.06354E+00   5.40867E-01   1.13731E+00
 4.13750E+01   2.10254E+00   1.06361E+00   5.40840E-01   1.13714E+00
 4.14250E+01   2.10233E+00   1.06369E+00   5.40818E-01   1.13698E+00
 4.14750E+01   2.10213E+00   1.06376E+00   5.40802E-01   1.13684E+00
 4.15250E+01   2.10195E+00   1.06384E+00   5.40789E-01   1.13671E+00
 4.15750E+01   2.10177E+00   1.06391E+00   5.40782E-01   1.13660E+00
 4.16250E+01   2.10160E+00   1.06399E+00   5.40779E-01   1.13650E+00
 4.16750E+01   2.10144E+00   1.06407E+00   5.40780E-01   1.13641E+00
 4.17250E+01   2.10128E+00   1.06415E+00   5.40786E-01   1.13634E+00
 4.17750E+01   2.10114E+00   1.06423E+00   5.40796E-01   1.13629E+00
 4.18250E+01   2.10100E+00   1.06430E+00   5.40810E-01   1.13624E+00
 4.18750E+01   2.10086E+00   1.06438E+00   5.40829E-01   1.13621E+00
 4.19250E+01   2.10074E+00   1.06446E+00   5.40851E-01   1.13619E+00
 4.19750E+01   2.10062E+00   1.06454E+00   5.40878E-01   1.13618E+00
 4.20250E+01   2.10051E+00   1.06463E+00   5.40908E-01   1.13618E+00
 4.20750E+01   2.10040E+00   1.06471E+00   5.40943E-01   1.13620E+00
 4.21250E+01   2.10030E+00   1.06479E+00   5.40982E-01   1.13622E+00
 4.21750E+01   2.10020E+00   1.06487E+00   5.41024E-01   1.13626E+00
 4.22250E+01   2.10011E+00   1.06495E+00   5.41071E-01   1.13631E+00
 4.22750E+01   2.10003E+00   1.06503E+00   5.41121E-01   1.13637E+00
 4.23250E+01   2.09995E+00   1.06511E+00   5.41174E-01   1.13644E+00
 4.23750E+01   2.09988E+00   1.06519E+00   5.41231E-01   1.13652E+00
 4.24250E+01   2.09981E+00   1.06527E+00   5.41292E-01   1.13661E+00
 4.24750E+01   2.09974E+00   1.06536E+00   5.41356E-01   1.13671E+00
 4.25250E+01   2.09969E+00   1.06544E+00   5.41423E-01   1.13682E+00
 4.25750E+01   2.09963E+00   1.06552E+00   5.41493E-01   1.13694E+00
 4.26250E+01   2.09958E+00   1.06560E+00   5.41566E-01   1.13706E+00
 4.26750E+01   2.09954E+00   1.06568E+00   5.41643E-01   1.13720E+00
 4.27250E+01   2.09950E+00   1.06576E+00   5.41723E-01   1.13735E+00
 4.27750E+01   2.09946E+00   1.06585E+00   5.41805E-01   1.13750E+00
 4.28250E+01   2.09943E+00   1.06593E+00   5.41891E-01   1.13766E+00
 4.28750E+01   2.09941E+00   1.06601E+00   5.41979E-01   1.13784E+00
 4.29250E+01   2.09939E+00   1.06609E+00   5.42071E-01   1.13802E+00
 4.29750E+01   2.09937E+00   1.06617E+00   5.42165E-01   1.13821E+00
 4.30250E+01   2.09936E+00   1.06625E+00   5.42261E-01   1.13840E+00
 4.30750E+01   2.09935E+00   1.06633E+00   5.42360E-01   1.13861E+00
 4.31250E+01   2.09935E+00   1.06641E+00   5.42462E-01   1.13882E+00
 4.31750E+01   2.09935E+00   1.06649E+00   5.42566E-01   1.13904E+00
 4.32250E+01   2.09936E+00   1.06658E+00   5.42672E-01   1.13926E+00
 4.32750E+01   2.09938E+00   1.06666E+00   5.42780E-01   1.13950E+00
 4.33250E+01   2.09939E+00   1.06674E+00   5.42890E-01   1.13974E+00
 4.33750E+01   2.09942E+00   1.06682E+00   5.43003E-01   1.13999E+00
 4.34250E+01   2.09945E+00   1.06690E+00   5.43117E-01   1.14025E+00
 4.34750E+01   2.09948E+00   1.06698E+00   5.43233E-01   1.14051E+00
 4.35250E+01   2.09952E+00   1.06706E+00   5.43351E-01   1.14078E+00
 4.35750E+01   2.09957E+00   1.06714E+00   5.43471E-01   1.14105E+00
 4.36250E+01   2.09962E+00   1.06723E+00   5.43592E-01   1.14134E+00
 4.36750E+01   2.09968E+00   1.06731E+00   5.43715E-01   1.14163E+00
 4.37250E+01   2.09974E+00   1.06739E+00   5.43839E-01   1.14192E+00
 4.37750E+01   2.09981E+00   1.06747E+00   5.43965E-01   1.14222E+00
 4.38250E+01   2.09989E+00   1.06755E+00   5.44092E-01   1.14253E+00
 4.38750E+01   2.09997E+00   1.06764E+00   5.44220E-01   1.14285E+00
 4.39250E+01   2.10006E+00   1.06772E+00   5.44350E-01   1.14317E+00
 4.39750E+01   2.10016E+00   1.06780E+00   5.44480E-01   1.14349E+00
 4.40250E+01   2.10026E+00   1.06789E+00   5.44612E-01   1.14383E+00
 4.40750E+01   2.10037E+00   1.06797E+00   5.44745E-01   1.14416E+00
 4.41250E+01   2.10048E+00   1.06805E+00   5.44879E-01   1.14451E+00
 4.41750E+01   2.10060E+00   1.06814E+00   5.45013E-01   1.14486E+00
 4.42250E+01   2.10073E+00   1.06822E+00   5.45149E-01   1.14521E+00
 4.42750E+01   2.10087E+00   1.06831E+00   5.45285E-01   1.14557E+00
 4.43250E+01   2.10101E+00   1.06839E+00   5.45422E-01   1.14594E+00
 4.43750E+01   2.10116E+00   1.06848E+00   5.45560E-01   1.14631E+00
 4.44250E+01   2.10132E+00   1.06856E+00   5.45698E-01   1.14668E+00
 4.44750E+01   2.10148E+00   1.06865E+00   5.45837E-01   1.14707E+00
 4.45250E+01   2.10165E+00   1.06874E+00   5.45977E-01   1.14745E+00
 4.45750E+01   2.10183E+00   1.06882E+00   5.46118E-01   1.14785E+00
 4.46250E+01   2.10201E+00   1.06891E+00   5.46259E-01   1.14824E+00
 4.46750E+01   2.10220E+00   1.06900E+00   5.46401E-01   1.14865E+00
 4.47250E+01   2.10240E+00   1.06908E+00   5.46544E-01   1.14905E+00
 4.47750E+01   2.10260E+00   1.06917E+00   5.46687E-01   1.14947E+00
 4.48250E+01   2.10281E+00   1.06926E+00   5.46831E-01   1.14988E+00
 4.48750E+01   2.10303E+00   1.06935E+00   5.46976E-01   1.15031E+00
 4.49250E+01   2.10325E+00   1.06943E+00   5.47122E-01   1.15074E+00
 4.49750E+01   2.10348E+00   1.06952E+00   5.47268E-01   1.15117E+00
 4.50250E+01   2.10371E+00   1.06961E+00   5.47416E-01   1.15161E+00
 4.50750E+01   2.10395E+00   1.06970E+00   5.47563E-01   1.15205E+00
 4.51250E+01   2.10420E+00   1.06979E+00   5.47712E-01   1.15249E+00
 4.51750E+01   2.10445E+00   1.06988E+00   5.47861E-01   1.15295E+00
 4.52250E+01   2.10470E+00   1.06997E+00   5.48012E-01   1.15340E+00
 4.52750E+01   2.10496E+00   1.07005E+00   5.48163E-01   1.15386E+00
 4.53250E+01   2.10522E+00   1.07014E+00   5.48315E-01   1.15432E+00
 4.53750E+01   2.10548E+00   1.07023E+00   5.48468E-01   1.15479E+00
 4.54250E+01   2.10575E+00   1.07032E+00   5.48623E-01   1.15526E+00
 4.54750E+01   2.10602E+00   1.07041E+00   5.48779E-01   1.15574E+00
 4.55250E+01   2.10630E+00   1.07050E+00   5.48935E-01   1.15622E+00
 4.55750E+01   2.10657E+00   1.07058E+00   5.49093E-01   1.15670E+00
 4.56250E+01   2.10685E+00   1.07067E+00   5.49252E-01   1.15719E+00
 4.56750E+01   2.10713E+00   1.07076E+00   5.49412E-01   1.15768E+00
 4.57250E+01   2.10741E+00   1.07084E+00   5.49573E-01   1.15817E+00
 4.57750E+01   2.10769E+00   1.07093E+00   5.49735E-01   1.15867E+00
 4.58250E+01   2.10797E+00   1.07101E+00   5.49899E-01   1.15917E+00
 4.58750E+01   2.10825E+00   1.07110E+00   5.50064E-01   1.15967E+00
 4.59250E+01   2.10853E+00   1.07118E+00   5.50230E-01   1.16018E+00
 4.59750E+01   2.10881E+00   1.07126E+00   5.50398E-01   1.16068E+00
 4.60250E+01   2.10908E+00   1.07135E+00   5.50567E-01   1.16119E+00
 4.60750E+01   2.10936E+00   1.07143E+00   5.50736E-01   1.16170E+00
 4.61250E+01   2.10963E+00   1.07151E+00   5.50908E-01   1.16221E+00
 4.61750E+01   2.10990E+00   1.07159E+00   5.51080E-01   1.16272E+00
 4.62250E+01   2.11016E+00   1.07167E+00   5.51254E-01   1.16323E+00
 4.62750E+01   2.11042E+00   1.07174E+00   5.51428E-01   1.16375E+00
 4.63250E+01   2.11068E+00   1.07182E+00   5.51603E-01   1.16426E+00
 4.63750E+01   2.11093E+00   1.07189E+00   5.51779E-01   1.16477E+00
 4.64250E+01   2.11118E+00   1.07197E+00   5.51956E-01   1.16528E+00
 4.64750E+01   2.11142E+00   1.07204E+00   5.52133E-01   1.16578E+00
 4.65250E+01   2.11166E+00   1.07211E+00   5.52310E-01   1.16629E+00
 4.65750E+01   2.11189E+00   1.07218E+00   5.52488E-01   1.16679E+00
 4.66250E+01   2.11211E+00   1.07225E+00   5.52665E-01   1.16729E+00
 4.66750E+01   2.11233E+00   1.07232E+00   5.52842E-01   1.16778E+00
 4.67250E+01   2.11254E+00   1.07238E+00   5.53019E-01   1.16827E+00
 4.67750E+01   2.11274E+00   1.07245E+00   5.53195E-01   1.16876E+00
 4.68250E+01   2.11293E+00   1.07251E+00   5.53371E-01   1.16923E+00
 4.68750E+01   2.11312E+00   1.07257E+00   5.53545E-01   1.16971E+00
 4.69250E+01   2.11330E+00   1.07263E+00   5.53717E-01   1.17017E+00
 4.69750E+01   2.11347E+00   1.07269E+00   5.53888E-01   1.17062E+00
 4.70250E+01   2.11363E+00   1.07274E+00   5.54057E-01   1.17107E+00
 4.70750E+01   2.11378E+00   1.07280E+00   5.54223E-01   1.17151E+00
 4.71250E+01   2.11392E+00   1.07285E+00   5.54387E-01   1.17193E+00
 4.71750E+01   2.11406E+00   1.07291E+00   5.54548E-01   1.17235E+00
 4.72250E+01   2.11418E+00   1.07296E+00   5.54706E-01   1.17275E+00
 4.72750E+01   2.11430E+00   1.07301E+00   5.54859E-01   1.17314E+00
 4.73250E+01   2.11440E+00   1.07305E+00   5.55009E-01   1.17351E+00
 4.73750E+01   2.11450E+00   1.07310E+00   5.55154E-01   1.17387E+00
 4.74250E+01   2.11459E+00   1.07315E+00   5.55295E-01   1.17422E+00
 4.74750E+01   2.11466E+00   1.07319E+00   5.55430E-01   1.17455E+00
 4.75250E+01   2.11473E+00   1.07323E+00   5.55560E-01   1.17486E+00
 4.75750E+01   2.11478E+00   1.07327E+00   5.55685E-01   1.17515E+00
 4.76250E+01   2.11482E+00   1.07332E+00   5.55803E-01   1.17542E+00
 4.76750E+01   2.11485E+00   1.07336E+00   5.55916E-01   1.17568E+00
 4.77250E+01   2.11487E+00   1.07340E+00   5.56022E-01   1.17591E+00
 4.77750E+01   2.11487E+00   1.07344E+00   5.56122E-01   1.17613E+00
 4.78250E+01   2.11486E+00   1.07348E+00   5.56214E-01   1.17631E+00
 4.78750E+01   2.11483E+00   1.07353E+00   5.56300E-01   1.17648E+00
 4.79250E+01   2.11478E+00   1.07357E+00   5.56380E-01   1.17662E+00
 4.79750E+01   2.11471E+00   1.07363E+00   5.56452E-01   1.17674E+00
 4.80250E+01   2.11462E+00   1.07368E+00   5.56519E-01   1.17682E+00
 4.80750E+01   2.11450E+00   1.07375E+00   5.56579E-01   1.17688E+00
 4.81250E+01   2.11434E+00   1.07382E+00   5.56635E-01   1.17691E+00
 4.81750E+01   2.11414E+00   1.07391E+00   5.56687E-01   1.17691E+00
 4.82250E+01   2.11389E+00   1.07402E+00   5.56736E-01   1.17688E+00
 4.82750E+01   2.11357E+00   1.07416E+00   5.56785E-01   1.17680E+00
 4.83250E+01   2.11317E+00   1.07432E+00   5.56836E-01   1.17669E+00
 4.83750E+01   2.11268E+00   1.07453E+00   5.56893E-01   1.17653E+00
 4.84250E+01   2.11205E+00   1.07480E+00   5.56960E-01   1.17633E+00
 4.84750E+01   2.11127E+00   1.07513E+00   5.57043E-01   1.17607E+00
 4.85250E+01   2.11028E+00   1.07557E+00   5.57150E-01   1.17574E+00
 4.85750E+01   2.10903E+00   1.07612E+00   5.57292E-01   1.17534E+00
 4.86250E+01   2.10744E+00   1.07684E+00   5.57482E-01   1.17486E+00
 4.86750E+01   2.10542E+00   1.07776E+00   5.57737E-01   1.17427E+00
 4.87250E+01   2.10285E+00   1.07895E+00   5.58082E-01   1.17356E+00
 4.87750E+01   2.09960E+00   1.08048E+00   5.58551E-01   1.17273E+00
 4.88250E+01   2.09558E+00   1.08247E+00   5.59211E-01   1.17187E+00
 4.88750E+01   2.09119E+00   1.08506E+00   5.60278E-01   1.17165E+00
 4.89250E+01   2.08970E+00   1.08850E+00   5.62726E-01   1.17593E+00
 4.89750E+01   2.11073E+00   1.09340E+00   5.71673E-01   1.20665E+00
