      xx/10.          rhoa          temp           vel      vel*rhoa
         [-]           [-]           [-]           [-]           [-]
 1.02500E+00   2.65552E+00   9.40805E-01   4.47488E-01   1.18831E+00
 1.07500E+00   2.65405E+00   9.41236E-01   4.47615E-01   1.18799E+00
 1.12500E+00   2.65230E+00   9.41818E-01   4.47736E-01   1.18753E+00
 1.17500E+00   2.65001E+00   9.42577E-01   4.47910E-01   1.18696E+00
 1.22500E+00   2.64697E+00   9.43539E-01   4.48181E-01   1.18632E+00
 1.27500E+00   2.64297E+00   9.44736E-01   4.48584E-01   1.18560E+00
 1.32500E+00   2.63785E+00   9.46205E-01   4.49144E-01   1.18478E+00
 1.37500E+00   2.63146E+00   9.47977E-01   4.49880E-01   1.18384E+00
 1.42500E+00   2.62365E+00   9.50087E-01   4.50808E-01   1.18276E+00
 1.47500E+00   2.61434E+00   9.52563E-01   4.51940E-01   1.18152E+00
 1.52500E+00   2.60343E+00   9.55426E-01   4.53284E-01   1.18009E+00
 1.57500E+00   2.59089E+00   9.58690E-01   4.54849E-01   1.17846E+00
 1.62500E+00   2.57673E+00   9.62356E-01   4.56637E-01   1.17663E+00
 1.67500E+00   2.56100E+00   9.66412E-01   4.58649E-01   1.17460E+00
 1.72500E+00   2.54381E+00   9.70831E-01   4.60882E-01   1.17239E+00
 1.77500E+00   2.52532E+00   9.75570E-01   4.63326E-01   1.17005E+00
 1.82500E+00   2.50576E+00   9.80573E-01   4.65969E-01   1.16760E+00
 1.87500E+00   2.48538E+00   9.85768E-01   4.68789E-01   1.16512E+00
 1.92500E+00   2.46448E+00   9.91074E-01   4.71762E-01   1.16265E+00
 1.97500E+00   2.44338E+00   9.96403E-01   4.74857E-01   1.16025E+00
 2.02500E+00   2.42240E+00   1.00167E+00   4.78038E-01   1.15800E+00
 2.07500E+00   2.40186E+00   1.00678E+00   4.81270E-01   1.15594E+00
 2.12500E+00   2.38202E+00   1.01167E+00   4.84512E-01   1.15412E+00
 2.17500E+00   2.36314E+00   1.01626E+00   4.87728E-01   1.15257E+00
 2.22500E+00   2.34541E+00   1.02051E+00   4.90882E-01   1.15132E+00
 2.27500E+00   2.32895E+00   1.02439E+00   4.93944E-01   1.15037E+00
 2.32500E+00   2.31385E+00   1.02789E+00   4.96891E-01   1.14973E+00
 2.37500E+00   2.30013E+00   1.03099E+00   4.99703E-01   1.14938E+00
 2.42500E+00   2.28779E+00   1.03371E+00   5.02369E-01   1.14931E+00
 2.47500E+00   2.27677E+00   1.03608E+00   5.04883E-01   1.14950E+00
 2.52500E+00   2.26700E+00   1.03812E+00   5.07244E-01   1.14992E+00
 2.57500E+00   2.25838E+00   1.03986E+00   5.09458E-01   1.15055E+00
 2.62500E+00   2.25082E+00   1.04133E+00   5.11530E-01   1.15136E+00
 2.67500E+00   2.24421E+00   1.04256E+00   5.13470E-01   1.15234E+00
 2.72500E+00   2.23845E+00   1.04359E+00   5.15290E-01   1.15345E+00
 2.77500E+00   2.23345E+00   1.04445E+00   5.17000E-01   1.15469E+00
 2.82500E+00   2.22911E+00   1.04515E+00   5.18611E-01   1.15604E+00
 2.87500E+00   2.22536E+00   1.04572E+00   5.20136E-01   1.15749E+00
 2.92500E+00   2.22214E+00   1.04618E+00   5.21585E-01   1.15903E+00
 2.97500E+00   2.21937E+00   1.04655E+00   5.22968E-01   1.16066E+00
 3.02500E+00   2.21702E+00   1.04684E+00   5.24295E-01   1.16237E+00
 3.07500E+00   2.21504E+00   1.04706E+00   5.25572E-01   1.16416E+00
 3.12500E+00   2.21339E+00   1.04723E+00   5.26809E-01   1.16603E+00
 3.17500E+00   2.21205E+00   1.04734E+00   5.28012E-01   1.16799E+00
 3.22500E+00   2.21099E+00   1.04740E+00   5.29187E-01   1.17003E+00
 3.27500E+00   2.21021E+00   1.04743E+00   5.30339E-01   1.17216E+00
 3.32500E+00   2.20968E+00   1.04742E+00   5.31474E-01   1.17439E+00
 3.37500E+00   2.20939E+00   1.04737E+00   5.32595E-01   1.17671E+00
 3.42500E+00   2.20935E+00   1.04729E+00   5.33707E-01   1.17914E+00
 3.47500E+00   2.20953E+00   1.04718E+00   5.34814E-01   1.18169E+00
 3.52500E+00   2.20994E+00   1.04704E+00   5.35919E-01   1.18435E+00
 3.57500E+00   2.21056E+00   1.04687E+00   5.37024E-01   1.18712E+00
 3.62500E+00   2.21139E+00   1.04668E+00   5.38132E-01   1.19002E+00
 3.67500E+00   2.21241E+00   1.04646E+00   5.39245E-01   1.19303E+00
 3.72500E+00   2.21362E+00   1.04622E+00   5.40365E-01   1.19617E+00
 3.77500E+00   2.21500E+00   1.04595E+00   5.41493E-01   1.19941E+00
 3.82500E+00   2.21653E+00   1.04567E+00   5.42629E-01   1.20275E+00
 3.87500E+00   2.21818E+00   1.04537E+00   5.43773E-01   1.20619E+00
 3.92500E+00   2.21992E+00   1.04507E+00   5.44925E-01   1.20969E+00
 3.97500E+00   2.22172E+00   1.04476E+00   5.46084E-01   1.21325E+00
 4.02500E+00   2.22355E+00   1.04445E+00   5.47248E-01   1.21683E+00
 4.07500E+00   2.22536E+00   1.04416E+00   5.48416E-01   1.22042E+00
 4.12500E+00   2.22711E+00   1.04389E+00   5.49584E-01   1.22398E+00
 4.17500E+00   2.22876E+00   1.04364E+00   5.50749E-01   1.22749E+00
 4.22500E+00   2.23027E+00   1.04343E+00   5.51907E-01   1.23090E+00
 4.27500E+00   2.23160E+00   1.04326E+00   5.53056E-01   1.23420E+00
 4.32500E+00   2.23271E+00   1.04315E+00   5.54190E-01   1.23734E+00
 4.37500E+00   2.23357E+00   1.04309E+00   5.55306E-01   1.24031E+00
 4.42500E+00   2.23416E+00   1.04309E+00   5.56398E-01   1.24308E+00
 4.47500E+00   2.23447E+00   1.04315E+00   5.57464E-01   1.24564E+00
 4.52500E+00   2.23449E+00   1.04328E+00   5.58498E-01   1.24796E+00
 4.57500E+00   2.23422E+00   1.04347E+00   5.59496E-01   1.25004E+00
 4.62500E+00   2.23368E+00   1.04372E+00   5.60454E-01   1.25187E+00
 4.67500E+00   2.23287E+00   1.04402E+00   5.61368E-01   1.25346E+00
 4.72500E+00   2.23182E+00   1.04437E+00   5.62235E-01   1.25481E+00
 4.77500E+00   2.23056E+00   1.04476E+00   5.63051E-01   1.25592E+00
 4.82500E+00   2.22913E+00   1.04518E+00   5.63813E-01   1.25681E+00
 4.87500E+00   2.22755E+00   1.04563E+00   5.64518E-01   1.25749E+00
 4.92500E+00   2.22587E+00   1.04609E+00   5.65164E-01   1.25798E+00
 4.97500E+00   2.22410E+00   1.04655E+00   5.65749E-01   1.25828E+00
 5.02500E+00   2.22228E+00   1.04702E+00   5.66272E-01   1.25842E+00
 5.07500E+00   2.22044E+00   1.04747E+00   5.66732E-01   1.25839E+00
 5.12500E+00   2.21860E+00   1.04792E+00   5.67128E-01   1.25823E+00
 5.17500E+00   2.21677E+00   1.04834E+00   5.67459E-01   1.25792E+00
 5.22500E+00   2.21496E+00   1.04874E+00   5.67725E-01   1.25749E+00
 5.27500E+00   2.21319E+00   1.04912E+00   5.67928E-01   1.25693E+00
 5.32500E+00   2.21145E+00   1.04947E+00   5.68068E-01   1.25625E+00
 5.37500E+00   2.20974E+00   1.04981E+00   5.68145E-01   1.25546E+00
 5.42500E+00   2.20805E+00   1.05012E+00   5.68163E-01   1.25453E+00
 5.47500E+00   2.20637E+00   1.05041E+00   5.68121E-01   1.25348E+00
 5.52500E+00   2.20467E+00   1.05069E+00   5.68023E-01   1.25230E+00
 5.57500E+00   2.20294E+00   1.05098E+00   5.67873E-01   1.25099E+00
 5.62500E+00   2.20119E+00   1.05125E+00   5.67676E-01   1.24956E+00
 5.67500E+00   2.19942E+00   1.05150E+00   5.67435E-01   1.24803E+00
 5.72500E+00   2.19765E+00   1.05174E+00   5.67151E-01   1.24640E+00
 5.77500E+00   2.19587E+00   1.05197E+00   5.66826E-01   1.24468E+00
 5.82500E+00   2.19410E+00   1.05217E+00   5.66462E-01   1.24287E+00
 5.87500E+00   2.19234E+00   1.05235E+00   5.66062E-01   1.24100E+00
 5.92500E+00   2.19059E+00   1.05250E+00   5.65628E-01   1.23906E+00
 5.97500E+00   2.18886E+00   1.05264E+00   5.65161E-01   1.23706E+00
 6.02500E+00   2.18716E+00   1.05275E+00   5.64664E-01   1.23501E+00
 6.07500E+00   2.18547E+00   1.05284E+00   5.64139E-01   1.23291E+00
 6.12500E+00   2.18381E+00   1.05291E+00   5.63589E-01   1.23077E+00
 6.17500E+00   2.18218E+00   1.05295E+00   5.63016E-01   1.22860E+00
 6.22500E+00   2.18058E+00   1.05298E+00   5.62423E-01   1.22641E+00
 6.27500E+00   2.17901E+00   1.05299E+00   5.61811E-01   1.22419E+00
 6.32500E+00   2.17747E+00   1.05298E+00   5.61184E-01   1.22196E+00
 6.37500E+00   2.17597E+00   1.05296E+00   5.60544E-01   1.21973E+00
 6.42500E+00   2.17450E+00   1.05291E+00   5.59894E-01   1.21749E+00
 6.47500E+00   2.17308E+00   1.05286E+00   5.59235E-01   1.21526E+00
 6.52500E+00   2.17169E+00   1.05279E+00   5.58570E-01   1.21304E+00
 6.57500E+00   2.17034E+00   1.05272E+00   5.57901E-01   1.21084E+00
 6.62500E+00   2.16904E+00   1.05263E+00   5.57230E-01   1.20866E+00
 6.67500E+00   2.16778E+00   1.05253E+00   5.56560E-01   1.20650E+00
 6.72500E+00   2.16657E+00   1.05243E+00   5.55891E-01   1.20438E+00
 6.77500E+00   2.16540E+00   1.05232E+00   5.55226E-01   1.20229E+00
 6.82500E+00   2.16428E+00   1.05221E+00   5.54567E-01   1.20024E+00
 6.87500E+00   2.16321E+00   1.05209E+00   5.53915E-01   1.19824E+00
 6.92500E+00   2.16219E+00   1.05197E+00   5.53272E-01   1.19628E+00
 6.97500E+00   2.16122E+00   1.05184E+00   5.52638E-01   1.19437E+00
 7.02500E+00   2.16029E+00   1.05172E+00   5.52016E-01   1.19252E+00
 7.07500E+00   2.15942E+00   1.05159E+00   5.51407E-01   1.19072E+00
 7.12500E+00   2.15859E+00   1.05146E+00   5.50811E-01   1.18897E+00
 7.17500E+00   2.15781E+00   1.05134E+00   5.50228E-01   1.18729E+00
 7.22500E+00   2.15708E+00   1.05121E+00   5.49661E-01   1.18566E+00
 7.27500E+00   2.15639E+00   1.05109E+00   5.49110E-01   1.18410E+00
 7.32500E+00   2.15575E+00   1.05097E+00   5.48574E-01   1.18259E+00
 7.37500E+00   2.15515E+00   1.05085E+00   5.48056E-01   1.18114E+00
 7.42500E+00   2.15460E+00   1.05073E+00   5.47554E-01   1.17976E+00
 7.47500E+00   2.15408E+00   1.05062E+00   5.47069E-01   1.17843E+00
 7.52500E+00   2.15359E+00   1.05051E+00   5.46602E-01   1.17716E+00
 7.57500E+00   2.15314E+00   1.05040E+00   5.46152E-01   1.17594E+00
 7.62500E+00   2.15272E+00   1.05030E+00   5.45720E-01   1.17478E+00
 7.67500E+00   2.15233E+00   1.05020E+00   5.45305E-01   1.17368E+00
 7.72500E+00   2.15197E+00   1.05010E+00   5.44907E-01   1.17262E+00
 7.77500E+00   2.15163E+00   1.05001E+00   5.44527E-01   1.17162E+00
 7.82500E+00   2.15131E+00   1.04992E+00   5.44165E-01   1.17066E+00
 7.87500E+00   2.15100E+00   1.04984E+00   5.43819E-01   1.16975E+00
 7.92500E+00   2.15070E+00   1.04976E+00   5.43491E-01   1.16889E+00
 7.97500E+00   2.15042E+00   1.04968E+00   5.43179E-01   1.16806E+00
 8.02500E+00   2.15014E+00   1.04960E+00   5.42883E-01   1.16728E+00
 8.07500E+00   2.14987E+00   1.04953E+00   5.42603E-01   1.16653E+00
 8.12500E+00   2.14960E+00   1.04947E+00   5.42339E-01   1.16581E+00
 8.17500E+00   2.14933E+00   1.04940E+00   5.42089E-01   1.16513E+00
 8.22500E+00   2.14906E+00   1.04934E+00   5.41855E-01   1.16448E+00
 8.27500E+00   2.14878E+00   1.04928E+00   5.41635E-01   1.16385E+00
 8.32500E+00   2.14849E+00   1.04922E+00   5.41428E-01   1.16325E+00
 8.37500E+00   2.14820E+00   1.04917E+00   5.41235E-01   1.16268E+00
 8.42500E+00   2.14789E+00   1.04912E+00   5.41056E-01   1.16213E+00
 8.47500E+00   2.14758E+00   1.04907E+00   5.40889E-01   1.16160E+00
 8.52500E+00   2.14726E+00   1.04903E+00   5.40734E-01   1.16110E+00
 8.57500E+00   2.14693E+00   1.04899E+00   5.40592E-01   1.16061E+00
 8.62500E+00   2.14658E+00   1.04895E+00   5.40461E-01   1.16014E+00
 8.67500E+00   2.14622E+00   1.04891E+00   5.40342E-01   1.15969E+00
 8.72500E+00   2.14586E+00   1.04887E+00   5.40234E-01   1.15926E+00
 8.77500E+00   2.14548E+00   1.04884E+00   5.40136E-01   1.15885E+00
 8.82500E+00   2.14510E+00   1.04881E+00   5.40049E-01   1.15846E+00
 8.87500E+00   2.14471E+00   1.04878E+00   5.39972E-01   1.15808E+00
 8.92500E+00   2.14432E+00   1.04875E+00   5.39904E-01   1.15773E+00
 8.97500E+00   2.14392E+00   1.04872E+00   5.39846E-01   1.15739E+00
 9.02500E+00   2.14352E+00   1.04870E+00   5.39798E-01   1.15707E+00
 9.07500E+00   2.14312E+00   1.04868E+00   5.39758E-01   1.15677E+00
 9.12500E+00   2.14273E+00   1.04865E+00   5.39726E-01   1.15649E+00
 9.17500E+00   2.14234E+00   1.04863E+00   5.39701E-01   1.15622E+00
 9.22500E+00   2.14195E+00   1.04861E+00   5.39683E-01   1.15597E+00
 9.27500E+00   2.14157E+00   1.04860E+00   5.39672E-01   1.15574E+00
 9.32500E+00   2.14120E+00   1.04858E+00   5.39667E-01   1.15553E+00
 9.37500E+00   2.14083E+00   1.04856E+00   5.39667E-01   1.15534E+00
 9.42500E+00   2.14048E+00   1.04855E+00   5.39673E-01   1.15516E+00
 9.47500E+00   2.14015E+00   1.04853E+00   5.39684E-01   1.15500E+00
 9.52500E+00   2.13983E+00   1.04852E+00   5.39699E-01   1.15486E+00
 9.57500E+00   2.13952E+00   1.04851E+00   5.39718E-01   1.15474E+00
 9.62500E+00   2.13924E+00   1.04850E+00   5.39742E-01   1.15464E+00
 9.67500E+00   2.13897E+00   1.04849E+00   5.39770E-01   1.15455E+00
 9.72500E+00   2.13873E+00   1.04848E+00   5.39800E-01   1.15448E+00
 9.77500E+00   2.13850E+00   1.04847E+00   5.39835E-01   1.15444E+00
 9.82500E+00   2.13830E+00   1.04846E+00   5.39872E-01   1.15441E+00
 9.87500E+00   2.13812E+00   1.04845E+00   5.39912E-01   1.15440E+00
 9.92500E+00   2.13797E+00   1.04845E+00   5.39956E-01   1.15441E+00
 9.97500E+00   2.13783E+00   1.04844E+00   5.40001E-01   1.15443E+00
 1.00250E+01   2.13773E+00   1.04844E+00   5.40050E-01   1.15448E+00
 1.00750E+01   2.13765E+00   1.04843E+00   5.40100E-01   1.15454E+00
 1.01250E+01   2.13759E+00   1.04843E+00   5.40152E-01   1.15462E+00
 1.01750E+01   2.13756E+00   1.04843E+00   5.40207E-01   1.15472E+00
 1.02250E+01   2.13755E+00   1.04843E+00   5.40263E-01   1.15484E+00
 1.02750E+01   2.13757E+00   1.04843E+00   5.40322E-01   1.15498E+00
 1.03250E+01   2.13762E+00   1.04843E+00   5.40381E-01   1.15513E+00
 1.03750E+01   2.13768E+00   1.04843E+00   5.40443E-01   1.15530E+00
 1.04250E+01   2.13778E+00   1.04843E+00   5.40506E-01   1.15548E+00
 1.04750E+01   2.13789E+00   1.04844E+00   5.40571E-01   1.15568E+00
 1.05250E+01   2.13803E+00   1.04844E+00   5.40637E-01   1.15590E+00
 1.05750E+01   2.13819E+00   1.04844E+00   5.40704E-01   1.15612E+00
 1.06250E+01   2.13837E+00   1.04845E+00   5.40772E-01   1.15637E+00
 1.06750E+01   2.13857E+00   1.04845E+00   5.40842E-01   1.15663E+00
 1.07250E+01   2.13879E+00   1.04846E+00   5.40913E-01   1.15690E+00
 1.07750E+01   2.13902E+00   1.04847E+00   5.40984E-01   1.15718E+00
 1.08250E+01   2.13928E+00   1.04848E+00   5.41057E-01   1.15747E+00
 1.08750E+01   2.13955E+00   1.04848E+00   5.41130E-01   1.15778E+00
 1.09250E+01   2.13984E+00   1.04849E+00   5.41205E-01   1.15809E+00
 1.09750E+01   2.14014E+00   1.04850E+00   5.41280E-01   1.15841E+00
 1.10250E+01   2.14045E+00   1.04851E+00   5.41356E-01   1.15875E+00
 1.10750E+01   2.14078E+00   1.04852E+00   5.41433E-01   1.15909E+00
 1.11250E+01   2.14111E+00   1.04853E+00   5.41510E-01   1.15943E+00
 1.11750E+01   2.14146E+00   1.04855E+00   5.41588E-01   1.15979E+00
 1.12250E+01   2.14181E+00   1.04856E+00   5.41667E-01   1.16015E+00
 1.12750E+01   2.14217E+00   1.04857E+00   5.41746E-01   1.16051E+00
 1.13250E+01   2.14253E+00   1.04859E+00   5.41825E-01   1.16088E+00
 1.13750E+01   2.14290E+00   1.04860E+00   5.41904E-01   1.16125E+00
 1.14250E+01   2.14327E+00   1.04862E+00   5.41983E-01   1.16162E+00
 1.14750E+01   2.14364E+00   1.04863E+00   5.42063E-01   1.16199E+00
 1.15250E+01   2.14400E+00   1.04865E+00   5.42142E-01   1.16235E+00
 1.15750E+01   2.14437E+00   1.04867E+00   5.42222E-01   1.16272E+00
 1.16250E+01   2.14472E+00   1.04869E+00   5.42301E-01   1.16309E+00
 1.16750E+01   2.14507E+00   1.04871E+00   5.42380E-01   1.16345E+00
 1.17250E+01   2.14542E+00   1.04873E+00   5.42459E-01   1.16380E+00
 1.17750E+01   2.14575E+00   1.04875E+00   5.42536E-01   1.16415E+00
 1.18250E+01   2.14607E+00   1.04878E+00   5.42613E-01   1.16448E+00
 1.18750E+01   2.14637E+00   1.04880E+00   5.42690E-01   1.16481E+00
 1.19250E+01   2.14667E+00   1.04883E+00   5.42765E-01   1.16514E+00
 1.19750E+01   2.14694E+00   1.04886E+00   5.42841E-01   1.16545E+00
 1.20250E+01   2.14721E+00   1.04890E+00   5.42917E-01   1.16576E+00
 1.20750E+01   2.14746E+00   1.04893E+00   5.42993E-01   1.16606E+00
 1.21250E+01   2.14770E+00   1.04896E+00   5.43070E-01   1.16635E+00
 1.21750E+01   2.14793E+00   1.04900E+00   5.43147E-01   1.16664E+00
 1.22250E+01   2.14814E+00   1.04903E+00   5.43225E-01   1.16692E+00
 1.22750E+01   2.14834E+00   1.04907E+00   5.43303E-01   1.16720E+00
 1.23250E+01   2.14853E+00   1.04910E+00   5.43382E-01   1.16747E+00
 1.23750E+01   2.14870E+00   1.04914E+00   5.43462E-01   1.16774E+00
 1.24250E+01   2.14886E+00   1.04917E+00   5.43542E-01   1.16800E+00
 1.24750E+01   2.14901E+00   1.04920E+00   5.43624E-01   1.16825E+00
 1.25250E+01   2.14914E+00   1.04924E+00   5.43706E-01   1.16850E+00
 1.25750E+01   2.14926E+00   1.04927E+00   5.43790E-01   1.16875E+00
 1.26250E+01   2.14937E+00   1.04930E+00   5.43874E-01   1.16899E+00
 1.26750E+01   2.14946E+00   1.04934E+00   5.43960E-01   1.16922E+00
 1.27250E+01   2.14955E+00   1.04937E+00   5.44047E-01   1.16945E+00
 1.27750E+01   2.14962E+00   1.04940E+00   5.44135E-01   1.16968E+00
 1.28250E+01   2.14967E+00   1.04943E+00   5.44224E-01   1.16990E+00
 1.28750E+01   2.14972E+00   1.04946E+00   5.44314E-01   1.17012E+00
 1.29250E+01   2.14976E+00   1.04949E+00   5.44406E-01   1.17034E+00
 1.29750E+01   2.14979E+00   1.04952E+00   5.44498E-01   1.17056E+00
 1.30250E+01   2.14982E+00   1.04955E+00   5.44593E-01   1.17077E+00
 1.30750E+01   2.14983E+00   1.04958E+00   5.44689E-01   1.17099E+00
 1.31250E+01   2.14984E+00   1.04961E+00   5.44786E-01   1.17120E+00
 1.31750E+01   2.14985E+00   1.04964E+00   5.44885E-01   1.17142E+00
 1.32250E+01   2.14985E+00   1.04967E+00   5.44985E-01   1.17164E+00
 1.32750E+01   2.14985E+00   1.04970E+00   5.45087E-01   1.17185E+00
 1.33250E+01   2.14984E+00   1.04972E+00   5.45191E-01   1.17207E+00
 1.33750E+01   2.14984E+00   1.04975E+00   5.45296E-01   1.17230E+00
 1.34250E+01   2.14984E+00   1.04978E+00   5.45403E-01   1.17253E+00
 1.34750E+01   2.14984E+00   1.04981E+00   5.45513E-01   1.17277E+00
 1.35250E+01   2.14984E+00   1.04984E+00   5.45624E-01   1.17301E+00
 1.35750E+01   2.14985E+00   1.04987E+00   5.45737E-01   1.17325E+00
 1.36250E+01   2.14987E+00   1.04990E+00   5.45852E-01   1.17351E+00
 1.36750E+01   2.14989E+00   1.04993E+00   5.45969E-01   1.17377E+00
 1.37250E+01   2.14992E+00   1.04996E+00   5.46088E-01   1.17405E+00
 1.37750E+01   2.14996E+00   1.04999E+00   5.46210E-01   1.17433E+00
 1.38250E+01   2.15001E+00   1.05002E+00   5.46334E-01   1.17463E+00
 1.38750E+01   2.15008E+00   1.05005E+00   5.46461E-01   1.17493E+00
 1.39250E+01   2.15015E+00   1.05008E+00   5.46590E-01   1.17525E+00
 1.39750E+01   2.15024E+00   1.05012E+00   5.46721E-01   1.17558E+00
 1.40250E+01   2.15034E+00   1.05015E+00   5.46856E-01   1.17593E+00
 1.40750E+01   2.15046E+00   1.05018E+00   5.46993E-01   1.17629E+00
 1.41250E+01   2.15060E+00   1.05022E+00   5.47133E-01   1.17666E+00
 1.41750E+01   2.15075E+00   1.05025E+00   5.47276E-01   1.17705E+00
 1.42250E+01   2.15091E+00   1.05029E+00   5.47423E-01   1.17746E+00
 1.42750E+01   2.15110E+00   1.05032E+00   5.47572E-01   1.17788E+00
 1.43250E+01   2.15130E+00   1.05036E+00   5.47724E-01   1.17832E+00
 1.43750E+01   2.15153E+00   1.05040E+00   5.47880E-01   1.17878E+00
 1.44250E+01   2.15177E+00   1.05044E+00   5.48039E-01   1.17925E+00
 1.44750E+01   2.15203E+00   1.05048E+00   5.48202E-01   1.17975E+00
 1.45250E+01   2.15230E+00   1.05052E+00   5.48368E-01   1.18026E+00
 1.45750E+01   2.15260E+00   1.05056E+00   5.48538E-01   1.18079E+00
 1.46250E+01   2.15292E+00   1.05060E+00   5.48712E-01   1.18133E+00
 1.46750E+01   2.15326E+00   1.05065E+00   5.48890E-01   1.18190E+00
 1.47250E+01   2.15361E+00   1.05069E+00   5.49071E-01   1.18248E+00
 1.47750E+01   2.15398E+00   1.05074E+00   5.49256E-01   1.18309E+00
 1.48250E+01   2.15438E+00   1.05078E+00   5.49446E-01   1.18371E+00
 1.48750E+01   2.15478E+00   1.05083E+00   5.49639E-01   1.18435E+00
 1.49250E+01   2.15521E+00   1.05088E+00   5.49837E-01   1.18502E+00
 1.49750E+01   2.15566E+00   1.05093E+00   5.50039E-01   1.18570E+00
 1.50250E+01   2.15612E+00   1.05098E+00   5.50245E-01   1.18639E+00
 1.50750E+01   2.15660E+00   1.05104E+00   5.50456E-01   1.18711E+00
 1.51250E+01   2.15709E+00   1.05109E+00   5.50672E-01   1.18785E+00
 1.51750E+01   2.15760E+00   1.05115E+00   5.50891E-01   1.18860E+00
 1.52250E+01   2.15812E+00   1.05120E+00   5.51115E-01   1.18937E+00
 1.52750E+01   2.15866E+00   1.05126E+00   5.51344E-01   1.19016E+00
 1.53250E+01   2.15921E+00   1.05132E+00   5.51577E-01   1.19097E+00
 1.53750E+01   2.15977E+00   1.05138E+00   5.51814E-01   1.19179E+00
 1.54250E+01   2.16034E+00   1.05144E+00   5.52056E-01   1.19263E+00
 1.54750E+01   2.16092E+00   1.05150E+00   5.52303E-01   1.19348E+00
 1.55250E+01   2.16151E+00   1.05157E+00   5.52554E-01   1.19435E+00
 1.55750E+01   2.16211E+00   1.05163E+00   5.52809E-01   1.19524E+00
 1.56250E+01   2.16272E+00   1.05170E+00   5.53069E-01   1.19613E+00
 1.56750E+01   2.16333E+00   1.05177E+00   5.53333E-01   1.19704E+00
 1.57250E+01   2.16395E+00   1.05183E+00   5.53601E-01   1.19797E+00
 1.57750E+01   2.16458E+00   1.05190E+00   5.53873E-01   1.19890E+00
 1.58250E+01   2.16521E+00   1.05197E+00   5.54148E-01   1.19984E+00
 1.58750E+01   2.16584E+00   1.05205E+00   5.54427E-01   1.20080E+00
 1.59250E+01   2.16647E+00   1.05212E+00   5.54710E-01   1.20176E+00
 1.59750E+01   2.16710E+00   1.05219E+00   5.54996E-01   1.20273E+00
 1.60250E+01   2.16774E+00   1.05227E+00   5.55285E-01   1.20371E+00
 1.60750E+01   2.16837E+00   1.05234E+00   5.55577E-01   1.20469E+00
 1.61250E+01   2.16899E+00   1.05242E+00   5.55871E-01   1.20568E+00
 1.61750E+01   2.16962E+00   1.05249E+00   5.56167E-01   1.20667E+00
 1.62250E+01   2.17024E+00   1.05257E+00   5.56466E-01   1.20767E+00
 1.62750E+01   2.17086E+00   1.05265E+00   5.56765E-01   1.20866E+00
 1.63250E+01   2.17147E+00   1.05272E+00   5.57066E-01   1.20965E+00
 1.63750E+01   2.17207E+00   1.05280E+00   5.57368E-01   1.21064E+00
 1.64250E+01   2.17266E+00   1.05288E+00   5.57670E-01   1.21163E+00
 1.64750E+01   2.17325E+00   1.05296E+00   5.57972E-01   1.21261E+00
 1.65250E+01   2.17382E+00   1.05304E+00   5.58273E-01   1.21359E+00
 1.65750E+01   2.17439E+00   1.05312E+00   5.58573E-01   1.21455E+00
 1.66250E+01   2.17494E+00   1.05319E+00   5.58872E-01   1.21551E+00
 1.66750E+01   2.17548E+00   1.05327E+00   5.59168E-01   1.21646E+00
 1.67250E+01   2.17600E+00   1.05335E+00   5.59461E-01   1.21739E+00
 1.67750E+01   2.17651E+00   1.05342E+00   5.59751E-01   1.21830E+00
 1.68250E+01   2.17701E+00   1.05350E+00   5.60037E-01   1.21920E+00
 1.68750E+01   2.17748E+00   1.05357E+00   5.60319E-01   1.22009E+00
 1.69250E+01   2.17794E+00   1.05365E+00   5.60596E-01   1.22095E+00
 1.69750E+01   2.17838E+00   1.05372E+00   5.60867E-01   1.22178E+00
 1.70250E+01   2.17881E+00   1.05379E+00   5.61131E-01   1.22260E+00
 1.70750E+01   2.17921E+00   1.05385E+00   5.61389E-01   1.22338E+00
 1.71250E+01   2.17959E+00   1.05392E+00   5.61638E-01   1.22414E+00
 1.71750E+01   2.17995E+00   1.05399E+00   5.61879E-01   1.22487E+00
 1.72250E+01   2.18029E+00   1.05405E+00   5.62111E-01   1.22557E+00
 1.72750E+01   2.18061E+00   1.05411E+00   5.62333E-01   1.22623E+00
 1.73250E+01   2.18090E+00   1.05416E+00   5.62544E-01   1.22685E+00
 1.73750E+01   2.18117E+00   1.05422E+00   5.62743E-01   1.22744E+00
 1.74250E+01   2.18141E+00   1.05427E+00   5.62931E-01   1.22798E+00
 1.74750E+01   2.18163E+00   1.05432E+00   5.63106E-01   1.22849E+00
 1.75250E+01   2.18182E+00   1.05436E+00   5.63268E-01   1.22895E+00
 1.75750E+01   2.18198E+00   1.05441E+00   5.63415E-01   1.22936E+00
 1.76250E+01   2.18212E+00   1.05445E+00   5.63548E-01   1.22973E+00
 1.76750E+01   2.18223E+00   1.05448E+00   5.63665E-01   1.23005E+00
 1.77250E+01   2.18231E+00   1.05451E+00   5.63767E-01   1.23031E+00
 1.77750E+01   2.18236E+00   1.05454E+00   5.63852E-01   1.23053E+00
 1.78250E+01   2.18238E+00   1.05456E+00   5.63920E-01   1.23069E+00
 1.78750E+01   2.18237E+00   1.05458E+00   5.63971E-01   1.23080E+00
 1.79250E+01   2.18233E+00   1.05459E+00   5.64004E-01   1.23084E+00
 1.79750E+01   2.18227E+00   1.05460E+00   5.64018E-01   1.23084E+00
 1.80250E+01   2.18217E+00   1.05460E+00   5.64014E-01   1.23077E+00
 1.80750E+01   2.18204E+00   1.05460E+00   5.63991E-01   1.23065E+00
 1.81250E+01   2.18187E+00   1.05460E+00   5.63948E-01   1.23046E+00
 1.81750E+01   2.18168E+00   1.05459E+00   5.63885E-01   1.23022E+00
 1.82250E+01   2.18146E+00   1.05457E+00   5.63803E-01   1.22991E+00
 1.82750E+01   2.18120E+00   1.05455E+00   5.63701E-01   1.22955E+00
 1.83250E+01   2.18092E+00   1.05453E+00   5.63579E-01   1.22912E+00
 1.83750E+01   2.18060E+00   1.05450E+00   5.63437E-01   1.22863E+00
 1.84250E+01   2.18025E+00   1.05446E+00   5.63275E-01   1.22808E+00
 1.84750E+01   2.17988E+00   1.05442E+00   5.63093E-01   1.22747E+00
 1.85250E+01   2.17947E+00   1.05437E+00   5.62892E-01   1.22681E+00
 1.85750E+01   2.17904E+00   1.05432E+00   5.62672E-01   1.22608E+00
 1.86250E+01   2.17857E+00   1.05427E+00   5.62432E-01   1.22530E+00
 1.86750E+01   2.17808E+00   1.05421E+00   5.62174E-01   1.22446E+00
 1.87250E+01   2.17757E+00   1.05414E+00   5.61899E-01   1.22357E+00
 1.87750E+01   2.17703E+00   1.05407E+00   5.61605E-01   1.22263E+00
 1.88250E+01   2.17646E+00   1.05400E+00   5.61295E-01   1.22164E+00
 1.88750E+01   2.17587E+00   1.05392E+00   5.60969E-01   1.22060E+00
 1.89250E+01   2.17526E+00   1.05384E+00   5.60628E-01   1.21951E+00
 1.89750E+01   2.17463E+00   1.05375E+00   5.60273E-01   1.21838E+00
 1.90250E+01   2.17397E+00   1.05366E+00   5.59903E-01   1.21721E+00
 1.90750E+01   2.17330E+00   1.05357E+00   5.59520E-01   1.21600E+00
 1.91250E+01   2.17261E+00   1.05347E+00   5.59125E-01   1.21476E+00
 1.91750E+01   2.17190E+00   1.05337E+00   5.58719E-01   1.21348E+00
 1.92250E+01   2.17117E+00   1.05327E+00   5.58302E-01   1.21217E+00
 1.92750E+01   2.17044E+00   1.05316E+00   5.57875E-01   1.21083E+00
 1.93250E+01   2.16969E+00   1.05305E+00   5.57440E-01   1.20947E+00
 1.93750E+01   2.16893E+00   1.05294E+00   5.56998E-01   1.20809E+00
 1.94250E+01   2.16816E+00   1.05283E+00   5.56549E-01   1.20669E+00
 1.94750E+01   2.16739E+00   1.05272E+00   5.56095E-01   1.20527E+00
 1.95250E+01   2.16660E+00   1.05260E+00   5.55637E-01   1.20385E+00
 1.95750E+01   2.16582E+00   1.05248E+00   5.55175E-01   1.20241E+00
 1.96250E+01   2.16502E+00   1.05237E+00   5.54711E-01   1.20096E+00
 1.96750E+01   2.16423E+00   1.05225E+00   5.54246E-01   1.19952E+00
 1.97250E+01   2.16344E+00   1.05213E+00   5.53780E-01   1.19807E+00
 1.97750E+01   2.16264E+00   1.05201E+00   5.53315E-01   1.19662E+00
 1.98250E+01   2.16186E+00   1.05190E+00   5.52852E-01   1.19519E+00
 1.98750E+01   2.16107E+00   1.05178E+00   5.52391E-01   1.19376E+00
 1.99250E+01   2.16029E+00   1.05166E+00   5.51934E-01   1.19234E+00
 1.99750E+01   2.15951E+00   1.05155E+00   5.51481E-01   1.19093E+00
 2.00250E+01   2.15874E+00   1.05143E+00   5.51033E-01   1.18954E+00
 2.00750E+01   2.15798E+00   1.05132E+00   5.50591E-01   1.18817E+00
 2.01250E+01   2.15723E+00   1.05121E+00   5.50156E-01   1.18681E+00
 2.01750E+01   2.15649E+00   1.05110E+00   5.49727E-01   1.18548E+00
 2.02250E+01   2.15577E+00   1.05099E+00   5.49307E-01   1.18418E+00
 2.02750E+01   2.15505E+00   1.05088E+00   5.48894E-01   1.18289E+00
 2.03250E+01   2.15435E+00   1.05078E+00   5.48491E-01   1.18164E+00
 2.03750E+01   2.15365E+00   1.05068E+00   5.48096E-01   1.18041E+00
 2.04250E+01   2.15298E+00   1.05058E+00   5.47712E-01   1.17921E+00
 2.04750E+01   2.15232E+00   1.05048E+00   5.47338E-01   1.17805E+00
 2.05250E+01   2.15167E+00   1.05039E+00   5.46974E-01   1.17691E+00
 2.05750E+01   2.15105E+00   1.05030E+00   5.46621E-01   1.17581E+00
 2.06250E+01   2.15043E+00   1.05021E+00   5.46280E-01   1.17474E+00
 2.06750E+01   2.14984E+00   1.05013E+00   5.45950E-01   1.17370E+00
 2.07250E+01   2.14926E+00   1.05005E+00   5.45631E-01   1.17271E+00
 2.07750E+01   2.14871E+00   1.04997E+00   5.45324E-01   1.17174E+00
 2.08250E+01   2.14817E+00   1.04989E+00   5.45029E-01   1.17081E+00
 2.08750E+01   2.14764E+00   1.04982E+00   5.44745E-01   1.16992E+00
 2.09250E+01   2.14714E+00   1.04975E+00   5.44473E-01   1.16906E+00
 2.09750E+01   2.14665E+00   1.04968E+00   5.44212E-01   1.16824E+00
 2.10250E+01   2.14619E+00   1.04962E+00   5.43963E-01   1.16745E+00
 2.10750E+01   2.14574E+00   1.04956E+00   5.43726E-01   1.16670E+00
 2.11250E+01   2.14531E+00   1.04950E+00   5.43501E-01   1.16598E+00
 2.11750E+01   2.14490E+00   1.04945E+00   5.43286E-01   1.16530E+00
 2.12250E+01   2.14451E+00   1.04940E+00   5.43083E-01   1.16465E+00
 2.12750E+01   2.14414E+00   1.04935E+00   5.42890E-01   1.16403E+00
 2.13250E+01   2.14379E+00   1.04930E+00   5.42708E-01   1.16345E+00
 2.13750E+01   2.14345E+00   1.04926E+00   5.42536E-01   1.16290E+00
 2.14250E+01   2.14314E+00   1.04922E+00   5.42375E-01   1.16238E+00
 2.14750E+01   2.14284E+00   1.04918E+00   5.42224E-01   1.16190E+00
 2.15250E+01   2.14256E+00   1.04915E+00   5.42082E-01   1.16144E+00
 2.15750E+01   2.14229E+00   1.04911E+00   5.41950E-01   1.16102E+00
 2.16250E+01   2.14205E+00   1.04908E+00   5.41828E-01   1.16062E+00
 2.16750E+01   2.14182E+00   1.04906E+00   5.41714E-01   1.16025E+00
 2.17250E+01   2.14161E+00   1.04903E+00   5.41609E-01   1.15991E+00
 2.17750E+01   2.14141E+00   1.04901E+00   5.41513E-01   1.15960E+00
 2.18250E+01   2.14123E+00   1.04899E+00   5.41424E-01   1.15932E+00
 2.18750E+01   2.14107E+00   1.04897E+00   5.41344E-01   1.15905E+00
 2.19250E+01   2.14092E+00   1.04895E+00   5.41270E-01   1.15882E+00
 2.19750E+01   2.14079E+00   1.04894E+00   5.41203E-01   1.15860E+00
 2.20250E+01   2.14067E+00   1.04892E+00   5.41143E-01   1.15841E+00
 2.20750E+01   2.14056E+00   1.04891E+00   5.41090E-01   1.15824E+00
 2.21250E+01   2.14047E+00   1.04890E+00   5.41044E-01   1.15809E+00
 2.21750E+01   2.14040E+00   1.04889E+00   5.41003E-01   1.15796E+00
 2.22250E+01   2.14033E+00   1.04889E+00   5.40968E-01   1.15785E+00
 2.22750E+01   2.14028E+00   1.04888E+00   5.40939E-01   1.15776E+00
 2.23250E+01   2.14024E+00   1.04888E+00   5.40914E-01   1.15769E+00
 2.23750E+01   2.14022E+00   1.04888E+00   5.40895E-01   1.15763E+00
 2.24250E+01   2.14020E+00   1.04887E+00   5.40881E-01   1.15759E+00
 2.24750E+01   2.14020E+00   1.04888E+00   5.40870E-01   1.15757E+00
 2.25250E+01   2.14020E+00   1.04888E+00   5.40865E-01   1.15756E+00
 2.25750E+01   2.14022E+00   1.04888E+00   5.40863E-01   1.15756E+00
 2.26250E+01   2.14024E+00   1.04888E+00   5.40865E-01   1.15758E+00
 2.26750E+01   2.14027E+00   1.04889E+00   5.40870E-01   1.15761E+00
 2.27250E+01   2.14032E+00   1.04889E+00   5.40879E-01   1.15765E+00
 2.27750E+01   2.14037E+00   1.04890E+00   5.40892E-01   1.15771E+00
 2.28250E+01   2.14043E+00   1.04891E+00   5.40907E-01   1.15777E+00
 2.28750E+01   2.14049E+00   1.04891E+00   5.40926E-01   1.15785E+00
 2.29250E+01   2.14056E+00   1.04892E+00   5.40947E-01   1.15793E+00
 2.29750E+01   2.14064E+00   1.04893E+00   5.40971E-01   1.15803E+00
 2.30250E+01   2.14073E+00   1.04894E+00   5.40997E-01   1.15813E+00
 2.30750E+01   2.14082E+00   1.04895E+00   5.41026E-01   1.15824E+00
 2.31250E+01   2.14091E+00   1.04897E+00   5.41057E-01   1.15836E+00
 2.31750E+01   2.14101E+00   1.04898E+00   5.41090E-01   1.15848E+00
 2.32250E+01   2.14112E+00   1.04899E+00   5.41124E-01   1.15861E+00
 2.32750E+01   2.14123E+00   1.04900E+00   5.41161E-01   1.15875E+00
 2.33250E+01   2.14134E+00   1.04902E+00   5.41200E-01   1.15890E+00
 2.33750E+01   2.14146E+00   1.04903E+00   5.41241E-01   1.15905E+00
 2.34250E+01   2.14158E+00   1.04904E+00   5.41283E-01   1.15920E+00
 2.34750E+01   2.14170E+00   1.04906E+00   5.41327E-01   1.15936E+00
 2.35250E+01   2.14182E+00   1.04908E+00   5.41372E-01   1.15952E+00
 2.35750E+01   2.14195E+00   1.04909E+00   5.41419E-01   1.15969E+00
 2.36250E+01   2.14208E+00   1.04911E+00   5.41467E-01   1.15986E+00
 2.36750E+01   2.14221E+00   1.04912E+00   5.41516E-01   1.16004E+00
 2.37250E+01   2.14234E+00   1.04914E+00   5.41567E-01   1.16022E+00
 2.37750E+01   2.14247E+00   1.04916E+00   5.41619E-01   1.16040E+00
 2.38250E+01   2.14260E+00   1.04918E+00   5.41672E-01   1.16059E+00
 2.38750E+01   2.14273E+00   1.04919E+00   5.41727E-01   1.16077E+00
 2.39250E+01   2.14286E+00   1.04921E+00   5.41782E-01   1.16097E+00
 2.39750E+01   2.14300E+00   1.04923E+00   5.41839E-01   1.16116E+00
 2.40250E+01   2.14313E+00   1.04925E+00   5.41896E-01   1.16135E+00
 2.40750E+01   2.14326E+00   1.04927E+00   5.41955E-01   1.16155E+00
 2.41250E+01   2.14340E+00   1.04929E+00   5.42015E-01   1.16175E+00
 2.41750E+01   2.14353E+00   1.04931E+00   5.42076E-01   1.16195E+00
 2.42250E+01   2.14366E+00   1.04933E+00   5.42138E-01   1.16216E+00
 2.42750E+01   2.14379E+00   1.04935E+00   5.42201E-01   1.16237E+00
 2.43250E+01   2.14393E+00   1.04937E+00   5.42265E-01   1.16258E+00
 2.43750E+01   2.14406E+00   1.04939E+00   5.42330E-01   1.16279E+00
 2.44250E+01   2.14419E+00   1.04941E+00   5.42396E-01   1.16300E+00
 2.44750E+01   2.14432E+00   1.04943E+00   5.42463E-01   1.16322E+00
 2.45250E+01   2.14446E+00   1.04945E+00   5.42531E-01   1.16343E+00
 2.45750E+01   2.14459E+00   1.04948E+00   5.42600E-01   1.16365E+00
 2.46250E+01   2.14472E+00   1.04950E+00   5.42670E-01   1.16388E+00
 2.46750E+01   2.14485E+00   1.04952E+00   5.42742E-01   1.16410E+00
 2.47250E+01   2.14498E+00   1.04954E+00   5.42814E-01   1.16433E+00
 2.47750E+01   2.14511E+00   1.04957E+00   5.42888E-01   1.16456E+00
 2.48250E+01   2.14525E+00   1.04959E+00   5.42962E-01   1.16479E+00
 2.48750E+01   2.14538E+00   1.04961E+00   5.43038E-01   1.16502E+00
 2.49250E+01   2.14551E+00   1.04964E+00   5.43115E-01   1.16526E+00
 2.49750E+01   2.14565E+00   1.04966E+00   5.43194E-01   1.16550E+00
 2.50250E+01   2.14579E+00   1.04969E+00   5.43273E-01   1.16575E+00
 2.50750E+01   2.14592E+00   1.04971E+00   5.43354E-01   1.16600E+00
 2.51250E+01   2.14606E+00   1.04974E+00   5.43436E-01   1.16625E+00
 2.51750E+01   2.14620E+00   1.04976E+00   5.43520E-01   1.16650E+00
 2.52250E+01   2.14634E+00   1.04979E+00   5.43604E-01   1.16676E+00
 2.52750E+01   2.14649E+00   1.04981E+00   5.43691E-01   1.16703E+00
 2.53250E+01   2.14663E+00   1.04984E+00   5.43778E-01   1.16729E+00
 2.53750E+01   2.14678E+00   1.04987E+00   5.43867E-01   1.16757E+00
 2.54250E+01   2.14694E+00   1.04989E+00   5.43958E-01   1.16784E+00
 2.54750E+01   2.14709E+00   1.04992E+00   5.44050E-01   1.16812E+00
 2.55250E+01   2.14725E+00   1.04995E+00   5.44143E-01   1.16841E+00
 2.55750E+01   2.14741E+00   1.04998E+00   5.44238E-01   1.16870E+00
 2.56250E+01   2.14757E+00   1.05001E+00   5.44335E-01   1.16900E+00
 2.56750E+01   2.14774E+00   1.05004E+00   5.44433E-01   1.16930E+00
 2.57250E+01   2.14791E+00   1.05007E+00   5.44533E-01   1.16961E+00
 2.57750E+01   2.14808E+00   1.05010E+00   5.44634E-01   1.16992E+00
 2.58250E+01   2.14826E+00   1.05013E+00   5.44737E-01   1.17024E+00
 2.58750E+01   2.14844E+00   1.05016E+00   5.44842E-01   1.17056E+00
 2.59250E+01   2.14863E+00   1.05020E+00   5.44949E-01   1.17089E+00
 2.59750E+01   2.14882E+00   1.05023E+00   5.45058E-01   1.17123E+00
 2.60250E+01   2.14902E+00   1.05026E+00   5.45169E-01   1.17158E+00
 2.60750E+01   2.14922E+00   1.05029E+00   5.45282E-01   1.17193E+00
 2.61250E+01   2.14943E+00   1.05033E+00   5.45397E-01   1.17229E+00
 2.61750E+01   2.14964E+00   1.05036E+00   5.45514E-01   1.17266E+00
 2.62250E+01   2.14986E+00   1.05040E+00   5.45634E-01   1.17303E+00
 2.62750E+01   2.15008E+00   1.05044E+00   5.45755E-01   1.17342E+00
 2.63250E+01   2.15031E+00   1.05047E+00   5.45879E-01   1.17381E+00
 2.63750E+01   2.15054E+00   1.05051E+00   5.46006E-01   1.17421E+00
 2.64250E+01   2.15078E+00   1.05055E+00   5.46134E-01   1.17462E+00
 2.64750E+01   2.15102E+00   1.05059E+00   5.46265E-01   1.17503E+00
 2.65250E+01   2.15128E+00   1.05062E+00   5.46399E-01   1.17545E+00
 2.65750E+01   2.15153E+00   1.05066E+00   5.46535E-01   1.17589E+00
 2.66250E+01   2.15179E+00   1.05070E+00   5.46673E-01   1.17633E+00
 2.66750E+01   2.15206E+00   1.05075E+00   5.46815E-01   1.17678E+00
 2.67250E+01   2.15233E+00   1.05079E+00   5.46958E-01   1.17724E+00
 2.67750E+01   2.15261E+00   1.05083E+00   5.47105E-01   1.17770E+00
 2.68250E+01   2.15289E+00   1.05087E+00   5.47254E-01   1.17818E+00
 2.68750E+01   2.15318E+00   1.05092E+00   5.47405E-01   1.17866E+00
 2.69250E+01   2.15348E+00   1.05096E+00   5.47560E-01   1.17916E+00
 2.69750E+01   2.15378E+00   1.05101E+00   5.47717E-01   1.17966E+00
 2.70250E+01   2.15408E+00   1.05105E+00   5.47877E-01   1.18017E+00
 2.70750E+01   2.15439E+00   1.05110E+00   5.48040E-01   1.18069E+00
 2.71250E+01   2.15471E+00   1.05115E+00   5.48205E-01   1.18122E+00
 2.71750E+01   2.15503E+00   1.05120E+00   5.48374E-01   1.18176E+00
 2.72250E+01   2.15535E+00   1.05124E+00   5.48545E-01   1.18231E+00
 2.72750E+01   2.15569E+00   1.05129E+00   5.48719E-01   1.18287E+00
 2.73250E+01   2.15602E+00   1.05134E+00   5.48896E-01   1.18343E+00
 2.73750E+01   2.15637E+00   1.05140E+00   5.49076E-01   1.18401E+00
 2.74250E+01   2.15671E+00   1.05145E+00   5.49258E-01   1.18459E+00
 2.74750E+01   2.15706E+00   1.05150E+00   5.49444E-01   1.18518E+00
 2.75250E+01   2.15742E+00   1.05155E+00   5.49632E-01   1.18579E+00
 2.75750E+01   2.15778E+00   1.05161E+00   5.49823E-01   1.18640E+00
 2.76250E+01   2.15815E+00   1.05166E+00   5.50017E-01   1.18702E+00
 2.76750E+01   2.15852E+00   1.05172E+00   5.50214E-01   1.18765E+00
 2.77250E+01   2.15889E+00   1.05178E+00   5.50413E-01   1.18828E+00
 2.77750E+01   2.15927E+00   1.05183E+00   5.50615E-01   1.18893E+00
 2.78250E+01   2.15965E+00   1.05189E+00   5.50820E-01   1.18958E+00
 2.78750E+01   2.16003E+00   1.05195E+00   5.51028E-01   1.19024E+00
 2.79250E+01   2.16042E+00   1.05201E+00   5.51237E-01   1.19090E+00
 2.79750E+01   2.16081E+00   1.05207E+00   5.51449E-01   1.19157E+00
 2.80250E+01   2.16120E+00   1.05213E+00   5.51663E-01   1.19225E+00
 2.80750E+01   2.16159E+00   1.05219E+00   5.51879E-01   1.19294E+00
 2.81250E+01   2.16199E+00   1.05225E+00   5.52097E-01   1.19363E+00
 2.81750E+01   2.16239E+00   1.05232E+00   5.52317E-01   1.19433E+00
 2.82250E+01   2.16280E+00   1.05238E+00   5.52539E-01   1.19503E+00
 2.82750E+01   2.16320E+00   1.05244E+00   5.52762E-01   1.19574E+00
 2.83250E+01   2.16361E+00   1.05251E+00   5.52987E-01   1.19644E+00
 2.83750E+01   2.16401E+00   1.05257E+00   5.53212E-01   1.19716E+00
 2.84250E+01   2.16442E+00   1.05264E+00   5.53439E-01   1.19788E+00
 2.84750E+01   2.16483E+00   1.05270E+00   5.53667E-01   1.19859E+00
 2.85250E+01   2.16524E+00   1.05277E+00   5.53895E-01   1.19931E+00
 2.85750E+01   2.16564E+00   1.05284E+00   5.54124E-01   1.20003E+00
 2.86250E+01   2.16605E+00   1.05290E+00   5.54352E-01   1.20076E+00
 2.86750E+01   2.16646E+00   1.05297E+00   5.54581E-01   1.20148E+00
 2.87250E+01   2.16686E+00   1.05304E+00   5.54810E-01   1.20220E+00
 2.87750E+01   2.16727E+00   1.05310E+00   5.55037E-01   1.20291E+00
 2.88250E+01   2.16767E+00   1.05317E+00   5.55265E-01   1.20363E+00
 2.88750E+01   2.16807E+00   1.05323E+00   5.55491E-01   1.20434E+00
 2.89250E+01   2.16847E+00   1.05330E+00   5.55716E-01   1.20505E+00
 2.89750E+01   2.16886E+00   1.05337E+00   5.55940E-01   1.20576E+00
 2.90250E+01   2.16925E+00   1.05343E+00   5.56162E-01   1.20645E+00
 2.90750E+01   2.16964E+00   1.05350E+00   5.56381E-01   1.20715E+00
 2.91250E+01   2.17002E+00   1.05356E+00   5.56599E-01   1.20783E+00
 2.91750E+01   2.17039E+00   1.05362E+00   5.56813E-01   1.20850E+00
 2.92250E+01   2.17076E+00   1.05369E+00   5.57025E-01   1.20917E+00
 2.92750E+01   2.17112E+00   1.05375E+00   5.57233E-01   1.20982E+00
 2.93250E+01   2.17148E+00   1.05381E+00   5.57437E-01   1.21046E+00
 2.93750E+01   2.17183E+00   1.05387E+00   5.57638E-01   1.21109E+00
 2.94250E+01   2.17217E+00   1.05393E+00   5.57834E-01   1.21171E+00
 2.94750E+01   2.17250E+00   1.05399E+00   5.58025E-01   1.21231E+00
 2.95250E+01   2.17282E+00   1.05405E+00   5.58212E-01   1.21289E+00
 2.95750E+01   2.17313E+00   1.05410E+00   5.58392E-01   1.21346E+00
 2.96250E+01   2.17343E+00   1.05416E+00   5.58567E-01   1.21401E+00
 2.96750E+01   2.17372E+00   1.05421E+00   5.58736E-01   1.21453E+00
 2.97250E+01   2.17399E+00   1.05426E+00   5.58898E-01   1.21504E+00
 2.97750E+01   2.17426E+00   1.05431E+00   5.59053E-01   1.21553E+00
 2.98250E+01   2.17451E+00   1.05436E+00   5.59201E-01   1.21599E+00
 2.98750E+01   2.17474E+00   1.05441E+00   5.59341E-01   1.21642E+00
 2.99250E+01   2.17496E+00   1.05445E+00   5.59474E-01   1.21683E+00
 2.99750E+01   2.17517E+00   1.05450E+00   5.59597E-01   1.21722E+00
 3.00250E+01   2.17535E+00   1.05454E+00   5.59713E-01   1.21757E+00
 3.00750E+01   2.17553E+00   1.05457E+00   5.59819E-01   1.21790E+00
 3.01250E+01   2.17568E+00   1.05461E+00   5.59915E-01   1.21820E+00
 3.01750E+01   2.17581E+00   1.05464E+00   5.60002E-01   1.21846E+00
 3.02250E+01   2.17593E+00   1.05467E+00   5.60079E-01   1.21869E+00
 3.02750E+01   2.17603E+00   1.05470E+00   5.60146E-01   1.21889E+00
 3.03250E+01   2.17610E+00   1.05473E+00   5.60202E-01   1.21906E+00
 3.03750E+01   2.17616E+00   1.05475E+00   5.60247E-01   1.21919E+00
 3.04250E+01   2.17620E+00   1.05477E+00   5.60281E-01   1.21928E+00
 3.04750E+01   2.17621E+00   1.05479E+00   5.60304E-01   1.21934E+00
 3.05250E+01   2.17621E+00   1.05480E+00   5.60315E-01   1.21936E+00
 3.05750E+01   2.17618E+00   1.05481E+00   5.60314E-01   1.21934E+00
 3.06250E+01   2.17612E+00   1.05482E+00   5.60301E-01   1.21928E+00
 3.06750E+01   2.17605E+00   1.05483E+00   5.60276E-01   1.21919E+00
 3.07250E+01   2.17595E+00   1.05483E+00   5.60238E-01   1.21905E+00
 3.07750E+01   2.17582E+00   1.05483E+00   5.60187E-01   1.21887E+00
 3.08250E+01   2.17567E+00   1.05482E+00   5.60123E-01   1.21865E+00
 3.08750E+01   2.17550E+00   1.05482E+00   5.60047E-01   1.21838E+00
 3.09250E+01   2.17531E+00   1.05481E+00   5.59958E-01   1.21808E+00
 3.09750E+01   2.17509E+00   1.05479E+00   5.59857E-01   1.21774E+00
 3.10250E+01   2.17484E+00   1.05477E+00   5.59743E-01   1.21735E+00
 3.10750E+01   2.17458E+00   1.05475E+00   5.59616E-01   1.21693E+00
 3.11250E+01   2.17428E+00   1.05473E+00   5.59477E-01   1.21646E+00
 3.11750E+01   2.17397E+00   1.05470E+00   5.59325E-01   1.21595E+00
 3.12250E+01   2.17363E+00   1.05467E+00   5.59160E-01   1.21541E+00
 3.12750E+01   2.17327E+00   1.05464E+00   5.58983E-01   1.21482E+00
 3.13250E+01   2.17288E+00   1.05460E+00   5.58794E-01   1.21419E+00
 3.13750E+01   2.17248E+00   1.05456E+00   5.58593E-01   1.21353E+00
 3.14250E+01   2.17205E+00   1.05452E+00   5.58382E-01   1.21283E+00
 3.14750E+01   2.17160E+00   1.05447E+00   5.58159E-01   1.21210E+00
 3.15250E+01   2.17113E+00   1.05442E+00   5.57925E-01   1.21133E+00
 3.15750E+01   2.17064E+00   1.05437E+00   5.57681E-01   1.21053E+00
 3.16250E+01   2.17014E+00   1.05432E+00   5.57427E-01   1.20969E+00
 3.16750E+01   2.16961E+00   1.05426E+00   5.57163E-01   1.20883E+00
 3.17250E+01   2.16907E+00   1.05420E+00   5.56889E-01   1.20793E+00
 3.17750E+01   2.16851E+00   1.05414E+00   5.56607E-01   1.20701E+00
 3.18250E+01   2.16793E+00   1.05408E+00   5.56317E-01   1.20606E+00
 3.18750E+01   2.16734E+00   1.05401E+00   5.56018E-01   1.20508E+00
 3.19250E+01   2.16674E+00   1.05394E+00   5.55713E-01   1.20408E+00
 3.19750E+01   2.16613E+00   1.05387E+00   5.55400E-01   1.20307E+00
 3.20250E+01   2.16550E+00   1.05380E+00   5.55081E-01   1.20203E+00
 3.20750E+01   2.16486E+00   1.05373E+00   5.54757E-01   1.20097E+00
 3.21250E+01   2.16422E+00   1.05365E+00   5.54428E-01   1.19990E+00
 3.21750E+01   2.16357E+00   1.05358E+00   5.54094E-01   1.19882E+00
 3.22250E+01   2.16290E+00   1.05350E+00   5.53756E-01   1.19772E+00
 3.22750E+01   2.16224E+00   1.05342E+00   5.53415E-01   1.19661E+00
 3.23250E+01   2.16157E+00   1.05335E+00   5.53070E-01   1.19550E+00
 3.23750E+01   2.16090E+00   1.05327E+00   5.52724E-01   1.19438E+00
 3.24250E+01   2.16022E+00   1.05319E+00   5.52376E-01   1.19325E+00
 3.24750E+01   2.15954E+00   1.05311E+00   5.52028E-01   1.19213E+00
 3.25250E+01   2.15887E+00   1.05303E+00   5.51679E-01   1.19100E+00
 3.25750E+01   2.15819E+00   1.05295E+00   5.51330E-01   1.18987E+00
 3.26250E+01   2.15752E+00   1.05287E+00   5.50982E-01   1.18875E+00
 3.26750E+01   2.15685E+00   1.05279E+00   5.50635E-01   1.18764E+00
 3.27250E+01   2.15618E+00   1.05271E+00   5.50290E-01   1.18653E+00
 3.27750E+01   2.15552E+00   1.05263E+00   5.49947E-01   1.18542E+00
 3.28250E+01   2.15487E+00   1.05255E+00   5.49607E-01   1.18433E+00
 3.28750E+01   2.15422E+00   1.05247E+00   5.49270E-01   1.18325E+00
 3.29250E+01   2.15358E+00   1.05240E+00   5.48937E-01   1.18218E+00
 3.29750E+01   2.15295E+00   1.05232E+00   5.48609E-01   1.18113E+00
 3.30250E+01   2.15233E+00   1.05225E+00   5.48285E-01   1.18009E+00
 3.30750E+01   2.15172E+00   1.05217E+00   5.47965E-01   1.17907E+00
 3.31250E+01   2.15113E+00   1.05210E+00   5.47651E-01   1.17807E+00
 3.31750E+01   2.15054E+00   1.05203E+00   5.47343E-01   1.17708E+00
 3.32250E+01   2.14997E+00   1.05196E+00   5.47041E-01   1.17612E+00
 3.32750E+01   2.14940E+00   1.05190E+00   5.46746E-01   1.17518E+00
 3.33250E+01   2.14885E+00   1.05183E+00   5.46456E-01   1.17426E+00
 3.33750E+01   2.14832E+00   1.05177E+00   5.46174E-01   1.17336E+00
 3.34250E+01   2.14780E+00   1.05171E+00   5.45900E-01   1.17248E+00
 3.34750E+01   2.14729E+00   1.05165E+00   5.45632E-01   1.17163E+00
 3.35250E+01   2.14680E+00   1.05159E+00   5.45372E-01   1.17081E+00
 3.35750E+01   2.14633E+00   1.05153E+00   5.45120E-01   1.17001E+00
 3.36250E+01   2.14587E+00   1.05148E+00   5.44876E-01   1.16923E+00
 3.36750E+01   2.14542E+00   1.05142E+00   5.44640E-01   1.16848E+00
 3.37250E+01   2.14499E+00   1.05138E+00   5.44411E-01   1.16776E+00
 3.37750E+01   2.14457E+00   1.05133E+00   5.44191E-01   1.16706E+00
 3.38250E+01   2.14417E+00   1.05128E+00   5.43979E-01   1.16639E+00
 3.38750E+01   2.14379E+00   1.05124E+00   5.43774E-01   1.16574E+00
 3.39250E+01   2.14342E+00   1.05120E+00   5.43578E-01   1.16512E+00
 3.39750E+01   2.14307E+00   1.05116E+00   5.43391E-01   1.16452E+00
 3.40250E+01   2.14273E+00   1.05112E+00   5.43211E-01   1.16395E+00
 3.40750E+01   2.14241E+00   1.05108E+00   5.43039E-01   1.16341E+00
 3.41250E+01   2.14210E+00   1.05105E+00   5.42875E-01   1.16289E+00
 3.41750E+01   2.14180E+00   1.05102E+00   5.42720E-01   1.16240E+00
 3.42250E+01   2.14152E+00   1.05099E+00   5.42571E-01   1.16193E+00
 3.42750E+01   2.14126E+00   1.05096E+00   5.42431E-01   1.16148E+00
 3.43250E+01   2.14101E+00   1.05094E+00   5.42298E-01   1.16106E+00
 3.43750E+01   2.14077E+00   1.05091E+00   5.42173E-01   1.16067E+00
 3.44250E+01   2.14054E+00   1.05089E+00   5.42055E-01   1.16029E+00
 3.44750E+01   2.14033E+00   1.05087E+00   5.41944E-01   1.15994E+00
 3.45250E+01   2.14014E+00   1.05085E+00   5.41840E-01   1.15961E+00
 3.45750E+01   2.13995E+00   1.05084E+00   5.41744E-01   1.15930E+00
 3.46250E+01   2.13977E+00   1.05082E+00   5.41653E-01   1.15901E+00
 3.46750E+01   2.13961E+00   1.05081E+00   5.41570E-01   1.15875E+00
 3.47250E+01   2.13946E+00   1.05080E+00   5.41493E-01   1.15850E+00
 3.47750E+01   2.13931E+00   1.05079E+00   5.41422E-01   1.15827E+00
 3.48250E+01   2.13918E+00   1.05078E+00   5.41358E-01   1.15806E+00
 3.48750E+01   2.13906E+00   1.05078E+00   5.41299E-01   1.15787E+00
 3.49250E+01   2.13895E+00   1.05077E+00   5.41247E-01   1.15770E+00
 3.49750E+01   2.13885E+00   1.05077E+00   5.41199E-01   1.15754E+00
 3.50250E+01   2.13876E+00   1.05076E+00   5.41157E-01   1.15740E+00
 3.50750E+01   2.13867E+00   1.05076E+00   5.41121E-01   1.15728E+00
 3.51250E+01   2.13860E+00   1.05076E+00   5.41089E-01   1.15717E+00
 3.51750E+01   2.13853E+00   1.05077E+00   5.41063E-01   1.15708E+00
 3.52250E+01   2.13847E+00   1.05077E+00   5.41041E-01   1.15700E+00
 3.52750E+01   2.13842E+00   1.05077E+00   5.41023E-01   1.15694E+00
 3.53250E+01   2.13838E+00   1.05078E+00   5.41010E-01   1.15689E+00
 3.53750E+01   2.13834E+00   1.05078E+00   5.41002E-01   1.15685E+00
 3.54250E+01   2.13831E+00   1.05079E+00   5.40997E-01   1.15682E+00
 3.54750E+01   2.13829E+00   1.05080E+00   5.40996E-01   1.15680E+00
 3.55250E+01   2.13827E+00   1.05081E+00   5.40999E-01   1.15680E+00
 3.55750E+01   2.13826E+00   1.05082E+00   5.41006E-01   1.15681E+00
 3.56250E+01   2.13825E+00   1.05083E+00   5.41017E-01   1.15683E+00
 3.56750E+01   2.13825E+00   1.05084E+00   5.41031E-01   1.15686E+00
 3.57250E+01   2.13826E+00   1.05085E+00   5.41048E-01   1.15690E+00
 3.57750E+01   2.13827E+00   1.05087E+00   5.41069E-01   1.15695E+00
 3.58250E+01   2.13829E+00   1.05088E+00   5.41093E-01   1.15701E+00
 3.58750E+01   2.13831E+00   1.05090E+00   5.41119E-01   1.15708E+00
 3.59250E+01   2.13834E+00   1.05091E+00   5.41149E-01   1.15716E+00
 3.59750E+01   2.13837E+00   1.05093E+00   5.41181E-01   1.15724E+00
 3.60250E+01   2.13841E+00   1.05094E+00   5.41215E-01   1.15734E+00
 3.60750E+01   2.13845E+00   1.05096E+00   5.41252E-01   1.15744E+00
 3.61250E+01   2.13849E+00   1.05098E+00   5.41292E-01   1.15755E+00
 3.61750E+01   2.13854E+00   1.05100E+00   5.41334E-01   1.15767E+00
 3.62250E+01   2.13859E+00   1.05102E+00   5.41378E-01   1.15779E+00
 3.62750E+01   2.13865E+00   1.05104E+00   5.41424E-01   1.15792E+00
 3.63250E+01   2.13871E+00   1.05106E+00   5.41472E-01   1.15805E+00
 3.63750E+01   2.13878E+00   1.05108E+00   5.41522E-01   1.15820E+00
 3.64250E+01   2.13884E+00   1.05111E+00   5.41574E-01   1.15834E+00
 3.64750E+01   2.13892E+00   1.05113E+00   5.41627E-01   1.15850E+00
 3.65250E+01   2.13899E+00   1.05115E+00   5.41683E-01   1.15866E+00
 3.65750E+01   2.13907E+00   1.05118E+00   5.41740E-01   1.15882E+00
 3.66250E+01   2.13915E+00   1.05120E+00   5.41798E-01   1.15899E+00
 3.66750E+01   2.13924E+00   1.05123E+00   5.41858E-01   1.15917E+00
 3.67250E+01   2.13933E+00   1.05125E+00   5.41920E-01   1.15935E+00
 3.67750E+01   2.13942E+00   1.05128E+00   5.41983E-01   1.15953E+00
 3.68250E+01   2.13952E+00   1.05130E+00   5.42047E-01   1.15972E+00
 3.68750E+01   2.13962E+00   1.05133E+00   5.42113E-01   1.15992E+00
 3.69250E+01   2.13972E+00   1.05136E+00   5.42180E-01   1.16011E+00
 3.69750E+01   2.13983E+00   1.05139E+00   5.42248E-01   1.16032E+00
 3.70250E+01   2.13994E+00   1.05141E+00   5.42317E-01   1.16053E+00
 3.70750E+01   2.14005E+00   1.05144E+00   5.42388E-01   1.16074E+00
 3.71250E+01   2.14017E+00   1.05147E+00   5.42460E-01   1.16096E+00
 3.71750E+01   2.14029E+00   1.05150E+00   5.42533E-01   1.16118E+00
 3.72250E+01   2.14041E+00   1.05153E+00   5.42608E-01   1.16140E+00
 3.72750E+01   2.14054E+00   1.05157E+00   5.42683E-01   1.16163E+00
 3.73250E+01   2.14067E+00   1.05160E+00   5.42760E-01   1.16187E+00
 3.73750E+01   2.14080E+00   1.05163E+00   5.42838E-01   1.16211E+00
 3.74250E+01   2.14094E+00   1.05166E+00   5.42917E-01   1.16235E+00
 3.74750E+01   2.14108E+00   1.05169E+00   5.42998E-01   1.16260E+00
 3.75250E+01   2.14122E+00   1.05173E+00   5.43079E-01   1.16285E+00
 3.75750E+01   2.14136E+00   1.05176E+00   5.43162E-01   1.16311E+00
 3.76250E+01   2.14151E+00   1.05180E+00   5.43246E-01   1.16337E+00
 3.76750E+01   2.14167E+00   1.05183E+00   5.43332E-01   1.16364E+00
 3.77250E+01   2.14183E+00   1.05187E+00   5.43419E-01   1.16391E+00
 3.77750E+01   2.14198E+00   1.05190E+00   5.43507E-01   1.16418E+00
 3.78250E+01   2.14215E+00   1.05194E+00   5.43596E-01   1.16446E+00
 3.78750E+01   2.14231E+00   1.05198E+00   5.43687E-01   1.16475E+00
 3.79250E+01   2.14248E+00   1.05201E+00   5.43780E-01   1.16504E+00
 3.79750E+01   2.14265E+00   1.05205E+00   5.43874E-01   1.16533E+00
 3.80250E+01   2.14283E+00   1.05209E+00   5.43969E-01   1.16563E+00
 3.80750E+01   2.14301E+00   1.05213E+00   5.44066E-01   1.16594E+00
 3.81250E+01   2.14319E+00   1.05217E+00   5.44165E-01   1.16625E+00
 3.81750E+01   2.14337E+00   1.05221E+00   5.44265E-01   1.16656E+00
 3.82250E+01   2.14356E+00   1.05225E+00   5.44367E-01   1.16688E+00
 3.82750E+01   2.14375E+00   1.05229E+00   5.44471E-01   1.16721E+00
 3.83250E+01   2.14395E+00   1.05233E+00   5.44576E-01   1.16754E+00
 3.83750E+01   2.14414E+00   1.05237E+00   5.44684E-01   1.16788E+00
 3.84250E+01   2.14434E+00   1.05241E+00   5.44793E-01   1.16822E+00
 3.84750E+01   2.14455E+00   1.05246E+00   5.44904E-01   1.16857E+00
 3.85250E+01   2.14475E+00   1.05250E+00   5.45017E-01   1.16893E+00
 3.85750E+01   2.14496E+00   1.05254E+00   5.45132E-01   1.16929E+00
 3.86250E+01   2.14518E+00   1.05259E+00   5.45250E-01   1.16966E+00
 3.86750E+01   2.14539E+00   1.05263E+00   5.45369E-01   1.17003E+00
 3.87250E+01   2.14561E+00   1.05268E+00   5.45491E-01   1.17041E+00
 3.87750E+01   2.14583E+00   1.05273E+00   5.45614E-01   1.17080E+00
 3.88250E+01   2.14605E+00   1.05277E+00   5.45740E-01   1.17119E+00
 3.88750E+01   2.14628E+00   1.05282E+00   5.45869E-01   1.17159E+00
 3.89250E+01   2.14651E+00   1.05287E+00   5.45999E-01   1.17199E+00
 3.89750E+01   2.14674E+00   1.05291E+00   5.46132E-01   1.17240E+00
 3.90250E+01   2.14698E+00   1.05296E+00   5.46267E-01   1.17282E+00
 3.90750E+01   2.14722E+00   1.05301E+00   5.46404E-01   1.17325E+00
 3.91250E+01   2.14746E+00   1.05306E+00   5.46544E-01   1.17368E+00
 3.91750E+01   2.14770E+00   1.05311E+00   5.46686E-01   1.17412E+00
 3.92250E+01   2.14794E+00   1.05316E+00   5.46830E-01   1.17456E+00
 3.92750E+01   2.14819E+00   1.05321E+00   5.46977E-01   1.17501E+00
 3.93250E+01   2.14844E+00   1.05326E+00   5.47126E-01   1.17547E+00
 3.93750E+01   2.14870E+00   1.05332E+00   5.47278E-01   1.17594E+00
 3.94250E+01   2.14895E+00   1.05337E+00   5.47432E-01   1.17641E+00
 3.94750E+01   2.14921E+00   1.05342E+00   5.47589E-01   1.17688E+00
 3.95250E+01   2.14947E+00   1.05348E+00   5.47748E-01   1.17737E+00
 3.95750E+01   2.14974E+00   1.05353E+00   5.47909E-01   1.17786E+00
 3.96250E+01   2.15000E+00   1.05359E+00   5.48073E-01   1.17836E+00
 3.96750E+01   2.15027E+00   1.05364E+00   5.48238E-01   1.17886E+00
 3.97250E+01   2.15054E+00   1.05370E+00   5.48406E-01   1.17937E+00
 3.97750E+01   2.15081E+00   1.05375E+00   5.48576E-01   1.17989E+00
 3.98250E+01   2.15109E+00   1.05381E+00   5.48749E-01   1.18041E+00
 3.98750E+01   2.15137E+00   1.05387E+00   5.48923E-01   1.18093E+00
 3.99250E+01   2.15165E+00   1.05393E+00   5.49099E-01   1.18147E+00
 3.99750E+01   2.15193E+00   1.05399E+00   5.49277E-01   1.18200E+00
 4.00250E+01   2.15221E+00   1.05404E+00   5.49457E-01   1.18255E+00
 4.00750E+01   2.15250E+00   1.05410E+00   5.49638E-01   1.18309E+00
 4.01250E+01   2.15278E+00   1.05417E+00   5.49821E-01   1.18365E+00
 4.01750E+01   2.15307E+00   1.05423E+00   5.50006E-01   1.18420E+00
 4.02250E+01   2.15336E+00   1.05429E+00   5.50192E-01   1.18476E+00
 4.02750E+01   2.15365E+00   1.05435E+00   5.50379E-01   1.18533E+00
 4.03250E+01   2.15395E+00   1.05441E+00   5.50567E-01   1.18589E+00
 4.03750E+01   2.15424E+00   1.05447E+00   5.50757E-01   1.18646E+00
 4.04250E+01   2.15454E+00   1.05454E+00   5.50947E-01   1.18704E+00
 4.04750E+01   2.15483E+00   1.05460E+00   5.51139E-01   1.18761E+00
 4.05250E+01   2.15513E+00   1.05467E+00   5.51330E-01   1.18819E+00
 4.05750E+01   2.15543E+00   1.05473E+00   5.51522E-01   1.18877E+00
 4.06250E+01   2.15573E+00   1.05480E+00   5.51715E-01   1.18935E+00
 4.06750E+01   2.15603E+00   1.05486E+00   5.51907E-01   1.18993E+00
 4.07250E+01   2.15633E+00   1.05493E+00   5.52099E-01   1.19051E+00
 4.07750E+01   2.15663E+00   1.05499E+00   5.52292E-01   1.19109E+00
 4.08250E+01   2.15693E+00   1.05506E+00   5.52483E-01   1.19167E+00
 4.08750E+01   2.15723E+00   1.05513E+00   5.52675E-01   1.19225E+00
 4.09250E+01   2.15753E+00   1.05520E+00   5.52865E-01   1.19282E+00
 4.09750E+01   2.15783E+00   1.05526E+00   5.53054E-01   1.19340E+00
 4.10250E+01   2.15813E+00   1.05533E+00   5.53242E-01   1.19397E+00
 4.10750E+01   2.15843E+00   1.05540E+00   5.53429E-01   1.19454E+00
 4.11250E+01   2.15872E+00   1.05547E+00   5.53614E-01   1.19510E+00
 4.11750E+01   2.15902E+00   1.05554E+00   5.53798E-01   1.19566E+00
 4.12250E+01   2.15931E+00   1.05561E+00   5.53979E-01   1.19621E+00
 4.12750E+01   2.15960E+00   1.05568E+00   5.54158E-01   1.19676E+00
 4.13250E+01   2.15988E+00   1.05575E+00   5.54335E-01   1.19730E+00
 4.13750E+01   2.16016E+00   1.05581E+00   5.54509E-01   1.19783E+00
 4.14250E+01   2.16044E+00   1.05588E+00   5.54680E-01   1.19835E+00
 4.14750E+01   2.16072E+00   1.05595E+00   5.54848E-01   1.19887E+00
 4.15250E+01   2.16099E+00   1.05602E+00   5.55013E-01   1.19938E+00
 4.15750E+01   2.16126E+00   1.05609E+00   5.55175E-01   1.19987E+00
 4.16250E+01   2.16152E+00   1.05616E+00   5.55332E-01   1.20036E+00
 4.16750E+01   2.16177E+00   1.05623E+00   5.55486E-01   1.20083E+00
 4.17250E+01   2.16202E+00   1.05629E+00   5.55636E-01   1.20130E+00
 4.17750E+01   2.16226E+00   1.05636E+00   5.55781E-01   1.20174E+00
 4.18250E+01   2.16250E+00   1.05643E+00   5.55922E-01   1.20218E+00
 4.18750E+01   2.16273E+00   1.05650E+00   5.56058E-01   1.20260E+00
 4.19250E+01   2.16295E+00   1.05656E+00   5.56189E-01   1.20301E+00
 4.19750E+01   2.16316E+00   1.05663E+00   5.56315E-01   1.20340E+00
 4.20250E+01   2.16336E+00   1.05669E+00   5.56436E-01   1.20377E+00
 4.20750E+01   2.16355E+00   1.05676E+00   5.56551E-01   1.20413E+00
 4.21250E+01   2.16374E+00   1.05682E+00   5.56660E-01   1.20447E+00
 4.21750E+01   2.16391E+00   1.05688E+00   5.56764E-01   1.20479E+00
 4.22250E+01   2.16407E+00   1.05694E+00   5.56861E-01   1.20509E+00
 4.22750E+01   2.16422E+00   1.05700E+00   5.56952E-01   1.20537E+00
 4.23250E+01   2.16436E+00   1.05706E+00   5.57037E-01   1.20563E+00
 4.23750E+01   2.16448E+00   1.05712E+00   5.57115E-01   1.20587E+00
 4.24250E+01   2.16459E+00   1.05718E+00   5.57186E-01   1.20608E+00
 4.24750E+01   2.16469E+00   1.05723E+00   5.57250E-01   1.20627E+00
 4.25250E+01   2.16478E+00   1.05729E+00   5.57307E-01   1.20645E+00
 4.25750E+01   2.16485E+00   1.05734E+00   5.57357E-01   1.20659E+00
 4.26250E+01   2.16490E+00   1.05739E+00   5.57399E-01   1.20671E+00
 4.26750E+01   2.16494E+00   1.05744E+00   5.57435E-01   1.20681E+00
 4.27250E+01   2.16496E+00   1.05749E+00   5.57462E-01   1.20688E+00
 4.27750E+01   2.16497E+00   1.05753E+00   5.57482E-01   1.20693E+00
 4.28250E+01   2.16496E+00   1.05758E+00   5.57494E-01   1.20695E+00
 4.28750E+01   2.16493E+00   1.05762E+00   5.57499E-01   1.20694E+00
 4.29250E+01   2.16488E+00   1.05766E+00   5.57495E-01   1.20691E+00
 4.29750E+01   2.16481E+00   1.05770E+00   5.57483E-01   1.20685E+00
 4.30250E+01   2.16473E+00   1.05774E+00   5.57463E-01   1.20676E+00
 4.30750E+01   2.16463E+00   1.05777E+00   5.57434E-01   1.20664E+00
 4.31250E+01   2.16451E+00   1.05781E+00   5.57398E-01   1.20649E+00
 4.31750E+01   2.16436E+00   1.05784E+00   5.57353E-01   1.20632E+00
 4.32250E+01   2.16420E+00   1.05787E+00   5.57300E-01   1.20611E+00
 4.32750E+01   2.16402E+00   1.05789E+00   5.57239E-01   1.20588E+00
 4.33250E+01   2.16382E+00   1.05792E+00   5.57169E-01   1.20561E+00
 4.33750E+01   2.16360E+00   1.05794E+00   5.57091E-01   1.20532E+00
 4.34250E+01   2.16336E+00   1.05796E+00   5.57005E-01   1.20500E+00
 4.34750E+01   2.16309E+00   1.05798E+00   5.56911E-01   1.20465E+00
 4.35250E+01   2.16281E+00   1.05799E+00   5.56808E-01   1.20427E+00
 4.35750E+01   2.16251E+00   1.05801E+00   5.56698E-01   1.20386E+00
 4.36250E+01   2.16219E+00   1.05802E+00   5.56579E-01   1.20343E+00
 4.36750E+01   2.16184E+00   1.05803E+00   5.56453E-01   1.20296E+00
 4.37250E+01   2.16148E+00   1.05803E+00   5.56318E-01   1.20247E+00
 4.37750E+01   2.16110E+00   1.05804E+00   5.56176E-01   1.20195E+00
 4.38250E+01   2.16070E+00   1.05804E+00   5.56027E-01   1.20140E+00
 4.38750E+01   2.16028E+00   1.05804E+00   5.55870E-01   1.20083E+00
 4.39250E+01   2.15984E+00   1.05804E+00   5.55705E-01   1.20023E+00
 4.39750E+01   2.15938E+00   1.05804E+00   5.55534E-01   1.19961E+00
 4.40250E+01   2.15891E+00   1.05803E+00   5.55356E-01   1.19896E+00
 4.40750E+01   2.15842E+00   1.05803E+00   5.55171E-01   1.19829E+00
 4.41250E+01   2.15791E+00   1.05802E+00   5.54980E-01   1.19760E+00
 4.41750E+01   2.15738E+00   1.05801E+00   5.54782E-01   1.19688E+00
 4.42250E+01   2.15684E+00   1.05800E+00   5.54578E-01   1.19614E+00
 4.42750E+01   2.15629E+00   1.05798E+00   5.54369E-01   1.19538E+00
 4.43250E+01   2.15572E+00   1.05797E+00   5.54154E-01   1.19460E+00
 4.43750E+01   2.15514E+00   1.05795E+00   5.53933E-01   1.19380E+00
 4.44250E+01   2.15455E+00   1.05793E+00   5.53707E-01   1.19299E+00
 4.44750E+01   2.15394E+00   1.05792E+00   5.53476E-01   1.19216E+00
 4.45250E+01   2.15333E+00   1.05790E+00   5.53241E-01   1.19131E+00
 4.45750E+01   2.15270E+00   1.05788E+00   5.53001E-01   1.19044E+00
 4.46250E+01   2.15207E+00   1.05786E+00   5.52757E-01   1.18957E+00
 4.46750E+01   2.15142E+00   1.05783E+00   5.52509E-01   1.18868E+00
 4.47250E+01   2.15077E+00   1.05781E+00   5.52258E-01   1.18778E+00
 4.47750E+01   2.15011E+00   1.05779E+00   5.52004E-01   1.18687E+00
 4.48250E+01   2.14945E+00   1.05777E+00   5.51747E-01   1.18595E+00
 4.48750E+01   2.14878E+00   1.05775E+00   5.51487E-01   1.18503E+00
 4.49250E+01   2.14811E+00   1.05772E+00   5.51225E-01   1.18409E+00
 4.49750E+01   2.14744E+00   1.05770E+00   5.50961E-01   1.18315E+00
 4.50250E+01   2.14676E+00   1.05768E+00   5.50695E-01   1.18221E+00
 4.50750E+01   2.14608E+00   1.05766E+00   5.50428E-01   1.18126E+00
 4.51250E+01   2.14540E+00   1.05763E+00   5.50160E-01   1.18032E+00
 4.51750E+01   2.14473E+00   1.05761E+00   5.49891E-01   1.17937E+00
 4.52250E+01   2.14405E+00   1.05759E+00   5.49621E-01   1.17842E+00
 4.52750E+01   2.14338E+00   1.05758E+00   5.49351E-01   1.17747E+00
 4.53250E+01   2.14271E+00   1.05756E+00   5.49081E-01   1.17652E+00
 4.53750E+01   2.14204E+00   1.05754E+00   5.48811E-01   1.17558E+00
 4.54250E+01   2.14138E+00   1.05752E+00   5.48542E-01   1.17464E+00
 4.54750E+01   2.14072E+00   1.05751E+00   5.48273E-01   1.17370E+00
 4.55250E+01   2.14007E+00   1.05750E+00   5.48006E-01   1.17277E+00
 4.55750E+01   2.13943E+00   1.05749E+00   5.47739E-01   1.17185E+00
 4.56250E+01   2.13880E+00   1.05748E+00   5.47474E-01   1.17094E+00
 4.56750E+01   2.13817E+00   1.05747E+00   5.47211E-01   1.17003E+00
 4.57250E+01   2.13755E+00   1.05746E+00   5.46950E-01   1.16913E+00
 4.57750E+01   2.13695E+00   1.05746E+00   5.46691E-01   1.16825E+00
 4.58250E+01   2.13635E+00   1.05745E+00   5.46434E-01   1.16737E+00
 4.58750E+01   2.13576E+00   1.05745E+00   5.46180E-01   1.16651E+00
 4.59250E+01   2.13518E+00   1.05746E+00   5.45928E-01   1.16566E+00
 4.59750E+01   2.13462E+00   1.05746E+00   5.45679E-01   1.16482E+00
 4.60250E+01   2.13406E+00   1.05746E+00   5.45434E-01   1.16399E+00
 4.60750E+01   2.13352E+00   1.05747E+00   5.45191E-01   1.16318E+00
 4.61250E+01   2.13299E+00   1.05748E+00   5.44952E-01   1.16238E+00
 4.61750E+01   2.13247E+00   1.05750E+00   5.44717E-01   1.16159E+00
 4.62250E+01   2.13197E+00   1.05751E+00   5.44485E-01   1.16083E+00
 4.62750E+01   2.13148E+00   1.05753E+00   5.44258E-01   1.16007E+00
 4.63250E+01   2.13100E+00   1.05755E+00   5.44034E-01   1.15934E+00
 4.63750E+01   2.13053E+00   1.05757E+00   5.43814E-01   1.15861E+00
 4.64250E+01   2.13008E+00   1.05759E+00   5.43599E-01   1.15791E+00
 4.64750E+01   2.12964E+00   1.05762E+00   5.43388E-01   1.15722E+00
 4.65250E+01   2.12921E+00   1.05765E+00   5.43181E-01   1.15655E+00
 4.65750E+01   2.12879E+00   1.05768E+00   5.42979E-01   1.15589E+00
 4.66250E+01   2.12839E+00   1.05771E+00   5.42783E-01   1.15525E+00
 4.66750E+01   2.12800E+00   1.05775E+00   5.42591E-01   1.15463E+00
 4.67250E+01   2.12762E+00   1.05779E+00   5.42404E-01   1.15403E+00
 4.67750E+01   2.12726E+00   1.05783E+00   5.42221E-01   1.15345E+00
 4.68250E+01   2.12690E+00   1.05787E+00   5.42045E-01   1.15288E+00
 4.68750E+01   2.12656E+00   1.05791E+00   5.41873E-01   1.15233E+00
 4.69250E+01   2.12623E+00   1.05796E+00   5.41707E-01   1.15179E+00
 4.69750E+01   2.12591E+00   1.05801E+00   5.41546E-01   1.15128E+00
 4.70250E+01   2.12560E+00   1.05806E+00   5.41392E-01   1.15078E+00
 4.70750E+01   2.12530E+00   1.05811E+00   5.41243E-01   1.15030E+00
 4.71250E+01   2.12501E+00   1.05817E+00   5.41099E-01   1.14984E+00
 4.71750E+01   2.12472E+00   1.05822E+00   5.40962E-01   1.14939E+00
 4.72250E+01   2.12445E+00   1.05828E+00   5.40831E-01   1.14897E+00
 4.72750E+01   2.12418E+00   1.05834E+00   5.40706E-01   1.14856E+00
 4.73250E+01   2.12392E+00   1.05840E+00   5.40588E-01   1.14817E+00
 4.73750E+01   2.12367E+00   1.05846E+00   5.40476E-01   1.14779E+00
 4.74250E+01   2.12342E+00   1.05853E+00   5.40370E-01   1.14743E+00
 4.74750E+01   2.12318E+00   1.05859E+00   5.40272E-01   1.14709E+00
 4.75250E+01   2.12294E+00   1.05866E+00   5.40180E-01   1.14677E+00
 4.75750E+01   2.12271E+00   1.05873E+00   5.40095E-01   1.14646E+00
 4.76250E+01   2.12247E+00   1.05880E+00   5.40017E-01   1.14617E+00
 4.76750E+01   2.12225E+00   1.05888E+00   5.39946E-01   1.14590E+00
 4.77250E+01   2.12202E+00   1.05895E+00   5.39883E-01   1.14564E+00
 4.77750E+01   2.12179E+00   1.05903E+00   5.39828E-01   1.14540E+00
 4.78250E+01   2.12155E+00   1.05911E+00   5.39780E-01   1.14517E+00
 4.78750E+01   2.12132E+00   1.05920E+00   5.39741E-01   1.14496E+00
 4.79250E+01   2.12107E+00   1.05929E+00   5.39710E-01   1.14476E+00
 4.79750E+01   2.12082E+00   1.05939E+00   5.39688E-01   1.14458E+00
 4.80250E+01   2.12055E+00   1.05949E+00   5.39675E-01   1.14441E+00
 4.80750E+01   2.12027E+00   1.05961E+00   5.39673E-01   1.14425E+00
 4.81250E+01   2.11996E+00   1.05973E+00   5.39681E-01   1.14410E+00
 4.81750E+01   2.11962E+00   1.05987E+00   5.39702E-01   1.14396E+00
 4.82250E+01   2.11925E+00   1.06004E+00   5.39736E-01   1.14383E+00
 4.82750E+01   2.11882E+00   1.06022E+00   5.39785E-01   1.14371E+00
 4.83250E+01   2.11832E+00   1.06044E+00   5.39853E-01   1.14358E+00
 4.83750E+01   2.11774E+00   1.06070E+00   5.39941E-01   1.14346E+00
 4.84250E+01   2.11705E+00   1.06102E+00   5.40055E-01   1.14332E+00
 4.84750E+01   2.11622E+00   1.06140E+00   5.40199E-01   1.14318E+00
 4.85250E+01   2.11521E+00   1.06187E+00   5.40381E-01   1.14302E+00
 4.85750E+01   2.11396E+00   1.06246E+00   5.40609E-01   1.14283E+00
 4.86250E+01   2.11241E+00   1.06319E+00   5.40895E-01   1.14259E+00
 4.86750E+01   2.11048E+00   1.06412E+00   5.41255E-01   1.14231E+00
 4.87250E+01   2.10805E+00   1.06528E+00   5.41709E-01   1.14195E+00
 4.87750E+01   2.10501E+00   1.06677E+00   5.42286E-01   1.14152E+00
 4.88250E+01   2.10131E+00   1.06865E+00   5.43050E-01   1.14112E+00
 4.88750E+01   2.09732E+00   1.07108E+00   5.44200E-01   1.14136E+00
 4.89250E+01   2.09614E+00   1.07427E+00   5.46641E-01   1.14584E+00
 4.89750E+01   2.11568E+00   1.07876E+00   5.55036E-01   1.17428E+00
