      xx/10.        Omega0        Omega1        Omega2           C_l         r_avg
         [-]       [kg^-1]     [m kg^-1]   [m^2 kg^-1]           [-]           [m]
 1.02500E+00   1.66941E+17   3.37267E+08   1.34974E+00   3.69791E-05   3.75895E-09
 1.07500E+00   2.32338E+17   4.93436E+08   2.18510E+00   6.24472E-05   4.00928E-09
 1.12500E+00   2.82190E+17   5.85092E+08   3.16258E+00   9.57445E-05   4.33304E-09
 1.17500E+00   3.18403E+17   8.12639E+08   4.38357E+00   1.37645E-04   4.69745E-09
 1.22500E+00   3.42731E+17   1.06230E+09   5.81733E+00   1.88421E-04   5.08933E-09
 1.27500E+00   3.56512E+17   1.29938E+09   7.39606E+00   2.47623E-04   5.50183E-09
 1.32500E+00   3.61172E+17   1.50805E+09   9.04207E+00   3.14141E-04   5.93023E-09
 1.37500E+00   3.58178E+17   1.67990E+09   1.06807E+01   3.86371E-04   6.37143E-09
 1.42500E+00   3.48960E+17   1.82073E+09   1.22495E+01   4.62396E-04   6.82362E-09
 1.47500E+00   3.34861E+17   1.94720E+09   1.36897E+01   5.40133E-04   7.28585E-09
 1.52500E+00   3.17100E+17   1.96917E+09   1.49089E+01   6.17488E-04   7.75793E-09
 1.57500E+00   2.96747E+17   1.97005E+09   1.59044E+01   6.92790E-04   8.24151E-09
 1.62500E+00   2.74724E+17   1.96711E+09   1.66783E+01   7.64854E-04   8.73968E-09
 1.67500E+00   2.51816E+17   1.92293E+09   1.72115E+01   8.32980E-04   9.25661E-09
 1.72500E+00   2.28676E+17   1.85055E+09   1.75093E+01   8.97055E-04   9.79793E-09
 1.77500E+00   2.05845E+17   1.75880E+09   1.75895E+01   9.57629E-04   1.03710E-08
 1.82500E+00   1.83762E+17   1.65175E+09   1.74764E+01   1.01593E-03   1.09851E-08
 1.87500E+00   1.62780E+17   1.53335E+09   1.72015E+01   1.07391E-03   1.16518E-08
 1.92500E+00   1.43168E+17   1.40856E+09   1.68028E+01   1.13423E-03   1.23847E-08
 1.97500E+00   1.25122E+17   1.28213E+09   1.63228E+01   1.20022E-03   1.32001E-08
 2.02500E+00   1.08769E+17   1.15782E+09   1.58059E+01   1.27589E-03   1.41158E-08
 2.07500E+00   9.41712E+16   1.03856E+09   1.52971E+01   1.36587E-03   1.51507E-08
 2.12500E+00   8.13332E+16   9.26719E+08   1.48415E+01   1.47534E-03   1.63234E-08
 2.17500E+00   7.02111E+16   8.24305E+08   1.44843E+01   1.61001E-03   1.76499E-08
 2.22500E+00   6.07226E+16   7.32930E+08   1.42693E+01   1.77604E-03   1.91412E-08
 2.27500E+00   5.27597E+16   6.53807E+08   1.42397E+01   1.97993E-03   2.07994E-08
 2.32500E+00   4.62002E+16   5.87796E+08   1.44368E+01   2.22848E-03   2.26146E-08
 2.37500E+00   4.09191E+16   5.35525E+08   1.49003E+01   2.52858E-03   2.45613E-08
 2.42500E+00   3.67957E+16   4.97431E+08   1.56676E+01   2.88709E-03   2.65964E-08
 2.47500E+00   3.37194E+16   4.73872E+08   1.67738E+01   3.31070E-03   2.86604E-08
 2.52500E+00   3.15925E+16   4.66044E+08   1.82511E+01   3.80566E-03   3.06820E-08
 2.57500E+00   3.03309E+16   4.67399E+08   2.01268E+01   4.37759E-03   3.25875E-08
 2.62500E+00   2.98642E+16   4.69214E+08   2.24317E+01   5.03124E-03   3.43118E-08
 2.67500E+00   3.01347E+16   4.84757E+08   2.52089E+01   5.77019E-03   3.58077E-08
 2.72500E+00   3.10968E+16   5.28804E+08   2.84941E+01   6.59645E-03   3.70510E-08
 2.77500E+00   3.27155E+16   5.87814E+08   3.23029E+01   7.51012E-03   3.80393E-08
 2.82500E+00   3.49647E+16   6.58446E+08   3.66457E+01   8.50921E-03   3.87872E-08
 2.87500E+00   3.78265E+16   7.41845E+08   4.15301E+01   9.58945E-03   3.93188E-08
 2.92500E+00   4.12895E+16   8.39887E+08   4.69583E+01   1.07442E-02   3.96624E-08
 2.97500E+00   4.53476E+16   9.53917E+08   5.29246E+01   1.19645E-02   3.98457E-08
 3.02500E+00   4.99987E+16   1.08467E+09   5.94140E+01   1.32390E-02   3.98933E-08
 3.07500E+00   5.52436E+16   1.23260E+09   6.64017E+01   1.45547E-02   3.98268E-08
 3.12500E+00   6.10845E+16   1.39804E+09   7.38537E+01   1.58968E-02   3.96638E-08
 3.17500E+00   6.75246E+16   1.58130E+09   8.17272E+01   1.72497E-02   3.94192E-08
 3.22500E+00   7.45667E+16   1.78264E+09   8.99720E+01   1.85972E-02   3.91053E-08
 3.27500E+00   8.22118E+16   2.00223E+09   9.85321E+01   1.99236E-02   3.87328E-08
 3.32500E+00   9.04591E+16   2.24016E+09   1.07348E+02   2.12140E-02   3.83111E-08
 3.37500E+00   9.93043E+16   2.49647E+09   1.16356E+02   2.24550E-02   3.78486E-08
 3.42500E+00   1.08739E+17   2.77116E+09   1.25495E+02   2.36352E-02   3.73530E-08
 3.47500E+00   1.18751E+17   3.06420E+09   1.34704E+02   2.47453E-02   3.68315E-08
 3.52500E+00   1.29323E+17   3.37555E+09   1.43926E+02   2.57787E-02   3.62908E-08
 3.57500E+00   1.40430E+17   3.70516E+09   1.53107E+02   2.67309E-02   3.57371E-08
 3.62500E+00   1.52042E+17   4.05296E+09   1.62198E+02   2.76000E-02   3.51763E-08
 3.67500E+00   1.64124E+17   4.41884E+09   1.71156E+02   2.83860E-02   3.46135E-08
 3.72500E+00   1.76632E+17   4.80259E+09   1.79943E+02   2.90907E-02   3.40536E-08
 3.77500E+00   1.89518E+17   5.20390E+09   1.88527E+02   2.97174E-02   3.35008E-08
 3.82500E+00   2.02725E+17   5.62233E+09   1.96878E+02   3.02704E-02   3.29588E-08
 3.87500E+00   2.16192E+17   6.05729E+09   2.04974E+02   3.07547E-02   3.24309E-08
 3.92500E+00   2.29851E+17   6.50800E+09   2.12793E+02   3.11758E-02   3.19197E-08
 3.97500E+00   2.43628E+17   6.97345E+09   2.20317E+02   3.15393E-02   3.14275E-08
 4.02500E+00   2.57446E+17   7.45227E+09   2.27531E+02   3.18509E-02   3.09561E-08
 4.07500E+00   2.71223E+17   7.94251E+09   2.34419E+02   3.21157E-02   3.05069E-08
 4.12500E+00   2.84875E+17   8.44148E+09   2.40971E+02   3.23388E-02   3.00809E-08
 4.17500E+00   2.98315E+17   8.94558E+09   2.47173E+02   3.25249E-02   2.96790E-08
 4.22500E+00   3.11454E+17   9.45047E+09   2.53015E+02   3.26781E-02   2.93015E-08
 4.27500E+00   3.24203E+17   9.95146E+09   2.58487E+02   3.28021E-02   2.89487E-08
 4.32500E+00   3.36476E+17   1.04440E+10   2.63577E+02   3.29000E-02   2.86208E-08
 4.37500E+00   3.48186E+17   1.09244E+10   2.68277E+02   3.29746E-02   2.83177E-08
 4.42500E+00   3.59250E+17   1.13896E+10   2.72577E+02   3.30283E-02   2.80391E-08
 4.47500E+00   3.69590E+17   1.18368E+10   2.76468E+02   3.30629E-02   2.77849E-08
 4.52500E+00   3.79130E+17   1.22623E+10   2.79941E+02   3.30802E-02   2.75546E-08
 4.57500E+00   3.87804E+17   1.26607E+10   2.82990E+02   3.30813E-02   2.73480E-08
 4.62500E+00   3.95549E+17   1.30238E+10   2.85605E+02   3.30674E-02   2.71645E-08
 4.67500E+00   4.02311E+17   1.33415E+10   2.87782E+02   3.30391E-02   2.70037E-08
 4.72500E+00   4.08044E+17   1.36031E+10   2.89513E+02   3.29972E-02   2.68653E-08
 4.77500E+00   4.12711E+17   1.38002E+10   2.90797E+02   3.29420E-02   2.67487E-08
 4.82500E+00   4.16282E+17   1.39282E+10   2.91629E+02   3.28738E-02   2.66536E-08
 4.87500E+00   4.18738E+17   1.39887E+10   2.92009E+02   3.27929E-02   2.65795E-08
 4.92500E+00   4.20070E+17   1.39928E+10   2.91936E+02   3.26994E-02   2.65261E-08
 4.97500E+00   4.20277E+17   1.39929E+10   2.91414E+02   3.25933E-02   2.64931E-08
 5.02500E+00   4.19368E+17   1.39929E+10   2.90446E+02   3.24747E-02   2.64800E-08
 5.07500E+00   4.17362E+17   1.39236E+10   2.89036E+02   3.23438E-02   2.64867E-08
 5.12500E+00   4.14284E+17   1.37768E+10   2.87191E+02   3.22005E-02   2.65128E-08
 5.17500E+00   4.10171E+17   1.35694E+10   2.84920E+02   3.20449E-02   2.65583E-08
 5.22500E+00   4.05065E+17   1.33152E+10   2.82235E+02   3.18772E-02   2.66228E-08
 5.27500E+00   3.99018E+17   1.30221E+10   2.79149E+02   3.16976E-02   2.67063E-08
 5.32500E+00   3.92085E+17   1.26941E+10   2.75676E+02   3.15064E-02   2.68086E-08
 5.37500E+00   3.84329E+17   1.23338E+10   2.71833E+02   3.13041E-02   2.69298E-08
 5.42500E+00   3.75819E+17   1.19434E+10   2.67641E+02   3.10910E-02   2.70699E-08
 5.47500E+00   3.66627E+17   1.15250E+10   2.63121E+02   3.08680E-02   2.72289E-08
 5.52500E+00   3.56826E+17   1.10816E+10   2.58295E+02   3.06357E-02   2.74068E-08
 5.57500E+00   3.46496E+17   1.06163E+10   2.53189E+02   3.03951E-02   2.76039E-08
 5.62500E+00   3.35716E+17   1.01328E+10   2.47832E+02   3.01472E-02   2.78202E-08
 5.67500E+00   3.24566E+17   9.63482E+09   2.42251E+02   2.98933E-02   2.80560E-08
 5.72500E+00   3.13127E+17   9.12623E+09   2.36479E+02   2.96349E-02   2.83115E-08
 5.77500E+00   3.01478E+17   8.61089E+09   2.30548E+02   2.93733E-02   2.85869E-08
 5.82500E+00   2.89699E+17   8.09270E+09   2.24492E+02   2.91103E-02   2.88825E-08
 5.87500E+00   2.77865E+17   7.57550E+09   2.18347E+02   2.88477E-02   2.91985E-08
 5.92500E+00   2.66051E+17   7.06307E+09   2.12151E+02   2.85875E-02   2.95351E-08
 5.97500E+00   2.54327E+17   6.55910E+09   2.05940E+02   2.83316E-02   2.98924E-08
 6.02500E+00   2.42763E+17   6.06711E+09   1.99753E+02   2.80822E-02   3.02704E-08
 6.07500E+00   2.31420E+17   5.59048E+09   1.93629E+02   2.78415E-02   3.06689E-08
 6.12500E+00   2.20360E+17   5.13234E+09   1.87607E+02   2.76115E-02   3.10876E-08
 6.17500E+00   2.09639E+17   4.69554E+09   1.81725E+02   2.73946E-02   3.15258E-08
 6.22500E+00   1.99306E+17   4.28263E+09   1.76019E+02   2.71928E-02   3.19825E-08
 6.27500E+00   1.89408E+17   3.89582E+09   1.70528E+02   2.70082E-02   3.24564E-08
 6.32500E+00   1.79988E+17   3.53694E+09   1.65286E+02   2.68427E-02   3.29454E-08
 6.37500E+00   1.71084E+17   3.20746E+09   1.60325E+02   2.66980E-02   3.34471E-08
 6.42500E+00   1.62727E+17   2.90844E+09   1.55677E+02   2.65759E-02   3.39582E-08
 6.47500E+00   1.54946E+17   2.64058E+09   1.51370E+02   2.64776E-02   3.44747E-08
 6.52500E+00   1.47766E+17   2.40425E+09   1.47430E+02   2.64042E-02   3.49920E-08
 6.57500E+00   1.41206E+17   2.19953E+09   1.43878E+02   2.63566E-02   3.55043E-08
 6.62500E+00   1.35282E+17   2.02631E+09   1.40733E+02   2.63353E-02   3.60054E-08
 6.67500E+00   1.30007E+17   1.88424E+09   1.38010E+02   2.63404E-02   3.64883E-08
 6.72500E+00   1.25390E+17   1.77274E+09   1.35720E+02   2.63720E-02   3.69455E-08
 6.77500E+00   1.21435E+17   1.69087E+09   1.33872E+02   2.64294E-02   3.73694E-08
 6.82500E+00   1.18145E+17   1.63732E+09   1.32468E+02   2.65120E-02   3.77524E-08
 6.87500E+00   1.15519E+17   1.60954E+09   1.31508E+02   2.66187E-02   3.80873E-08
 6.92500E+00   1.13553E+17   1.60572E+09   1.30990E+02   2.67481E-02   3.83678E-08
 6.97500E+00   1.12241E+17   1.60557E+09   1.30906E+02   2.68986E-02   3.85888E-08
 7.02500E+00   1.11575E+17   1.60542E+09   1.31246E+02   2.70684E-02   3.87466E-08
 7.07500E+00   1.11543E+17   1.62667E+09   1.31997E+02   2.72554E-02   3.88393E-08
 7.12500E+00   1.12133E+17   1.68935E+09   1.33144E+02   2.74574E-02   3.88666E-08
 7.17500E+00   1.13331E+17   1.77998E+09   1.34670E+02   2.76722E-02   3.88300E-08
 7.22500E+00   1.15118E+17   1.89093E+09   1.36554E+02   2.78975E-02   3.87325E-08
 7.27500E+00   1.17477E+17   2.01657E+09   1.38774E+02   2.81308E-02   3.85785E-08
 7.32500E+00   1.20387E+17   2.15370E+09   1.41307E+02   2.83698E-02   3.83731E-08
 7.37500E+00   1.23826E+17   2.30100E+09   1.44129E+02   2.86123E-02   3.81225E-08
 7.42500E+00   1.27772E+17   2.45839E+09   1.47216E+02   2.88560E-02   3.78328E-08
 7.47500E+00   1.32200E+17   2.62644E+09   1.50541E+02   2.90990E-02   3.75103E-08
 7.52500E+00   1.37082E+17   2.80599E+09   1.54081E+02   2.93394E-02   3.71613E-08
 7.57500E+00   1.42393E+17   2.99797E+09   1.57808E+02   2.95754E-02   3.67916E-08
 7.62500E+00   1.48102E+17   3.20336E+09   1.61698E+02   2.98054E-02   3.64066E-08
 7.67500E+00   1.54180E+17   3.42321E+09   1.65725E+02   3.00281E-02   3.60110E-08
 7.72500E+00   1.60595E+17   3.65870E+09   1.69866E+02   3.02424E-02   3.56092E-08
 7.77500E+00   1.67316E+17   3.91106E+09   1.74097E+02   3.04473E-02   3.52051E-08
 7.82500E+00   1.74308E+17   4.18156E+09   1.78393E+02   3.06418E-02   3.48018E-08
 7.87500E+00   1.81536E+17   4.47136E+09   1.82732E+02   3.08255E-02   3.44020E-08
 7.92500E+00   1.88966E+17   4.78144E+09   1.87092E+02   3.09979E-02   3.40082E-08
 7.97500E+00   1.96561E+17   5.11247E+09   1.91452E+02   3.11585E-02   3.36223E-08
 8.02500E+00   2.04284E+17   5.46482E+09   1.95791E+02   3.13073E-02   3.32459E-08
 8.07500E+00   2.12098E+17   5.83842E+09   2.00088E+02   3.14440E-02   3.28803E-08
 8.12500E+00   2.19964E+17   6.23277E+09   2.04325E+02   3.15688E-02   3.25265E-08
 8.17500E+00   2.27844E+17   6.64689E+09   2.08484E+02   3.16817E-02   3.21854E-08
 8.22500E+00   2.35700E+17   7.07932E+09   2.12546E+02   3.17828E-02   3.18576E-08
 8.27500E+00   2.43492E+17   7.52813E+09   2.16496E+02   3.18726E-02   3.15437E-08
 8.32500E+00   2.51183E+17   7.99100E+09   2.20318E+02   3.19511E-02   3.12440E-08
 8.37500E+00   2.58735E+17   8.46534E+09   2.23998E+02   3.20188E-02   3.09589E-08
 8.42500E+00   2.66110E+17   8.94833E+09   2.27523E+02   3.20761E-02   3.06885E-08
 8.47500E+00   2.73272E+17   9.43696E+09   2.30880E+02   3.21235E-02   3.04329E-08
 8.52500E+00   2.80185E+17   9.92796E+09   2.34060E+02   3.21614E-02   3.01924E-08
 8.57500E+00   2.86815E+17   1.04176E+10   2.37053E+02   3.21905E-02   2.99670E-08
 8.62500E+00   2.93128E+17   1.09015E+10   2.39852E+02   3.22113E-02   2.97567E-08
 8.67500E+00   2.99094E+17   1.13740E+10   2.42453E+02   3.22247E-02   2.95617E-08
 8.72500E+00   3.04683E+17   1.18283E+10   2.44844E+02   3.22303E-02   2.93815E-08
 8.77500E+00   3.09867E+17   1.22565E+10   2.47009E+02   3.22272E-02   2.92158E-08
 8.82500E+00   3.14620E+17   1.26503E+10   2.48936E+02   3.22148E-02   2.90642E-08
 8.87500E+00   3.18921E+17   1.30015E+10   2.50615E+02   3.21929E-02   2.89264E-08
 8.92500E+00   3.22749E+17   1.33033E+10   2.52039E+02   3.21614E-02   2.88021E-08
 8.97500E+00   3.26086E+17   1.35505E+10   2.53203E+02   3.21204E-02   2.86914E-08
 9.02500E+00   3.28918E+17   1.37405E+10   2.54102E+02   3.20700E-02   2.85938E-08
 9.07500E+00   3.31232E+17   1.38733E+10   2.54735E+02   3.20106E-02   2.85094E-08
 9.12500E+00   3.33021E+17   1.39514E+10   2.55099E+02   3.19423E-02   2.84381E-08
 9.17500E+00   3.34277E+17   1.39769E+10   2.55197E+02   3.18657E-02   2.83796E-08
 9.22500E+00   3.35000E+17   1.39752E+10   2.55029E+02   3.17810E-02   2.83341E-08
 9.27500E+00   3.35190E+17   1.39732E+10   2.54599E+02   3.16888E-02   2.83013E-08
 9.32500E+00   3.34850E+17   1.39597E+10   2.53911E+02   3.15895E-02   2.82813E-08
 9.37500E+00   3.33987E+17   1.38536E+10   2.52971E+02   3.14836E-02   2.82739E-08
 9.42500E+00   3.32612E+17   1.36627E+10   2.51785E+02   3.13716E-02   2.82792E-08
 9.47500E+00   3.30737E+17   1.34082E+10   2.50363E+02   3.12541E-02   2.82972E-08
 9.52500E+00   3.28378E+17   1.31057E+10   2.48713E+02   3.11317E-02   2.83277E-08
 9.57500E+00   3.25554E+17   1.27653E+10   2.46846E+02   3.10049E-02   2.83707E-08
 9.62500E+00   3.22287E+17   1.23936E+10   2.44773E+02   3.08745E-02   2.84263E-08
 9.67500E+00   3.18598E+17   1.19941E+10   2.42508E+02   3.07409E-02   2.84944E-08
 9.72500E+00   3.14515E+17   1.15693E+10   2.40062E+02   3.06050E-02   2.85750E-08
 9.77500E+00   3.10065E+17   1.11214E+10   2.37451E+02   3.04674E-02   2.86679E-08
 9.82500E+00   3.05278E+17   1.06527E+10   2.34691E+02   3.03288E-02   2.87732E-08
 9.87500E+00   3.00186E+17   1.01659E+10   2.31796E+02   3.01899E-02   2.88908E-08
 9.92500E+00   2.94820E+17   9.66450E+09   2.28785E+02   3.00515E-02   2.90205E-08
 9.97500E+00   2.89216E+17   9.15207E+09   2.25673E+02   2.99142E-02   2.91622E-08
 1.00250E+01   2.83409E+17   8.63252E+09   2.22479E+02   2.97789E-02   2.93157E-08
 1.00750E+01   2.77433E+17   8.10985E+09   2.19221E+02   2.96462E-02   2.94808E-08
 1.01250E+01   2.71325E+17   7.58809E+09   2.15917E+02   2.95169E-02   2.96571E-08
 1.01750E+01   2.65120E+17   7.07119E+09   2.12586E+02   2.93917E-02   2.98443E-08
 1.02250E+01   2.58857E+17   6.56302E+09   2.09246E+02   2.92713E-02   3.00420E-08
 1.02750E+01   2.52570E+17   6.06724E+09   2.05916E+02   2.91564E-02   3.02496E-08
 1.03250E+01   2.46295E+17   5.58729E+09   2.02615E+02   2.90477E-02   3.04664E-08
 1.03750E+01   2.40067E+17   5.12634E+09   1.99360E+02   2.89458E-02   3.06916E-08
 1.04250E+01   2.33920E+17   4.68726E+09   1.96170E+02   2.88513E-02   3.09243E-08
 1.04750E+01   2.27888E+17   4.27257E+09   1.93061E+02   2.87647E-02   3.11636E-08
 1.05250E+01   2.22002E+17   3.88446E+09   1.90051E+02   2.86866E-02   3.14081E-08
 1.05750E+01   2.16293E+17   3.52478E+09   1.87155E+02   2.86174E-02   3.16566E-08
 1.06250E+01   2.10789E+17   3.19507E+09   1.84389E+02   2.85575E-02   3.19074E-08
 1.06750E+01   2.05518E+17   2.89657E+09   1.81767E+02   2.85072E-02   3.21590E-08
 1.07250E+01   2.00506E+17   2.63025E+09   1.79302E+02   2.84669E-02   3.24095E-08
 1.07750E+01   1.95775E+17   2.39674E+09   1.77007E+02   2.84368E-02   3.26570E-08
 1.08250E+01   1.91347E+17   2.19631E+09   1.74894E+02   2.84169E-02   3.28993E-08
 1.08750E+01   1.87242E+17   2.02881E+09   1.72971E+02   2.84075E-02   3.31343E-08
 1.09250E+01   1.83477E+17   1.89362E+09   1.71248E+02   2.84084E-02   3.33598E-08
 1.09750E+01   1.80068E+17   1.78966E+09   1.69732E+02   2.84197E-02   3.35734E-08
 1.10250E+01   1.77027E+17   1.71532E+09   1.68431E+02   2.84411E-02   3.37731E-08
 1.10750E+01   1.74365E+17   1.66860E+09   1.67347E+02   2.84726E-02   3.39566E-08
 1.11250E+01   1.72090E+17   1.64667E+09   1.66486E+02   2.85138E-02   3.41220E-08
 1.11750E+01   1.70209E+17   1.64468E+09   1.65849E+02   2.85644E-02   3.42675E-08
 1.12250E+01   1.68725E+17   1.64431E+09   1.65437E+02   2.86240E-02   3.43915E-08
 1.12750E+01   1.67642E+17   1.64396E+09   1.65249E+02   2.86922E-02   3.44928E-08
 1.13250E+01   1.66957E+17   1.66990E+09   1.65283E+02   2.87684E-02   3.45705E-08
 1.13750E+01   1.66669E+17   1.73531E+09   1.65537E+02   2.88521E-02   3.46239E-08
 1.14250E+01   1.66772E+17   1.82935E+09   1.66007E+02   2.89427E-02   3.46529E-08
 1.14750E+01   1.67262E+17   1.94527E+09   1.66685E+02   2.90395E-02   3.46576E-08
 1.15250E+01   1.68128E+17   2.07766E+09   1.67566E+02   2.91419E-02   3.46386E-08
 1.15750E+01   1.69362E+17   2.22315E+09   1.68641E+02   2.92492E-02   3.45967E-08
 1.16250E+01   1.70950E+17   2.37983E+09   1.69902E+02   2.93606E-02   3.45329E-08
 1.16750E+01   1.72879E+17   2.54705E+09   1.71340E+02   2.94754E-02   3.44488E-08
 1.17250E+01   1.75134E+17   2.72506E+09   1.72942E+02   2.95928E-02   3.43458E-08
 1.17750E+01   1.77698E+17   2.91470E+09   1.74699E+02   2.97122E-02   3.42257E-08
 1.18250E+01   1.80554E+17   3.11716E+09   1.76597E+02   2.98327E-02   3.40903E-08
 1.18750E+01   1.83680E+17   3.33385E+09   1.78624E+02   2.99536E-02   3.39414E-08
 1.19250E+01   1.87059E+17   3.56623E+09   1.80767E+02   3.00742E-02   3.37811E-08
 1.19750E+01   1.90666E+17   3.81573E+09   1.83012E+02   3.01938E-02   3.36111E-08
 1.20250E+01   1.94482E+17   4.08373E+09   1.85345E+02   3.03116E-02   3.34332E-08
 1.20750E+01   1.98481E+17   4.37139E+09   1.87752E+02   3.04271E-02   3.32493E-08
 1.21250E+01   2.02641E+17   4.67970E+09   1.90218E+02   3.05396E-02   3.30608E-08
 1.21750E+01   2.06938E+17   5.00928E+09   1.92729E+02   3.06485E-02   3.28694E-08
 1.22250E+01   2.11346E+17   5.36044E+09   1.95270E+02   3.07532E-02   3.26764E-08
 1.22750E+01   2.15841E+17   5.73309E+09   1.97828E+02   3.08533E-02   3.24831E-08
 1.23250E+01   2.20398E+17   6.12675E+09   2.00387E+02   3.09482E-02   3.22907E-08
 1.23750E+01   2.24991E+17   6.54054E+09   2.02934E+02   3.10376E-02   3.21003E-08
 1.24250E+01   2.29596E+17   6.97326E+09   2.05455E+02   3.11210E-02   3.19128E-08
 1.24750E+01   2.34189E+17   7.42338E+09   2.07937E+02   3.11982E-02   3.17290E-08
 1.25250E+01   2.38745E+17   7.88907E+09   2.10367E+02   3.12688E-02   3.15496E-08
 1.25750E+01   2.43240E+17   8.36812E+09   2.12733E+02   3.13325E-02   3.13753E-08
 1.26250E+01   2.47651E+17   8.85792E+09   2.15024E+02   3.13893E-02   3.12067E-08
 1.26750E+01   2.51956E+17   9.35523E+09   2.17227E+02   3.14388E-02   3.10443E-08
 1.27250E+01   2.56133E+17   9.85611E+09   2.19333E+02   3.14810E-02   3.08884E-08
 1.27750E+01   2.60163E+17   1.03557E+10   2.21332E+02   3.15159E-02   3.07395E-08
 1.28250E+01   2.64024E+17   1.08483E+10   2.23214E+02   3.15434E-02   3.05978E-08
 1.28750E+01   2.67699E+17   1.13272E+10   2.24972E+02   3.15634E-02   3.04636E-08
 1.29250E+01   2.71170E+17   1.17849E+10   2.26598E+02   3.15762E-02   3.03371E-08
 1.29750E+01   2.74422E+17   1.22139E+10   2.28086E+02   3.15816E-02   3.02185E-08
 1.30250E+01   2.77441E+17   1.26065E+10   2.29430E+02   3.15799E-02   3.01080E-08
 1.30750E+01   2.80212E+17   1.29559E+10   2.30624E+02   3.15712E-02   3.00057E-08
 1.31250E+01   2.82724E+17   1.32565E+10   2.31665E+02   3.15557E-02   2.99116E-08
 1.31750E+01   2.84968E+17   1.35046E+10   2.32549E+02   3.15336E-02   2.98259E-08
 1.32250E+01   2.86935E+17   1.36980E+10   2.33274E+02   3.15051E-02   2.97487E-08
 1.32750E+01   2.88618E+17   1.38368E+10   2.33840E+02   3.14705E-02   2.96798E-08
 1.33250E+01   2.90012E+17   1.39233E+10   2.34244E+02   3.14301E-02   2.96195E-08
 1.33750E+01   2.91113E+17   1.39615E+10   2.34488E+02   3.13842E-02   2.95677E-08
 1.34250E+01   2.91919E+17   1.39687E+10   2.34572E+02   3.13331E-02   2.95244E-08
 1.34750E+01   2.92430E+17   1.39750E+10   2.34498E+02   3.12771E-02   2.94897E-08
 1.35250E+01   2.92647E+17   1.39782E+10   2.34270E+02   3.12166E-02   2.94634E-08
 1.35750E+01   2.92572E+17   1.38985E+10   2.33889E+02   3.11521E-02   2.94455E-08
 1.36250E+01   2.92211E+17   1.37306E+10   2.33361E+02   3.10838E-02   2.94361E-08
 1.36750E+01   2.91569E+17   1.34919E+10   2.32691E+02   3.10122E-02   2.94351E-08
 1.37250E+01   2.90654E+17   1.31982E+10   2.31884E+02   3.09376E-02   2.94423E-08
 1.37750E+01   2.89473E+17   1.28607E+10   2.30946E+02   3.08606E-02   2.94578E-08
 1.38250E+01   2.88037E+17   1.24878E+10   2.29883E+02   3.07814E-02   2.94814E-08
 1.38750E+01   2.86358E+17   1.20856E+10   2.28704E+02   3.07006E-02   2.95131E-08
 1.39250E+01   2.84447E+17   1.16587E+10   2.27416E+02   3.06186E-02   2.95526E-08
 1.39750E+01   2.82319E+17   1.12101E+10   2.26027E+02   3.05357E-02   2.96000E-08
 1.40250E+01   2.79987E+17   1.07427E+10   2.24547E+02   3.04525E-02   2.96549E-08
 1.40750E+01   2.77467E+17   1.02591E+10   2.22983E+02   3.03693E-02   2.97173E-08
 1.41250E+01   2.74775E+17   9.76196E+09   2.21346E+02   3.02865E-02   2.97869E-08
 1.41750E+01   2.71928E+17   9.25451E+09   2.19645E+02   3.02046E-02   2.98636E-08
 1.42250E+01   2.68944E+17   8.74011E+09   2.17890E+02   3.01240E-02   2.99469E-08
 1.42750E+01   2.65840E+17   8.22241E+09   2.16091E+02   3.00450E-02   3.00367E-08
 1.43250E+01   2.62634E+17   7.70517E+09   2.14258E+02   2.99681E-02   3.01327E-08
 1.43750E+01   2.59346E+17   7.19219E+09   2.12401E+02   2.98936E-02   3.02344E-08
 1.44250E+01   2.55994E+17   6.68721E+09   2.10531E+02   2.98218E-02   3.03414E-08
 1.44750E+01   2.52597E+17   6.19377E+09   2.08656E+02   2.97531E-02   3.04534E-08
 1.45250E+01   2.49174E+17   5.71524E+09   2.06788E+02   2.96878E-02   3.05699E-08
 1.45750E+01   2.45743E+17   5.25468E+09   2.04935E+02   2.96262E-02   3.06902E-08
 1.46250E+01   2.42322E+17   4.81490E+09   2.03108E+02   2.95686E-02   3.08139E-08
 1.46750E+01   2.38931E+17   4.39839E+09   2.01317E+02   2.95152E-02   3.09404E-08
 1.47250E+01   2.35585E+17   4.00737E+09   1.99568E+02   2.94663E-02   3.10690E-08
 1.47750E+01   2.32303E+17   3.64377E+09   1.97872E+02   2.94220E-02   3.11990E-08
 1.48250E+01   2.29101E+17   3.30922E+09   1.96237E+02   2.93825E-02   3.13296E-08
 1.48750E+01   2.25995E+17   3.00509E+09   1.94670E+02   2.93480E-02   3.14602E-08
 1.49250E+01   2.23000E+17   2.73241E+09   1.93179E+02   2.93187E-02   3.15899E-08
 1.49750E+01   2.20130E+17   2.49191E+09   1.91771E+02   2.92945E-02   3.17179E-08
 1.50250E+01   2.17398E+17   2.28388E+09   1.90452E+02   2.92756E-02   3.18433E-08
 1.50750E+01   2.14817E+17   2.10818E+09   1.89227E+02   2.92620E-02   3.19654E-08
 1.51250E+01   2.12399E+17   1.96413E+09   1.88102E+02   2.92538E-02   3.20832E-08
 1.51750E+01   2.10153E+17   1.85053E+09   1.87081E+02   2.92508E-02   3.21960E-08
 1.52250E+01   2.08089E+17   1.76559E+09   1.86169E+02   2.92531E-02   3.23030E-08
 1.52750E+01   2.06216E+17   1.70700E+09   1.85368E+02   2.92606E-02   3.24032E-08
 1.53250E+01   2.04540E+17   1.67209E+09   1.84682E+02   2.92731E-02   3.24961E-08
 1.53750E+01   2.03067E+17   1.65815E+09   1.84112E+02   2.92906E-02   3.25810E-08
 1.54250E+01   2.01803E+17   1.65789E+09   1.83660E+02   2.93130E-02   3.26572E-08
 1.54750E+01   2.00750E+17   1.65807E+09   1.83326E+02   2.93399E-02   3.27242E-08
 1.55250E+01   1.99912E+17   1.65954E+09   1.83111E+02   2.93713E-02   3.27815E-08
 1.55750E+01   1.99289E+17   1.69459E+09   1.83014E+02   2.94068E-02   3.28289E-08
 1.56250E+01   1.98882E+17   1.76476E+09   1.83034E+02   2.94464E-02   3.28660E-08
 1.56750E+01   1.98690E+17   1.86222E+09   1.83169E+02   2.94896E-02   3.28927E-08
 1.57250E+01   1.98711E+17   1.97997E+09   1.83417E+02   2.95363E-02   3.29089E-08
 1.57750E+01   1.98941E+17   2.11342E+09   1.83775E+02   2.95861E-02   3.29146E-08
 1.58250E+01   1.99377E+17   2.25958E+09   1.84240E+02   2.96387E-02   3.29101E-08
 1.58750E+01   2.00013E+17   2.41683E+09   1.84807E+02   2.96939E-02   3.28956E-08
 1.59250E+01   2.00844E+17   2.58458E+09   1.85473E+02   2.97513E-02   3.28713E-08
 1.59750E+01   2.01861E+17   2.76302E+09   1.86233E+02   2.98105E-02   3.28378E-08
 1.60250E+01   2.03058E+17   2.95294E+09   1.87081E+02   2.98713E-02   3.27954E-08
 1.60750E+01   2.04425E+17   3.15546E+09   1.88012E+02   2.99333E-02   3.27447E-08
 1.61250E+01   2.05954E+17   3.37195E+09   1.89020E+02   2.99962E-02   3.26864E-08
 1.61750E+01   2.07633E+17   3.60380E+09   1.90098E+02   3.00597E-02   3.26210E-08
 1.62250E+01   2.09452E+17   3.85238E+09   1.91240E+02   3.01234E-02   3.25493E-08
 1.62750E+01   2.11400E+17   4.11893E+09   1.92439E+02   3.01869E-02   3.24718E-08
 1.63250E+01   2.13465E+17   4.40447E+09   1.93689E+02   3.02500E-02   3.23892E-08
 1.63750E+01   2.15635E+17   4.70980E+09   1.94981E+02   3.03121E-02   3.23024E-08
 1.64250E+01   2.17896E+17   5.03545E+09   1.96309E+02   3.03732E-02   3.22118E-08
 1.64750E+01   2.20237E+17   5.38169E+09   1.97665E+02   3.04327E-02   3.21182E-08
 1.65250E+01   2.22643E+17   5.74850E+09   1.99041E+02   3.04904E-02   3.20223E-08
 1.65750E+01   2.25101E+17   6.13559E+09   2.00431E+02   3.05460E-02   3.19247E-08
 1.66250E+01   2.27599E+17   6.54238E+09   2.01826E+02   3.05992E-02   3.18260E-08
 1.66750E+01   2.30122E+17   6.96801E+09   2.03219E+02   3.06498E-02   3.17267E-08
 1.67250E+01   2.32657E+17   7.41128E+09   2.04603E+02   3.06975E-02   3.16274E-08
 1.67750E+01   2.35191E+17   7.87059E+09   2.05971E+02   3.07422E-02   3.15287E-08
 1.68250E+01   2.37710E+17   8.34383E+09   2.07316E+02   3.07836E-02   3.14310E-08
 1.68750E+01   2.40203E+17   8.82827E+09   2.08631E+02   3.08216E-02   3.13348E-08
 1.69250E+01   2.42655E+17   9.32041E+09   2.09910E+02   3.08560E-02   3.12405E-08
 1.69750E+01   2.45056E+17   9.81595E+09   2.11147E+02   3.08867E-02   3.11485E-08
 1.70250E+01   2.47394E+17   1.03097E+10   2.12336E+02   3.09136E-02   3.10591E-08
 1.70750E+01   2.49656E+17   1.07956E+10   2.13471E+02   3.09367E-02   3.09727E-08
 1.71250E+01   2.51834E+17   1.12672E+10   2.14547E+02   3.09557E-02   3.08895E-08
 1.71750E+01   2.53915E+17   1.17173E+10   2.15559E+02   3.09709E-02   3.08099E-08
 1.72250E+01   2.55891E+17   1.21390E+10   2.16504E+02   3.09820E-02   3.07340E-08
 1.72750E+01   2.57753E+17   1.25256E+10   2.17376E+02   3.09891E-02   3.06622E-08
 1.73250E+01   2.59493E+17   1.28713E+10   2.18173E+02   3.09922E-02   3.05945E-08
 1.73750E+01   2.61104E+17   1.31714E+10   2.18891E+02   3.09914E-02   3.05312E-08
 1.74250E+01   2.62578E+17   1.34228E+10   2.19527E+02   3.09867E-02   3.04725E-08
 1.74750E+01   2.63910E+17   1.36241E+10   2.20081E+02   3.09783E-02   3.04183E-08
 1.75250E+01   2.65095E+17   1.37756E+10   2.20548E+02   3.09661E-02   3.03690E-08
 1.75750E+01   2.66128E+17   1.38796E+10   2.20929E+02   3.09504E-02   3.03245E-08
 1.76250E+01   2.67007E+17   1.39398E+10   2.21223E+02   3.09313E-02   3.02849E-08
 1.76750E+01   2.67728E+17   1.39592E+10   2.21429E+02   3.09088E-02   3.02504E-08
 1.77250E+01   2.68291E+17   1.39587E+10   2.21548E+02   3.08833E-02   3.02209E-08
 1.77750E+01   2.68693E+17   1.39581E+10   2.21579E+02   3.08547E-02   3.01965E-08
 1.78250E+01   2.68936E+17   1.39459E+10   2.21524E+02   3.08235E-02   3.01772E-08
 1.78750E+01   2.69020E+17   1.38368E+10   2.21385E+02   3.07897E-02   3.01630E-08
 1.79250E+01   2.68947E+17   1.36379E+10   2.21163E+02   3.07535E-02   3.01539E-08
 1.79750E+01   2.68719E+17   1.33703E+10   2.20861E+02   3.07152E-02   3.01500E-08
 1.80250E+01   2.68339E+17   1.30503E+10   2.20480E+02   3.06750E-02   3.01510E-08
 1.80750E+01   2.67811E+17   1.26895E+10   2.20025E+02   3.06332E-02   3.01571E-08
 1.81250E+01   2.67141E+17   1.22962E+10   2.19498E+02   3.05899E-02   3.01681E-08
 1.81750E+01   2.66333E+17   1.18764E+10   2.18904E+02   3.05454E-02   3.01839E-08
 1.82250E+01   2.65393E+17   1.14344E+10   2.18246E+02   3.05000E-02   3.02045E-08
 1.82750E+01   2.64328E+17   1.09735E+10   2.17528E+02   3.04540E-02   3.02298E-08
 1.83250E+01   2.63146E+17   1.04964E+10   2.16756E+02   3.04074E-02   3.02596E-08
 1.83750E+01   2.61854E+17   1.00057E+10   2.15933E+02   3.03607E-02   3.02937E-08
 1.84250E+01   2.60459E+17   9.50411E+09   2.15065E+02   3.03140E-02   3.03321E-08
 1.84750E+01   2.58972E+17   8.99467E+09   2.14157E+02   3.02676E-02   3.03746E-08
 1.85250E+01   2.57401E+17   8.48058E+09   2.13214E+02   3.02218E-02   3.04208E-08
 1.85750E+01   2.55755E+17   7.96528E+09   2.12242E+02   3.01766E-02   3.04708E-08
 1.86250E+01   2.54044E+17   7.45232E+09   2.11246E+02   3.01325E-02   3.05242E-08
 1.86750E+01   2.52278E+17   6.94528E+09   2.10231E+02   3.00896E-02   3.05807E-08
 1.87250E+01   2.50466E+17   6.44768E+09   2.09204E+02   3.00480E-02   3.06401E-08
 1.87750E+01   2.48620E+17   5.96290E+09   2.08169E+02   3.00081E-02   3.07022E-08
 1.88250E+01   2.46748E+17   5.49416E+09   2.07132E+02   2.99699E-02   3.07666E-08
 1.88750E+01   2.44861E+17   5.04442E+09   2.06099E+02   2.99337E-02   3.08329E-08
 1.89250E+01   2.42970E+17   4.61645E+09   2.05074E+02   2.98995E-02   3.09010E-08
 1.89750E+01   2.41084E+17   4.21272E+09   2.04064E+02   2.98677E-02   3.09704E-08
 1.90250E+01   2.39213E+17   3.83544E+09   2.03074E+02   2.98382E-02   3.10407E-08
 1.90750E+01   2.37366E+17   3.48652E+09   2.02107E+02   2.98113E-02   3.11116E-08
 1.91250E+01   2.35554E+17   3.16755E+09   2.01169E+02   2.97870E-02   3.11827E-08
 1.91750E+01   2.33785E+17   2.87974E+09   2.00265E+02   2.97654E-02   3.12536E-08
 1.92250E+01   2.32068E+17   2.62396E+09   1.99399E+02   2.97467E-02   3.13239E-08
 1.92750E+01   2.30411E+17   2.40061E+09   1.98574E+02   2.97307E-02   3.13932E-08
 1.93250E+01   2.28822E+17   2.20965E+09   1.97795E+02   2.97178E-02   3.14611E-08
 1.93750E+01   2.27309E+17   2.05052E+09   1.97065E+02   2.97077E-02   3.15272E-08
 1.94250E+01   2.25879E+17   1.92213E+09   1.96388E+02   2.97006E-02   3.15911E-08
 1.94750E+01   2.24537E+17   1.82287E+09   1.95765E+02   2.96964E-02   3.16524E-08
 1.95250E+01   2.23291E+17   1.75061E+09   1.95201E+02   2.96952E-02   3.17108E-08
 1.95750E+01   2.22144E+17   1.70282E+09   1.94696E+02   2.96969E-02   3.17658E-08
 1.96250E+01   2.21103E+17   1.67632E+09   1.94253E+02   2.97014E-02   3.18172E-08
 1.96750E+01   2.20171E+17   1.66961E+09   1.93873E+02   2.97088E-02   3.18647E-08
 1.97250E+01   2.19351E+17   1.66949E+09   1.93557E+02   2.97188E-02   3.19080E-08
 1.97750E+01   2.18646E+17   1.66936E+09   1.93307E+02   2.97316E-02   3.19468E-08
 1.98250E+01   2.18059E+17   1.67715E+09   1.93123E+02   2.97468E-02   3.19809E-08
 1.98750E+01   2.17591E+17   1.72480E+09   1.93004E+02   2.97645E-02   3.20101E-08
 1.99250E+01   2.17243E+17   1.80557E+09   1.92951E+02   2.97845E-02   3.20344E-08
 1.99750E+01   2.17015E+17   1.91125E+09   1.92963E+02   2.98067E-02   3.20536E-08
 2.00250E+01   2.16906E+17   2.03615E+09   1.93039E+02   2.98309E-02   3.20676E-08
 2.00750E+01   2.16917E+17   2.17628E+09   1.93178E+02   2.98570E-02   3.20764E-08
 2.01250E+01   2.17045E+17   2.32911E+09   1.93379E+02   2.98848E-02   3.20800E-08
 2.01750E+01   2.17288E+17   2.49333E+09   1.93639E+02   2.99141E-02   3.20786E-08
 2.02250E+01   2.17643E+17   2.66863E+09   1.93956E+02   2.99448E-02   3.20721E-08
 2.02750E+01   2.18106E+17   2.85536E+09   1.94328E+02   2.99767E-02   3.20607E-08
 2.03250E+01   2.18675E+17   3.05442E+09   1.94752E+02   3.00096E-02   3.20446E-08
 2.03750E+01   2.19344E+17   3.26699E+09   1.95225E+02   3.00434E-02   3.20240E-08
 2.04250E+01   2.20109E+17   3.49440E+09   1.95745E+02   3.00778E-02   3.19991E-08
 2.04750E+01   2.20965E+17   3.73800E+09   1.96308E+02   3.01126E-02   3.19700E-08
 2.05250E+01   2.21905E+17   3.99908E+09   1.96910E+02   3.01477E-02   3.19372E-08
 2.05750E+01   2.22924E+17   4.27877E+09   1.97547E+02   3.01828E-02   3.19009E-08
 2.06250E+01   2.24016E+17   4.57802E+09   1.98216E+02   3.02178E-02   3.18613E-08
 2.06750E+01   2.25173E+17   4.89754E+09   1.98913E+02   3.02526E-02   3.18188E-08
 2.07250E+01   2.26389E+17   5.23784E+09   1.99634E+02   3.02868E-02   3.17737E-08
 2.07750E+01   2.27656E+17   5.59920E+09   2.00375E+02   3.03204E-02   3.17263E-08
 2.08250E+01   2.28968E+17   5.98163E+09   2.01131E+02   3.03531E-02   3.16770E-08
 2.08750E+01   2.30316E+17   6.38483E+09   2.01899E+02   3.03849E-02   3.16261E-08
 2.09250E+01   2.31694E+17   6.80821E+09   2.02674E+02   3.04155E-02   3.15739E-08
 2.09750E+01   2.33093E+17   7.25069E+09   2.03452E+02   3.04449E-02   3.15207E-08
 2.10250E+01   2.34507E+17   7.71072E+09   2.04229E+02   3.04728E-02   3.14669E-08
 2.10750E+01   2.35926E+17   8.18608E+09   2.05000E+02   3.04991E-02   3.14127E-08
 2.11250E+01   2.37345E+17   8.67381E+09   2.05763E+02   3.05238E-02   3.13584E-08
 2.11750E+01   2.38755E+17   9.17012E+09   2.06512E+02   3.05466E-02   3.13044E-08
 2.12250E+01   2.40149E+17   9.67043E+09   2.07245E+02   3.05676E-02   3.12509E-08
 2.12750E+01   2.41520E+17   1.01693E+10   2.07956E+02   3.05866E-02   3.11981E-08
 2.13250E+01   2.42861E+17   1.06606E+10   2.08644E+02   3.06036E-02   3.11463E-08
 2.13750E+01   2.44165E+17   1.11378E+10   2.09305E+02   3.06184E-02   3.10958E-08
 2.14250E+01   2.45426E+17   1.15939E+10   2.09935E+02   3.06311E-02   3.10467E-08
 2.14750E+01   2.46639E+17   1.20220E+10   2.10532E+02   3.06416E-02   3.09993E-08
 2.15250E+01   2.47797E+17   1.24156E+10   2.11093E+02   3.06499E-02   3.09537E-08
 2.15750E+01   2.48894E+17   1.27691E+10   2.11615E+02   3.06559E-02   3.09102E-08
 2.16250E+01   2.49927E+17   1.30780E+10   2.12097E+02   3.06597E-02   3.08688E-08
 2.16750E+01   2.50890E+17   1.33396E+10   2.12536E+02   3.06613E-02   3.08298E-08
 2.17250E+01   2.51779E+17   1.35526E+10   2.12930E+02   3.06607E-02   3.07933E-08
 2.17750E+01   2.52590E+17   1.37174E+10   2.13279E+02   3.06579E-02   3.07593E-08
 2.18250E+01   2.53321E+17   1.38360E+10   2.13580E+02   3.06529E-02   3.07281E-08
 2.18750E+01   2.53968E+17   1.39111E+10   2.13833E+02   3.06459E-02   3.06996E-08
 2.19250E+01   2.54529E+17   1.39472E+10   2.14037E+02   3.06369E-02   3.06740E-08
 2.19750E+01   2.55003E+17   1.39491E+10   2.14191E+02   3.06259E-02   3.06513E-08
 2.20250E+01   2.55387E+17   1.39469E+10   2.14296E+02   3.06131E-02   3.06317E-08
 2.20750E+01   2.55682E+17   1.39446E+10   2.14352E+02   3.05985E-02   3.06151E-08
 2.21250E+01   2.55886E+17   1.38866E+10   2.14359E+02   3.05823E-02   3.06015E-08
 2.21750E+01   2.56000E+17   1.37165E+10   2.14317E+02   3.05645E-02   3.05910E-08
 2.22250E+01   2.56024E+17   1.34660E+10   2.14228E+02   3.05453E-02   3.05837E-08
 2.22750E+01   2.55960E+17   1.31535E+10   2.14092E+02   3.05247E-02   3.05794E-08
 2.23250E+01   2.55808E+17   1.27940E+10   2.13911E+02   3.05030E-02   3.05781E-08
 2.23750E+01   2.55571E+17   1.23986E+10   2.13686E+02   3.04802E-02   3.05800E-08
 2.24250E+01   2.55252E+17   1.19746E+10   2.13419E+02   3.04565E-02   3.05848E-08
 2.24750E+01   2.54852E+17   1.15275E+10   2.13113E+02   3.04320E-02   3.05925E-08
 2.25250E+01   2.54376E+17   1.10609E+10   2.12768E+02   3.04068E-02   3.06032E-08
 2.25750E+01   2.53826E+17   1.05781E+10   2.12389E+02   3.03812E-02   3.06166E-08
 2.26250E+01   2.53207E+17   1.00818E+10   2.11976E+02   3.03552E-02   3.06328E-08
 2.26750E+01   2.52523E+17   9.57496E+09   2.11533E+02   3.03289E-02   3.06516E-08
 2.27250E+01   2.51778E+17   9.06045E+09   2.11063E+02   3.03026E-02   3.06730E-08
 2.27750E+01   2.50977E+17   8.54145E+09   2.10567E+02   3.02764E-02   3.06967E-08
 2.28250E+01   2.50125E+17   8.02127E+09   2.10051E+02   3.02504E-02   3.07227E-08
 2.28750E+01   2.49227E+17   7.50334E+09   2.09515E+02   3.02247E-02   3.07508E-08
 2.29250E+01   2.48289E+17   6.99114E+09   2.08964E+02   3.01995E-02   3.07809E-08
 2.29750E+01   2.47316E+17   6.48821E+09   2.08400E+02   3.01749E-02   3.08129E-08
 2.30250E+01   2.46314E+17   5.99798E+09   2.07827E+02   3.01510E-02   3.08465E-08
 2.30750E+01   2.45289E+17   5.52377E+09   2.07248E+02   3.01279E-02   3.08815E-08
 2.31250E+01   2.44246E+17   5.06873E+09   2.06666E+02   3.01058E-02   3.09179E-08
 2.31750E+01   2.43190E+17   4.63577E+09   2.06084E+02   3.00848E-02   3.09553E-08
 2.32250E+01   2.42129E+17   4.22754E+09   2.05505E+02   3.00649E-02   3.09936E-08
 2.32750E+01   2.41068E+17   3.84639E+09   2.04933E+02   3.00462E-02   3.10326E-08
 2.33250E+01   2.40012E+17   3.49438E+09   2.04370E+02   3.00289E-02   3.10721E-08
 2.33750E+01   2.38967E+17   3.17318E+09   2.03819E+02   3.00130E-02   3.11118E-08
 2.34250E+01   2.37938E+17   2.88405E+09   2.03283E+02   2.99986E-02   3.11516E-08
 2.34750E+01   2.36931E+17   2.62780E+09   2.02766E+02   2.99857E-02   3.11912E-08
 2.35250E+01   2.35952E+17   2.40472E+09   2.02268E+02   2.99744E-02   3.12304E-08
 2.35750E+01   2.35004E+17   2.21455E+09   2.01793E+02   2.99648E-02   3.12690E-08
 2.36250E+01   2.34092E+17   2.05648E+09   2.01343E+02   2.99567E-02   3.13067E-08
 2.36750E+01   2.33222E+17   1.92920E+09   2.00920E+02   2.99504E-02   3.13434E-08
 2.37250E+01   2.32396E+17   1.83091E+09   2.00525E+02   2.99457E-02   3.13788E-08
 2.37750E+01   2.31620E+17   1.75944E+09   2.00162E+02   2.99427E-02   3.14128E-08
 2.38250E+01   2.30896E+17   1.71232E+09   1.99830E+02   2.99414E-02   3.14451E-08
 2.38750E+01   2.30228E+17   1.68636E+09   1.99533E+02   2.99418E-02   3.14756E-08
 2.39250E+01   2.29619E+17   1.68004E+09   1.99270E+02   2.99438E-02   3.15042E-08
 2.39750E+01   2.29071E+17   1.67971E+09   1.99043E+02   2.99474E-02   3.15305E-08
 2.40250E+01   2.28586E+17   1.67939E+09   1.98852E+02   2.99526E-02   3.15546E-08
 2.40750E+01   2.28166E+17   1.68762E+09   1.98699E+02   2.99593E-02   3.15763E-08
 2.41250E+01   2.27814E+17   1.73685E+09   1.98583E+02   2.99675E-02   3.15955E-08
 2.41750E+01   2.27528E+17   1.81990E+09   1.98505E+02   2.99771E-02   3.16121E-08
 2.42250E+01   2.27312E+17   1.92864E+09   1.98464E+02   2.99881E-02   3.16260E-08
 2.42750E+01   2.27164E+17   2.05744E+09   1.98460E+02   3.00003E-02   3.16371E-08
 2.43250E+01   2.27084E+17   2.20227E+09   1.98494E+02   3.00137E-02   3.16455E-08
 2.43750E+01   2.27073E+17   2.36057E+09   1.98563E+02   3.00282E-02   3.16511E-08
 2.44250E+01   2.27130E+17   2.53102E+09   1.98668E+02   3.00437E-02   3.16540E-08
 2.44750E+01   2.27252E+17   2.71327E+09   1.98807E+02   3.00601E-02   3.16540E-08
 2.45250E+01   2.27439E+17   2.90773E+09   1.98979E+02   3.00773E-02   3.16514E-08
 2.45750E+01   2.27689E+17   3.11529E+09   1.99183E+02   3.00952E-02   3.16461E-08
 2.46250E+01   2.28000E+17   3.33714E+09   1.99418E+02   3.01137E-02   3.16382E-08
 2.46750E+01   2.28369E+17   3.57463E+09   1.99681E+02   3.01327E-02   3.16277E-08
 2.47250E+01   2.28794E+17   3.82910E+09   1.99971E+02   3.01521E-02   3.16149E-08
 2.47750E+01   2.29271E+17   4.10184E+09   2.00285E+02   3.01717E-02   3.15999E-08
 2.48250E+01   2.29797E+17   4.39403E+09   2.00623E+02   3.01915E-02   3.15826E-08
 2.48750E+01   2.30369E+17   4.70665E+09   2.00981E+02   3.02114E-02   3.15634E-08
 2.49250E+01   2.30983E+17   5.04052E+09   2.01358E+02   3.02311E-02   3.15423E-08
 2.49750E+01   2.31636E+17   5.39622E+09   2.01751E+02   3.02508E-02   3.15194E-08
 2.50250E+01   2.32322E+17   5.77404E+09   2.02157E+02   3.02701E-02   3.14951E-08
 2.50750E+01   2.33039E+17   6.17396E+09   2.02576E+02   3.02891E-02   3.14693E-08
 2.51250E+01   2.33781E+17   6.59556E+09   2.03003E+02   3.03076E-02   3.14424E-08
 2.51750E+01   2.34545E+17   7.03789E+09   2.03437E+02   3.03256E-02   3.14145E-08
 2.52250E+01   2.35325E+17   7.49941E+09   2.03876E+02   3.03429E-02   3.13856E-08
 2.52750E+01   2.36119E+17   7.97784E+09   2.04316E+02   3.03595E-02   3.13562E-08
 2.53250E+01   2.36920E+17   8.47012E+09   2.04756E+02   3.03753E-02   3.13262E-08
 2.53750E+01   2.37725E+17   8.97229E+09   2.05192E+02   3.03901E-02   3.12959E-08
 2.54250E+01   2.38529E+17   9.47956E+09   2.05623E+02   3.04040E-02   3.12655E-08
 2.54750E+01   2.39327E+17   9.98629E+09   2.06047E+02   3.04169E-02   3.12351E-08
 2.55250E+01   2.40117E+17   1.04862E+10   2.06461E+02   3.04287E-02   3.12048E-08
 2.55750E+01   2.40893E+17   1.09724E+10   2.06863E+02   3.04394E-02   3.11749E-08
 2.56250E+01   2.41651E+17   1.14382E+10   2.07251E+02   3.04489E-02   3.11455E-08
 2.56750E+01   2.42388E+17   1.18765E+10   2.07623E+02   3.04571E-02   3.11167E-08
 2.57250E+01   2.43100E+17   1.22813E+10   2.07977E+02   3.04642E-02   3.10887E-08
 2.57750E+01   2.43784E+17   1.26470E+10   2.08312E+02   3.04700E-02   3.10616E-08
 2.58250E+01   2.44435E+17   1.29692E+10   2.08627E+02   3.04745E-02   3.10355E-08
 2.58750E+01   2.45051E+17   1.32450E+10   2.08919E+02   3.04777E-02   3.10106E-08
 2.59250E+01   2.45630E+17   1.34727E+10   2.09188E+02   3.04797E-02   3.09869E-08
 2.59750E+01   2.46168E+17   1.36519E+10   2.09432E+02   3.04804E-02   3.09645E-08
 2.60250E+01   2.46664E+17   1.37840E+10   2.09650E+02   3.04798E-02   3.09436E-08
 2.60750E+01   2.47115E+17   1.38721E+10   2.09842E+02   3.04780E-02   3.09241E-08
 2.61250E+01   2.47519E+17   1.39215E+10   2.10007E+02   3.04750E-02   3.09063E-08
 2.61750E+01   2.47875E+17   1.39355E+10   2.10144E+02   3.04708E-02   3.08901E-08
 2.62250E+01   2.48182E+17   1.39388E+10   2.10253E+02   3.04655E-02   3.08755E-08
 2.62750E+01   2.48438E+17   1.39423E+10   2.10334E+02   3.04591E-02   3.08627E-08
 2.63250E+01   2.48644E+17   1.39161E+10   2.10387E+02   3.04517E-02   3.08517E-08
 2.63750E+01   2.48798E+17   1.37754E+10   2.10412E+02   3.04432E-02   3.08425E-08
 2.64250E+01   2.48901E+17   1.35461E+10   2.10409E+02   3.04339E-02   3.08351E-08
 2.64750E+01   2.48952E+17   1.32494E+10   2.10378E+02   3.04236E-02   3.08295E-08
 2.65250E+01   2.48953E+17   1.29000E+10   2.10321E+02   3.04126E-02   3.08258E-08
 2.65750E+01   2.48904E+17   1.25094E+10   2.10238E+02   3.04009E-02   3.08238E-08
 2.66250E+01   2.48805E+17   1.20864E+10   2.10129E+02   3.03885E-02   3.08237E-08
 2.66750E+01   2.48659E+17   1.16379E+10   2.09996E+02   3.03755E-02   3.08253E-08
 2.67250E+01   2.48467E+17   1.11690E+10   2.09840E+02   3.03620E-02   3.08287E-08
 2.67750E+01   2.48230E+17   1.06839E+10   2.09661E+02   3.03482E-02   3.08338E-08
 2.68250E+01   2.47951E+17   1.01857E+10   2.09462E+02   3.03340E-02   3.08406E-08
 2.68750E+01   2.47631E+17   9.67764E+09   2.09244E+02   3.03195E-02   3.08490E-08
 2.69250E+01   2.47272E+17   9.16245E+09   2.09007E+02   3.03049E-02   3.08589E-08
 2.69750E+01   2.46879E+17   8.64312E+09   2.08754E+02   3.02901E-02   3.08703E-08
 2.70250E+01   2.46452E+17   8.12274E+09   2.08487E+02   3.02754E-02   3.08831E-08
 2.70750E+01   2.45995E+17   7.60454E+09   2.08206E+02   3.02608E-02   3.08972E-08
 2.71250E+01   2.45510E+17   7.09189E+09   2.07913E+02   3.02463E-02   3.09126E-08
 2.71750E+01   2.45001E+17   6.58819E+09   2.07611E+02   3.02320E-02   3.09291E-08
 2.72250E+01   2.44471E+17   6.09678E+09   2.07301E+02   3.02180E-02   3.09467E-08
 2.72750E+01   2.43923E+17   5.62098E+09   2.06984E+02   3.02044E-02   3.09652E-08
 2.73250E+01   2.43359E+17   5.16392E+09   2.06664E+02   3.01912E-02   3.09846E-08
 2.73750E+01   2.42784E+17   4.72853E+09   2.06340E+02   3.01785E-02   3.10047E-08
 2.74250E+01   2.42201E+17   4.31749E+09   2.06016E+02   3.01663E-02   3.10254E-08
 2.74750E+01   2.41612E+17   3.93320E+09   2.05692E+02   3.01548E-02   3.10466E-08
 2.75250E+01   2.41021E+17   3.57769E+09   2.05371E+02   3.01439E-02   3.10682E-08
 2.75750E+01   2.40432E+17   3.25260E+09   2.05054E+02   3.01338E-02   3.10901E-08
 2.76250E+01   2.39847E+17   2.95918E+09   2.04743E+02   3.01244E-02   3.11121E-08
 2.76750E+01   2.39269E+17   2.69818E+09   2.04440E+02   3.01158E-02   3.11342E-08
 2.77250E+01   2.38701E+17   2.46987E+09   2.04145E+02   3.01080E-02   3.11562E-08
 2.77750E+01   2.38147E+17   2.27401E+09   2.03861E+02   3.01011E-02   3.11779E-08
 2.78250E+01   2.37608E+17   2.10984E+09   2.03589E+02   3.00951E-02   3.11994E-08
 2.78750E+01   2.37089E+17   1.97608E+09   2.03329E+02   3.00900E-02   3.12204E-08
 2.79250E+01   2.36590E+17   1.87098E+09   2.03084E+02   3.00858E-02   3.12409E-08
 2.79750E+01   2.36115E+17   1.79234E+09   2.02854E+02   3.00825E-02   3.12607E-08
 2.80250E+01   2.35666E+17   1.73760E+09   2.02640E+02   3.00802E-02   3.12797E-08
 2.80750E+01   2.35244E+17   1.70408E+09   2.02444E+02   3.00788E-02   3.12979E-08
 2.81250E+01   2.34852E+17   1.68869E+09   2.02266E+02   3.00783E-02   3.13152E-08
 2.81750E+01   2.34490E+17   1.68785E+09   2.02106E+02   3.00787E-02   3.13314E-08
 2.82250E+01   2.34162E+17   1.68823E+09   2.01965E+02   3.00801E-02   3.13465E-08
 2.82750E+01   2.33867E+17   1.68860E+09   2.01844E+02   3.00823E-02   3.13604E-08
 2.83250E+01   2.33608E+17   1.71380E+09   2.01744E+02   3.00853E-02   3.13731E-08
 2.83750E+01   2.33384E+17   1.77937E+09   2.01663E+02   3.00892E-02   3.13845E-08
 2.84250E+01   2.33197E+17   1.87420E+09   2.01604E+02   3.00939E-02   3.13945E-08
 2.84750E+01   2.33047E+17   1.99194E+09   2.01564E+02   3.00994E-02   3.14031E-08
 2.85250E+01   2.32935E+17   2.12758E+09   2.01545E+02   3.01056E-02   3.14103E-08
 2.85750E+01   2.32860E+17   2.27790E+09   2.01547E+02   3.01124E-02   3.14161E-08
 2.86250E+01   2.32822E+17   2.44100E+09   2.01568E+02   3.01199E-02   3.14204E-08
 2.86750E+01   2.32821E+17   2.61601E+09   2.01609E+02   3.01280E-02   3.14232E-08
 2.87250E+01   2.32857E+17   2.80285E+09   2.01669E+02   3.01366E-02   3.14246E-08
 2.87750E+01   2.32928E+17   3.00203E+09   2.01748E+02   3.01457E-02   3.14246E-08
 2.88250E+01   2.33035E+17   3.21443E+09   2.01844E+02   3.01552E-02   3.14231E-08
 2.88750E+01   2.33175E+17   3.44120E+09   2.01958E+02   3.01651E-02   3.14202E-08
 2.89250E+01   2.33348E+17   3.68358E+09   2.02087E+02   3.01752E-02   3.14160E-08
 2.89750E+01   2.33553E+17   3.94285E+09   2.02232E+02   3.01857E-02   3.14104E-08
 2.90250E+01   2.33787E+17   4.22027E+09   2.02392E+02   3.01963E-02   3.14036E-08
 2.90750E+01   2.34050E+17   4.51698E+09   2.02565E+02   3.02071E-02   3.13956E-08
 2.91250E+01   2.34339E+17   4.83400E+09   2.02750E+02   3.02180E-02   3.13864E-08
 2.91750E+01   2.34653E+17   5.17211E+09   2.02946E+02   3.02289E-02   3.13762E-08
 2.92250E+01   2.34989E+17   5.53188E+09   2.03152E+02   3.02397E-02   3.13650E-08
 2.92750E+01   2.35347E+17   5.91356E+09   2.03367E+02   3.02505E-02   3.13528E-08
 2.93250E+01   2.35722E+17   6.31697E+09   2.03590E+02   3.02611E-02   3.13398E-08
 2.93750E+01   2.36114E+17   6.74147E+09   2.03819E+02   3.02715E-02   3.13261E-08
 2.94250E+01   2.36520E+17   7.18580E+09   2.04053E+02   3.02817E-02   3.13116E-08
 2.94750E+01   2.36938E+17   7.64806E+09   2.04290E+02   3.02916E-02   3.12966E-08
 2.95250E+01   2.37365E+17   8.12557E+09   2.04530E+02   3.03011E-02   3.12811E-08
 2.95750E+01   2.37799E+17   8.61489E+09   2.04771E+02   3.03103E-02   3.12652E-08
 2.96250E+01   2.38238E+17   9.11176E+09   2.05012E+02   3.03190E-02   3.12490E-08
 2.96750E+01   2.38679E+17   9.61119E+09   2.05251E+02   3.03272E-02   3.12325E-08
 2.97250E+01   2.39121E+17   1.01075E+10   2.05488E+02   3.03349E-02   3.12160E-08
 2.97750E+01   2.39560E+17   1.05947E+10   2.05721E+02   3.03421E-02   3.11994E-08
 2.98250E+01   2.39994E+17   1.10662E+10   2.05949E+02   3.03487E-02   3.11828E-08
 2.98750E+01   2.40422E+17   1.15157E+10   2.06171E+02   3.03547E-02   3.11663E-08
 2.99250E+01   2.40841E+17   1.19372E+10   2.06386E+02   3.03601E-02   3.11501E-08
 2.99750E+01   2.41249E+17   1.23252E+10   2.06593E+02   3.03649E-02   3.11341E-08
 3.00250E+01   2.41644E+17   1.26749E+10   2.06790E+02   3.03689E-02   3.11185E-08
 3.00750E+01   2.42025E+17   1.29829E+10   2.06977E+02   3.03724E-02   3.11034E-08
 3.01250E+01   2.42388E+17   1.32467E+10   2.07154E+02   3.03751E-02   3.10888E-08
 3.01750E+01   2.42734E+17   1.34652E+10   2.07318E+02   3.03771E-02   3.10747E-08
 3.02250E+01   2.43060E+17   1.36388E+10   2.07471E+02   3.03785E-02   3.10613E-08
 3.02750E+01   2.43365E+17   1.37688E+10   2.07610E+02   3.03792E-02   3.10485E-08
 3.03250E+01   2.43647E+17   1.38580E+10   2.07736E+02   3.03791E-02   3.10365E-08
 3.03750E+01   2.43906E+17   1.39100E+10   2.07848E+02   3.03785E-02   3.10253E-08
 3.04250E+01   2.44140E+17   1.39274E+10   2.07945E+02   3.03771E-02   3.10149E-08
 3.04750E+01   2.44348E+17   1.39273E+10   2.08027E+02   3.03751E-02   3.10054E-08
 3.05250E+01   2.44531E+17   1.39271E+10   2.08095E+02   3.03725E-02   3.09968E-08
 3.05750E+01   2.44686E+17   1.39175E+10   2.08147E+02   3.03693E-02   3.09892E-08
 3.06250E+01   2.44814E+17   1.38081E+10   2.08185E+02   3.03656E-02   3.09825E-08
 3.06750E+01   2.44915E+17   1.36016E+10   2.08207E+02   3.03612E-02   3.09768E-08
 3.07250E+01   2.44987E+17   1.33198E+10   2.08214E+02   3.03564E-02   3.09721E-08
 3.07750E+01   2.45033E+17   1.29807E+10   2.08206E+02   3.03511E-02   3.09684E-08
 3.08250E+01   2.45050E+17   1.25976E+10   2.08183E+02   3.03453E-02   3.09657E-08
 3.08750E+01   2.45040E+17   1.21806E+10   2.08146E+02   3.03391E-02   3.09640E-08
 3.09250E+01   2.45004E+17   1.17374E+10   2.08096E+02   3.03325E-02   3.09633E-08
 3.09750E+01   2.44941E+17   1.12734E+10   2.08031E+02   3.03256E-02   3.09636E-08
 3.10250E+01   2.44852E+17   1.07931E+10   2.07954E+02   3.03184E-02   3.09648E-08
 3.10750E+01   2.44739E+17   1.02999E+10   2.07864E+02   3.03109E-02   3.09671E-08
 3.11250E+01   2.44602E+17   9.79670E+09   2.07763E+02   3.03033E-02   3.09702E-08
 3.11750E+01   2.44442E+17   9.28641E+09   2.07651E+02   3.02954E-02   3.09743E-08
 3.12250E+01   2.44261E+17   8.77180E+09   2.07528E+02   3.02875E-02   3.09793E-08
 3.12750E+01   2.44059E+17   8.25576E+09   2.07395E+02   3.02794E-02   3.09851E-08
 3.13250E+01   2.43838E+17   7.74132E+09   2.07254E+02   3.02713E-02   3.09917E-08
 3.13750E+01   2.43600E+17   7.23160E+09   2.07106E+02   3.02633E-02   3.09990E-08
 3.14250E+01   2.43345E+17   6.72984E+09   2.06950E+02   3.02552E-02   3.10071E-08
 3.14750E+01   2.43076E+17   6.23928E+09   2.06788E+02   3.02473E-02   3.10158E-08
 3.15250E+01   2.42794E+17   5.76310E+09   2.06621E+02   3.02395E-02   3.10251E-08
 3.15750E+01   2.42501E+17   5.30443E+09   2.06450E+02   3.02319E-02   3.10350E-08
 3.16250E+01   2.42198E+17   4.86621E+09   2.06275E+02   3.02244E-02   3.10454E-08
 3.16750E+01   2.41887E+17   4.45118E+09   2.06099E+02   3.02172E-02   3.10562E-08
 3.17250E+01   2.41571E+17   4.06181E+09   2.05921E+02   3.02103E-02   3.10674E-08
 3.17750E+01   2.41250E+17   3.70023E+09   2.05743E+02   3.02037E-02   3.10789E-08
 3.18250E+01   2.40926E+17   3.36818E+09   2.05565E+02   3.01975E-02   3.10907E-08
 3.18750E+01   2.40601E+17   3.06700E+09   2.05389E+02   3.01916E-02   3.11027E-08
 3.19250E+01   2.40277E+17   2.79755E+09   2.05215E+02   3.01861E-02   3.11147E-08
 3.19750E+01   2.39956E+17   2.56019E+09   2.05045E+02   3.01810E-02   3.11269E-08
 3.20250E+01   2.39639E+17   2.35481E+09   2.04879E+02   3.01763E-02   3.11390E-08
 3.20750E+01   2.39328E+17   2.18078E+09   2.04717E+02   3.01721E-02   3.11510E-08
 3.21250E+01   2.39024E+17   2.03699E+09   2.04562E+02   3.01684E-02   3.11629E-08
 3.21750E+01   2.38729E+17   1.92186E+09   2.04413E+02   3.01652E-02   3.11747E-08
 3.22250E+01   2.38444E+17   1.83340E+09   2.04271E+02   3.01624E-02   3.11861E-08
 3.22750E+01   2.38172E+17   1.76927E+09   2.04137E+02   3.01602E-02   3.11972E-08
 3.23250E+01   2.37912E+17   1.72686E+09   2.04011E+02   3.01585E-02   3.12080E-08
 3.23750E+01   2.37666E+17   1.70319E+09   2.03895E+02   3.01573E-02   3.12183E-08
 3.24250E+01   2.37436E+17   1.69668E+09   2.03788E+02   3.01566E-02   3.12282E-08
 3.24750E+01   2.37222E+17   1.69657E+09   2.03691E+02   3.01564E-02   3.12375E-08
 3.25250E+01   2.37025E+17   1.69645E+09   2.03604E+02   3.01567E-02   3.12462E-08
 3.25750E+01   2.36847E+17   1.70259E+09   2.03528E+02   3.01575E-02   3.12544E-08
 3.26250E+01   2.36687E+17   1.74820E+09   2.03462E+02   3.01588E-02   3.12619E-08
 3.26750E+01   2.36546E+17   1.82853E+09   2.03408E+02   3.01606E-02   3.12687E-08
 3.27250E+01   2.36426E+17   1.93539E+09   2.03366E+02   3.01628E-02   3.12747E-08
 3.27750E+01   2.36326E+17   2.06302E+09   2.03334E+02   3.01655E-02   3.12801E-08
 3.28250E+01   2.36246E+17   2.20740E+09   2.03314E+02   3.01685E-02   3.12847E-08
 3.28750E+01   2.36187E+17   2.36591E+09   2.03305E+02   3.01720E-02   3.12885E-08
 3.29250E+01   2.36148E+17   2.53709E+09   2.03307E+02   3.01758E-02   3.12915E-08
 3.29750E+01   2.36131E+17   2.72042E+09   2.03321E+02   3.01800E-02   3.12937E-08
 3.30250E+01   2.36134E+17   2.91607E+09   2.03345E+02   3.01845E-02   3.12952E-08
 3.30750E+01   2.36157E+17   3.12469E+09   2.03380E+02   3.01894E-02   3.12958E-08
 3.31250E+01   2.36199E+17   3.34731E+09   2.03425E+02   3.01944E-02   3.12957E-08
 3.31750E+01   2.36262E+17   3.58514E+09   2.03480E+02   3.01997E-02   3.12948E-08
 3.32250E+01   2.36343E+17   3.83953E+09   2.03544E+02   3.02052E-02   3.12931E-08
 3.32750E+01   2.36442E+17   4.11182E+09   2.03617E+02   3.02109E-02   3.12907E-08
 3.33250E+01   2.36559E+17   4.40333E+09   2.03699E+02   3.02168E-02   3.12875E-08
 3.33750E+01   2.36692E+17   4.71524E+09   2.03789E+02   3.02227E-02   3.12837E-08
 3.34250E+01   2.36841E+17   5.04854E+09   2.03886E+02   3.02287E-02   3.12792E-08
 3.34750E+01   2.37004E+17   5.40397E+09   2.03990E+02   3.02347E-02   3.12741E-08
 3.35250E+01   2.37181E+17   5.78192E+09   2.04100E+02   3.02408E-02   3.12684E-08
 3.35750E+01   2.37371E+17   6.18233E+09   2.04216E+02   3.02468E-02   3.12621E-08
 3.36250E+01   2.37572E+17   6.60461E+09   2.04336E+02   3.02528E-02   3.12554E-08
 3.36750E+01   2.37783E+17   7.04754E+09   2.04461E+02   3.02587E-02   3.12482E-08
 3.37250E+01   2.38004E+17   7.50919E+09   2.04589E+02   3.02645E-02   3.12405E-08
 3.37750E+01   2.38231E+17   7.98685E+09   2.04719E+02   3.02701E-02   3.12325E-08
 3.38250E+01   2.38466E+17   8.47699E+09   2.04852E+02   3.02756E-02   3.12241E-08
 3.38750E+01   2.38705E+17   8.97530E+09   2.04986E+02   3.02808E-02   3.12155E-08
 3.39250E+01   2.38948E+17   9.47677E+09   2.05120E+02   3.02859E-02   3.12066E-08
 3.39750E+01   2.39194E+17   9.97576E+09   2.05255E+02   3.02907E-02   3.11976E-08
 3.40250E+01   2.39441E+17   1.04662E+10   2.05388E+02   3.02953E-02   3.11884E-08
 3.40750E+01   2.39687E+17   1.09419E+10   2.05520E+02   3.02995E-02   3.11792E-08
 3.41250E+01   2.39933E+17   1.13965E+10   2.05650E+02   3.03035E-02   3.11699E-08
 3.41750E+01   2.40175E+17   1.18240E+10   2.05776E+02   3.03071E-02   3.11607E-08
 3.42250E+01   2.40414E+17   1.22190E+10   2.05900E+02   3.03104E-02   3.11515E-08
 3.42750E+01   2.40647E+17   1.25767E+10   2.06019E+02   3.03133E-02   3.11424E-08
 3.43250E+01   2.40874E+17   1.28934E+10   2.06133E+02   3.03159E-02   3.11335E-08
 3.43750E+01   2.41094E+17   1.31668E+10   2.06242E+02   3.03181E-02   3.11248E-08
 3.44250E+01   2.41305E+17   1.33957E+10   2.06346E+02   3.03199E-02   3.11164E-08
 3.44750E+01   2.41507E+17   1.35804E+10   2.06443E+02   3.03214E-02   3.11082E-08
 3.45250E+01   2.41698E+17   1.37222E+10   2.06534E+02   3.03225E-02   3.11003E-08
 3.45750E+01   2.41878E+17   1.38233E+10   2.06617E+02   3.03231E-02   3.10929E-08
 3.46250E+01   2.42046E+17   1.38867E+10   2.06694E+02   3.03234E-02   3.10858E-08
 3.46750E+01   2.42202E+17   1.39164E+10   2.06762E+02   3.03233E-02   3.10791E-08
 3.47250E+01   2.42344E+17   1.39176E+10   2.06823E+02   3.03229E-02   3.10728E-08
 3.47750E+01   2.42472E+17   1.39158E+10   2.06876E+02   3.03221E-02   3.10671E-08
 3.48250E+01   2.42586E+17   1.39140E+10   2.06920E+02   3.03209E-02   3.10618E-08
 3.48750E+01   2.42684E+17   1.38499E+10   2.06956E+02   3.03194E-02   3.10571E-08
 3.49250E+01   2.42768E+17   1.36692E+10   2.06983E+02   3.03175E-02   3.10529E-08
 3.49750E+01   2.42836E+17   1.34043E+10   2.07002E+02   3.03153E-02   3.10493E-08
 3.50250E+01   2.42889E+17   1.30739E+10   2.07012E+02   3.03128E-02   3.10462E-08
 3.50750E+01   2.42926E+17   1.26942E+10   2.07014E+02   3.03101E-02   3.10436E-08
 3.51250E+01   2.42947E+17   1.22773E+10   2.07007E+02   3.03070E-02   3.10417E-08
 3.51750E+01   2.42953E+17   1.18318E+10   2.06993E+02   3.03038E-02   3.10403E-08
 3.52250E+01   2.42944E+17   1.13643E+10   2.06970E+02   3.03002E-02   3.10395E-08
 3.52750E+01   2.42920E+17   1.08796E+10   2.06940E+02   3.02965E-02   3.10393E-08
 3.53250E+01   2.42881E+17   1.03813E+10   2.06902E+02   3.02926E-02   3.10396E-08
 3.53750E+01   2.42828E+17   9.87284E+09   2.06856E+02   3.02886E-02   3.10405E-08
 3.54250E+01   2.42761E+17   9.35716E+09   2.06804E+02   3.02844E-02   3.10419E-08
 3.54750E+01   2.42680E+17   8.83721E+09   2.06746E+02   3.02801E-02   3.10439E-08
 3.55250E+01   2.42588E+17   8.31596E+09   2.06681E+02   3.02757E-02   3.10463E-08
 3.55750E+01   2.42483E+17   7.79643E+09   2.06611E+02   3.02713E-02   3.10493E-08
 3.56250E+01   2.42366E+17   7.28174E+09   2.06535E+02   3.02668E-02   3.10527E-08
 3.56750E+01   2.42240E+17   6.77511E+09   2.06455E+02   3.02623E-02   3.10566E-08
 3.57250E+01   2.42104E+17   6.27979E+09   2.06370E+02   3.02578E-02   3.10609E-08
 3.57750E+01   2.41958E+17   5.79901E+09   2.06282E+02   3.02533E-02   3.10656E-08
 3.58250E+01   2.41805E+17   5.33595E+09   2.06190E+02   3.02489E-02   3.10706E-08
 3.58750E+01   2.41646E+17   4.89363E+09   2.06096E+02   3.02446E-02   3.10760E-08
 3.59250E+01   2.41480E+17   4.47486E+09   2.06000E+02   3.02404E-02   3.10816E-08
 3.59750E+01   2.41309E+17   4.08217E+09   2.05902E+02   3.02363E-02   3.10876E-08
 3.60250E+01   2.41134E+17   3.71773E+09   2.05803E+02   3.02324E-02   3.10938E-08
 3.60750E+01   2.40956E+17   3.38333E+09   2.05703E+02   3.02286E-02   3.11001E-08
 3.61250E+01   2.40776E+17   3.08031E+09   2.05604E+02   3.02250E-02   3.11066E-08
 3.61750E+01   2.40594E+17   2.80950E+09   2.05505E+02   3.02217E-02   3.11133E-08
 3.62250E+01   2.40413E+17   2.57123E+09   2.05407E+02   3.02185E-02   3.11200E-08
 3.62750E+01   2.40233E+17   2.36529E+09   2.05311E+02   3.02155E-02   3.11268E-08
 3.63250E+01   2.40055E+17   2.19091E+09   2.05217E+02   3.02128E-02   3.11336E-08
 3.63750E+01   2.39879E+17   2.04686E+09   2.05125E+02   3.02103E-02   3.11403E-08
 3.64250E+01   2.39707E+17   1.93146E+09   2.05037E+02   3.02082E-02   3.11470E-08
 3.64750E+01   2.39540E+17   1.84267E+09   2.04952E+02   3.02062E-02   3.11536E-08
 3.65250E+01   2.39378E+17   1.77818E+09   2.04870E+02   3.02046E-02   3.11600E-08
 3.65750E+01   2.39222E+17   1.73544E+09   2.04793E+02   3.02032E-02   3.11663E-08
 3.66250E+01   2.39074E+17   1.71152E+09   2.04721E+02   3.02022E-02   3.11724E-08
 3.66750E+01   2.38933E+17   1.70476E+09   2.04654E+02   3.02014E-02   3.11782E-08
 3.67250E+01   2.38801E+17   1.70448E+09   2.04592E+02   3.02009E-02   3.11838E-08
 3.67750E+01   2.38678E+17   1.70420E+09   2.04535E+02   3.02007E-02   3.11891E-08
 3.68250E+01   2.38564E+17   1.70987E+09   2.04484E+02   3.02008E-02   3.11941E-08
 3.68750E+01   2.38460E+17   1.75567E+09   2.04440E+02   3.02011E-02   3.11988E-08
 3.69250E+01   2.38367E+17   1.83731E+09   2.04401E+02   3.02018E-02   3.12031E-08
 3.69750E+01   2.38284E+17   1.94648E+09   2.04368E+02   3.02027E-02   3.12070E-08
 3.70250E+01   2.38213E+17   2.07727E+09   2.04342E+02   3.02038E-02   3.12105E-08
 3.70750E+01   2.38153E+17   2.22553E+09   2.04323E+02   3.02053E-02   3.12136E-08
 3.71250E+01   2.38105E+17   2.38854E+09   2.04309E+02   3.02069E-02   3.12162E-08
 3.71750E+01   2.38069E+17   2.56476E+09   2.04303E+02   3.02088E-02   3.12185E-08
 3.72250E+01   2.38045E+17   2.75364E+09   2.04302E+02   3.02109E-02   3.12203E-08
 3.72750E+01   2.38032E+17   2.95536E+09   2.04308E+02   3.02132E-02   3.12216E-08
 3.73250E+01   2.38031E+17   3.17066E+09   2.04320E+02   3.02157E-02   3.12225E-08
 3.73750E+01   2.38041E+17   3.40063E+09   2.04338E+02   3.02184E-02   3.12230E-08
 3.74250E+01   2.38063E+17   3.64662E+09   2.04362E+02   3.02212E-02   3.12230E-08
 3.74750E+01   2.38096E+17   3.91008E+09   2.04392E+02   3.02242E-02   3.12226E-08
 3.75250E+01   2.38140E+17   4.19251E+09   2.04427E+02   3.02273E-02   3.12217E-08
 3.75750E+01   2.38194E+17   4.49530E+09   2.04468E+02   3.02305E-02   3.12205E-08
 3.76250E+01   2.38258E+17   4.81971E+09   2.04513E+02   3.02337E-02   3.12188E-08
 3.76750E+01   2.38332E+17   5.16673E+09   2.04563E+02   3.02371E-02   3.12167E-08
 3.77250E+01   2.38415E+17   5.53699E+09   2.04617E+02   3.02404E-02   3.12143E-08
 3.77750E+01   2.38506E+17   5.93069E+09   2.04675E+02   3.02438E-02   3.12114E-08
 3.78250E+01   2.38606E+17   6.34746E+09   2.04737E+02   3.02473E-02   3.12083E-08
 3.78750E+01   2.38712E+17   6.78629E+09   2.04802E+02   3.02507E-02   3.12048E-08
 3.79250E+01   2.38825E+17   7.24539E+09   2.04870E+02   3.02540E-02   3.12011E-08
 3.79750E+01   2.38944E+17   7.72222E+09   2.04940E+02   3.02574E-02   3.11970E-08
 3.80250E+01   2.39069E+17   8.21337E+09   2.05012E+02   3.02607E-02   3.11927E-08
 3.80750E+01   2.39197E+17   8.71463E+09   2.05086E+02   3.02638E-02   3.11882E-08
 3.81250E+01   2.39330E+17   9.22105E+09   2.05161E+02   3.02669E-02   3.11835E-08
 3.81750E+01   2.39465E+17   9.72702E+09   2.05236E+02   3.02699E-02   3.11787E-08
 3.82250E+01   2.39603E+17   1.02265E+10   2.05312E+02   3.02728E-02   3.11737E-08
 3.82750E+01   2.39742E+17   1.07130E+10   2.05388E+02   3.02755E-02   3.11686E-08
 3.83250E+01   2.39882E+17   1.11803E+10   2.05464E+02   3.02781E-02   3.11634E-08
 3.83750E+01   2.40022E+17   1.16223E+10   2.05538E+02   3.02805E-02   3.11582E-08
 3.84250E+01   2.40161E+17   1.20333E+10   2.05612E+02   3.02828E-02   3.11530E-08
 3.84750E+01   2.40298E+17   1.24086E+10   2.05683E+02   3.02848E-02   3.11477E-08
 3.85250E+01   2.40433E+17   1.27442E+10   2.05753E+02   3.02867E-02   3.11425E-08
 3.85750E+01   2.40565E+17   1.30373E+10   2.05820E+02   3.02883E-02   3.11374E-08
 3.86250E+01   2.40694E+17   1.32861E+10   2.05885E+02   3.02898E-02   3.11324E-08
 3.86750E+01   2.40818E+17   1.34901E+10   2.05946E+02   3.02910E-02   3.11274E-08
 3.87250E+01   2.40938E+17   1.36500E+10   2.06005E+02   3.02920E-02   3.11226E-08
 3.87750E+01   2.41052E+17   1.37679E+10   2.06059E+02   3.02928E-02   3.11180E-08
 3.88250E+01   2.41160E+17   1.38470E+10   2.06110E+02   3.02934E-02   3.11135E-08
 3.88750E+01   2.41261E+17   1.38922E+10   2.06157E+02   3.02938E-02   3.11093E-08
 3.89250E+01   2.41356E+17   1.39063E+10   2.06200E+02   3.02939E-02   3.11053E-08
 3.89750E+01   2.41443E+17   1.39074E+10   2.06239E+02   3.02939E-02   3.11015E-08
 3.90250E+01   2.41524E+17   1.39086E+10   2.06273E+02   3.02936E-02   3.10980E-08
 3.90750E+01   2.41595E+17   1.38875E+10   2.06302E+02   3.02932E-02   3.10947E-08
 3.91250E+01   2.41659E+17   1.37481E+10   2.06327E+02   3.02925E-02   3.10918E-08
 3.91750E+01   2.41714E+17   1.35108E+10   2.06346E+02   3.02916E-02   3.10891E-08
 3.92250E+01   2.41761E+17   1.32005E+10   2.06361E+02   3.02906E-02   3.10868E-08
 3.92750E+01   2.41798E+17   1.28345E+10   2.06371E+02   3.02893E-02   3.10847E-08
 3.93250E+01   2.41827E+17   1.24256E+10   2.06376E+02   3.02879E-02   3.10830E-08
 3.93750E+01   2.41847E+17   1.19836E+10   2.06377E+02   3.02863E-02   3.10816E-08
 3.94250E+01   2.41858E+17   1.15163E+10   2.06372E+02   3.02846E-02   3.10805E-08
 3.94750E+01   2.41861E+17   1.10296E+10   2.06363E+02   3.02827E-02   3.10798E-08
 3.95250E+01   2.41854E+17   1.05283E+10   2.06350E+02   3.02808E-02   3.10794E-08
 3.95750E+01   2.41840E+17   1.00163E+10   2.06332E+02   3.02787E-02   3.10793E-08
 3.96250E+01   2.41817E+17   9.49703E+09   2.06310E+02   3.02765E-02   3.10795E-08
 3.96750E+01   2.41786E+17   8.97345E+09   2.06284E+02   3.02742E-02   3.10801E-08
 3.97250E+01   2.41747E+17   8.44854E+09   2.06254E+02   3.02718E-02   3.10809E-08
 3.97750E+01   2.41701E+17   7.92526E+09   2.06221E+02   3.02694E-02   3.10821E-08
 3.98250E+01   2.41648E+17   7.40671E+09   2.06184E+02   3.02670E-02   3.10835E-08
 3.98750E+01   2.41588E+17   6.89604E+09   2.06144E+02   3.02645E-02   3.10852E-08
 3.99250E+01   2.41522E+17   6.39647E+09   2.06101E+02   3.02620E-02   3.10872E-08
 3.99750E+01   2.41450E+17   5.91124E+09   2.06056E+02   3.02595E-02   3.10894E-08
 4.00250E+01   2.41373E+17   5.44351E+09   2.06008E+02   3.02570E-02   3.10919E-08
 4.00750E+01   2.41291E+17   4.99631E+09   2.05958E+02   3.02545E-02   3.10946E-08
 4.01250E+01   2.41205E+17   4.57246E+09   2.05907E+02   3.02521E-02   3.10974E-08
 4.01750E+01   2.41115E+17   4.17450E+09   2.05854E+02   3.02497E-02   3.11005E-08
 4.02250E+01   2.41022E+17   3.80461E+09   2.05800E+02   3.02474E-02   3.11037E-08
 4.02750E+01   2.40926E+17   3.46459E+09   2.05745E+02   3.02451E-02   3.11070E-08
 4.03250E+01   2.40829E+17   3.15577E+09   2.05690E+02   3.02429E-02   3.11105E-08
 4.03750E+01   2.40730E+17   2.87900E+09   2.05635E+02   3.02409E-02   3.11140E-08
 4.04250E+01   2.40629E+17   2.63460E+09   2.05580E+02   3.02389E-02   3.11177E-08
 4.04750E+01   2.40529E+17   2.42240E+09   2.05525E+02   3.02371E-02   3.11214E-08
 4.05250E+01   2.40429E+17   2.24170E+09   2.05471E+02   3.02353E-02   3.11251E-08
 4.05750E+01   2.40329E+17   2.09133E+09   2.05418E+02   3.02337E-02   3.11289E-08
 4.06250E+01   2.40230E+17   1.96965E+09   2.05366E+02   3.02323E-02   3.11326E-08
 4.06750E+01   2.40134E+17   1.87465E+09   2.05315E+02   3.02310E-02   3.11364E-08
 4.07250E+01   2.40039E+17   1.80396E+09   2.05267E+02   3.02298E-02   3.11400E-08
 4.07750E+01   2.39948E+17   1.75499E+09   2.05220E+02   3.02288E-02   3.11436E-08
 4.08250E+01   2.39859E+17   1.72513E+09   2.05176E+02   3.02279E-02   3.11472E-08
 4.08750E+01   2.39775E+17   1.71158E+09   2.05134E+02   3.02272E-02   3.11506E-08
 4.09250E+01   2.39694E+17   1.71099E+09   2.05095E+02   3.02267E-02   3.11539E-08
 4.09750E+01   2.39618E+17   1.71144E+09   2.05058E+02   3.02263E-02   3.11571E-08
 4.10250E+01   2.39546E+17   1.71188E+09   2.05025E+02   3.02261E-02   3.11601E-08
 4.10750E+01   2.39480E+17   1.73780E+09   2.04995E+02   3.02260E-02   3.11630E-08
 4.11250E+01   2.39419E+17   1.80557E+09   2.04968E+02   3.02261E-02   3.11657E-08
 4.11750E+01   2.39363E+17   1.90391E+09   2.04944E+02   3.02263E-02   3.11681E-08
 4.12250E+01   2.39314E+17   2.02637E+09   2.04924E+02   3.02267E-02   3.11704E-08
 4.12750E+01   2.39270E+17   2.16781E+09   2.04907E+02   3.02273E-02   3.11725E-08
 4.13250E+01   2.39233E+17   2.32491E+09   2.04893E+02   3.02280E-02   3.11743E-08
 4.13750E+01   2.39202E+17   2.49568E+09   2.04883E+02   3.02288E-02   3.11760E-08
 4.14250E+01   2.39178E+17   2.67920E+09   2.04877E+02   3.02297E-02   3.11774E-08
 4.14750E+01   2.39160E+17   2.87534E+09   2.04874E+02   3.02308E-02   3.11785E-08
 4.15250E+01   2.39148E+17   3.08461E+09   2.04875E+02   3.02320E-02   3.11794E-08
 4.15750E+01   2.39143E+17   3.30793E+09   2.04879E+02   3.02333E-02   3.11801E-08
 4.16250E+01   2.39145E+17   3.54653E+09   2.04887E+02   3.02347E-02   3.11805E-08
 4.16750E+01   2.39152E+17   3.80184E+09   2.04898E+02   3.02362E-02   3.11807E-08
 4.17250E+01   2.39166E+17   4.07534E+09   2.04912E+02   3.02378E-02   3.11806E-08
 4.17750E+01   2.39186E+17   4.36846E+09   2.04929E+02   3.02394E-02   3.11803E-08
 4.18250E+01   2.39212E+17   4.68253E+09   2.04949E+02   3.02412E-02   3.11798E-08
 4.18750E+01   2.39244E+17   5.01860E+09   2.04972E+02   3.02429E-02   3.11790E-08
 4.19250E+01   2.39280E+17   5.37743E+09   2.04997E+02   3.02447E-02   3.11781E-08
 4.19750E+01   2.39323E+17   5.75931E+09   2.05025E+02   3.02466E-02   3.11769E-08
 4.20250E+01   2.39369E+17   6.16399E+09   2.05056E+02   3.02484E-02   3.11755E-08
 4.20750E+01   2.39421E+17   6.59062E+09   2.05088E+02   3.02503E-02   3.11739E-08
 4.21250E+01   2.39477E+17   7.03762E+09   2.05122E+02   3.02522E-02   3.11721E-08
 4.21750E+01   2.39536E+17   7.50267E+09   2.05159E+02   3.02541E-02   3.11702E-08
 4.22250E+01   2.39600E+17   7.98270E+09   2.05196E+02   3.02560E-02   3.11681E-08
 4.22750E+01   2.39666E+17   8.47384E+09   2.05235E+02   3.02578E-02   3.11658E-08
 4.23250E+01   2.39735E+17   8.97156E+09   2.05275E+02   3.02596E-02   3.11634E-08
 4.23750E+01   2.39807E+17   9.47073E+09   2.05316E+02   3.02614E-02   3.11609E-08
 4.24250E+01   2.39880E+17   9.96574E+09   2.05357E+02   3.02631E-02   3.11583E-08
 4.24750E+01   2.39955E+17   1.04507E+10   2.05399E+02   3.02647E-02   3.11557E-08
 4.25250E+01   2.40032E+17   1.09196E+10   2.05441E+02   3.02663E-02   3.11529E-08
 4.25750E+01   2.40109E+17   1.13667E+10   2.05483E+02   3.02678E-02   3.11501E-08
 4.26250E+01   2.40187E+17   1.17865E+10   2.05525E+02   3.02692E-02   3.11472E-08
 4.26750E+01   2.40264E+17   1.21742E+10   2.05566E+02   3.02705E-02   3.11443E-08
 4.27250E+01   2.40341E+17   1.25258E+10   2.05606E+02   3.02718E-02   3.11414E-08
 4.27750E+01   2.40418E+17   1.28381E+10   2.05646E+02   3.02729E-02   3.11385E-08
 4.28250E+01   2.40493E+17   1.31092E+10   2.05684E+02   3.02740E-02   3.11356E-08
 4.28750E+01   2.40566E+17   1.33380E+10   2.05722E+02   3.02749E-02   3.11328E-08
 4.29250E+01   2.40638E+17   1.35247E+10   2.05758E+02   3.02757E-02   3.11299E-08
 4.29750E+01   2.40707E+17   1.36703E+10   2.05792E+02   3.02764E-02   3.11272E-08
 4.30250E+01   2.40774E+17   1.37770E+10   2.05825E+02   3.02770E-02   3.11245E-08
 4.30750E+01   2.40838E+17   1.38476E+10   2.05855E+02   3.02775E-02   3.11219E-08
 4.31250E+01   2.40899E+17   1.38862E+10   2.05884E+02   3.02779E-02   3.11194E-08
 4.31750E+01   2.40956E+17   1.38943E+10   2.05911E+02   3.02781E-02   3.11171E-08
 4.32250E+01   2.41010E+17   1.38946E+10   2.05935E+02   3.02782E-02   3.11148E-08
 4.32750E+01   2.41060E+17   1.38948E+10   2.05957E+02   3.02782E-02   3.11126E-08
 4.33250E+01   2.41105E+17   1.38678E+10   2.05976E+02   3.02781E-02   3.11106E-08
 4.33750E+01   2.41147E+17   1.37245E+10   2.05993E+02   3.02779E-02   3.11088E-08
 4.34250E+01   2.41184E+17   1.34867E+10   2.06008E+02   3.02776E-02   3.11071E-08
 4.34750E+01   2.41216E+17   1.31763E+10   2.06019E+02   3.02771E-02   3.11055E-08
 4.35250E+01   2.41244E+17   1.28099E+10   2.06029E+02   3.02766E-02   3.11042E-08
 4.35750E+01   2.41267E+17   1.24009E+10   2.06035E+02   3.02759E-02   3.11029E-08
 4.36250E+01   2.41285E+17   1.19596E+10   2.06039E+02   3.02752E-02   3.11019E-08
 4.36750E+01   2.41299E+17   1.14938E+10   2.06041E+02   3.02744E-02   3.11010E-08
 4.37250E+01   2.41308E+17   1.10096E+10   2.06039E+02   3.02735E-02   3.11004E-08
 4.37750E+01   2.41312E+17   1.05115E+10   2.06036E+02   3.02725E-02   3.10998E-08
 4.38250E+01   2.41311E+17   1.00035E+10   2.06030E+02   3.02714E-02   3.10995E-08
 4.38750E+01   2.41306E+17   9.48862E+09   2.06021E+02   3.02703E-02   3.10994E-08
 4.39250E+01   2.41296E+17   8.96995E+09   2.06010E+02   3.02691E-02   3.10994E-08
 4.39750E+01   2.41282E+17   8.45033E+09   2.05998E+02   3.02679E-02   3.10996E-08
 4.40250E+01   2.41263E+17   7.93264E+09   2.05982E+02   3.02667E-02   3.10999E-08
 4.40750E+01   2.41241E+17   7.41983E+09   2.05965E+02   3.02654E-02   3.11004E-08
 4.41250E+01   2.41214E+17   6.91492E+09   2.05946E+02   3.02640E-02   3.11011E-08
 4.41750E+01   2.41184E+17   6.42098E+09   2.05925E+02   3.02627E-02   3.11020E-08
 4.42250E+01   2.41151E+17   5.94109E+09   2.05903E+02   3.02613E-02   3.11029E-08
 4.42750E+01   2.41114E+17   5.47828E+09   2.05879E+02   3.02600E-02   3.11041E-08
 4.43250E+01   2.41074E+17   5.03543E+09   2.05854E+02   3.02586E-02   3.11053E-08
 4.43750E+01   2.41031E+17   4.61527E+09   2.05827E+02   3.02573E-02   3.11067E-08
 4.44250E+01   2.40986E+17   4.22025E+09   2.05800E+02   3.02559E-02   3.11082E-08
 4.44750E+01   2.40939E+17   3.85248E+09   2.05772E+02   3.02546E-02   3.11097E-08
 4.45250E+01   2.40890E+17   3.51372E+09   2.05743E+02   3.02533E-02   3.11114E-08
 4.45750E+01   2.40839E+17   3.20526E+09   2.05713E+02   3.02521E-02   3.11132E-08
 4.46250E+01   2.40787E+17   2.92795E+09   2.05683E+02   3.02509E-02   3.11150E-08
 4.46750E+01   2.40734E+17   2.68213E+09   2.05653E+02   3.02497E-02   3.11169E-08
 4.47250E+01   2.40680E+17   2.46767E+09   2.05623E+02   3.02486E-02   3.11188E-08
 4.47750E+01   2.40626E+17   2.28392E+09   2.05593E+02   3.02476E-02   3.11208E-08
 4.48250E+01   2.40572E+17   2.12983E+09   2.05563E+02   3.02466E-02   3.11228E-08
 4.48750E+01   2.40517E+17   2.00389E+09   2.05534E+02   3.02457E-02   3.11248E-08
 4.49250E+01   2.40464E+17   1.90424E+09   2.05505E+02   3.02448E-02   3.11269E-08
 4.49750E+01   2.40411E+17   1.82873E+09   2.05477E+02   3.02441E-02   3.11289E-08
 4.50250E+01   2.40359E+17   1.77492E+09   2.05450E+02   3.02434E-02   3.11309E-08
 4.50750E+01   2.40309E+17   1.74028E+09   2.05424E+02   3.02428E-02   3.11329E-08
 4.51250E+01   2.40260E+17   1.72192E+09   2.05399E+02   3.02422E-02   3.11348E-08
 4.51750E+01   2.40213E+17   1.71831E+09   2.05376E+02   3.02418E-02   3.11367E-08
 4.52250E+01   2.40168E+17   1.71825E+09   2.05353E+02   3.02415E-02   3.11385E-08
 4.52750E+01   2.40125E+17   1.71820E+09   2.05333E+02   3.02412E-02   3.11403E-08
 4.53250E+01   2.40085E+17   1.72920E+09   2.05313E+02   3.02410E-02   3.11419E-08
 4.53750E+01   2.40047E+17   1.78315E+09   2.05296E+02   3.02409E-02   3.11435E-08
 4.54250E+01   2.40012E+17   1.87111E+09   2.05280E+02   3.02409E-02   3.11450E-08
 4.54750E+01   2.39980E+17   1.98533E+09   2.05266E+02   3.02410E-02   3.11464E-08
 4.55250E+01   2.39952E+17   2.12044E+09   2.05253E+02   3.02412E-02   3.11477E-08
 4.55750E+01   2.39926E+17   2.27258E+09   2.05243E+02   3.02414E-02   3.11489E-08
 4.56250E+01   2.39904E+17   2.43930E+09   2.05234E+02   3.02418E-02   3.11500E-08
 4.56750E+01   2.39886E+17   2.61928E+09   2.05228E+02   3.02422E-02   3.11509E-08
 4.57250E+01   2.39870E+17   2.81212E+09   2.05223E+02   3.02426E-02   3.11518E-08
 4.57750E+01   2.39859E+17   3.01810E+09   2.05220E+02   3.02432E-02   3.11524E-08
 4.58250E+01   2.39851E+17   3.23804E+09   2.05220E+02   3.02438E-02   3.11530E-08
 4.58750E+01   2.39846E+17   3.47314E+09   2.05221E+02   3.02445E-02   3.11534E-08
 4.59250E+01   2.39845E+17   3.72482E+09   2.05224E+02   3.02452E-02   3.11537E-08
 4.59750E+01   2.39848E+17   3.99459E+09   2.05229E+02   3.02460E-02   3.11539E-08
 4.60250E+01   2.39854E+17   4.28397E+09   2.05235E+02   3.02468E-02   3.11539E-08
 4.60750E+01   2.39863E+17   4.59434E+09   2.05244E+02   3.02477E-02   3.11538E-08
 4.61250E+01   2.39876E+17   4.92687E+09   2.05254E+02   3.02486E-02   3.11536E-08
 4.61750E+01   2.39892E+17   5.28236E+09   2.05265E+02   3.02496E-02   3.11532E-08
 4.62250E+01   2.39911E+17   5.66115E+09   2.05279E+02   3.02506E-02   3.11527E-08
 4.62750E+01   2.39933E+17   6.06305E+09   2.05294E+02   3.02516E-02   3.11521E-08
 4.63250E+01   2.39958E+17   6.48724E+09   2.05310E+02   3.02526E-02   3.11514E-08
 4.63750E+01   2.39986E+17   6.93215E+09   2.05327E+02   3.02537E-02   3.11505E-08
 4.64250E+01   2.40016E+17   7.39550E+09   2.05346E+02   3.02547E-02   3.11496E-08
 4.64750E+01   2.40049E+17   7.87420E+09   2.05365E+02   3.02558E-02   3.11486E-08
 4.65250E+01   2.40083E+17   8.36446E+09   2.05386E+02   3.02568E-02   3.11474E-08
 4.65750E+01   2.40120E+17   8.86174E+09   2.05407E+02   3.02579E-02   3.11462E-08
 4.66250E+01   2.40158E+17   9.36097E+09   2.05429E+02   3.02589E-02   3.11449E-08
 4.66750E+01   2.40198E+17   9.85666E+09   2.05452E+02   3.02599E-02   3.11435E-08
 4.67250E+01   2.40239E+17   1.03430E+10   2.05475E+02   3.02609E-02   3.11421E-08
 4.67750E+01   2.40281E+17   1.08142E+10   2.05498E+02   3.02618E-02   3.11406E-08
 4.68250E+01   2.40324E+17   1.12645E+10   2.05522E+02   3.02627E-02   3.11390E-08
 4.68750E+01   2.40368E+17   1.16886E+10   2.05545E+02   3.02636E-02   3.11375E-08
 4.69250E+01   2.40412E+17   1.20815E+10   2.05569E+02   3.02645E-02   3.11358E-08
 4.69750E+01   2.40456E+17   1.24393E+10   2.05592E+02   3.02653E-02   3.11342E-08
 4.70250E+01   2.40500E+17   1.27587E+10   2.05616E+02   3.02660E-02   3.11326E-08
 4.70750E+01   2.40544E+17   1.30375E+10   2.05638E+02   3.02667E-02   3.11309E-08
 4.71250E+01   2.40587E+17   1.32747E+10   2.05661E+02   3.02673E-02   3.11292E-08
 4.71750E+01   2.40630E+17   1.34703E+10   2.05682E+02   3.02679E-02   3.11276E-08
 4.72250E+01   2.40672E+17   1.36253E+10   2.05703E+02   3.02684E-02   3.11260E-08
 4.72750E+01   2.40713E+17   1.37416E+10   2.05723E+02   3.02689E-02   3.11244E-08
 4.73250E+01   2.40752E+17   1.38218E+10   2.05743E+02   3.02693E-02   3.11228E-08
 4.73750E+01   2.40790E+17   1.38691E+10   2.05761E+02   3.02696E-02   3.11213E-08
 4.74250E+01   2.40826E+17   1.38866E+10   2.05778E+02   3.02699E-02   3.11198E-08
 4.74750E+01   2.40861E+17   1.38854E+10   2.05794E+02   3.02701E-02   3.11184E-08
 4.75250E+01   2.40894E+17   1.38836E+10   2.05809E+02   3.02702E-02   3.11170E-08
 4.75750E+01   2.40924E+17   1.38770E+10   2.05822E+02   3.02703E-02   3.11157E-08
 4.76250E+01   2.40952E+17   1.37695E+10   2.05835E+02   3.02703E-02   3.11145E-08
 4.76750E+01   2.40978E+17   1.35561E+10   2.05845E+02   3.02702E-02   3.11134E-08
 4.77250E+01   2.41002E+17   1.32598E+10   2.05855E+02   3.02700E-02   3.11123E-08
 4.77750E+01   2.41023E+17   1.29015E+10   2.05862E+02   3.02698E-02   3.11114E-08
 4.78250E+01   2.41041E+17   1.24965E+10   2.05869E+02   3.02696E-02   3.11105E-08
 4.78750E+01   2.41057E+17   1.20563E+10   2.05874E+02   3.02693E-02   3.11097E-08
 4.79250E+01   2.41070E+17   1.15896E+10   2.05878E+02   3.02689E-02   3.11090E-08
 4.79750E+01   2.41081E+17   1.11030E+10   2.05880E+02   3.02685E-02   3.11084E-08
 4.80250E+01   2.41088E+17   1.06016E+10   2.05881E+02   3.02680E-02   3.11079E-08
 4.80750E+01   2.41094E+17   1.00896E+10   2.05880E+02   3.02675E-02   3.11075E-08
 4.81250E+01   2.41096E+17   9.57032E+09   2.05878E+02   3.02670E-02   3.11072E-08
 4.81750E+01   2.41096E+17   9.04707E+09   2.05874E+02   3.02664E-02   3.11070E-08
 4.82250E+01   2.41093E+17   8.52287E+09   2.05869E+02   3.02658E-02   3.11069E-08
 4.82750E+01   2.41088E+17   8.00069E+09   2.05863E+02   3.02651E-02   3.11069E-08
 4.83250E+01   2.41081E+17   7.48356E+09   2.05856E+02   3.02644E-02   3.11070E-08
 4.83750E+01   2.41071E+17   6.97453E+09   2.05848E+02   3.02637E-02   3.11072E-08
 4.84250E+01   2.41059E+17   6.47669E+09   2.05838E+02   3.02630E-02   3.11075E-08
 4.84750E+01   2.41045E+17   5.99314E+09   2.05827E+02   3.02623E-02   3.11078E-08
 4.85250E+01   2.41028E+17   5.52694E+09   2.05816E+02   3.02615E-02   3.11083E-08
 4.85750E+01   2.41010E+17   5.08103E+09   2.05803E+02   3.02608E-02   3.11088E-08
 4.86250E+01   2.40990E+17   4.65827E+09   2.05790E+02   3.02601E-02   3.11094E-08
 4.86750E+01   2.40969E+17   4.26090E+09   2.05776E+02   3.02593E-02   3.11101E-08
 4.87250E+01   2.40946E+17   3.89012E+09   2.05762E+02   3.02586E-02   3.11108E-08
 4.87750E+01   2.40922E+17   3.55054E+09   2.05747E+02   3.02578E-02   3.11116E-08
 4.88250E+01   2.40898E+17   3.25466E+09   2.05732E+02   3.02571E-02   3.11124E-08
 4.88750E+01   2.40874E+17   2.96563E+09   2.05718E+02   3.02565E-02   3.11132E-08
 4.89250E+01   2.40853E+17   2.54486E+09   2.05705E+02   3.02559E-02   3.11139E-08
 4.89750E+01   2.40838E+17   2.44037E+09   2.05696E+02   3.02555E-02   3.11144E-08
