      xx/10.        Omega0        Omega1        Omega2           C_l         r_avg
         [-]       [kg^-1]     [m kg^-1]   [m^2 kg^-1]           [-]           [m]
 1.02500E+00   8.36123E+16   2.71674E+08   2.61040E+00   1.52669E-04   7.59326E-09
 1.07500E+00   1.24825E+17   4.04549E+08   4.40241E+00   2.64041E-04   7.97488E-09
 1.12500E+00   1.65659E+17   4.81664E+08   6.81932E+00   4.22689E-04   8.48926E-09
 1.17500E+00   2.06032E+17   7.30236E+08   1.01528E+01   6.41089E-04   9.06977E-09
 1.22500E+00   2.46207E+17   1.07774E+09   1.46024E+01   9.32574E-04   9.68417E-09
 1.27500E+00   2.86507E+17   1.51299E+09   2.03287E+01   1.31025E-03   1.03120E-08
 1.32500E+00   3.27066E+17   2.03600E+09   2.74546E+01   1.78591E-03   1.09398E-08
 1.37500E+00   3.67720E+17   2.64644E+09   3.60541E+01   2.36897E-03   1.15598E-08
 1.42500E+00   4.08036E+17   3.34056E+09   4.61419E+01   3.06536E-03   1.21673E-08
 1.47500E+00   4.47417E+17   4.11020E+09   5.76653E+01   3.87670E-03   1.27600E-08
 1.52500E+00   4.85210E+17   4.94284E+09   7.05020E+01   4.79966E-03   1.33361E-08
 1.57500E+00   5.20779E+17   5.82222E+09   8.44615E+01   5.82572E-03   1.38942E-08
 1.62500E+00   5.53546E+17   6.72933E+09   9.92937E+01   6.94128E-03   1.44332E-08
 1.67500E+00   5.83006E+17   7.64339E+09   1.14700E+02   8.12831E-03   1.49524E-08
 1.72500E+00   6.08746E+17   8.54211E+09   1.30350E+02   9.36519E-03   1.54512E-08
 1.77500E+00   6.30443E+17   9.40138E+09   1.45896E+02   1.06280E-02   1.59295E-08
 1.82500E+00   6.47873E+17   1.01971E+10   1.61000E+02   1.18918E-02   1.63878E-08
 1.87500E+00   6.60904E+17   1.09120E+10   1.75349E+02   1.31322E-02   1.68268E-08
 1.92500E+00   6.69494E+17   1.15451E+10   1.88675E+02   1.43263E-02   1.72477E-08
 1.97500E+00   6.73687E+17   1.21093E+10   2.00746E+02   1.54537E-02   1.76519E-08
 2.02500E+00   6.73597E+17   1.25905E+10   2.11345E+02   1.64970E-02   1.80414E-08
 2.07500E+00   6.69409E+17   1.29138E+10   2.20276E+02   1.74427E-02   1.84180E-08
 2.12500E+00   6.61360E+17   1.29805E+10   2.27444E+02   1.82810E-02   1.87840E-08
 2.17500E+00   6.49735E+17   1.30216E+10   2.32917E+02   1.90060E-02   1.91420E-08
 2.22500E+00   6.34854E+17   1.30255E+10   2.36736E+02   1.96147E-02   1.94941E-08
 2.27500E+00   6.17063E+17   1.29146E+10   2.38921E+02   2.01063E-02   1.98428E-08
 2.32500E+00   5.96725E+17   1.27081E+10   2.39526E+02   2.04819E-02   2.01899E-08
 2.37500E+00   5.74212E+17   1.24177E+10   2.38627E+02   2.07438E-02   2.05372E-08
 2.42500E+00   5.49898E+17   1.20550E+10   2.36314E+02   2.08958E-02   2.08862E-08
 2.47500E+00   5.24151E+17   1.16301E+10   2.32688E+02   2.09421E-02   2.12384E-08
 2.52500E+00   4.97327E+17   1.11523E+10   2.27854E+02   2.08879E-02   2.15950E-08
 2.57500E+00   4.69768E+17   1.06301E+10   2.21924E+02   2.07391E-02   2.19569E-08
 2.62500E+00   4.41799E+17   1.00719E+10   2.15014E+02   2.05023E-02   2.23252E-08
 2.67500E+00   4.13719E+17   9.48563E+09   2.07245E+02   2.01851E-02   2.27009E-08
 2.72500E+00   3.85804E+17   8.87913E+09   1.98744E+02   1.97959E-02   2.30854E-08
 2.77500E+00   3.58307E+17   8.26030E+09   1.89642E+02   1.93443E-02   2.34802E-08
 2.82500E+00   3.31450E+17   7.63698E+09   1.80077E+02   1.88414E-02   2.38873E-08
 2.87500E+00   3.05431E+17   7.01681E+09   1.70193E+02   1.82992E-02   2.43094E-08
 2.92500E+00   2.80419E+17   6.40712E+09   1.60136E+02   1.77311E-02   2.47501E-08
 2.97500E+00   2.56559E+17   5.81477E+09   1.50052E+02   1.71517E-02   2.52140E-08
 3.02500E+00   2.33967E+17   5.24603E+09   1.40089E+02   1.65764E-02   2.57067E-08
 3.07500E+00   2.12738E+17   4.70642E+09   1.30391E+02   1.60211E-02   2.62352E-08
 3.12500E+00   1.92940E+17   4.20062E+09   1.21093E+02   1.55020E-02   2.68075E-08
 3.17500E+00   1.74623E+17   3.73239E+09   1.12323E+02   1.50352E-02   2.74329E-08
 3.22500E+00   1.57815E+17   3.30457E+09   1.04196E+02   1.46359E-02   2.81207E-08
 3.27500E+00   1.42528E+17   2.91908E+09   9.68124E+01   1.43183E-02   2.88801E-08
 3.32500E+00   1.28757E+17   2.57696E+09   9.02562E+01   1.40947E-02   2.97187E-08
 3.37500E+00   1.16486E+17   2.27850E+09   8.45952E+01   1.39756E-02   3.06408E-08
 3.42500E+00   1.05686E+17   2.02331E+09   7.98787E+01   1.39690E-02   3.16459E-08
 3.47500E+00   9.63198E+16   1.81044E+09   7.61385E+01   1.40800E-02   3.27263E-08
 3.52500E+00   8.83439E+16   1.63842E+09   7.33891E+01   1.43110E-02   3.38662E-08
 3.57500E+00   8.17097E+16   1.50539E+09   7.16283E+01   1.46614E-02   3.50404E-08
 3.62500E+00   7.63659E+16   1.40910E+09   7.08391E+01   1.51273E-02   3.62150E-08
 3.67500E+00   7.22595E+16   1.34744E+09   7.09911E+01   1.57023E-02   3.73500E-08
 3.72500E+00   6.93382E+16   1.31727E+09   7.20424E+01   1.63771E-02   3.84022E-08
 3.77500E+00   6.75505E+16   1.31811E+09   7.39417E+01   1.71404E-02   3.93308E-08
 3.82500E+00   6.68473E+16   1.32213E+09   7.66308E+01   1.79788E-02   4.01015E-08
 3.87500E+00   6.71821E+16   1.32968E+09   8.00602E+01   1.88777E-02   4.06912E-08
 3.92500E+00   6.85116E+16   1.39404E+09   8.41849E+01   1.98214E-02   4.10890E-08
 3.97500E+00   7.07960E+16   1.49847E+09   8.89368E+01   2.07942E-02   4.12964E-08
 4.02500E+00   7.39986E+16   1.62378E+09   9.42378E+01   2.17802E-02   4.13251E-08
 4.07500E+00   7.80856E+16   1.76226E+09   1.00012E+02   2.27645E-02   4.11936E-08
 4.12500E+00   8.30263E+16   1.91374E+09   1.06188E+02   2.37333E-02   4.09244E-08
 4.17500E+00   8.87917E+16   2.08002E+09   1.12703E+02   2.46747E-02   4.05410E-08
 4.22500E+00   9.53543E+16   2.26237E+09   1.19497E+02   2.55783E-02   4.00662E-08
 4.27500E+00   1.02688E+17   2.46118E+09   1.26514E+02   2.64358E-02   3.95209E-08
 4.32500E+00   1.10765E+17   2.67630E+09   1.33706E+02   2.72411E-02   3.89233E-08
 4.37500E+00   1.19559E+17   2.90761E+09   1.41027E+02   2.79900E-02   3.82891E-08
 4.42500E+00   1.29042E+17   3.15523E+09   1.48437E+02   2.86799E-02   3.76314E-08
 4.47500E+00   1.39182E+17   3.41960E+09   1.55901E+02   2.93101E-02   3.69613E-08
 4.52500E+00   1.49946E+17   3.70144E+09   1.63386E+02   2.98813E-02   3.62875E-08
 4.57500E+00   1.61297E+17   4.00165E+09   1.70865E+02   3.03950E-02   3.56172E-08
 4.62500E+00   1.73195E+17   4.32128E+09   1.78312E+02   3.08538E-02   3.49563E-08
 4.67500E+00   1.85596E+17   4.66141E+09   1.85704E+02   3.12610E-02   3.43094E-08
 4.72500E+00   1.98449E+17   5.02315E+09   1.93021E+02   3.16202E-02   3.36801E-08
 4.77500E+00   2.11703E+17   5.40761E+09   2.00241E+02   3.19351E-02   3.30711E-08
 4.82500E+00   2.25299E+17   5.81580E+09   2.07345E+02   3.22096E-02   3.24846E-08
 4.87500E+00   2.39173E+17   6.24863E+09   2.14315E+02   3.24475E-02   3.19221E-08
 4.92500E+00   2.53260E+17   6.70672E+09   2.21132E+02   3.26524E-02   3.13847E-08
 4.97500E+00   2.67488E+17   7.19024E+09   2.27777E+02   3.28275E-02   3.08730E-08
 5.02500E+00   2.81783E+17   7.69867E+09   2.34233E+02   3.29760E-02   3.03876E-08
 5.07500E+00   2.96066E+17   8.23053E+09   2.40481E+02   3.31006E-02   2.99284E-08
 5.12500E+00   3.10258E+17   8.78325E+09   2.46503E+02   3.32037E-02   2.94955E-08
 5.17500E+00   3.24277E+17   9.35321E+09   2.52279E+02   3.32874E-02   2.90886E-08
 5.22500E+00   3.38037E+17   9.93600E+09   2.57792E+02   3.33536E-02   2.87074E-08
 5.27500E+00   3.51457E+17   1.05268E+10   2.63023E+02   3.34036E-02   2.83515E-08
 5.32500E+00   3.64452E+17   1.11210E+10   2.67954E+02   3.34388E-02   2.80202E-08
 5.37500E+00   3.76940E+17   1.17139E+10   2.72569E+02   3.34603E-02   2.77133E-08
 5.42500E+00   3.88840E+17   1.23011E+10   2.76854E+02   3.34693E-02   2.74300E-08
 5.47500E+00   4.00076E+17   1.28775E+10   2.80789E+02   3.34660E-02   2.71699E-08
 5.52500E+00   4.10574E+17   1.34366E+10   2.84360E+02   3.34509E-02   2.69323E-08
 5.57500E+00   4.20266E+17   1.39696E+10   2.87551E+02   3.34242E-02   2.67166E-08
 5.62500E+00   4.29087E+17   1.44653E+10   2.90348E+02   3.33861E-02   2.65221E-08
 5.67500E+00   4.36981E+17   1.49111E+10   2.92739E+02   3.33366E-02   2.63484E-08
 5.72500E+00   4.43897E+17   1.52940E+10   2.94713E+02   3.32760E-02   2.61950E-08
 5.77500E+00   4.49792E+17   1.56029E+10   2.96263E+02   3.32043E-02   2.60613E-08
 5.82500E+00   4.54630E+17   1.58307E+10   2.97381E+02   3.31217E-02   2.59469E-08
 5.87500E+00   4.58385E+17   1.59750E+10   2.98064E+02   3.30281E-02   2.58515E-08
 5.92500E+00   4.61036E+17   1.60383E+10   2.98309E+02   3.29238E-02   2.57747E-08
 5.97500E+00   4.62574E+17   1.60426E+10   2.98117E+02   3.28088E-02   2.57161E-08
 6.02500E+00   4.62998E+17   1.60443E+10   2.97488E+02   3.26833E-02   2.56754E-08
 6.07500E+00   4.62314E+17   1.60416E+10   2.96429E+02   3.25476E-02   2.56525E-08
 6.12500E+00   4.60538E+17   1.59387E+10   2.94946E+02   3.24019E-02   2.56470E-08
 6.17500E+00   4.57695E+17   1.57324E+10   2.93048E+02   3.22465E-02   2.56588E-08
 6.22500E+00   4.53815E+17   1.54457E+10   2.90745E+02   3.20818E-02   2.56879E-08
 6.27500E+00   4.48939E+17   1.50989E+10   2.88053E+02   3.19084E-02   2.57340E-08
 6.32500E+00   4.43113E+17   1.47042E+10   2.84986E+02   3.17266E-02   2.57971E-08
 6.37500E+00   4.36390E+17   1.42695E+10   2.81561E+02   3.15369E-02   2.58771E-08
 6.42500E+00   4.28830E+17   1.37995E+10   2.77799E+02   3.13403E-02   2.59741E-08
 6.47500E+00   4.20496E+17   1.32981E+10   2.73723E+02   3.11373E-02   2.60880E-08
 6.52500E+00   4.11457E+17   1.27683E+10   2.69356E+02   3.09290E-02   2.62189E-08
 6.57500E+00   4.01786E+17   1.22137E+10   2.64725E+02   3.07163E-02   2.63669E-08
 6.62500E+00   3.91558E+17   1.16382E+10   2.59857E+02   3.05003E-02   2.65321E-08
 6.67500E+00   3.80851E+17   1.10462E+10   2.54783E+02   3.02823E-02   2.67144E-08
 6.72500E+00   3.69745E+17   1.04423E+10   2.49534E+02   3.00634E-02   2.69141E-08
 6.77500E+00   3.58319E+17   9.83105E+09   2.44141E+02   2.98450E-02   2.71312E-08
 6.82500E+00   3.46655E+17   9.21731E+09   2.38638E+02   2.96286E-02   2.73657E-08
 6.87500E+00   3.34832E+17   8.60580E+09   2.33059E+02   2.94154E-02   2.76175E-08
 6.92500E+00   3.22928E+17   8.00113E+09   2.27438E+02   2.92071E-02   2.78866E-08
 6.97500E+00   3.11021E+17   7.40781E+09   2.21812E+02   2.90051E-02   2.81728E-08
 7.02500E+00   2.99184E+17   6.83016E+09   2.16214E+02   2.88110E-02   2.84757E-08
 7.07500E+00   2.87490E+17   6.27225E+09   2.10679E+02   2.86261E-02   2.87948E-08
 7.12500E+00   2.76008E+17   5.73787E+09   2.05243E+02   2.84520E-02   2.91294E-08
 7.17500E+00   2.64801E+17   5.23042E+09   1.99939E+02   2.82901E-02   2.94786E-08
 7.22500E+00   2.53932E+17   4.75290E+09   1.94800E+02   2.81417E-02   2.98409E-08
 7.27500E+00   2.43456E+17   4.30783E+09   1.89857E+02   2.80080E-02   3.02150E-08
 7.32500E+00   2.33427E+17   3.89725E+09   1.85139E+02   2.78902E-02   3.05986E-08
 7.37500E+00   2.23892E+17   3.52270E+09   1.80676E+02   2.77894E-02   3.09895E-08
 7.42500E+00   2.14896E+17   3.18530E+09   1.76493E+02   2.77062E-02   3.13847E-08
 7.47500E+00   2.06475E+17   2.88576E+09   1.72614E+02   2.76415E-02   3.17809E-08
 7.52500E+00   1.98666E+17   2.62445E+09   1.69060E+02   2.75959E-02   3.21743E-08
 7.57500E+00   1.91496E+17   2.40146E+09   1.65851E+02   2.75696E-02   3.25606E-08
 7.62500E+00   1.84991E+17   2.21654E+09   1.63001E+02   2.75628E-02   3.29351E-08
 7.67500E+00   1.79171E+17   2.06907E+09   1.60524E+02   2.75755E-02   3.32931E-08
 7.72500E+00   1.74052E+17   1.95790E+09   1.58430E+02   2.76076E-02   3.36293E-08
 7.77500E+00   1.69645E+17   1.88123E+09   1.56726E+02   2.76585E-02   3.39389E-08
 7.82500E+00   1.65958E+17   1.83631E+09   1.55416E+02   2.77278E-02   3.42169E-08
 7.87500E+00   1.62995E+17   1.82135E+09   1.54502E+02   2.78146E-02   3.44588E-08
 7.92500E+00   1.60756E+17   1.82115E+09   1.53982E+02   2.79181E-02   3.46610E-08
 7.97500E+00   1.59236E+17   1.82103E+09   1.53851E+02   2.80371E-02   3.48202E-08
 8.02500E+00   1.58429E+17   1.82752E+09   1.54103E+02   2.81705E-02   3.49345E-08
 8.07500E+00   1.58323E+17   1.87919E+09   1.54728E+02   2.83169E-02   3.50027E-08
 8.12500E+00   1.58906E+17   1.97025E+09   1.55715E+02   2.84750E-02   3.50249E-08
 8.17500E+00   1.60160E+17   2.08976E+09   1.57050E+02   2.86432E-02   3.50019E-08
 8.22500E+00   1.62066E+17   2.22995E+09   1.58717E+02   2.88200E-02   3.49357E-08
 8.27500E+00   1.64603E+17   2.38579E+09   1.60698E+02   2.90039E-02   3.48290E-08
 8.32500E+00   1.67746E+17   2.55442E+09   1.62975E+02   2.91932E-02   3.46853E-08
 8.37500E+00   1.71468E+17   2.73473E+09   1.65526E+02   2.93863E-02   3.45082E-08
 8.42500E+00   1.75740E+17   2.92682E+09   1.68331E+02   2.95818E-02   3.43020E-08
 8.47500E+00   1.80533E+17   3.13157E+09   1.71367E+02   2.97781E-02   3.40708E-08
 8.52500E+00   1.85812E+17   3.35032E+09   1.74611E+02   2.99738E-02   3.38188E-08
 8.57500E+00   1.91544E+17   3.58461E+09   1.78040E+02   3.01675E-02   3.35500E-08
 8.62500E+00   1.97692E+17   3.83613E+09   1.81630E+02   3.03580E-02   3.32682E-08
 8.67500E+00   2.04220E+17   4.10660E+09   1.85357E+02   3.05439E-02   3.29770E-08
 8.72500E+00   2.11088E+17   4.39781E+09   1.89196E+02   3.07243E-02   3.26794E-08
 8.77500E+00   2.18256E+17   4.71144E+09   1.93124E+02   3.08981E-02   3.23785E-08
 8.82500E+00   2.25685E+17   5.04911E+09   1.97117E+02   3.10644E-02   3.20766E-08
 8.87500E+00   2.33331E+17   5.41217E+09   2.01152E+02   3.12224E-02   3.17760E-08
 8.92500E+00   2.41153E+17   5.80161E+09   2.05205E+02   3.13715E-02   3.14786E-08
 8.97500E+00   2.49108E+17   6.21797E+09   2.09254E+02   3.15111E-02   3.11860E-08
 9.02500E+00   2.57152E+17   6.66124E+09   2.13277E+02   3.16406E-02   3.08996E-08
 9.07500E+00   2.65243E+17   7.13079E+09   2.17253E+02   3.17597E-02   3.06205E-08
 9.12500E+00   2.73337E+17   7.62543E+09   2.21161E+02   3.18680E-02   3.03497E-08
 9.17500E+00   2.81391E+17   8.14348E+09   2.24981E+02   3.19654E-02   3.00879E-08
 9.22500E+00   2.89362E+17   8.68280E+09   2.28694E+02   3.20517E-02   2.98358E-08
 9.27500E+00   2.97208E+17   9.24090E+09   2.32283E+02   3.21267E-02   2.95940E-08
 9.32500E+00   3.04889E+17   9.81491E+09   2.35730E+02   3.21905E-02   2.93628E-08
 9.37500E+00   3.12364E+17   1.04014E+10   2.39019E+02   3.22431E-02   2.91425E-08
 9.42500E+00   3.19594E+17   1.09962E+10   2.42135E+02   3.22845E-02   2.89334E-08
 9.47500E+00   3.26543E+17   1.15939E+10   2.45065E+02   3.23150E-02   2.87358E-08
 9.52500E+00   3.33175E+17   1.21879E+10   2.47795E+02   3.23346E-02   2.85496E-08
 9.57500E+00   3.39456E+17   1.27701E+10   2.50315E+02   3.23436E-02   2.83751E-08
 9.62500E+00   3.45354E+17   1.33308E+10   2.52613E+02   3.23423E-02   2.82122E-08
 9.67500E+00   3.50840E+17   1.38595E+10   2.54682E+02   3.23309E-02   2.80611E-08
 9.72500E+00   3.55888E+17   1.43452E+10   2.56514E+02   3.23097E-02   2.79217E-08
 9.77500E+00   3.60473E+17   1.47775E+10   2.58103E+02   3.22792E-02   2.77940E-08
 9.82500E+00   3.64575E+17   1.51476E+10   2.59445E+02   3.22396E-02   2.76781E-08
 9.87500E+00   3.68173E+17   1.54490E+10   2.60536E+02   3.21915E-02   2.75739E-08
 9.92500E+00   3.71253E+17   1.56783E+10   2.61376E+02   3.21352E-02   2.74814E-08
 9.97500E+00   3.73803E+17   1.58357E+10   2.61963E+02   3.20713E-02   2.74005E-08
 1.00250E+01   3.75813E+17   1.59258E+10   2.62301E+02   3.20002E-02   2.73314E-08
 1.00750E+01   3.77278E+17   1.59499E+10   2.62391E+02   3.19225E-02   2.72739E-08
 1.01250E+01   3.78193E+17   1.59487E+10   2.62238E+02   3.18389E-02   2.72280E-08
 1.01750E+01   3.78561E+17   1.59476E+10   2.61848E+02   3.17499E-02   2.71938E-08
 1.02250E+01   3.78385E+17   1.59222E+10   2.61227E+02   3.16561E-02   2.71712E-08
 1.02750E+01   3.77672E+17   1.57707E+10   2.60383E+02   3.15583E-02   2.71603E-08
 1.03250E+01   3.76433E+17   1.55145E+10   2.59318E+02   3.14563E-02   2.71607E-08
 1.03750E+01   3.74680E+17   1.51806E+10   2.58036E+02   3.13502E-02   2.71724E-08
 1.04250E+01   3.72430E+17   1.47878E+10   2.56544E+02   3.12406E-02   2.71952E-08
 1.04750E+01   3.69702E+17   1.43495E+10   2.54853E+02   3.11277E-02   2.72291E-08
 1.05250E+01   3.66518E+17   1.38749E+10   2.52971E+02   3.10121E-02   2.72739E-08
 1.05750E+01   3.62903E+17   1.33701E+10   2.50912E+02   3.08943E-02   2.73295E-08
 1.06250E+01   3.58882E+17   1.28391E+10   2.48689E+02   3.07750E-02   2.73958E-08
 1.06750E+01   3.54485E+17   1.22855E+10   2.46315E+02   3.06548E-02   2.74727E-08
 1.07250E+01   3.49744E+17   1.17123E+10   2.43806E+02   3.05344E-02   2.75602E-08
 1.07750E+01   3.44689E+17   1.11231E+10   2.41177E+02   3.04144E-02   2.76579E-08
 1.08250E+01   3.39355E+17   1.05216E+10   2.38445E+02   3.02955E-02   2.77658E-08
 1.08750E+01   3.33778E+17   9.91214E+09   2.35626E+02   3.01784E-02   2.78835E-08
 1.09250E+01   3.27993E+17   9.29928E+09   2.32738E+02   3.00636E-02   2.80109E-08
 1.09750E+01   3.22038E+17   8.68773E+09   2.29797E+02   2.99519E-02   2.81476E-08
 1.10250E+01   3.15949E+17   8.08223E+09   2.26821E+02   2.98439E-02   2.82931E-08
 1.10750E+01   3.09766E+17   7.48741E+09   2.23829E+02   2.97401E-02   2.84471E-08
 1.11250E+01   3.03524E+17   6.90765E+09   2.20837E+02   2.96413E-02   2.86090E-08
 1.11750E+01   2.97262E+17   6.34709E+09   2.17862E+02   2.95479E-02   2.87782E-08
 1.12250E+01   2.91016E+17   5.80950E+09   2.14922E+02   2.94604E-02   2.89540E-08
 1.12750E+01   2.84823E+17   5.29828E+09   2.12034E+02   2.93794E-02   2.91356E-08
 1.13250E+01   2.78718E+17   4.81645E+09   2.09213E+02   2.93053E-02   2.93221E-08
 1.13750E+01   2.72735E+17   4.36659E+09   2.06476E+02   2.92384E-02   2.95125E-08
 1.14250E+01   2.66907E+17   3.95092E+09   2.03837E+02   2.91793E-02   2.97057E-08
 1.14750E+01   2.61265E+17   3.57123E+09   2.01310E+02   2.91281E-02   2.99005E-08
 1.15250E+01   2.55840E+17   3.22894E+09   1.98910E+02   2.90852E-02   3.00956E-08
 1.15750E+01   2.50660E+17   2.92507E+09   1.96648E+02   2.90508E-02   3.02895E-08
 1.16250E+01   2.45749E+17   2.66024E+09   1.94537E+02   2.90249E-02   3.04809E-08
 1.16750E+01   2.41133E+17   2.43462E+09   1.92586E+02   2.90077E-02   3.06681E-08
 1.17250E+01   2.36833E+17   2.24788E+09   1.90805E+02   2.89993E-02   3.08496E-08
 1.17750E+01   2.32870E+17   2.09911E+09   1.89202E+02   2.89996E-02   3.10238E-08
 1.18250E+01   2.29259E+17   1.98668E+09   1.87785E+02   2.90086E-02   3.11890E-08
 1.18750E+01   2.26017E+17   1.90819E+09   1.86559E+02   2.90262E-02   3.13437E-08
 1.19250E+01   2.23156E+17   1.86062E+09   1.85530E+02   2.90521E-02   3.14865E-08
 1.19750E+01   2.20686E+17   1.84047E+09   1.84700E+02   2.90861E-02   3.16158E-08
 1.20250E+01   2.18616E+17   1.83940E+09   1.84072E+02   2.91279E-02   3.17306E-08
 1.20750E+01   2.16950E+17   1.83912E+09   1.83646E+02   2.91773E-02   3.18295E-08
 1.21250E+01   2.15691E+17   1.83958E+09   1.83423E+02   2.92338E-02   3.19119E-08
 1.21750E+01   2.14841E+17   1.87879E+09   1.83401E+02   2.92970E-02   3.19769E-08
 1.22250E+01   2.14397E+17   1.95966E+09   1.83578E+02   2.93665E-02   3.20243E-08
 1.22750E+01   2.14356E+17   2.07303E+09   1.83949E+02   2.94417E-02   3.20536E-08
 1.23250E+01   2.14712E+17   2.21023E+09   1.84509E+02   2.95221E-02   3.20650E-08
 1.23750E+01   2.15456E+17   2.36561E+09   1.85254E+02   2.96071E-02   3.20588E-08
 1.24250E+01   2.16578E+17   2.53563E+09   1.86175E+02   2.96963E-02   3.20354E-08
 1.24750E+01   2.18067E+17   2.71844E+09   1.87265E+02   2.97889E-02   3.19956E-08
 1.25250E+01   2.19907E+17   2.91350E+09   1.88515E+02   2.98844E-02   3.19401E-08
 1.25750E+01   2.22084E+17   3.12128E+09   1.89916E+02   2.99822E-02   3.18701E-08
 1.26250E+01   2.24579E+17   3.34297E+09   1.91457E+02   3.00816E-02   3.17867E-08
 1.26750E+01   2.27374E+17   3.58021E+09   1.93127E+02   3.01820E-02   3.16911E-08
 1.27250E+01   2.30450E+17   3.83492E+09   1.94915E+02   3.02828E-02   3.15846E-08
 1.27750E+01   2.33783E+17   4.10909E+09   1.96808E+02   3.03834E-02   3.14685E-08
 1.28250E+01   2.37353E+17   4.40466E+09   1.98795E+02   3.04831E-02   3.13442E-08
 1.28750E+01   2.41134E+17   4.72341E+09   2.00862E+02   3.05814E-02   3.12129E-08
 1.29250E+01   2.45104E+17   5.06683E+09   2.02995E+02   3.06778E-02   3.10761E-08
 1.29750E+01   2.49236E+17   5.43609E+09   2.05183E+02   3.07716E-02   3.09348E-08
 1.30250E+01   2.53506E+17   5.83198E+09   2.07411E+02   3.08625E-02   3.07904E-08
 1.30750E+01   2.57887E+17   6.25491E+09   2.09666E+02   3.09497E-02   3.06439E-08
 1.31250E+01   2.62353E+17   6.70488E+09   2.11934E+02   3.10331E-02   3.04964E-08
 1.31750E+01   2.66877E+17   7.18148E+09   2.14203E+02   3.11120E-02   3.03487E-08
 1.32250E+01   2.71434E+17   7.68395E+09   2.16459E+02   3.11861E-02   3.02019E-08
 1.32750E+01   2.75996E+17   8.21105E+09   2.18690E+02   3.12551E-02   3.00567E-08
 1.33250E+01   2.80539E+17   8.76105E+09   2.20883E+02   3.13187E-02   2.99138E-08
 1.33750E+01   2.85037E+17   9.33150E+09   2.23026E+02   3.13766E-02   2.97739E-08
 1.34250E+01   2.89465E+17   9.91908E+09   2.25107E+02   3.14285E-02   2.96377E-08
 1.34750E+01   2.93798E+17   1.05194E+10   2.27116E+02   3.14743E-02   2.95056E-08
 1.35250E+01   2.98013E+17   1.11266E+10   2.29042E+02   3.15138E-02   2.93781E-08
 1.35750E+01   3.02089E+17   1.17338E+10   2.30875E+02   3.15468E-02   2.92556E-08
 1.36250E+01   3.06003E+17   1.23324E+10   2.32606E+02   3.15734E-02   2.91385E-08
 1.36750E+01   3.09735E+17   1.29129E+10   2.34227E+02   3.15935E-02   2.90271E-08
 1.37250E+01   3.13267E+17   1.34650E+10   2.35729E+02   3.16070E-02   2.89217E-08
 1.37750E+01   3.16580E+17   1.39782E+10   2.37107E+02   3.16140E-02   2.88226E-08
 1.38250E+01   3.19659E+17   1.44423E+10   2.38353E+02   3.16146E-02   2.87300E-08
 1.38750E+01   3.22489E+17   1.48484E+10   2.39463E+02   3.16089E-02   2.86440E-08
 1.39250E+01   3.25057E+17   1.51898E+10   2.40432E+02   3.15970E-02   2.85648E-08
 1.39750E+01   3.27351E+17   1.54628E+10   2.41256E+02   3.15792E-02   2.84925E-08
 1.40250E+01   3.29362E+17   1.56671E+10   2.41933E+02   3.15555E-02   2.84273E-08
 1.40750E+01   3.31082E+17   1.58056E+10   2.42461E+02   3.15262E-02   2.83692E-08
 1.41250E+01   3.32504E+17   1.58838E+10   2.42839E+02   3.14916E-02   2.83183E-08
 1.41750E+01   3.33624E+17   1.59049E+10   2.43066E+02   3.14519E-02   2.82747E-08
 1.42250E+01   3.34439E+17   1.59008E+10   2.43144E+02   3.14075E-02   2.82384E-08
 1.42750E+01   3.34949E+17   1.58968E+10   2.43074E+02   3.13587E-02   2.82094E-08
 1.43250E+01   3.35155E+17   1.58650E+10   2.42859E+02   3.13058E-02   2.81878E-08
 1.43750E+01   3.35059E+17   1.56927E+10   2.42501E+02   3.12491E-02   2.81735E-08
 1.44250E+01   3.34665E+17   1.54078E+10   2.42005E+02   3.11892E-02   2.81665E-08
 1.44750E+01   3.33980E+17   1.50432E+10   2.41375E+02   3.11262E-02   2.81668E-08
 1.45250E+01   3.33012E+17   1.46202E+10   2.40618E+02   3.10608E-02   2.81742E-08
 1.45750E+01   3.31769E+17   1.41528E+10   2.39738E+02   3.09931E-02   2.81889E-08
 1.46250E+01   3.30263E+17   1.36501E+10   2.38743E+02   3.09237E-02   2.82106E-08
 1.46750E+01   3.28506E+17   1.31181E+10   2.37640E+02   3.08529E-02   2.82392E-08
 1.47250E+01   3.26512E+17   1.25616E+10   2.36437E+02   3.07813E-02   2.82747E-08
 1.47750E+01   3.24295E+17   1.19846E+10   2.35142E+02   3.07091E-02   2.83168E-08
 1.48250E+01   3.21872E+17   1.13908E+10   2.33765E+02   3.06368E-02   2.83654E-08
 1.48750E+01   3.19258E+17   1.07841E+10   2.32313E+02   3.05649E-02   2.84203E-08
 1.49250E+01   3.16474E+17   1.01685E+10   2.30797E+02   3.04937E-02   2.84812E-08
 1.49750E+01   3.13536E+17   9.54822E+09   2.29226E+02   3.04236E-02   2.85480E-08
 1.50250E+01   3.10465E+17   8.92777E+09   2.27610E+02   3.03550E-02   2.86203E-08
 1.50750E+01   3.07280E+17   8.31178E+09   2.25960E+02   3.02882E-02   2.86978E-08
 1.51250E+01   3.04003E+17   7.70496E+09   2.24285E+02   3.02238E-02   2.87801E-08
 1.51750E+01   3.00652E+17   7.11188E+09   2.22596E+02   3.01619E-02   2.88668E-08
 1.52250E+01   2.97251E+17   6.53691E+09   2.20903E+02   3.01028E-02   2.89576E-08
 1.52750E+01   2.93819E+17   5.98415E+09   2.19215E+02   3.00470E-02   2.90520E-08
 1.53250E+01   2.90376E+17   5.45730E+09   2.17543E+02   2.99947E-02   2.91494E-08
 1.53750E+01   2.86945E+17   4.95971E+09   2.15895E+02   2.99461E-02   2.92493E-08
 1.54250E+01   2.83544E+17   4.49433E+09   2.14283E+02   2.99014E-02   2.93512E-08
 1.54750E+01   2.80193E+17   4.06370E+09   2.12713E+02   2.98609E-02   2.94544E-08
 1.55250E+01   2.76912E+17   3.66996E+09   2.11196E+02   2.98248E-02   2.95583E-08
 1.55750E+01   2.73720E+17   3.31482E+09   2.09739E+02   2.97932E-02   2.96624E-08
 1.56250E+01   2.70632E+17   2.99951E+09   2.08350E+02   2.97663E-02   2.97657E-08
 1.56750E+01   2.67667E+17   2.72474E+09   2.07036E+02   2.97441E-02   2.98678E-08
 1.57250E+01   2.64841E+17   2.49058E+09   2.05804E+02   2.97267E-02   2.99678E-08
 1.57750E+01   2.62167E+17   2.29645E+09   2.04660E+02   2.97141E-02   3.00652E-08
 1.58250E+01   2.59659E+17   2.14102E+09   2.03609E+02   2.97064E-02   3.01590E-08
 1.58750E+01   2.57330E+17   2.02219E+09   2.02657E+02   2.97036E-02   3.02488E-08
 1.59250E+01   2.55190E+17   1.93725E+09   2.01806E+02   2.97055E-02   3.03337E-08
 1.59750E+01   2.53250E+17   1.88313E+09   2.01062E+02   2.97122E-02   3.04133E-08
 1.60250E+01   2.51518E+17   1.85592E+09   2.00426E+02   2.97235E-02   3.04868E-08
 1.60750E+01   2.50001E+17   1.85273E+09   1.99902E+02   2.97393E-02   3.05538E-08
 1.61250E+01   2.48704E+17   1.85330E+09   1.99489E+02   2.97594E-02   3.06137E-08
 1.61750E+01   2.47632E+17   1.85389E+09   1.99189E+02   2.97837E-02   3.06661E-08
 1.62250E+01   2.46787E+17   1.87593E+09   1.99003E+02   2.98120E-02   3.07108E-08
 1.62750E+01   2.46171E+17   1.94763E+09   1.98928E+02   2.98440E-02   3.07474E-08
 1.63250E+01   2.45785E+17   2.05464E+09   1.98965E+02   2.98796E-02   3.07757E-08
 1.63750E+01   2.45626E+17   2.18851E+09   1.99112E+02   2.99183E-02   3.07956E-08
 1.64250E+01   2.45692E+17   2.34276E+09   1.99365E+02   2.99601E-02   3.08072E-08
 1.64750E+01   2.45980E+17   2.51306E+09   1.99721E+02   3.00045E-02   3.08104E-08
 1.65250E+01   2.46483E+17   2.69705E+09   2.00178E+02   3.00514E-02   3.08054E-08
 1.65750E+01   2.47197E+17   2.89387E+09   2.00730E+02   3.01003E-02   3.07924E-08
 1.66250E+01   2.48113E+17   3.10375E+09   2.01374E+02   3.01509E-02   3.07718E-08
 1.66750E+01   2.49222E+17   3.32772E+09   2.02103E+02   3.02030E-02   3.07437E-08
 1.67250E+01   2.50516E+17   3.56732E+09   2.02912E+02   3.02562E-02   3.07087E-08
 1.67750E+01   2.51984E+17   3.82434E+09   2.03796E+02   3.03101E-02   3.06671E-08
 1.68250E+01   2.53614E+17   4.10070E+09   2.04748E+02   3.03645E-02   3.06196E-08
 1.68750E+01   2.55396E+17   4.39822E+09   2.05762E+02   3.04190E-02   3.05665E-08
 1.69250E+01   2.57315E+17   4.71859E+09   2.06830E+02   3.04732E-02   3.05084E-08
 1.69750E+01   2.59360E+17   5.06327E+09   2.07945E+02   3.05269E-02   3.04459E-08
 1.70250E+01   2.61516E+17   5.43342E+09   2.09101E+02   3.05798E-02   3.03795E-08
 1.70750E+01   2.63769E+17   5.82992E+09   2.10291E+02   3.06315E-02   3.03098E-08
 1.71250E+01   2.66104E+17   6.25335E+09   2.11505E+02   3.06818E-02   3.02374E-08
 1.71750E+01   2.68508E+17   6.70396E+09   2.12739E+02   3.07304E-02   3.01628E-08
 1.72250E+01   2.70965E+17   7.18163E+09   2.13983E+02   3.07771E-02   3.00866E-08
 1.72750E+01   2.73460E+17   7.68578E+09   2.15231E+02   3.08215E-02   3.00092E-08
 1.73250E+01   2.75979E+17   8.21525E+09   2.16475E+02   3.08635E-02   2.99312E-08
 1.73750E+01   2.78507E+17   8.76816E+09   2.17709E+02   3.09029E-02   2.98531E-08
 1.74250E+01   2.81029E+17   9.34168E+09   2.18925E+02   3.09395E-02   2.97753E-08
 1.74750E+01   2.83531E+17   9.93188E+09   2.20117E+02   3.09731E-02   2.96982E-08
 1.75250E+01   2.86000E+17   1.05336E+10   2.21278E+02   3.10036E-02   2.96222E-08
 1.75750E+01   2.88421E+17   1.11403E+10   2.22403E+02   3.10309E-02   2.95477E-08
 1.76250E+01   2.90783E+17   1.17443E+10   2.23485E+02   3.10548E-02   2.94751E-08
 1.76750E+01   2.93071E+17   1.23368E+10   2.24519E+02   3.10753E-02   2.94046E-08
 1.77250E+01   2.95275E+17   1.29084E+10   2.25500E+02   3.10923E-02   2.93366E-08
 1.77750E+01   2.97384E+17   1.34493E+10   2.26423E+02   3.11058E-02   2.92713E-08
 1.78250E+01   2.99387E+17   1.39503E+10   2.27284E+02   3.11157E-02   2.92090E-08
 1.78750E+01   3.01274E+17   1.44027E+10   2.28078E+02   3.11221E-02   2.91499E-08
 1.79250E+01   3.03037E+17   1.47995E+10   2.28803E+02   3.11249E-02   2.90942E-08
 1.79750E+01   3.04668E+17   1.51356E+10   2.29456E+02   3.11243E-02   2.90420E-08
 1.80250E+01   3.06159E+17   1.54083E+10   2.30033E+02   3.11203E-02   2.89935E-08
 1.80750E+01   3.07504E+17   1.56170E+10   2.30533E+02   3.11129E-02   2.89489E-08
 1.81250E+01   3.08697E+17   1.57635E+10   2.30955E+02   3.11023E-02   2.89082E-08
 1.81750E+01   3.09736E+17   1.58517E+10   2.31296E+02   3.10886E-02   2.88716E-08
 1.82250E+01   3.10615E+17   1.58841E+10   2.31556E+02   3.10718E-02   2.88392E-08
 1.82750E+01   3.11333E+17   1.58876E+10   2.31735E+02   3.10522E-02   2.88109E-08
 1.83250E+01   3.11888E+17   1.58907E+10   2.31834E+02   3.10299E-02   2.87870E-08
 1.83750E+01   3.12278E+17   1.58837E+10   2.31853E+02   3.10050E-02   2.87672E-08
 1.84250E+01   3.12506E+17   1.57607E+10   2.31792E+02   3.09778E-02   2.87518E-08
 1.84750E+01   3.12571E+17   1.55219E+10   2.31655E+02   3.09484E-02   2.87408E-08
 1.85250E+01   3.12477E+17   1.51926E+10   2.31442E+02   3.09171E-02   2.87339E-08
 1.85750E+01   3.12225E+17   1.47945E+10   2.31156E+02   3.08840E-02   2.87314E-08
 1.86250E+01   3.11820E+17   1.43438E+10   2.30799E+02   3.08493E-02   2.87331E-08
 1.86750E+01   3.11266E+17   1.38530E+10   2.30376E+02   3.08134E-02   2.87389E-08
 1.87250E+01   3.10569E+17   1.33310E+10   2.29888E+02   3.07763E-02   2.87489E-08
 1.87750E+01   3.09735E+17   1.27843E+10   2.29341E+02   3.07383E-02   2.87628E-08
 1.88250E+01   3.08771E+17   1.22179E+10   2.28737E+02   3.06997E-02   2.87807E-08
 1.88750E+01   3.07683E+17   1.16356E+10   2.28081E+02   3.06606E-02   2.88023E-08
 1.89250E+01   3.06481E+17   1.10410E+10   2.27378E+02   3.06213E-02   2.88276E-08
 1.89750E+01   3.05172E+17   1.04377E+10   2.26633E+02   3.05821E-02   2.88564E-08
 1.90250E+01   3.03765E+17   9.82925E+09   2.25849E+02   3.05431E-02   2.88886E-08
 1.90750E+01   3.02271E+17   9.21957E+09   2.25032E+02   3.05045E-02   2.89239E-08
 1.91250E+01   3.00698E+17   8.61271E+09   2.24188E+02   3.04666E-02   2.89623E-08
 1.91750E+01   2.99058E+17   8.01285E+09   2.23321E+02   3.04296E-02   2.90034E-08
 1.92250E+01   2.97359E+17   7.42415E+09   2.22437E+02   3.03936E-02   2.90470E-08
 1.92750E+01   2.95614E+17   6.85074E+09   2.21540E+02   3.03589E-02   2.90930E-08
 1.93250E+01   2.93831E+17   6.29655E+09   2.20637E+02   3.03256E-02   2.91411E-08
 1.93750E+01   2.92023E+17   5.76529E+09   2.19732E+02   3.02939E-02   2.91909E-08
 1.94250E+01   2.90199E+17   5.26040E+09   2.18830E+02   3.02639E-02   2.92423E-08
 1.94750E+01   2.88371E+17   4.78496E+09   2.17937E+02   3.02359E-02   2.92949E-08
 1.95250E+01   2.86549E+17   4.34171E+09   2.17058E+02   3.02098E-02   2.93484E-08
 1.95750E+01   2.84742E+17   3.93300E+09   2.16196E+02   3.01860E-02   2.94026E-08
 1.96250E+01   2.82962E+17   3.56072E+09   2.15358E+02   3.01643E-02   2.94571E-08
 1.96750E+01   2.81218E+17   3.22631E+09   2.14547E+02   3.01450E-02   2.95116E-08
 1.97250E+01   2.79519E+17   2.93070E+09   2.13767E+02   3.01281E-02   2.95657E-08
 1.97750E+01   2.77874E+17   2.67422E+09   2.13022E+02   3.01137E-02   2.96192E-08
 1.98250E+01   2.76292E+17   2.45662E+09   2.12317E+02   3.01017E-02   2.96717E-08
 1.98750E+01   2.74782E+17   2.27698E+09   2.11655E+02   3.00924E-02   2.97229E-08
 1.99250E+01   2.73350E+17   2.13374E+09   2.11038E+02   3.00856E-02   2.97725E-08
 1.99750E+01   2.72003E+17   2.02469E+09   2.10470E+02   3.00814E-02   2.98201E-08
 2.00250E+01   2.70749E+17   1.94706E+09   2.09952E+02   3.00797E-02   2.98655E-08
 2.00750E+01   2.69594E+17   1.89773E+09   2.09489E+02   3.00806E-02   2.99084E-08
 2.01250E+01   2.68541E+17   1.87276E+09   2.09080E+02   3.00839E-02   2.99486E-08
 2.01750E+01   2.67597E+17   1.86929E+09   2.08728E+02   3.00897E-02   2.99857E-08
 2.02250E+01   2.66764E+17   1.86923E+09   2.08435E+02   3.00979E-02   3.00196E-08
 2.02750E+01   2.66046E+17   1.86917E+09   2.08200E+02   3.01084E-02   3.00500E-08
 2.03250E+01   2.65446E+17   1.88851E+09   2.08024E+02   3.01211E-02   3.00769E-08
 2.03750E+01   2.64966E+17   1.95643E+09   2.07908E+02   3.01359E-02   3.01000E-08
 2.04250E+01   2.64605E+17   2.05947E+09   2.07851E+02   3.01527E-02   3.01193E-08
 2.04750E+01   2.64366E+17   2.18960E+09   2.07853E+02   3.01714E-02   3.01346E-08
 2.05250E+01   2.64248E+17   2.34078E+09   2.07914E+02   3.01918E-02   3.01459E-08
 2.05750E+01   2.64249E+17   2.50883E+09   2.08031E+02   3.02138E-02   3.01531E-08
 2.06250E+01   2.64368E+17   2.69131E+09   2.08203E+02   3.02373E-02   3.01564E-08
 2.06750E+01   2.64603E+17   2.88715E+09   2.08430E+02   3.02621E-02   3.01557E-08
 2.07250E+01   2.64951E+17   3.09637E+09   2.08708E+02   3.02880E-02   3.01511E-08
 2.07750E+01   2.65409E+17   3.31973E+09   2.09035E+02   3.03149E-02   3.01426E-08
 2.08250E+01   2.65973E+17   3.55856E+09   2.09410E+02   3.03426E-02   3.01305E-08
 2.08750E+01   2.66637E+17   3.81447E+09   2.09829E+02   3.03710E-02   3.01149E-08
 2.09250E+01   2.67398E+17   4.08926E+09   2.10289E+02   3.03998E-02   3.00958E-08
 2.09750E+01   2.68249E+17   4.38471E+09   2.10787E+02   3.04290E-02   3.00736E-08
 2.10250E+01   2.69184E+17   4.70254E+09   2.11320E+02   3.04583E-02   3.00483E-08
 2.10750E+01   2.70198E+17   5.04435E+09   2.11884E+02   3.04876E-02   3.00203E-08
 2.11250E+01   2.71283E+17   5.41153E+09   2.12476E+02   3.05168E-02   2.99898E-08
 2.11750E+01   2.72433E+17   5.80527E+09   2.13092E+02   3.05455E-02   2.99570E-08
 2.12250E+01   2.73639E+17   6.22646E+09   2.13728E+02   3.05738E-02   2.99221E-08
 2.12750E+01   2.74895E+17   6.67567E+09   2.14380E+02   3.06014E-02   2.98854E-08
 2.13250E+01   2.76193E+17   7.15301E+09   2.15045E+02   3.06282E-02   2.98472E-08
 2.13750E+01   2.77526E+17   7.65801E+09   2.15719E+02   3.06540E-02   2.98078E-08
 2.14250E+01   2.78884E+17   8.18946E+09   2.16397E+02   3.06787E-02   2.97673E-08
 2.14750E+01   2.80262E+17   8.74525E+09   2.17076E+02   3.07023E-02   2.97261E-08
 2.15250E+01   2.81649E+17   9.32221E+09   2.17752E+02   3.07245E-02   2.96843E-08
 2.15750E+01   2.83040E+17   9.91596E+09   2.18421E+02   3.07454E-02   2.96423E-08
 2.16250E+01   2.84425E+17   1.05209E+10   2.19080E+02   3.07647E-02   2.96003E-08
 2.16750E+01   2.85798E+17   1.11301E+10   2.19725E+02   3.07824E-02   2.95585E-08
 2.17250E+01   2.87151E+17   1.17356E+10   2.20353E+02   3.07984E-02   2.95171E-08
 2.17750E+01   2.88476E+17   1.23287E+10   2.20960E+02   3.08126E-02   2.94764E-08
 2.18250E+01   2.89767E+17   1.28999E+10   2.21544E+02   3.08250E-02   2.94365E-08
 2.18750E+01   2.91018E+17   1.34400E+10   2.22100E+02   3.08356E-02   2.93977E-08
 2.19250E+01   2.92221E+17   1.39402E+10   2.22628E+02   3.08443E-02   2.93600E-08
 2.19750E+01   2.93371E+17   1.43925E+10   2.23124E+02   3.08511E-02   2.93238E-08
 2.20250E+01   2.94462E+17   1.47906E+10   2.23585E+02   3.08560E-02   2.92890E-08
 2.20750E+01   2.95490E+17   1.51301E+10   2.24010E+02   3.08590E-02   2.92560E-08
 2.21250E+01   2.96448E+17   1.54083E+10   2.24398E+02   3.08601E-02   2.92247E-08
 2.21750E+01   2.97335E+17   1.56249E+10   2.24745E+02   3.08592E-02   2.91954E-08
 2.22250E+01   2.98144E+17   1.57814E+10   2.25052E+02   3.08566E-02   2.91682E-08
 2.22750E+01   2.98873E+17   1.58813E+10   2.25316E+02   3.08521E-02   2.91430E-08
 2.23250E+01   2.99520E+17   1.59306E+10   2.25538E+02   3.08459E-02   2.91201E-08
 2.23750E+01   3.00081E+17   1.59351E+10   2.25715E+02   3.08380E-02   2.90994E-08
 2.24250E+01   3.00556E+17   1.59338E+10   2.25849E+02   3.08284E-02   2.90811E-08
 2.24750E+01   3.00943E+17   1.59326E+10   2.25939E+02   3.08174E-02   2.90651E-08
 2.25250E+01   3.01240E+17   1.58634E+10   2.25985E+02   3.08048E-02   2.90516E-08
 2.25750E+01   3.01449E+17   1.56516E+10   2.25988E+02   3.07909E-02   2.90405E-08
 2.26250E+01   3.01569E+17   1.53375E+10   2.25948E+02   3.07757E-02   2.90319E-08
 2.26750E+01   3.01600E+17   1.49446E+10   2.25866E+02   3.07593E-02   2.90257E-08
 2.27250E+01   3.01545E+17   1.44924E+10   2.25743E+02   3.07419E-02   2.90220E-08
 2.27750E+01   3.01405E+17   1.39956E+10   2.25581E+02   3.07236E-02   2.90208E-08
 2.28250E+01   3.01182E+17   1.34651E+10   2.25381E+02   3.07044E-02   2.90219E-08
 2.28750E+01   3.00879E+17   1.29086E+10   2.25144E+02   3.06845E-02   2.90253E-08
 2.29250E+01   3.00499E+17   1.23320E+10   2.24874E+02   3.06641E-02   2.90311E-08
 2.29750E+01   3.00046E+17   1.17398E+10   2.24571E+02   3.06432E-02   2.90391E-08
 2.30250E+01   2.99522E+17   1.11358E+10   2.24239E+02   3.06219E-02   2.90493E-08
 2.30750E+01   2.98933E+17   1.05238E+10   2.23879E+02   3.06005E-02   2.90616E-08
 2.31250E+01   2.98283E+17   9.90731E+09   2.23493E+02   3.05790E-02   2.90759E-08
 2.31750E+01   2.97577E+17   9.29013E+09   2.23086E+02   3.05575E-02   2.90921E-08
 2.32250E+01   2.96819E+17   8.67621E+09   2.22658E+02   3.05362E-02   2.91100E-08
 2.32750E+01   2.96016E+17   8.06962E+09   2.22214E+02   3.05152E-02   2.91297E-08
 2.33250E+01   2.95171E+17   7.47446E+09   2.21755E+02   3.04945E-02   2.91508E-08
 2.33750E+01   2.94292E+17   6.89483E+09   2.21285E+02   3.04744E-02   2.91734E-08
 2.34250E+01   2.93384E+17   6.33470E+09   2.20806E+02   3.04549E-02   2.91972E-08
 2.34750E+01   2.92453E+17   5.79789E+09   2.20322E+02   3.04362E-02   2.92222E-08
 2.35250E+01   2.91504E+17   5.28795E+09   2.19836E+02   3.04182E-02   2.92481E-08
 2.35750E+01   2.90543E+17   4.80815E+09   2.19349E+02   3.04012E-02   2.92749E-08
 2.36250E+01   2.89577E+17   4.36135E+09   2.18866E+02   3.03851E-02   2.93022E-08
 2.36750E+01   2.88611E+17   3.95001E+09   2.18389E+02   3.03701E-02   2.93301E-08
 2.37250E+01   2.87651E+17   3.57607E+09   2.17920E+02   3.03563E-02   2.93582E-08
 2.37750E+01   2.86702E+17   3.24093E+09   2.17462E+02   3.03437E-02   2.93865E-08
 2.38250E+01   2.85771E+17   2.94536E+09   2.17018E+02   3.03323E-02   2.94147E-08
 2.38750E+01   2.84862E+17   2.68953E+09   2.16590E+02   3.03223E-02   2.94427E-08
 2.39250E+01   2.83980E+17   2.47294E+09   2.16181E+02   3.03136E-02   2.94703E-08
 2.39750E+01   2.83131E+17   2.29449E+09   2.15792E+02   3.03062E-02   2.94973E-08
 2.40250E+01   2.82319E+17   2.15243E+09   2.15425E+02   3.03003E-02   2.95237E-08
 2.40750E+01   2.81549E+17   2.04444E+09   2.15083E+02   3.02958E-02   2.95491E-08
 2.41250E+01   2.80824E+17   1.96765E+09   2.14766E+02   3.02927E-02   2.95735E-08
 2.41750E+01   2.80148E+17   1.91881E+09   2.14477E+02   3.02910E-02   2.95967E-08
 2.42250E+01   2.79525E+17   1.89390E+09   2.14217E+02   3.02907E-02   2.96186E-08
 2.42750E+01   2.78958E+17   1.89012E+09   2.13987E+02   3.02918E-02   2.96390E-08
 2.43250E+01   2.78450E+17   1.88984E+09   2.13788E+02   3.02943E-02   2.96578E-08
 2.43750E+01   2.78002E+17   1.88956E+09   2.13620E+02   3.02981E-02   2.96750E-08
 2.44250E+01   2.77617E+17   1.90795E+09   2.13485E+02   3.03032E-02   2.96904E-08
 2.44750E+01   2.77297E+17   1.97629E+09   2.13383E+02   3.03096E-02   2.97039E-08
 2.45250E+01   2.77043E+17   2.08107E+09   2.13313E+02   3.03171E-02   2.97154E-08
 2.45750E+01   2.76855E+17   2.21400E+09   2.13276E+02   3.03258E-02   2.97250E-08
 2.46250E+01   2.76735E+17   2.36903E+09   2.13272E+02   3.03355E-02   2.97325E-08
 2.46750E+01   2.76681E+17   2.54193E+09   2.13300E+02   3.03463E-02   2.97379E-08
 2.47250E+01   2.76694E+17   2.73023E+09   2.13359E+02   3.03580E-02   2.97413E-08
 2.47750E+01   2.76772E+17   2.93283E+09   2.13450E+02   3.03705E-02   2.97425E-08
 2.48250E+01   2.76916E+17   3.14966E+09   2.13571E+02   3.03837E-02   2.97417E-08
 2.48750E+01   2.77123E+17   3.38148E+09   2.13721E+02   3.03977E-02   2.97388E-08
 2.49250E+01   2.77392E+17   3.62958E+09   2.13899E+02   3.04122E-02   2.97340E-08
 2.49750E+01   2.77720E+17   3.89565E+09   2.14103E+02   3.04272E-02   2.97272E-08
 2.50250E+01   2.78105E+17   4.18155E+09   2.14332E+02   3.04426E-02   2.97184E-08
 2.50750E+01   2.78545E+17   4.48925E+09   2.14585E+02   3.04584E-02   2.97079E-08
 2.51250E+01   2.79036E+17   4.82069E+09   2.14860E+02   3.04743E-02   2.96957E-08
 2.51750E+01   2.79575E+17   5.17772E+09   2.15154E+02   3.04904E-02   2.96818E-08
 2.52250E+01   2.80159E+17   5.56199E+09   2.15467E+02   3.05065E-02   2.96664E-08
 2.52750E+01   2.80784E+17   5.97493E+09   2.15795E+02   3.05225E-02   2.96495E-08
 2.53250E+01   2.81446E+17   6.41758E+09   2.16138E+02   3.05384E-02   2.96314E-08
 2.53750E+01   2.82141E+17   6.89049E+09   2.16492E+02   3.05540E-02   2.96121E-08
 2.54250E+01   2.82865E+17   7.39352E+09   2.16856E+02   3.05693E-02   2.95917E-08
 2.54750E+01   2.83614E+17   7.92576E+09   2.17228E+02   3.05842E-02   2.95705E-08
 2.55250E+01   2.84383E+17   8.48523E+09   2.17605E+02   3.05985E-02   2.95484E-08
 2.55750E+01   2.85168E+17   9.06883E+09   2.17985E+02   3.06123E-02   2.95257E-08
 2.56250E+01   2.85964E+17   9.67212E+09   2.18366E+02   3.06255E-02   2.95025E-08
 2.56750E+01   2.86768E+17   1.02894E+10   2.18747E+02   3.06379E-02   2.94789E-08
 2.57250E+01   2.87574E+17   1.09135E+10   2.19124E+02   3.06496E-02   2.94551E-08
 2.57750E+01   2.88379E+17   1.15366E+10   2.19496E+02   3.06605E-02   2.94311E-08
 2.58250E+01   2.89178E+17   1.21495E+10   2.19861E+02   3.06705E-02   2.94072E-08
 2.58750E+01   2.89967E+17   1.27430E+10   2.20217E+02   3.06796E-02   2.93834E-08
 2.59250E+01   2.90742E+17   1.33076E+10   2.20561E+02   3.06877E-02   2.93599E-08
 2.59750E+01   2.91498E+17   1.38342E+10   2.20893E+02   3.06949E-02   2.93367E-08
 2.60250E+01   2.92233E+17   1.43146E+10   2.21211E+02   3.07010E-02   2.93141E-08
 2.60750E+01   2.92943E+17   1.47418E+10   2.21513E+02   3.07061E-02   2.92920E-08
 2.61250E+01   2.93623E+17   1.51105E+10   2.21797E+02   3.07102E-02   2.92706E-08
 2.61750E+01   2.94272E+17   1.54176E+10   2.22063E+02   3.07132E-02   2.92501E-08
 2.62250E+01   2.94886E+17   1.56623E+10   2.22309E+02   3.07151E-02   2.92304E-08
 2.62750E+01   2.95462E+17   1.58461E+10   2.22534E+02   3.07160E-02   2.92116E-08
 2.63250E+01   2.95998E+17   1.59725E+10   2.22737E+02   3.07159E-02   2.91939E-08
 2.63750E+01   2.96492E+17   1.60463E+10   2.22918E+02   3.07147E-02   2.91774E-08
 2.64250E+01   2.96942E+17   1.60714E+10   2.23076E+02   3.07125E-02   2.91619E-08
 2.64750E+01   2.97347E+17   1.60685E+10   2.23209E+02   3.07094E-02   2.91477E-08
 2.65250E+01   2.97705E+17   1.60652E+10   2.23319E+02   3.07053E-02   2.91347E-08
 2.65750E+01   2.98014E+17   1.60469E+10   2.23404E+02   3.07003E-02   2.91231E-08
 2.66250E+01   2.98275E+17   1.58881E+10   2.23465E+02   3.06945E-02   2.91127E-08
 2.66750E+01   2.98488E+17   1.55990E+10   2.23502E+02   3.06878E-02   2.91037E-08
 2.67250E+01   2.98651E+17   1.52139E+10   2.23515E+02   3.06804E-02   2.90961E-08
 2.67750E+01   2.98765E+17   1.47588E+10   2.23505E+02   3.06723E-02   2.90898E-08
 2.68250E+01   2.98831E+17   1.42519E+10   2.23471E+02   3.06635E-02   2.90849E-08
 2.68750E+01   2.98849E+17   1.37061E+10   2.23415E+02   3.06542E-02   2.90813E-08
 2.69250E+01   2.98820E+17   1.31310E+10   2.23337E+02   3.06443E-02   2.90791E-08
 2.69750E+01   2.98746E+17   1.25334E+10   2.23239E+02   3.06340E-02   2.90783E-08
 2.70250E+01   2.98629E+17   1.19191E+10   2.23120E+02   3.06233E-02   2.90787E-08
 2.70750E+01   2.98469E+17   1.12928E+10   2.22983E+02   3.06123E-02   2.90804E-08
 2.71250E+01   2.98270E+17   1.06588E+10   2.22829E+02   3.06010E-02   2.90833E-08
 2.71750E+01   2.98032E+17   1.00211E+10   2.22658E+02   3.05895E-02   2.90874E-08
 2.72250E+01   2.97760E+17   9.38381E+09   2.22472E+02   3.05779E-02   2.90926E-08
 2.72750E+01   2.97455E+17   8.75084E+09   2.22272E+02   3.05663E-02   2.90988E-08
 2.73250E+01   2.97120E+17   8.12635E+09   2.22061E+02   3.05547E-02   2.91061E-08
 2.73750E+01   2.96758E+17   7.51454E+09   2.21839E+02   3.05432E-02   2.91143E-08
 2.74250E+01   2.96371E+17   6.91966E+09   2.21608E+02   3.05319E-02   2.91233E-08
 2.74750E+01   2.95964E+17   6.34589E+09   2.21370E+02   3.05208E-02   2.91331E-08
 2.75250E+01   2.95540E+17   5.79725E+09   2.21126E+02   3.05099E-02   2.91436E-08
 2.75750E+01   2.95101E+17   5.27751E+09   2.20878E+02   3.04995E-02   2.91547E-08
 2.76250E+01   2.94651E+17   4.79008E+09   2.20628E+02   3.04894E-02   2.91663E-08
 2.76750E+01   2.94194E+17   4.33794E+09   2.20378E+02   3.04798E-02   2.91784E-08
 2.77250E+01   2.93733E+17   3.92357E+09   2.20128E+02   3.04707E-02   2.91907E-08
 2.77750E+01   2.93271E+17   3.54887E+09   2.19880E+02   3.04622E-02   2.92033E-08
 2.78250E+01   2.92811E+17   3.21512E+09   2.19637E+02   3.04543E-02   2.92161E-08
 2.78750E+01   2.92357E+17   2.92291E+09   2.19399E+02   3.04470E-02   2.92289E-08
 2.79250E+01   2.91912E+17   2.67210E+09   2.19168E+02   3.04404E-02   2.92416E-08
 2.79750E+01   2.91479E+17   2.46184E+09   2.18946E+02   3.04345E-02   2.92542E-08
 2.80250E+01   2.91061E+17   2.29050E+09   2.18734E+02   3.04293E-02   2.92665E-08
 2.80750E+01   2.90660E+17   2.15584E+09   2.18532E+02   3.04249E-02   2.92785E-08
 2.81250E+01   2.90280E+17   2.05505E+09   2.18342E+02   3.04212E-02   2.92901E-08
 2.81750E+01   2.89923E+17   1.98493E+09   2.18166E+02   3.04184E-02   2.93012E-08
 2.82250E+01   2.89592E+17   1.94218E+09   2.18004E+02   3.04162E-02   2.93117E-08
 2.82750E+01   2.89287E+17   1.92332E+09   2.17857E+02   3.04149E-02   2.93216E-08
 2.83250E+01   2.89013E+17   1.92236E+09   2.17725E+02   3.04143E-02   2.93307E-08
 2.83750E+01   2.88770E+17   1.92253E+09   2.17610E+02   3.04145E-02   2.93390E-08
 2.84250E+01   2.88559E+17   1.92273E+09   2.17512E+02   3.04155E-02   2.93464E-08
 2.84750E+01   2.88383E+17   1.95701E+09   2.17432E+02   3.04172E-02   2.93529E-08
 2.85250E+01   2.88243E+17   2.03884E+09   2.17370E+02   3.04196E-02   2.93585E-08
 2.85750E+01   2.88138E+17   2.15666E+09   2.17325E+02   3.04227E-02   2.93630E-08
 2.86250E+01   2.88071E+17   2.30243E+09   2.17299E+02   3.04264E-02   2.93665E-08
 2.86750E+01   2.88041E+17   2.47001E+09   2.17291E+02   3.04308E-02   2.93689E-08
 2.87250E+01   2.88049E+17   2.65550E+09   2.17301E+02   3.04357E-02   2.93702E-08
 2.87750E+01   2.88094E+17   2.85675E+09   2.17329E+02   3.04412E-02   2.93705E-08
 2.88250E+01   2.88177E+17   3.07296E+09   2.17375E+02   3.04473E-02   2.93696E-08
 2.88750E+01   2.88298E+17   3.30442E+09   2.17437E+02   3.04537E-02   2.93676E-08
 2.89250E+01   2.88455E+17   3.55216E+09   2.17517E+02   3.04607E-02   2.93645E-08
 2.89750E+01   2.88647E+17   3.81777E+09   2.17613E+02   3.04679E-02   2.93603E-08
 2.90250E+01   2.88874E+17   4.10320E+09   2.17724E+02   3.04756E-02   2.93550E-08
 2.90750E+01   2.89135E+17   4.41062E+09   2.17850E+02   3.04835E-02   2.93487E-08
 2.91250E+01   2.89428E+17   4.74230E+09   2.17990E+02   3.04916E-02   2.93415E-08
 2.91750E+01   2.89751E+17   5.10045E+09   2.18142E+02   3.04999E-02   2.93332E-08
 2.92250E+01   2.90103E+17   5.48717E+09   2.18307E+02   3.05084E-02   2.93240E-08
 2.92750E+01   2.90482E+17   5.90423E+09   2.18483E+02   3.05169E-02   2.93140E-08
 2.93250E+01   2.90886E+17   6.35300E+09   2.18669E+02   3.05254E-02   2.93031E-08
 2.93750E+01   2.91313E+17   6.83421E+09   2.18864E+02   3.05339E-02   2.92915E-08
 2.94250E+01   2.91761E+17   7.34782E+09   2.19067E+02   3.05423E-02   2.92792E-08
 2.94750E+01   2.92228E+17   7.89281E+09   2.19276E+02   3.05506E-02   2.92663E-08
 2.95250E+01   2.92710E+17   8.46699E+09   2.19490E+02   3.05587E-02   2.92528E-08
 2.95750E+01   2.93206E+17   9.06693E+09   2.19709E+02   3.05666E-02   2.92388E-08
 2.96250E+01   2.93714E+17   9.68783E+09   2.19930E+02   3.05742E-02   2.92244E-08
 2.96750E+01   2.94231E+17   1.03235E+10   2.20154E+02   3.05815E-02   2.92096E-08
 2.97250E+01   2.94755E+17   1.09666E+10   2.20378E+02   3.05885E-02   2.91945E-08
 2.97750E+01   2.95283E+17   1.16086E+10   2.20602E+02   3.05952E-02   2.91792E-08
 2.98250E+01   2.95812E+17   1.22404E+10   2.20824E+02   3.06014E-02   2.91637E-08
 2.98750E+01   2.96341E+17   1.28522E+10   2.21044E+02   3.06072E-02   2.91482E-08
 2.99250E+01   2.96868E+17   1.34347E+10   2.21260E+02   3.06125E-02   2.91327E-08
 2.99750E+01   2.97389E+17   1.39787E+10   2.21471E+02   3.06174E-02   2.91172E-08
 3.00250E+01   2.97903E+17   1.44763E+10   2.21677E+02   3.06217E-02   2.91018E-08
 3.00750E+01   2.98408E+17   1.49207E+10   2.21876E+02   3.06256E-02   2.90866E-08
 3.01250E+01   2.98902E+17   1.53069E+10   2.22067E+02   3.06289E-02   2.90716E-08
 3.01750E+01   2.99382E+17   1.56320E+10   2.22250E+02   3.06317E-02   2.90570E-08
 3.02250E+01   2.99847E+17   1.58946E+10   2.22424E+02   3.06339E-02   2.90426E-08
 3.02750E+01   3.00296E+17   1.60956E+10   2.22588E+02   3.06356E-02   2.90287E-08
 3.03250E+01   3.00727E+17   1.62374E+10   2.22742E+02   3.06368E-02   2.90152E-08
 3.03750E+01   3.01139E+17   1.63239E+10   2.22886E+02   3.06374E-02   2.90021E-08
 3.04250E+01   3.01530E+17   1.63590E+10   2.23018E+02   3.06375E-02   2.89896E-08
 3.04750E+01   3.01900E+17   1.63641E+10   2.23138E+02   3.06371E-02   2.89777E-08
 3.05250E+01   3.02246E+17   1.63684E+10   2.23246E+02   3.06361E-02   2.89663E-08
 3.05750E+01   3.02570E+17   1.63672E+10   2.23342E+02   3.06347E-02   2.89555E-08
 3.06250E+01   3.02869E+17   1.62405E+10   2.23426E+02   3.06328E-02   2.89453E-08
 3.06750E+01   3.03145E+17   1.59793E+10   2.23498E+02   3.06304E-02   2.89358E-08
 3.07250E+01   3.03395E+17   1.56105E+10   2.23557E+02   3.06276E-02   2.89270E-08
 3.07750E+01   3.03621E+17   1.51601E+10   2.23603E+02   3.06244E-02   2.89188E-08
 3.08250E+01   3.03822E+17   1.46481E+10   2.23638E+02   3.06207E-02   2.89113E-08
 3.08750E+01   3.03998E+17   1.40902E+10   2.23660E+02   3.06168E-02   2.89044E-08
 3.09250E+01   3.04150E+17   1.34987E+10   2.23671E+02   3.06125E-02   2.88983E-08
 3.09750E+01   3.04279E+17   1.28830E+10   2.23671E+02   3.06079E-02   2.88928E-08
 3.10250E+01   3.04384E+17   1.22502E+10   2.23659E+02   3.06031E-02   2.88879E-08
 3.10750E+01   3.04466E+17   1.16058E+10   2.23637E+02   3.05980E-02   2.88837E-08
 3.11250E+01   3.04528E+17   1.09546E+10   2.23605E+02   3.05927E-02   2.88801E-08
 3.11750E+01   3.04568E+17   1.03007E+10   2.23564E+02   3.05873E-02   2.88771E-08
 3.12250E+01   3.04589E+17   9.64818E+09   2.23514E+02   3.05817E-02   2.88747E-08
 3.12750E+01   3.04592E+17   9.00099E+09   2.23456E+02   3.05761E-02   2.88728E-08
 3.13250E+01   3.04578E+17   8.36314E+09   2.23391E+02   3.05704E-02   2.88715E-08
 3.13750E+01   3.04549E+17   7.73875E+09   2.23318E+02   3.05646E-02   2.88706E-08
 3.14250E+01   3.04505E+17   7.13196E+09   2.23241E+02   3.05589E-02   2.88702E-08
 3.14750E+01   3.04449E+17   6.54683E+09   2.23158E+02   3.05533E-02   2.88702E-08
 3.15250E+01   3.04382E+17   5.98733E+09   2.23070E+02   3.05477E-02   2.88705E-08
 3.15750E+01   3.04305E+17   5.45716E+09   2.22979E+02   3.05422E-02   2.88712E-08
 3.16250E+01   3.04221E+17   4.95971E+09   2.22886E+02   3.05369E-02   2.88722E-08
 3.16750E+01   3.04130E+17   4.49793E+09   2.22791E+02   3.05317E-02   2.88735E-08
 3.17250E+01   3.04036E+17   4.07426E+09   2.22694E+02   3.05268E-02   2.88749E-08
 3.17750E+01   3.03938E+17   3.69053E+09   2.22598E+02   3.05220E-02   2.88765E-08
 3.18250E+01   3.03841E+17   3.34797E+09   2.22502E+02   3.05175E-02   2.88782E-08
 3.18750E+01   3.03744E+17   3.04710E+09   2.22407E+02   3.05133E-02   2.88799E-08
 3.19250E+01   3.03649E+17   2.78774E+09   2.22315E+02   3.05094E-02   2.88817E-08
 3.19750E+01   3.03559E+17   2.56901E+09   2.22226E+02   3.05058E-02   2.88834E-08
 3.20250E+01   3.03475E+17   2.38937E+09   2.22141E+02   3.05026E-02   2.88850E-08
 3.20750E+01   3.03399E+17   2.24662E+09   2.22060E+02   3.04997E-02   2.88865E-08
 3.21250E+01   3.03331E+17   2.13806E+09   2.21984E+02   3.04971E-02   2.88879E-08
 3.21750E+01   3.03274E+17   2.06051E+09   2.21914E+02   3.04950E-02   2.88890E-08
 3.22250E+01   3.03228E+17   2.01056E+09   2.21850E+02   3.04932E-02   2.88899E-08
 3.22750E+01   3.03196E+17   1.98412E+09   2.21793E+02   3.04918E-02   2.88905E-08
 3.23250E+01   3.03178E+17   1.97910E+09   2.21743E+02   3.04908E-02   2.88907E-08
 3.23750E+01   3.03175E+17   1.97914E+09   2.21702E+02   3.04902E-02   2.88906E-08
 3.24250E+01   3.03189E+17   1.97918E+09   2.21668E+02   3.04900E-02   2.88901E-08
 3.24750E+01   3.03219E+17   1.99355E+09   2.21643E+02   3.04901E-02   2.88892E-08
 3.25250E+01   3.03268E+17   2.06019E+09   2.21626E+02   3.04906E-02   2.88878E-08
 3.25750E+01   3.03335E+17   2.16742E+09   2.21619E+02   3.04915E-02   2.88860E-08
 3.26250E+01   3.03422E+17   2.30575E+09   2.21620E+02   3.04928E-02   2.88836E-08
 3.26750E+01   3.03528E+17   2.46864E+09   2.21631E+02   3.04944E-02   2.88807E-08
 3.27250E+01   3.03655E+17   2.65146E+09   2.21652E+02   3.04963E-02   2.88773E-08
 3.27750E+01   3.03802E+17   2.85136E+09   2.21681E+02   3.04985E-02   2.88734E-08
 3.28250E+01   3.03970E+17   3.06704E+09   2.21721E+02   3.05011E-02   2.88689E-08
 3.28750E+01   3.04158E+17   3.29837E+09   2.21769E+02   3.05039E-02   2.88638E-08
 3.29250E+01   3.04366E+17   3.54617E+09   2.21827E+02   3.05070E-02   2.88582E-08
 3.29750E+01   3.04595E+17   3.81198E+09   2.21893E+02   3.05103E-02   2.88520E-08
 3.30250E+01   3.04844E+17   4.09789E+09   2.21969E+02   3.05139E-02   2.88453E-08
 3.30750E+01   3.05112E+17   4.40634E+09   2.22053E+02   3.05177E-02   2.88380E-08
 3.31250E+01   3.05400E+17   4.73998E+09   2.22145E+02   3.05216E-02   2.88302E-08
 3.31750E+01   3.05706E+17   5.10149E+09   2.22245E+02   3.05257E-02   2.88219E-08
 3.32250E+01   3.06029E+17   5.49343E+09   2.22352E+02   3.05299E-02   2.88130E-08
 3.32750E+01   3.06370E+17   5.91804E+09   2.22466E+02   3.05341E-02   2.88037E-08
 3.33250E+01   3.06726E+17   6.37706E+09   2.22586E+02   3.05385E-02   2.87939E-08
 3.33750E+01   3.07098E+17   6.87152E+09   2.22712E+02   3.05429E-02   2.87836E-08
 3.34250E+01   3.07485E+17   7.40152E+09   2.22844E+02   3.05473E-02   2.87730E-08
 3.34750E+01   3.07884E+17   7.96605E+09   2.22981E+02   3.05517E-02   2.87619E-08
 3.35250E+01   3.08296E+17   8.56282E+09   2.23122E+02   3.05560E-02   2.87505E-08
 3.35750E+01   3.08718E+17   9.18816E+09   2.23267E+02   3.05603E-02   2.87387E-08
 3.36250E+01   3.09151E+17   9.83694E+09   2.23415E+02   3.05646E-02   2.87266E-08
 3.36750E+01   3.09592E+17   1.05027E+10   2.23566E+02   3.05687E-02   2.87142E-08
 3.37250E+01   3.10041E+17   1.11776E+10   2.23719E+02   3.05727E-02   2.87016E-08
 3.37750E+01   3.10497E+17   1.18527E+10   2.23874E+02   3.05766E-02   2.86888E-08
 3.38250E+01   3.10957E+17   1.25186E+10   2.24029E+02   3.05804E-02   2.86758E-08
 3.38750E+01   3.11421E+17   1.31652E+10   2.24185E+02   3.05839E-02   2.86627E-08
 3.39250E+01   3.11889E+17   1.37826E+10   2.24341E+02   3.05873E-02   2.86494E-08
 3.39750E+01   3.12358E+17   1.43613E+10   2.24496E+02   3.05905E-02   2.86360E-08
 3.40250E+01   3.12827E+17   1.48930E+10   2.24650E+02   3.05934E-02   2.86226E-08
 3.40750E+01   3.13296E+17   1.53706E+10   2.24802E+02   3.05962E-02   2.86092E-08
 3.41250E+01   3.13763E+17   1.57888E+10   2.24952E+02   3.05987E-02   2.85958E-08
 3.41750E+01   3.14227E+17   1.61440E+10   2.25099E+02   3.06010E-02   2.85824E-08
 3.42250E+01   3.14687E+17   1.64348E+10   2.25243E+02   3.06030E-02   2.85691E-08
 3.42750E+01   3.15142E+17   1.66614E+10   2.25383E+02   3.06047E-02   2.85559E-08
 3.43250E+01   3.15591E+17   1.68260E+10   2.25519E+02   3.06062E-02   2.85428E-08
 3.43750E+01   3.16034E+17   1.69325E+10   2.25651E+02   3.06074E-02   2.85298E-08
 3.44250E+01   3.16470E+17   1.69869E+10   2.25779E+02   3.06084E-02   2.85170E-08
 3.44750E+01   3.16898E+17   1.69938E+10   2.25901E+02   3.06091E-02   2.85044E-08
 3.45250E+01   3.17317E+17   1.69926E+10   2.26019E+02   3.06096E-02   2.84920E-08
 3.45750E+01   3.17727E+17   1.69914E+10   2.26131E+02   3.06098E-02   2.84798E-08
 3.46250E+01   3.18127E+17   1.69221E+10   2.26237E+02   3.06098E-02   2.84678E-08
 3.46750E+01   3.18517E+17   1.66768E+10   2.26338E+02   3.06095E-02   2.84561E-08
 3.47250E+01   3.18897E+17   1.63027E+10   2.26434E+02   3.06089E-02   2.84447E-08
 3.47750E+01   3.19266E+17   1.58301E+10   2.26523E+02   3.06082E-02   2.84335E-08
 3.48250E+01   3.19624E+17   1.52837E+10   2.26607E+02   3.06072E-02   2.84225E-08
 3.48750E+01   3.19972E+17   1.46834E+10   2.26685E+02   3.06061E-02   2.84119E-08
 3.49250E+01   3.20308E+17   1.40442E+10   2.26757E+02   3.06047E-02   2.84015E-08
 3.49750E+01   3.20634E+17   1.33777E+10   2.26823E+02   3.06032E-02   2.83914E-08
 3.50250E+01   3.20950E+17   1.26929E+10   2.26885E+02   3.06015E-02   2.83816E-08
 3.50750E+01   3.21255E+17   1.19967E+10   2.26941E+02   3.05997E-02   2.83721E-08
 3.51250E+01   3.21550E+17   1.12947E+10   2.26991E+02   3.05978E-02   2.83628E-08
 3.51750E+01   3.21835E+17   1.05921E+10   2.27037E+02   3.05957E-02   2.83538E-08
 3.52250E+01   3.22111E+17   9.89353E+09   2.27078E+02   3.05936E-02   2.83450E-08
 3.52750E+01   3.22379E+17   9.20337E+09   2.27115E+02   3.05913E-02   2.83365E-08
 3.53250E+01   3.22638E+17   8.52611E+09   2.27148E+02   3.05890E-02   2.83282E-08
 3.53750E+01   3.22890E+17   7.86617E+09   2.27177E+02   3.05867E-02   2.83201E-08
 3.54250E+01   3.23135E+17   7.22792E+09   2.27202E+02   3.05843E-02   2.83122E-08
 3.54750E+01   3.23373E+17   6.61563E+09   2.27225E+02   3.05820E-02   2.83045E-08
 3.55250E+01   3.23607E+17   6.03338E+09   2.27245E+02   3.05796E-02   2.82969E-08
 3.55750E+01   3.23835E+17   5.48499E+09   2.27263E+02   3.05772E-02   2.82896E-08
 3.56250E+01   3.24060E+17   4.97383E+09   2.27278E+02   3.05749E-02   2.82823E-08
 3.56750E+01   3.24282E+17   4.50278E+09   2.27293E+02   3.05727E-02   2.82752E-08
 3.57250E+01   3.24502E+17   4.07411E+09   2.27306E+02   3.05705E-02   2.82681E-08
 3.57750E+01   3.24721E+17   3.68937E+09   2.27319E+02   3.05684E-02   2.82611E-08
 3.58250E+01   3.24939E+17   3.34937E+09   2.27331E+02   3.05664E-02   2.82542E-08
 3.58750E+01   3.25158E+17   3.05415E+09   2.27343E+02   3.05646E-02   2.82473E-08
 3.59250E+01   3.25378E+17   2.80296E+09   2.27356E+02   3.05628E-02   2.82403E-08
 3.59750E+01   3.25600E+17   2.59435E+09   2.27370E+02   3.05612E-02   2.82334E-08
 3.60250E+01   3.25826E+17   2.42621E+09   2.27386E+02   3.05597E-02   2.82264E-08
 3.60750E+01   3.26055E+17   2.29582E+09   2.27403E+02   3.05584E-02   2.82194E-08
 3.61250E+01   3.26289E+17   2.19997E+09   2.27422E+02   3.05572E-02   2.82123E-08
 3.61750E+01   3.26529E+17   2.13501E+09   2.27444E+02   3.05562E-02   2.82051E-08
 3.62250E+01   3.26775E+17   2.09708E+09   2.27468E+02   3.05554E-02   2.81978E-08
 3.62750E+01   3.27028E+17   2.08296E+09   2.27495E+02   3.05547E-02   2.81903E-08
 3.63250E+01   3.27288E+17   2.08247E+09   2.27526E+02   3.05543E-02   2.81827E-08
 3.63750E+01   3.27557E+17   2.08223E+09   2.27560E+02   3.05540E-02   2.81749E-08
 3.64250E+01   3.27835E+17   2.08452E+09   2.27598E+02   3.05539E-02   2.81669E-08
 3.64750E+01   3.28122E+17   2.13376E+09   2.27641E+02   3.05540E-02   2.81587E-08
 3.65250E+01   3.28420E+17   2.23159E+09   2.27687E+02   3.05543E-02   2.81503E-08
 3.65750E+01   3.28727E+17   2.36768E+09   2.27738E+02   3.05548E-02   2.81416E-08
 3.66250E+01   3.29046E+17   2.53315E+09   2.27794E+02   3.05555E-02   2.81328E-08
 3.66750E+01   3.29375E+17   2.72220E+09   2.27854E+02   3.05563E-02   2.81236E-08
 3.67250E+01   3.29716E+17   2.93117E+09   2.27919E+02   3.05573E-02   2.81143E-08
 3.67750E+01   3.30068E+17   3.15820E+09   2.27988E+02   3.05585E-02   2.81046E-08
 3.68250E+01   3.30432E+17   3.40300E+09   2.28063E+02   3.05598E-02   2.80947E-08
 3.68750E+01   3.30808E+17   3.66648E+09   2.28142E+02   3.05613E-02   2.80845E-08
 3.69250E+01   3.31195E+17   3.95058E+09   2.28226E+02   3.05629E-02   2.80741E-08
 3.69750E+01   3.31594E+17   4.25797E+09   2.28315E+02   3.05647E-02   2.80633E-08
 3.70250E+01   3.32005E+17   4.59185E+09   2.28409E+02   3.05665E-02   2.80523E-08
 3.70750E+01   3.32427E+17   4.95566E+09   2.28507E+02   3.05685E-02   2.80410E-08
 3.71250E+01   3.32861E+17   5.35289E+09   2.28609E+02   3.05706E-02   2.80295E-08
 3.71750E+01   3.33306E+17   5.78677E+09   2.28716E+02   3.05728E-02   2.80177E-08
 3.72250E+01   3.33761E+17   6.26003E+09   2.28827E+02   3.05751E-02   2.80056E-08
 3.72750E+01   3.34227E+17   6.77460E+09   2.28942E+02   3.05774E-02   2.79933E-08
 3.73250E+01   3.34703E+17   7.33134E+09   2.29061E+02   3.05799E-02   2.79808E-08
 3.73750E+01   3.35189E+17   7.92981E+09   2.29184E+02   3.05823E-02   2.79680E-08
 3.74250E+01   3.35684E+17   8.56806E+09   2.29309E+02   3.05848E-02   2.79550E-08
 3.74750E+01   3.36188E+17   9.24245E+09   2.29438E+02   3.05873E-02   2.79418E-08
 3.75250E+01   3.36700E+17   9.94763E+09   2.29570E+02   3.05898E-02   2.79284E-08
 3.75750E+01   3.37219E+17   1.06766E+10   2.29704E+02   3.05923E-02   2.79148E-08
 3.76250E+01   3.37746E+17   1.14206E+10   2.29840E+02   3.05948E-02   2.79011E-08
 3.76750E+01   3.38279E+17   1.21700E+10   2.29979E+02   3.05973E-02   2.78872E-08
 3.77250E+01   3.38818E+17   1.29137E+10   2.30119E+02   3.05998E-02   2.78731E-08
 3.77750E+01   3.39362E+17   1.36407E+10   2.30260E+02   3.06022E-02   2.78589E-08
 3.78250E+01   3.39911E+17   1.43394E+10   2.30403E+02   3.06045E-02   2.78446E-08
 3.78750E+01   3.40464E+17   1.49989E+10   2.30547E+02   3.06068E-02   2.78303E-08
 3.79250E+01   3.41020E+17   1.56091E+10   2.30691E+02   3.06090E-02   2.78158E-08
 3.79750E+01   3.41579E+17   1.61614E+10   2.30835E+02   3.06111E-02   2.78013E-08
 3.80250E+01   3.42140E+17   1.66488E+10   2.30980E+02   3.06132E-02   2.77867E-08
 3.80750E+01   3.42703E+17   1.70666E+10   2.31124E+02   3.06152E-02   2.77720E-08
 3.81250E+01   3.43267E+17   1.74122E+10   2.31268E+02   3.06170E-02   2.77574E-08
 3.81750E+01   3.43831E+17   1.76858E+10   2.31411E+02   3.06188E-02   2.77427E-08
 3.82250E+01   3.44395E+17   1.78894E+10   2.31553E+02   3.06204E-02   2.77281E-08
 3.82750E+01   3.44959E+17   1.80270E+10   2.31694E+02   3.06219E-02   2.77134E-08
 3.83250E+01   3.45521E+17   1.81046E+10   2.31833E+02   3.06234E-02   2.76988E-08
 3.83750E+01   3.46082E+17   1.81243E+10   2.31971E+02   3.06247E-02   2.76842E-08
 3.84250E+01   3.46641E+17   1.81210E+10   2.32107E+02   3.06258E-02   2.76697E-08
 3.84750E+01   3.47198E+17   1.81178E+10   2.32241E+02   3.06269E-02   2.76552E-08
 3.85250E+01   3.47752E+17   1.80774E+10   2.32374E+02   3.06279E-02   2.76408E-08
 3.85750E+01   3.48303E+17   1.78367E+10   2.32504E+02   3.06287E-02   2.76265E-08
 3.86250E+01   3.48851E+17   1.74285E+10   2.32631E+02   3.06294E-02   2.76122E-08
 3.86750E+01   3.49395E+17   1.68972E+10   2.32757E+02   3.06300E-02   2.75981E-08
 3.87250E+01   3.49936E+17   1.62756E+10   2.32880E+02   3.06305E-02   2.75840E-08
 3.87750E+01   3.50473E+17   1.55892E+10   2.33000E+02   3.06309E-02   2.75700E-08
 3.88250E+01   3.51006E+17   1.48571E+10   2.33119E+02   3.06313E-02   2.75561E-08
 3.88750E+01   3.51534E+17   1.40941E+10   2.33234E+02   3.06315E-02   2.75424E-08
 3.89250E+01   3.52059E+17   1.33116E+10   2.33347E+02   3.06316E-02   2.75287E-08
 3.89750E+01   3.52580E+17   1.25189E+10   2.33458E+02   3.06316E-02   2.75152E-08
 3.90250E+01   3.53096E+17   1.17238E+10   2.33566E+02   3.06315E-02   2.75017E-08
 3.90750E+01   3.53609E+17   1.09328E+10   2.33671E+02   3.06314E-02   2.74884E-08
 3.91250E+01   3.54117E+17   1.01520E+10   2.33774E+02   3.06311E-02   2.74752E-08
 3.91750E+01   3.54622E+17   9.38689E+09   2.33875E+02   3.06309E-02   2.74620E-08
 3.92250E+01   3.55124E+17   8.64266E+09   2.33974E+02   3.06306E-02   2.74490E-08
 3.92750E+01   3.55623E+17   7.92430E+09   2.34072E+02   3.06302E-02   2.74361E-08
 3.93250E+01   3.56119E+17   7.23663E+09   2.34167E+02   3.06298E-02   2.74232E-08
 3.93750E+01   3.56612E+17   6.58416E+09   2.34260E+02   3.06294E-02   2.74104E-08
 3.94250E+01   3.57103E+17   5.97107E+09   2.34353E+02   3.06290E-02   2.73977E-08
 3.94750E+01   3.57593E+17   5.40107E+09   2.34444E+02   3.06286E-02   2.73851E-08
 3.95250E+01   3.58080E+17   4.87726E+09   2.34533E+02   3.06282E-02   2.73725E-08
 3.95750E+01   3.58566E+17   4.40207E+09   2.34622E+02   3.06278E-02   2.73600E-08
 3.96250E+01   3.59052E+17   3.97709E+09   2.34709E+02   3.06273E-02   2.73476E-08
 3.96750E+01   3.59537E+17   3.60307E+09   2.34796E+02   3.06269E-02   2.73352E-08
 3.97250E+01   3.60022E+17   3.27984E+09   2.34883E+02   3.06266E-02   2.73228E-08
 3.97750E+01   3.60507E+17   3.00631E+09   2.34969E+02   3.06263E-02   2.73104E-08
 3.98250E+01   3.60993E+17   2.78056E+09   2.35056E+02   3.06260E-02   2.72981E-08
 3.98750E+01   3.61481E+17   2.59986E+09   2.35142E+02   3.06257E-02   2.72857E-08
 3.99250E+01   3.61970E+17   2.46091E+09   2.35229E+02   3.06256E-02   2.72734E-08
 3.99750E+01   3.62462E+17   2.35993E+09   2.35316E+02   3.06255E-02   2.72610E-08
 4.00250E+01   3.62955E+17   2.29290E+09   2.35404E+02   3.06254E-02   2.72486E-08
 4.00750E+01   3.63452E+17   2.25530E+09   2.35493E+02   3.06255E-02   2.72362E-08
 4.01250E+01   3.63951E+17   2.24458E+09   2.35582E+02   3.06255E-02   2.72238E-08
 4.01750E+01   3.64454E+17   2.24446E+09   2.35673E+02   3.06256E-02   2.72113E-08
 4.02250E+01   3.64961E+17   2.24435E+09   2.35765E+02   3.06259E-02   2.71987E-08
 4.02750E+01   3.65472E+17   2.25249E+09   2.35858E+02   3.06262E-02   2.71861E-08
 4.03250E+01   3.65988E+17   2.31866E+09   2.35953E+02   3.06266E-02   2.71735E-08
 4.03750E+01   3.66509E+17   2.43708E+09   2.36050E+02   3.06271E-02   2.71608E-08
 4.04250E+01   3.67034E+17   2.59568E+09   2.36149E+02   3.06276E-02   2.71480E-08
 4.04750E+01   3.67565E+17   2.78587E+09   2.36249E+02   3.06283E-02   2.71351E-08
 4.05250E+01   3.68101E+17   3.00201E+09   2.36351E+02   3.06290E-02   2.71221E-08
 4.05750E+01   3.68643E+17   3.24085E+09   2.36455E+02   3.06298E-02   2.71090E-08
 4.06250E+01   3.69191E+17   3.50137E+09   2.36562E+02   3.06307E-02   2.70959E-08
 4.06750E+01   3.69744E+17   3.78437E+09   2.36670E+02   3.06316E-02   2.70827E-08
 4.07250E+01   3.70303E+17   4.09213E+09   2.36781E+02   3.06327E-02   2.70693E-08
 4.07750E+01   3.70869E+17   4.42803E+09   2.36894E+02   3.06338E-02   2.70559E-08
 4.08250E+01   3.71440E+17   4.79617E+09   2.37009E+02   3.06350E-02   2.70424E-08
 4.08750E+01   3.72017E+17   5.20099E+09   2.37126E+02   3.06362E-02   2.70287E-08
 4.09250E+01   3.72600E+17   5.64693E+09   2.37245E+02   3.06375E-02   2.70150E-08
 4.09750E+01   3.73189E+17   6.13797E+09   2.37367E+02   3.06389E-02   2.70012E-08
 4.10250E+01   3.73784E+17   6.67729E+09   2.37490E+02   3.06403E-02   2.69873E-08
 4.10750E+01   3.74384E+17   7.26688E+09   2.37616E+02   3.06418E-02   2.69733E-08
 4.11250E+01   3.74990E+17   7.90722E+09   2.37743E+02   3.06433E-02   2.69592E-08
 4.11750E+01   3.75601E+17   8.59698E+09   2.37872E+02   3.06449E-02   2.69450E-08
 4.12250E+01   3.76217E+17   9.33282E+09   2.38003E+02   3.06465E-02   2.69308E-08
 4.12750E+01   3.76837E+17   1.01093E+10   2.38136E+02   3.06481E-02   2.69165E-08
 4.13250E+01   3.77463E+17   1.09189E+10   2.38270E+02   3.06497E-02   2.69021E-08
 4.13750E+01   3.78092E+17   1.17523E+10   2.38406E+02   3.06514E-02   2.68876E-08
 4.14250E+01   3.78726E+17   1.25982E+10   2.38543E+02   3.06530E-02   2.68731E-08
 4.14750E+01   3.79363E+17   1.34443E+10   2.38681E+02   3.06547E-02   2.68585E-08
 4.15250E+01   3.80004E+17   1.42774E+10   2.38820E+02   3.06564E-02   2.68439E-08
 4.15750E+01   3.80649E+17   1.50843E+10   2.38960E+02   3.06581E-02   2.68292E-08
 4.16250E+01   3.81296E+17   1.58517E+10   2.39101E+02   3.06597E-02   2.68145E-08
 4.16750E+01   3.81945E+17   1.65677E+10   2.39243E+02   3.06614E-02   2.67998E-08
 4.17250E+01   3.82597E+17   1.72218E+10   2.39385E+02   3.06630E-02   2.67851E-08
 4.17750E+01   3.83250E+17   1.78052E+10   2.39528E+02   3.06647E-02   2.67703E-08
 4.18250E+01   3.83905E+17   1.83115E+10   2.39671E+02   3.06663E-02   2.67555E-08
 4.18750E+01   3.84561E+17   1.87367E+10   2.39814E+02   3.06678E-02   2.67408E-08
 4.19250E+01   3.85219E+17   1.90791E+10   2.39957E+02   3.06694E-02   2.67260E-08
 4.19750E+01   3.85876E+17   1.93396E+10   2.40100E+02   3.06709E-02   2.67113E-08
 4.20250E+01   3.86534E+17   1.95217E+10   2.40243E+02   3.06724E-02   2.66965E-08
 4.20750E+01   3.87192E+17   1.96319E+10   2.40385E+02   3.06738E-02   2.66818E-08
 4.21250E+01   3.87850E+17   1.96761E+10   2.40527E+02   3.06752E-02   2.66671E-08
 4.21750E+01   3.88507E+17   1.96813E+10   2.40668E+02   3.06765E-02   2.66525E-08
 4.22250E+01   3.89163E+17   1.96856E+10   2.40809E+02   3.06778E-02   2.66379E-08
 4.22750E+01   3.89818E+17   1.96754E+10   2.40949E+02   3.06791E-02   2.66233E-08
 4.23250E+01   3.90471E+17   1.94612E+10   2.41088E+02   3.06803E-02   2.66088E-08
 4.23750E+01   3.91124E+17   1.90437E+10   2.41226E+02   3.06815E-02   2.65943E-08
 4.24250E+01   3.91774E+17   1.84700E+10   2.41364E+02   3.06826E-02   2.65799E-08
 4.24750E+01   3.92422E+17   1.77808E+10   2.41500E+02   3.06836E-02   2.65656E-08
 4.25250E+01   3.93069E+17   1.70069E+10   2.41635E+02   3.06847E-02   2.65513E-08
 4.25750E+01   3.93713E+17   1.61733E+10   2.41769E+02   3.06856E-02   2.65371E-08
 4.26250E+01   3.94355E+17   1.53006E+10   2.41902E+02   3.06866E-02   2.65230E-08
 4.26750E+01   3.94995E+17   1.44050E+10   2.42034E+02   3.06875E-02   2.65089E-08
 4.27250E+01   3.95632E+17   1.34995E+10   2.42164E+02   3.06883E-02   2.64949E-08
 4.27750E+01   3.96266E+17   1.25948E+10   2.42293E+02   3.06891E-02   2.64810E-08
 4.28250E+01   3.96898E+17   1.16995E+10   2.42421E+02   3.06899E-02   2.64671E-08
 4.28750E+01   3.97528E+17   1.08210E+10   2.42548E+02   3.06907E-02   2.64534E-08
 4.29250E+01   3.98154E+17   9.96575E+09   2.42673E+02   3.06914E-02   2.64397E-08
 4.29750E+01   3.98779E+17   9.13981E+09   2.42797E+02   3.06920E-02   2.64261E-08
 4.30250E+01   3.99401E+17   8.34860E+09   2.42920E+02   3.06927E-02   2.64126E-08
 4.30750E+01   4.00020E+17   7.59713E+09   2.43043E+02   3.06934E-02   2.63991E-08
 4.31250E+01   4.00638E+17   6.88997E+09   2.43164E+02   3.06940E-02   2.63857E-08
 4.31750E+01   4.01252E+17   6.23111E+09   2.43283E+02   3.06946E-02   2.63724E-08
 4.32250E+01   4.01865E+17   5.62389E+09   2.43402E+02   3.06952E-02   2.63592E-08
 4.32750E+01   4.02475E+17   5.07092E+09   2.43520E+02   3.06958E-02   2.63460E-08
 4.33250E+01   4.03084E+17   4.57395E+09   2.43637E+02   3.06964E-02   2.63329E-08
 4.33750E+01   4.03690E+17   4.13384E+09   2.43753E+02   3.06970E-02   2.63199E-08
 4.34250E+01   4.04295E+17   3.75052E+09   2.43869E+02   3.06976E-02   2.63069E-08
 4.34750E+01   4.04899E+17   3.42299E+09   2.43984E+02   3.06981E-02   2.62940E-08
 4.35250E+01   4.05500E+17   3.14934E+09   2.44098E+02   3.06987E-02   2.62812E-08
 4.35750E+01   4.06101E+17   2.92683E+09   2.44211E+02   3.06993E-02   2.62684E-08
 4.36250E+01   4.06701E+17   2.75198E+09   2.44324E+02   3.06999E-02   2.62556E-08
 4.36750E+01   4.07300E+17   2.62070E+09   2.44437E+02   3.07006E-02   2.62429E-08
 4.37250E+01   4.07898E+17   2.52843E+09   2.44550E+02   3.07012E-02   2.62303E-08
 4.37750E+01   4.08495E+17   2.47047E+09   2.44662E+02   3.07019E-02   2.62177E-08
 4.38250E+01   4.09092E+17   2.44140E+09   2.44774E+02   3.07026E-02   2.62051E-08
 4.38750E+01   4.09689E+17   2.43765E+09   2.44886E+02   3.07033E-02   2.61926E-08
 4.39250E+01   4.10285E+17   2.43808E+09   2.44998E+02   3.07041E-02   2.61801E-08
 4.39750E+01   4.10882E+17   2.43849E+09   2.45110E+02   3.07049E-02   2.61677E-08
 4.40250E+01   4.11478E+17   2.46418E+09   2.45222E+02   3.07057E-02   2.61553E-08
 4.40750E+01   4.12075E+17   2.55867E+09   2.45335E+02   3.07066E-02   2.61429E-08
 4.41250E+01   4.12673E+17   2.70399E+09   2.45447E+02   3.07074E-02   2.61305E-08
 4.41750E+01   4.13270E+17   2.88941E+09   2.45560E+02   3.07084E-02   2.61181E-08
 4.42250E+01   4.13869E+17   3.10767E+09   2.45673E+02   3.07093E-02   2.61058E-08
 4.42750E+01   4.14468E+17   3.35442E+09   2.45786E+02   3.07103E-02   2.60935E-08
 4.43250E+01   4.15068E+17   3.62803E+09   2.45900E+02   3.07113E-02   2.60812E-08
 4.43750E+01   4.15668E+17   3.92913E+09   2.46014E+02   3.07124E-02   2.60690E-08
 4.44250E+01   4.16270E+17   4.26017E+09   2.46129E+02   3.07135E-02   2.60567E-08
 4.44750E+01   4.16872E+17   4.62487E+09   2.46245E+02   3.07146E-02   2.60445E-08
 4.45250E+01   4.17476E+17   5.02785E+09   2.46360E+02   3.07158E-02   2.60323E-08
 4.45750E+01   4.18080E+17   5.47408E+09   2.46477E+02   3.07170E-02   2.60201E-08
 4.46250E+01   4.18685E+17   5.96842E+09   2.46593E+02   3.07182E-02   2.60079E-08
 4.46750E+01   4.19291E+17   6.51512E+09   2.46711E+02   3.07195E-02   2.59957E-08
 4.47250E+01   4.19898E+17   7.11734E+09   2.46828E+02   3.07208E-02   2.59835E-08
 4.47750E+01   4.20506E+17   7.77677E+09   2.46947E+02   3.07221E-02   2.59714E-08
 4.48250E+01   4.21115E+17   8.49324E+09   2.47066E+02   3.07235E-02   2.59592E-08
 4.48750E+01   4.21724E+17   9.26445E+09   2.47185E+02   3.07249E-02   2.59471E-08
 4.49250E+01   4.22335E+17   1.00859E+10   2.47305E+02   3.07263E-02   2.59350E-08
 4.49750E+01   4.22945E+17   1.09506E+10   2.47425E+02   3.07277E-02   2.59229E-08
 4.50250E+01   4.23557E+17   1.18497E+10   2.47546E+02   3.07292E-02   2.59108E-08
 4.50750E+01   4.24169E+17   1.27720E+10   2.47667E+02   3.07307E-02   2.58988E-08
 4.51250E+01   4.24781E+17   1.37048E+10   2.47788E+02   3.07322E-02   2.58868E-08
 4.51750E+01   4.25393E+17   1.46343E+10   2.47910E+02   3.07337E-02   2.58748E-08
 4.52250E+01   4.26006E+17   1.55459E+10   2.48032E+02   3.07352E-02   2.58628E-08
 4.52750E+01   4.26618E+17   1.64252E+10   2.48154E+02   3.07368E-02   2.58508E-08
 4.53250E+01   4.27231E+17   1.72582E+10   2.48276E+02   3.07384E-02   2.58389E-08
 4.53750E+01   4.27843E+17   1.80322E+10   2.48398E+02   3.07399E-02   2.58270E-08
 4.54250E+01   4.28454E+17   1.87363E+10   2.48521E+02   3.07415E-02   2.58152E-08
 4.54750E+01   4.29065E+17   1.93615E+10   2.48644E+02   3.07431E-02   2.58034E-08
 4.55250E+01   4.29675E+17   1.99015E+10   2.48766E+02   3.07447E-02   2.57916E-08
 4.55750E+01   4.30284E+17   2.03526E+10   2.48889E+02   3.07463E-02   2.57799E-08
 4.56250E+01   4.30893E+17   2.07137E+10   2.49011E+02   3.07479E-02   2.57682E-08
 4.56750E+01   4.31500E+17   2.09862E+10   2.49133E+02   3.07495E-02   2.57565E-08
 4.57250E+01   4.32106E+17   2.11742E+10   2.49255E+02   3.07511E-02   2.57449E-08
 4.57750E+01   4.32710E+17   2.12843E+10   2.49377E+02   3.07528E-02   2.57334E-08
 4.58250E+01   4.33313E+17   2.13211E+10   2.49498E+02   3.07544E-02   2.57219E-08
 4.58750E+01   4.33914E+17   2.13216E+10   2.49619E+02   3.07560E-02   2.57105E-08
 4.59250E+01   4.34513E+17   2.13218E+10   2.49740E+02   3.07576E-02   2.56991E-08
 4.59750E+01   4.35110E+17   2.12951E+10   2.49860E+02   3.07592E-02   2.56878E-08
 4.60250E+01   4.35705E+17   2.10267E+10   2.49980E+02   3.07608E-02   2.56765E-08
 4.60750E+01   4.36298E+17   2.05310E+10   2.50099E+02   3.07624E-02   2.56653E-08
 4.61250E+01   4.36888E+17   1.98628E+10   2.50218E+02   3.07639E-02   2.56542E-08
 4.61750E+01   4.37476E+17   1.90671E+10   2.50336E+02   3.07655E-02   2.56432E-08
 4.62250E+01   4.38061E+17   1.81798E+10   2.50453E+02   3.07670E-02   2.56322E-08
 4.62750E+01   4.38643E+17   1.72300E+10   2.50569E+02   3.07686E-02   2.56212E-08
 4.63250E+01   4.39222E+17   1.62412E+10   2.50684E+02   3.07701E-02   2.56104E-08
 4.63750E+01   4.39798E+17   1.52319E+10   2.50799E+02   3.07716E-02   2.55996E-08
 4.64250E+01   4.40372E+17   1.42172E+10   2.50913E+02   3.07730E-02   2.55889E-08
 4.64750E+01   4.40942E+17   1.32089E+10   2.51026E+02   3.07745E-02   2.55783E-08
 4.65250E+01   4.41510E+17   1.22173E+10   2.51139E+02   3.07760E-02   2.55677E-08
 4.65750E+01   4.42074E+17   1.12507E+10   2.51250E+02   3.07774E-02   2.55572E-08
 4.66250E+01   4.42635E+17   1.03165E+10   2.51361E+02   3.07788E-02   2.55468E-08
 4.66750E+01   4.43193E+17   9.42121E+09   2.51470E+02   3.07802E-02   2.55365E-08
 4.67250E+01   4.43748E+17   8.57054E+09   2.51579E+02   3.07816E-02   2.55262E-08
 4.67750E+01   4.44300E+17   7.76953E+09   2.51688E+02   3.07830E-02   2.55160E-08
 4.68250E+01   4.44849E+17   7.02253E+09   2.51795E+02   3.07844E-02   2.55059E-08
 4.68750E+01   4.45395E+17   6.33312E+09   2.51901E+02   3.07858E-02   2.54959E-08
 4.69250E+01   4.45938E+17   5.70403E+09   2.52007E+02   3.07871E-02   2.54859E-08
 4.69750E+01   4.46477E+17   5.13711E+09   2.52112E+02   3.07885E-02   2.54760E-08
 4.70250E+01   4.47015E+17   4.63326E+09   2.52216E+02   3.07899E-02   2.54662E-08
 4.70750E+01   4.47549E+17   4.19237E+09   2.52320E+02   3.07912E-02   2.54564E-08
 4.71250E+01   4.48080E+17   3.81337E+09   2.52422E+02   3.07926E-02   2.54467E-08
 4.71750E+01   4.48608E+17   3.49423E+09   2.52524E+02   3.07939E-02   2.54371E-08
 4.72250E+01   4.49134E+17   3.23204E+09   2.52626E+02   3.07953E-02   2.54275E-08
 4.72750E+01   4.49658E+17   3.02311E+09   2.52727E+02   3.07967E-02   2.54180E-08
 4.73250E+01   4.50179E+17   2.86306E+09   2.52827E+02   3.07981E-02   2.54086E-08
 4.73750E+01   4.50697E+17   2.74703E+09   2.52927E+02   3.07995E-02   2.53993E-08
 4.74250E+01   4.51213E+17   2.66979E+09   2.53026E+02   3.08009E-02   2.53900E-08
 4.74750E+01   4.51727E+17   2.62584E+09   2.53125E+02   3.08023E-02   2.53807E-08
 4.75250E+01   4.52239E+17   2.61131E+09   2.53223E+02   3.08037E-02   2.53715E-08
 4.75750E+01   4.52749E+17   2.61098E+09   2.53321E+02   3.08052E-02   2.53624E-08
 4.76250E+01   4.53256E+17   2.61072E+09   2.53419E+02   3.08066E-02   2.53533E-08
 4.76750E+01   4.53762E+17   2.61554E+09   2.53516E+02   3.08081E-02   2.53443E-08
 4.77250E+01   4.54266E+17   2.68406E+09   2.53613E+02   3.08096E-02   2.53353E-08
 4.77750E+01   4.54768E+17   2.81615E+09   2.53709E+02   3.08111E-02   2.53264E-08
 4.78250E+01   4.55269E+17   2.99897E+09   2.53806E+02   3.08126E-02   2.53176E-08
 4.78750E+01   4.55768E+17   3.22297E+09   2.53902E+02   3.08141E-02   2.53087E-08
 4.79250E+01   4.56265E+17   3.48296E+09   2.53998E+02   3.08157E-02   2.53000E-08
 4.79750E+01   4.56761E+17   3.77685E+09   2.54093E+02   3.08173E-02   2.52912E-08
 4.80250E+01   4.57256E+17   4.10524E+09   2.54189E+02   3.08189E-02   2.52825E-08
 4.80750E+01   4.57749E+17   4.47082E+09   2.54284E+02   3.08205E-02   2.52739E-08
 4.81250E+01   4.58241E+17   4.87773E+09   2.54379E+02   3.08221E-02   2.52653E-08
 4.81750E+01   4.58731E+17   5.33100E+09   2.54474E+02   3.08237E-02   2.52567E-08
 4.82250E+01   4.59220E+17   5.83586E+09   2.54569E+02   3.08254E-02   2.52482E-08
 4.82750E+01   4.59709E+17   6.39719E+09   2.54664E+02   3.08271E-02   2.52397E-08
 4.83250E+01   4.60196E+17   7.01891E+09   2.54758E+02   3.08288E-02   2.52313E-08
 4.83750E+01   4.60681E+17   7.70349E+09   2.54853E+02   3.08305E-02   2.52229E-08
 4.84250E+01   4.61166E+17   8.45148E+09   2.54948E+02   3.08323E-02   2.52145E-08
 4.84750E+01   4.61649E+17   9.26127E+09   2.55042E+02   3.08340E-02   2.52062E-08
 4.85250E+01   4.62131E+17   1.01286E+10   2.55137E+02   3.08358E-02   2.51979E-08
 4.85750E+01   4.62612E+17   1.10463E+10   2.55231E+02   3.08376E-02   2.51897E-08
 4.86250E+01   4.63090E+17   1.20064E+10   2.55325E+02   3.08394E-02   2.51815E-08
 4.86750E+01   4.63566E+17   1.30040E+10   2.55418E+02   3.08412E-02   2.51734E-08
 4.87250E+01   4.64038E+17   1.40125E+10   2.55511E+02   3.08431E-02   2.51653E-08
 4.87750E+01   4.64504E+17   1.49444E+10   2.55603E+02   3.08449E-02   2.51574E-08
 4.88250E+01   4.64958E+17   1.59497E+10   2.55693E+02   3.08466E-02   2.51497E-08
 4.88750E+01   4.65386E+17   1.78304E+10   2.55778E+02   3.08483E-02   2.51424E-08
 4.89250E+01   4.65762E+17   1.84664E+10   2.55852E+02   3.08498E-02   2.51361E-08
 4.89750E+01   4.66021E+17   1.88905E+10   2.55903E+02   3.08509E-02   2.51317E-08
