      xx/10.        Omega0        Omega1        Omega2           C_l         r_avg
         [-]       [kg^-1]     [m kg^-1]   [m^2 kg^-1]           [-]           [m]
 1.02500E+00   1.56129E+16   5.99571E+07   9.97135E-01   8.95043E-05   1.11187E-08
 1.07500E+00   2.43247E+16   8.88793E+07   1.68958E+00   1.54022E-04   1.14934E-08
 1.12500E+00   3.43808E+16   1.05558E+08   2.66816E+00   2.47951E-04   1.20029E-08
 1.17500E+00   4.59153E+16   1.65413E+08   4.06104E+00   3.80706E-04   1.25742E-08
 1.22500E+00   5.90946E+16   2.56369E+08   5.99423E+00   5.63395E-04   1.31732E-08
 1.27500E+00   7.40836E+16   3.80887E+08   8.60349E+00   8.08565E-04   1.37805E-08
 1.32500E+00   9.10087E+16   5.44885E+08   1.20330E+01   1.12980E-03   1.43849E-08
 1.37500E+00   1.09928E+17   7.55152E+08   1.64296E+01   1.54112E-03   1.49800E-08
 1.42500E+00   1.30819E+17   1.01847E+09   2.19350E+01   2.05617E-03   1.55620E-08
 1.47500E+00   1.53582E+17   1.34109E+09   2.86760E+01   2.68732E-03   1.61285E-08
 1.52500E+00   1.78050E+17   1.72821E+09   3.67543E+01   3.44451E-03   1.66775E-08
 1.57500E+00   2.04003E+17   2.18355E+09   4.62358E+01   4.33424E-03   1.72065E-08
 1.62500E+00   2.31178E+17   2.70893E+09   5.71408E+01   5.35849E-03   1.77133E-08
 1.67500E+00   2.59274E+17   3.30384E+09   6.94359E+01   6.51392E-03   1.81954E-08
 1.72500E+00   2.87962E+17   3.96505E+09   8.30291E+01   7.79135E-03   1.86506E-08
 1.77500E+00   3.16894E+17   4.68640E+09   9.77679E+01   9.17570E-03   1.90770E-08
 1.82500E+00   3.45709E+17   5.45871E+09   1.13443E+02   1.06464E-02   1.94730E-08
 1.87500E+00   3.74044E+17   6.27007E+09   1.29797E+02   1.21784E-02   1.98377E-08
 1.92500E+00   4.01541E+17   7.10649E+09   1.46536E+02   1.37435E-02   2.01708E-08
 1.97500E+00   4.27856E+17   7.95270E+09   1.63349E+02   1.53121E-02   2.04730E-08
 2.02500E+00   4.52662E+17   8.79261E+09   1.79920E+02   1.68552E-02   2.07454E-08
 2.07500E+00   4.75659E+17   9.60942E+09   1.95948E+02   1.83457E-02   2.09901E-08
 2.12500E+00   4.96580E+17   1.03855E+10   2.11165E+02   1.97605E-02   2.12099E-08
 2.17500E+00   5.15189E+17   1.11044E+10   2.25344E+02   2.10808E-02   2.14080E-08
 2.22500E+00   5.31293E+17   1.17551E+10   2.38309E+02   2.22932E-02   2.15881E-08
 2.27500E+00   5.44737E+17   1.23373E+10   2.49935E+02   2.33890E-02   2.17542E-08
 2.32500E+00   5.55409E+17   1.28595E+10   2.60143E+02   2.43642E-02   2.19103E-08
 2.37500E+00   5.63243E+17   1.33236E+10   2.68882E+02   2.52186E-02   2.20602E-08
 2.42500E+00   5.68210E+17   1.36983E+10   2.76122E+02   2.59551E-02   2.22078E-08
 2.47500E+00   5.70325E+17   1.39138E+10   2.81864E+02   2.65785E-02   2.23565E-08
 2.52500E+00   5.69641E+17   1.39610E+10   2.86164E+02   2.70954E-02   2.25095E-08
 2.57500E+00   5.66247E+17   1.39951E+10   2.89117E+02   2.75128E-02   2.26696E-08
 2.62500E+00   5.60263E+17   1.40000E+10   2.90798E+02   2.78378E-02   2.28393E-08
 2.67500E+00   5.51838E+17   1.39141E+10   2.91271E+02   2.80771E-02   2.30205E-08
 2.72500E+00   5.41146E+17   1.37489E+10   2.90603E+02   2.82370E-02   2.32151E-08
 2.77500E+00   5.28378E+17   1.35156E+10   2.88861E+02   2.83228E-02   2.34242E-08
 2.82500E+00   5.13743E+17   1.32213E+10   2.86110E+02   2.83390E-02   2.36491E-08
 2.87500E+00   4.97461E+17   1.28721E+10   2.82411E+02   2.82895E-02   2.38904E-08
 2.92500E+00   4.79757E+17   1.24736E+10   2.77824E+02   2.81776E-02   2.41488E-08
 2.97500E+00   4.60861E+17   1.20315E+10   2.72406E+02   2.80058E-02   2.44246E-08
 3.02500E+00   4.41001E+17   1.15515E+10   2.66212E+02   2.77764E-02   2.47180E-08
 3.07500E+00   4.20403E+17   1.10390E+10   2.59301E+02   2.74916E-02   2.50292E-08
 3.12500E+00   3.99285E+17   1.04994E+10   2.51729E+02   2.71538E-02   2.53581E-08
 3.17500E+00   3.77857E+17   9.93812E+09   2.43559E+02   2.67652E-02   2.57049E-08
 3.22500E+00   3.56315E+17   9.36070E+09   2.34857E+02   2.63292E-02   2.60697E-08
 3.27500E+00   3.34847E+17   8.77267E+09   2.25695E+02   2.58493E-02   2.64526E-08
 3.32500E+00   3.13622E+17   8.17963E+09   2.16151E+02   2.53304E-02   2.68543E-08
 3.37500E+00   2.92796E+17   7.58721E+09   2.06312E+02   2.47783E-02   2.72754E-08
 3.42500E+00   2.72511E+17   7.00098E+09   1.96270E+02   2.42002E-02   2.77170E-08
 3.47500E+00   2.52889E+17   6.42634E+09   1.86123E+02   2.36043E-02   2.81809E-08
 3.52500E+00   2.34040E+17   5.86843E+09   1.75978E+02   2.30003E-02   2.86692E-08
 3.57500E+00   2.16055E+17   5.33209E+09   1.65944E+02   2.23990E-02   2.91848E-08
 3.62500E+00   1.99012E+17   4.82165E+09   1.56130E+02   2.18122E-02   2.97309E-08
 3.67500E+00   1.82974E+17   4.34094E+09   1.46650E+02   2.12523E-02   3.03115E-08
 3.72500E+00   1.67989E+17   3.89319E+09   1.37612E+02   2.07322E-02   3.09307E-08
 3.77500E+00   1.54095E+17   3.48102E+09   1.29118E+02   2.02644E-02   3.15925E-08
 3.82500E+00   1.41316E+17   3.10639E+09   1.21263E+02   1.98612E-02   3.23003E-08
 3.87500E+00   1.29668E+17   2.77064E+09   1.14132E+02   1.95336E-02   3.30560E-08
 3.92500E+00   1.19157E+17   2.47452E+09   1.07796E+02   1.92911E-02   3.38595E-08
 3.97500E+00   1.09779E+17   2.21818E+09   1.02313E+02   1.91412E-02   3.47071E-08
 4.02500E+00   1.01527E+17   2.00121E+09   9.77233E+01   1.90895E-02   3.55909E-08
 4.07500E+00   9.43859E+16   1.82268E+09   9.40534E+01   1.91385E-02   3.64980E-08
 4.12500E+00   8.83375E+16   1.68121E+09   9.13126E+01   1.92885E-02   3.74099E-08
 4.17500E+00   8.33594E+16   1.57513E+09   8.94952E+01   1.95370E-02   3.83032E-08
 4.22500E+00   7.94270E+16   1.50274E+09   8.85816E+01   1.98787E-02   3.91509E-08
 4.27500E+00   7.65135E+16   1.46167E+09   8.85396E+01   2.03064E-02   3.99239E-08
 4.32500E+00   7.45914E+16   1.45326E+09   8.93266E+01   2.08106E-02   4.05945E-08
 4.37500E+00   7.36322E+16   1.45509E+09   9.08906E+01   2.13805E-02   4.11388E-08
 4.42500E+00   7.36076E+16   1.45704E+09   9.31788E+01   2.20040E-02   4.15395E-08
 4.47500E+00   7.44890E+16   1.48837E+09   9.61407E+01   2.26684E-02   4.17873E-08
 4.52500E+00   7.62483E+16   1.57349E+09   9.97185E+01   2.33609E-02   4.18814E-08
 4.57500E+00   7.88580E+16   1.68624E+09   1.03844E+02   2.40691E-02   4.18286E-08
 4.62500E+00   8.22905E+16   1.81480E+09   1.08450E+02   2.47811E-02   4.16414E-08
 4.67500E+00   8.65187E+16   1.95495E+09   1.13470E+02   2.54861E-02   4.13364E-08
 4.72500E+00   9.15156E+16   2.10693E+09   1.18843E+02   2.61748E-02   4.09321E-08
 4.77500E+00   9.72538E+16   2.27234E+09   1.24513E+02   2.68391E-02   4.04472E-08
 4.82500E+00   1.03705E+17   2.45240E+09   1.30430E+02   2.74726E-02   3.98995E-08
 4.87500E+00   1.10842E+17   2.64766E+09   1.36546E+02   2.80705E-02   3.93052E-08
 4.92500E+00   1.18634E+17   2.85829E+09   1.42819E+02   2.86292E-02   3.86784E-08
 4.97500E+00   1.27049E+17   3.08447E+09   1.49211E+02   2.91468E-02   3.80313E-08
 5.02500E+00   1.36055E+17   3.32662E+09   1.55687E+02   2.96223E-02   3.73740E-08
 5.07500E+00   1.45615E+17   3.58544E+09   1.62217E+02   3.00559E-02   3.67150E-08
 5.12500E+00   1.55691E+17   3.86185E+09   1.68772E+02   3.04484E-02   3.60608E-08
 5.17500E+00   1.66243E+17   4.15689E+09   1.75327E+02   3.08016E-02   3.54170E-08
 5.22500E+00   1.77226E+17   4.47168E+09   1.81860E+02   3.11176E-02   3.47879E-08
 5.27500E+00   1.88592E+17   4.80726E+09   1.88349E+02   3.13991E-02   3.41769E-08
 5.32500E+00   2.00293E+17   5.16463E+09   1.94781E+02   3.16498E-02   3.35869E-08
 5.37500E+00   2.12274E+17   5.54517E+09   2.01148E+02   3.18748E-02   3.30206E-08
 5.42500E+00   2.24478E+17   5.95000E+09   2.07436E+02   3.20777E-02   3.24797E-08
 5.47500E+00   2.36845E+17   6.37961E+09   2.13623E+02   3.22591E-02   3.19642E-08
 5.52500E+00   2.49314E+17   6.83391E+09   2.19684E+02   3.24202E-02   3.14744E-08
 5.57500E+00   2.61820E+17   7.31214E+09   2.25597E+02   3.25618E-02   3.10101E-08
 5.62500E+00   2.74296E+17   7.81270E+09   2.31340E+02   3.26849E-02   3.05711E-08
 5.67500E+00   2.86674E+17   8.33306E+09   2.36892E+02   3.27904E-02   3.01570E-08
 5.72500E+00   2.98886E+17   8.86985E+09   2.42232E+02   3.28792E-02   2.97674E-08
 5.77500E+00   3.10862E+17   9.41906E+09   2.47340E+02   3.29522E-02   2.94018E-08
 5.82500E+00   3.22532E+17   9.97638E+09   2.52196E+02   3.30100E-02   2.90598E-08
 5.87500E+00   3.33828E+17   1.05375E+10   2.56782E+02   3.30534E-02   2.87408E-08
 5.92500E+00   3.44682E+17   1.10983E+10   2.61080E+02   3.30829E-02   2.84444E-08
 5.97500E+00   3.55030E+17   1.16542E+10   2.65073E+02   3.30992E-02   2.81699E-08
 6.02500E+00   3.64808E+17   1.22004E+10   2.68746E+02   3.31026E-02   2.79169E-08
 6.07500E+00   3.73958E+17   1.27304E+10   2.72084E+02   3.30936E-02   2.76848E-08
 6.12500E+00   3.82422E+17   1.32362E+10   2.75075E+02   3.30725E-02   2.74732E-08
 6.17500E+00   3.90151E+17   1.37077E+10   2.77707E+02   3.30396E-02   2.72815E-08
 6.22500E+00   3.97098E+17   1.41337E+10   2.79969E+02   3.29953E-02   2.71094E-08
 6.27500E+00   4.03223E+17   1.45028E+10   2.81853E+02   3.29397E-02   2.69563E-08
 6.32500E+00   4.08488E+17   1.48052E+10   2.83351E+02   3.28731E-02   2.68218E-08
 6.37500E+00   4.12867E+17   1.50343E+10   2.84460E+02   3.27957E-02   2.67057E-08
 6.42500E+00   4.16337E+17   1.51867E+10   2.85175E+02   3.27077E-02   2.66075E-08
 6.47500E+00   4.18880E+17   1.52649E+10   2.85495E+02   3.26094E-02   2.65268E-08
 6.52500E+00   4.20490E+17   1.52771E+10   2.85420E+02   3.25009E-02   2.64636E-08
 6.57500E+00   4.21162E+17   1.52826E+10   2.84952E+02   3.23826E-02   2.64173E-08
 6.62500E+00   4.20903E+17   1.52878E+10   2.84097E+02   3.22548E-02   2.63880E-08
 6.67500E+00   4.19722E+17   1.52255E+10   2.82860E+02   3.21178E-02   2.63752E-08
 6.72500E+00   4.17638E+17   1.50572E+10   2.81250E+02   3.19720E-02   2.63790E-08
 6.77500E+00   4.14676E+17   1.48106E+10   2.79276E+02   3.18178E-02   2.63991E-08
 6.82500E+00   4.10866E+17   1.45023E+10   2.76952E+02   3.16559E-02   2.64354E-08
 6.87500E+00   4.06243E+17   1.41454E+10   2.74292E+02   3.14866E-02   2.64879E-08
 6.92500E+00   4.00849E+17   1.37484E+10   2.71312E+02   3.13107E-02   2.65566E-08
 6.97500E+00   3.94731E+17   1.33166E+10   2.68029E+02   3.11290E-02   2.66413E-08
 7.02500E+00   3.87939E+17   1.28537E+10   2.64464E+02   3.09421E-02   2.67422E-08
 7.07500E+00   3.80529E+17   1.23626E+10   2.60638E+02   3.07509E-02   2.68591E-08
 7.12500E+00   3.72557E+17   1.18465E+10   2.56574E+02   3.05564E-02   2.69922E-08
 7.17500E+00   3.64085E+17   1.13088E+10   2.52297E+02   3.03596E-02   2.71414E-08
 7.22500E+00   3.55175E+17   1.07533E+10   2.47831E+02   3.01615E-02   2.73069E-08
 7.27500E+00   3.45893E+17   1.01843E+10   2.43206E+02   2.99632E-02   2.74885E-08
 7.32500E+00   3.36304E+17   9.60627E+09   2.38447E+02   2.97659E-02   2.76862E-08
 7.37500E+00   3.26474E+17   9.02380E+09   2.33585E+02   2.95708E-02   2.79001E-08
 7.42500E+00   3.16470E+17   8.44150E+09   2.28648E+02   2.93791E-02   2.81300E-08
 7.47500E+00   3.06357E+17   7.86387E+09   2.23667E+02   2.91921E-02   2.83758E-08
 7.52500E+00   2.96200E+17   7.29533E+09   2.18672E+02   2.90110E-02   2.86370E-08
 7.57500E+00   2.86063E+17   6.74009E+09   2.13693E+02   2.88371E-02   2.89133E-08
 7.62500E+00   2.76008E+17   6.20216E+09   2.08760E+02   2.86716E-02   2.92042E-08
 7.67500E+00   2.66093E+17   5.68524E+09   2.03903E+02   2.85157E-02   2.95088E-08
 7.72500E+00   2.56375E+17   5.19271E+09   1.99151E+02   2.83706E-02   2.98263E-08
 7.77500E+00   2.46908E+17   4.72756E+09   1.94534E+02   2.82374E-02   3.01554E-08
 7.82500E+00   2.37744E+17   4.29232E+09   1.90077E+02   2.81170E-02   3.04945E-08
 7.87500E+00   2.28929E+17   3.88908E+09   1.85807E+02   2.80104E-02   3.08419E-08
 7.92500E+00   2.20508E+17   3.51949E+09   1.81749E+02   2.79181E-02   3.11953E-08
 7.97500E+00   2.12521E+17   3.18477E+09   1.77925E+02   2.78410E-02   3.15522E-08
 8.02500E+00   2.05005E+17   2.88580E+09   1.74357E+02   2.77796E-02   3.19097E-08
 8.07500E+00   1.97992E+17   2.62313E+09   1.71064E+02   2.77344E-02   3.22645E-08
 8.12500E+00   1.91512E+17   2.39700E+09   1.68065E+02   2.77057E-02   3.26131E-08
 8.17500E+00   1.85590E+17   2.20737E+09   1.65373E+02   2.76937E-02   3.29516E-08
 8.22500E+00   1.80247E+17   2.05377E+09   1.63003E+02   2.76985E-02   3.32760E-08
 8.27500E+00   1.75501E+17   1.93528E+09   1.60964E+02   2.77199E-02   3.35820E-08
 8.32500E+00   1.71365E+17   1.85028E+09   1.59264E+02   2.77578E-02   3.38654E-08
 8.37500E+00   1.67850E+17   1.79666E+09   1.57909E+02   2.78116E-02   3.41222E-08
 8.42500E+00   1.64963E+17   1.77114E+09   1.56901E+02   2.78809E-02   3.43486E-08
 8.47500E+00   1.62706E+17   1.76907E+09   1.56241E+02   2.79650E-02   3.45413E-08
 8.52500E+00   1.61080E+17   1.76902E+09   1.55927E+02   2.80630E-02   3.46975E-08
 8.57500E+00   1.60082E+17   1.76897E+09   1.55956E+02   2.81741E-02   3.48153E-08
 8.62500E+00   1.59705E+17   1.79898E+09   1.56320E+02   2.82971E-02   3.48934E-08
 8.67500E+00   1.59940E+17   1.87227E+09   1.57012E+02   2.84312E-02   3.49313E-08
 8.72500E+00   1.60775E+17   1.97644E+09   1.58021E+02   2.85749E-02   3.49294E-08
 8.77500E+00   1.62195E+17   2.10368E+09   1.59335E+02   2.87272E-02   3.48889E-08
 8.82500E+00   1.64183E+17   2.24797E+09   1.60940E+02   2.88867E-02   3.48117E-08
 8.87500E+00   1.66720E+17   2.40571E+09   1.62822E+02   2.90521E-02   3.47002E-08
 8.92500E+00   1.69783E+17   2.57511E+09   1.64962E+02   2.92222E-02   3.45574E-08
 8.97500E+00   1.73349E+17   2.75572E+09   1.67344E+02   2.93955E-02   3.43865E-08
 9.02500E+00   1.77392E+17   2.94802E+09   1.69949E+02   2.95709E-02   3.41910E-08
 9.07500E+00   1.81883E+17   3.15308E+09   1.72757E+02   2.97470E-02   3.39744E-08
 9.12500E+00   1.86795E+17   3.37230E+09   1.75749E+02   2.99226E-02   3.37401E-08
 9.17500E+00   1.92095E+17   3.60728E+09   1.78902E+02   3.00966E-02   3.34916E-08
 9.22500E+00   1.97752E+17   3.85969E+09   1.82197E+02   3.02679E-02   3.32319E-08
 9.27500E+00   2.03731E+17   4.13124E+09   1.85613E+02   3.04353E-02   3.29641E-08
 9.32500E+00   2.09998E+17   4.42359E+09   1.89126E+02   3.05980E-02   3.26909E-08
 9.37500E+00   2.16518E+17   4.73835E+09   1.92717E+02   3.07550E-02   3.24147E-08
 9.42500E+00   2.23253E+17   5.07689E+09   1.96364E+02   3.09055E-02   3.21377E-08
 9.47500E+00   2.30167E+17   5.44033E+09   2.00045E+02   3.10489E-02   3.18617E-08
 9.52500E+00   2.37221E+17   5.82937E+09   2.03741E+02   3.11844E-02   3.15886E-08
 9.57500E+00   2.44377E+17   6.24425E+09   2.07430E+02   3.13116E-02   3.13196E-08
 9.62500E+00   2.51598E+17   6.68468E+09   2.11093E+02   3.14298E-02   3.10561E-08
 9.67500E+00   2.58845E+17   7.14984E+09   2.14711E+02   3.15388E-02   3.07990E-08
 9.72500E+00   2.66080E+17   7.63842E+09   2.18265E+02   3.16381E-02   3.05493E-08
 9.77500E+00   2.73264E+17   8.14870E+09   2.21737E+02   3.17275E-02   3.03077E-08
 9.82500E+00   2.80362E+17   8.67859E+09   2.25109E+02   3.18069E-02   3.00748E-08
 9.87500E+00   2.87335E+17   9.22562E+09   2.28366E+02   3.18760E-02   2.98511E-08
 9.92500E+00   2.94149E+17   9.78686E+09   2.31492E+02   3.19348E-02   2.96370E-08
 9.97500E+00   3.00769E+17   1.03587E+10   2.34473E+02   3.19834E-02   2.94328E-08
 1.00250E+01   3.07161E+17   1.09367E+10   2.37295E+02   3.20216E-02   2.92389E-08
 1.00750E+01   3.13294E+17   1.15151E+10   2.39945E+02   3.20497E-02   2.90553E-08
 1.01250E+01   3.19136E+17   1.20869E+10   2.42412E+02   3.20677E-02   2.88823E-08
 1.01750E+01   3.24660E+17   1.26437E+10   2.44685E+02   3.20758E-02   2.87200E-08
 1.02250E+01   3.29839E+17   1.31760E+10   2.46757E+02   3.20742E-02   2.85684E-08
 1.02750E+01   3.34647E+17   1.36735E+10   2.48618E+02   3.20632E-02   2.84277E-08
 1.03250E+01   3.39062E+17   1.41261E+10   2.50261E+02   3.20429E-02   2.82978E-08
 1.03750E+01   3.43065E+17   1.45245E+10   2.51682E+02   3.20138E-02   2.81788E-08
 1.04250E+01   3.46637E+17   1.48611E+10   2.52877E+02   3.19762E-02   2.80706E-08
 1.04750E+01   3.49763E+17   1.51308E+10   2.53841E+02   3.19304E-02   2.79734E-08
 1.05250E+01   3.52431E+17   1.53318E+10   2.54575E+02   3.18767E-02   2.78870E-08
 1.05750E+01   3.54631E+17   1.54650E+10   2.55077E+02   3.18157E-02   2.78114E-08
 1.06250E+01   3.56356E+17   1.55360E+10   2.55349E+02   3.17477E-02   2.77467E-08
 1.06750E+01   3.57601E+17   1.55477E+10   2.55394E+02   3.16733E-02   2.76928E-08
 1.07250E+01   3.58365E+17   1.55467E+10   2.55214E+02   3.15928E-02   2.76496E-08
 1.07750E+01   3.58649E+17   1.55457E+10   2.54814E+02   3.15070E-02   2.76173E-08
 1.08250E+01   3.58458E+17   1.55002E+10   2.54201E+02   3.14161E-02   2.75956E-08
 1.08750E+01   3.57797E+17   1.53274E+10   2.53380E+02   3.13210E-02   2.75847E-08
 1.09250E+01   3.56677E+17   1.50615E+10   2.52361E+02   3.12221E-02   2.75844E-08
 1.09750E+01   3.55110E+17   1.47250E+10   2.51151E+02   3.11200E-02   2.75948E-08
 1.10250E+01   3.53111E+17   1.43342E+10   2.49762E+02   3.10155E-02   2.76158E-08
 1.10750E+01   3.50695E+17   1.39013E+10   2.48204E+02   3.09091E-02   2.76474E-08
 1.11250E+01   3.47884E+17   1.34342E+10   2.46485E+02   3.08013E-02   2.76894E-08
 1.11750E+01   3.44697E+17   1.29382E+10   2.44614E+02   3.06923E-02   2.77416E-08
 1.12250E+01   3.41160E+17   1.24175E+10   2.42601E+02   3.05823E-02   2.78039E-08
 1.12750E+01   3.37296E+17   1.18751E+10   2.40457E+02   3.04719E-02   2.78761E-08
 1.13250E+01   3.33133E+17   1.13143E+10   2.38195E+02   3.03617E-02   2.79579E-08
 1.13750E+01   3.28699E+17   1.07384E+10   2.35829E+02   3.02520E-02   2.80492E-08
 1.14250E+01   3.24024E+17   1.01513E+10   2.33373E+02   3.01436E-02   2.81497E-08
 1.14750E+01   3.19138E+17   9.55714E+09   2.30842E+02   3.00370E-02   2.82593E-08
 1.15250E+01   3.14073E+17   8.96036E+09   2.28251E+02   2.99327E-02   2.83774E-08
 1.15750E+01   3.08862E+17   8.36561E+09   2.25616E+02   2.98314E-02   2.85039E-08
 1.16250E+01   3.03535E+17   7.77750E+09   2.22951E+02   2.97336E-02   2.86383E-08
 1.16750E+01   2.98128E+17   7.20051E+09   2.20274E+02   2.96398E-02   2.87801E-08
 1.17250E+01   2.92671E+17   6.63894E+09   2.17599E+02   2.95505E-02   2.89288E-08
 1.17750E+01   2.87198E+17   6.09674E+09   2.14941E+02   2.94662E-02   2.90837E-08
 1.18250E+01   2.81741E+17   5.57754E+09   2.12316E+02   2.93874E-02   2.92441E-08
 1.18750E+01   2.76331E+17   5.08461E+09   2.09739E+02   2.93146E-02   2.94094E-08
 1.19250E+01   2.71000E+17   4.62081E+09   2.07223E+02   2.92480E-02   2.95786E-08
 1.19750E+01   2.65776E+17   4.18860E+09   2.04784E+02   2.91881E-02   2.97507E-08
 1.20250E+01   2.60690E+17   3.79010E+09   2.02433E+02   2.91351E-02   2.99249E-08
 1.20750E+01   2.55768E+17   3.42698E+09   2.00183E+02   2.90893E-02   3.00998E-08
 1.21250E+01   2.51037E+17   3.10060E+09   1.98047E+02   2.90510E-02   3.02744E-08
 1.21750E+01   2.46521E+17   2.81190E+09   1.96036E+02   2.90202E-02   3.04474E-08
 1.22250E+01   2.42243E+17   2.56142E+09   1.94159E+02   2.89972E-02   3.06175E-08
 1.22750E+01   2.38225E+17   2.34924E+09   1.92425E+02   2.89821E-02   3.07833E-08
 1.23250E+01   2.34485E+17   2.17490E+09   1.90844E+02   2.89747E-02   3.09435E-08
 1.23750E+01   2.31040E+17   2.03728E+09   1.89422E+02   2.89752E-02   3.10967E-08
 1.24250E+01   2.27908E+17   1.93457E+09   1.88166E+02   2.89835E-02   3.12415E-08
 1.24750E+01   2.25099E+17   1.86420E+09   1.87080E+02   2.89993E-02   3.13766E-08
 1.25250E+01   2.22627E+17   1.82292E+09   1.86170E+02   2.90227E-02   3.15008E-08
 1.25750E+01   2.20500E+17   1.80812E+09   1.85437E+02   2.90532E-02   3.16128E-08
 1.26250E+01   2.18725E+17   1.80776E+09   1.84885E+02   2.90908E-02   3.17118E-08
 1.26750E+01   2.17308E+17   1.80760E+09   1.84513E+02   2.91351E-02   3.17967E-08
 1.27250E+01   2.16250E+17   1.81129E+09   1.84321E+02   2.91857E-02   3.18669E-08
 1.27750E+01   2.15553E+17   1.85667E+09   1.84309E+02   2.92423E-02   3.19218E-08
 1.28250E+01   2.15215E+17   1.94193E+09   1.84473E+02   2.93046E-02   3.19612E-08
 1.28750E+01   2.15233E+17   2.05720E+09   1.84812E+02   2.93719E-02   3.19847E-08
 1.29250E+01   2.15603E+17   2.19480E+09   1.85319E+02   2.94439E-02   3.19925E-08
 1.29750E+01   2.16316E+17   2.34962E+09   1.85990E+02   2.95202E-02   3.19849E-08
 1.30250E+01   2.17364E+17   2.51847E+09   1.86820E+02   2.96001E-02   3.19622E-08
 1.30750E+01   2.18736E+17   2.69974E+09   1.87800E+02   2.96831E-02   3.19250E-08
 1.31250E+01   2.20420E+17   2.89306E+09   1.88923E+02   2.97688E-02   3.18741E-08
 1.31750E+01   2.22402E+17   3.09901E+09   1.90181E+02   2.98565E-02   3.18104E-08
 1.32250E+01   2.24666E+17   3.31883E+09   1.91564E+02   2.99458E-02   3.17347E-08
 1.32750E+01   2.27197E+17   3.55416E+09   1.93064E+02   3.00360E-02   3.16481E-08
 1.33250E+01   2.29976E+17   3.80688E+09   1.94668E+02   3.01267E-02   3.15518E-08
 1.33750E+01   2.32985E+17   4.07892E+09   1.96368E+02   3.02172E-02   3.14469E-08
 1.34250E+01   2.36203E+17   4.37213E+09   1.98152E+02   3.03071E-02   3.13344E-08
 1.34750E+01   2.39609E+17   4.68819E+09   2.00008E+02   3.03959E-02   3.12156E-08
 1.35250E+01   2.43183E+17   5.02848E+09   2.01925E+02   3.04829E-02   3.10916E-08
 1.35750E+01   2.46901E+17   5.39408E+09   2.03891E+02   3.05678E-02   3.09634E-08
 1.36250E+01   2.50742E+17   5.78570E+09   2.05894E+02   3.06501E-02   3.08321E-08
 1.36750E+01   2.54682E+17   6.20369E+09   2.07923E+02   3.07294E-02   3.06987E-08
 1.37250E+01   2.58698E+17   6.64803E+09   2.09964E+02   3.08051E-02   3.05641E-08
 1.37750E+01   2.62767E+17   7.11835E+09   2.12007E+02   3.08770E-02   3.04291E-08
 1.38250E+01   2.66865E+17   7.61389E+09   2.14040E+02   3.09448E-02   3.02947E-08
 1.38750E+01   2.70970E+17   8.13345E+09   2.16052E+02   3.10080E-02   3.01615E-08
 1.39250E+01   2.75057E+17   8.67526E+09   2.18031E+02   3.10664E-02   3.00301E-08
 1.39750E+01   2.79106E+17   9.23686E+09   2.19967E+02   3.11197E-02   2.99013E-08
 1.40250E+01   2.83093E+17   9.81487E+09   2.21849E+02   3.11678E-02   2.97756E-08
 1.40750E+01   2.86998E+17   1.04048E+10   2.23668E+02   3.12104E-02   2.96534E-08
 1.41250E+01   2.90799E+17   1.10010E+10   2.25414E+02   3.12474E-02   2.95353E-08
 1.41750E+01   2.94478E+17   1.15964E+10   2.27079E+02   3.12787E-02   2.94216E-08
 1.42250E+01   2.98014E+17   1.21827E+10   2.28654E+02   3.13041E-02   2.93127E-08
 1.42750E+01   3.01391E+17   1.27507E+10   2.30132E+02   3.13238E-02   2.92090E-08
 1.43250E+01   3.04591E+17   1.32902E+10   2.31505E+02   3.13375E-02   2.91106E-08
 1.43750E+01   3.07600E+17   1.37910E+10   2.32768E+02   3.13454E-02   2.90178E-08
 1.44250E+01   3.10401E+17   1.42437E+10   2.33915E+02   3.13476E-02   2.89309E-08
 1.44750E+01   3.12984E+17   1.46400E+10   2.34941E+02   3.13440E-02   2.88500E-08
 1.45250E+01   3.15335E+17   1.49740E+10   2.35843E+02   3.13348E-02   2.87753E-08
 1.45750E+01   3.17445E+17   1.52425E+10   2.36616E+02   3.13202E-02   2.87069E-08
 1.46250E+01   3.19306E+17   1.54451E+10   2.37259E+02   3.13003E-02   2.86450E-08
 1.46750E+01   3.20909E+17   1.55839E+10   2.37769E+02   3.12754E-02   2.85896E-08
 1.47250E+01   3.22250E+17   1.56633E+10   2.38146E+02   3.12455E-02   2.85408E-08
 1.47750E+01   3.23324E+17   1.56857E+10   2.38390E+02   3.12111E-02   2.84987E-08
 1.48250E+01   3.24129E+17   1.56820E+10   2.38500E+02   3.11723E-02   2.84633E-08
 1.48750E+01   3.24664E+17   1.56783E+10   2.38479E+02   3.11295E-02   2.84346E-08
 1.49250E+01   3.24929E+17   1.56543E+10   2.38328E+02   3.10829E-02   2.84127E-08
 1.49750E+01   3.24927E+17   1.55010E+10   2.38050E+02   3.10329E-02   2.83975E-08
 1.50250E+01   3.24662E+17   1.52352E+10   2.37648E+02   3.09797E-02   2.83890E-08
 1.50750E+01   3.24137E+17   1.48868E+10   2.37126E+02   3.09238E-02   2.83872E-08
 1.51250E+01   3.23360E+17   1.44775E+10   2.36490E+02   3.08655E-02   2.83921E-08
 1.51750E+01   3.22339E+17   1.40223E+10   2.35744E+02   3.08051E-02   2.84035E-08
 1.52250E+01   3.21082E+17   1.35316E+10   2.34894E+02   3.07430E-02   2.84214E-08
 1.52750E+01   3.19601E+17   1.30120E+10   2.33946E+02   3.06796E-02   2.84456E-08
 1.53250E+01   3.17907E+17   1.24681E+10   2.32907E+02   3.06153E-02   2.84761E-08
 1.53750E+01   3.16013E+17   1.19038E+10   2.31785E+02   3.05504E-02   2.85127E-08
 1.54250E+01   3.13932E+17   1.13225E+10   2.30587E+02   3.04854E-02   2.85553E-08
 1.54750E+01   3.11679E+17   1.07279E+10   2.29320E+02   3.04205E-02   2.86036E-08
 1.55250E+01   3.09269E+17   1.01239E+10   2.27994E+02   3.03561E-02   2.86575E-08
 1.55750E+01   3.06719E+17   9.51455E+09   2.26616E+02   3.02927E-02   2.87167E-08
 1.56250E+01   3.04045E+17   8.90423E+09   2.25196E+02   3.02306E-02   2.87809E-08
 1.56750E+01   3.01265E+17   8.29743E+09   2.23742E+02   3.01700E-02   2.88499E-08
 1.57250E+01   2.98397E+17   7.69872E+09   2.22262E+02   3.01113E-02   2.89232E-08
 1.57750E+01   2.95458E+17   7.11259E+09   2.20767E+02   3.00549E-02   2.90007E-08
 1.58250E+01   2.92466E+17   6.54335E+09   2.19264E+02   3.00011E-02   2.90818E-08
 1.58750E+01   2.89440E+17   5.99506E+09   2.17763E+02   2.99500E-02   2.91663E-08
 1.59250E+01   2.86399E+17   5.47148E+09   2.16272E+02   2.99020E-02   2.92535E-08
 1.59750E+01   2.83360E+17   4.97599E+09   2.14800E+02   2.98573E-02   2.93431E-08
 1.60250E+01   2.80341E+17   4.51161E+09   2.13355E+02   2.98161E-02   2.94345E-08
 1.60750E+01   2.77359E+17   4.08097E+09   2.11945E+02   2.97786E-02   2.95272E-08
 1.61250E+01   2.74432E+17   3.68631E+09   2.10578E+02   2.97451E-02   2.96207E-08
 1.61750E+01   2.71577E+17   3.32943E+09   2.09262E+02   2.97155E-02   2.97143E-08
 1.62250E+01   2.68808E+17   3.01166E+09   2.08003E+02   2.96901E-02   2.98075E-08
 1.62750E+01   2.66141E+17   2.73382E+09   2.06807E+02   2.96690E-02   2.98996E-08
 1.63250E+01   2.63592E+17   2.49606E+09   2.05682E+02   2.96522E-02   2.99900E-08
 1.63750E+01   2.61172E+17   2.29789E+09   2.04633E+02   2.96398E-02   3.00782E-08
 1.64250E+01   2.58894E+17   2.13809E+09   2.03665E+02   2.96318E-02   3.01634E-08
 1.64750E+01   2.56771E+17   2.01475E+09   2.02782E+02   2.96281E-02   3.02450E-08
 1.65250E+01   2.54812E+17   1.92546E+09   2.01989E+02   2.96288E-02   3.03226E-08
 1.65750E+01   2.53027E+17   1.86739E+09   2.01289E+02   2.96338E-02   3.03954E-08
 1.66250E+01   2.51424E+17   1.83675E+09   2.00685E+02   2.96430E-02   3.04630E-08
 1.66750E+01   2.50010E+17   1.83132E+09   2.00179E+02   2.96563E-02   3.05249E-08
 1.67250E+01   2.48791E+17   1.83114E+09   1.99772E+02   2.96736E-02   3.05806E-08
 1.67750E+01   2.47771E+17   1.83098E+09   1.99467E+02   2.96947E-02   3.06298E-08
 1.68250E+01   2.46953E+17   1.84677E+09   1.99263E+02   2.97194E-02   3.06721E-08
 1.68750E+01   2.46340E+17   1.91158E+09   1.99159E+02   2.97475E-02   3.07072E-08
 1.69250E+01   2.45932E+17   2.01300E+09   1.99156E+02   2.97789E-02   3.07350E-08
 1.69750E+01   2.45730E+17   2.14227E+09   1.99252E+02   2.98133E-02   3.07552E-08
 1.70250E+01   2.45730E+17   2.29297E+09   1.99445E+02   2.98505E-02   3.07680E-08
 1.70750E+01   2.45931E+17   2.46056E+09   1.99733E+02   2.98902E-02   3.07733E-08
 1.71250E+01   2.46328E+17   2.64238E+09   2.00111E+02   2.99321E-02   3.07711E-08
 1.71750E+01   2.46917E+17   2.83734E+09   2.00578E+02   2.99760E-02   3.07616E-08
 1.72250E+01   2.47690E+17   3.04551E+09   2.01129E+02   3.00215E-02   3.07451E-08
 1.72750E+01   2.48642E+17   3.26785E+09   2.01759E+02   3.00684E-02   3.07218E-08
 1.73250E+01   2.49763E+17   3.50587E+09   2.02465E+02   3.01164E-02   3.06921E-08
 1.73750E+01   2.51046E+17   3.76137E+09   2.03239E+02   3.01652E-02   3.06563E-08
 1.74250E+01   2.52479E+17   4.03626E+09   2.04078E+02   3.02144E-02   3.06148E-08
 1.74750E+01   2.54053E+17   4.33244E+09   2.04974E+02   3.02639E-02   3.05681E-08
 1.75250E+01   2.55757E+17   4.65160E+09   2.05923E+02   3.03132E-02   3.05166E-08
 1.75750E+01   2.57578E+17   4.99524E+09   2.06918E+02   3.03622E-02   3.04609E-08
 1.76250E+01   2.59504E+17   5.36458E+09   2.07951E+02   3.04104E-02   3.04015E-08
 1.76750E+01   2.61522E+17   5.76054E+09   2.09017E+02   3.04578E-02   3.03388E-08
 1.77250E+01   2.63620E+17   6.18374E+09   2.10109E+02   3.05039E-02   3.02734E-08
 1.77750E+01   2.65783E+17   6.63445E+09   2.11220E+02   3.05485E-02   3.02057E-08
 1.78250E+01   2.67999E+17   7.11257E+09   2.12343E+02   3.05914E-02   3.01363E-08
 1.78750E+01   2.70253E+17   7.61751E+09   2.13471E+02   3.06323E-02   3.00657E-08
 1.79250E+01   2.72532E+17   8.14802E+09   2.14598E+02   3.06712E-02   2.99943E-08
 1.79750E+01   2.74823E+17   8.70209E+09   2.15718E+02   3.07077E-02   2.99226E-08
 1.80250E+01   2.77112E+17   9.27669E+09   2.16823E+02   3.07417E-02   2.98510E-08
 1.80750E+01   2.79385E+17   9.86766E+09   2.17908E+02   3.07730E-02   2.97799E-08
 1.81250E+01   2.81630E+17   1.04695E+10   2.18967E+02   3.08015E-02   2.97097E-08
 1.81750E+01   2.83834E+17   1.10755E+10   2.19993E+02   3.08270E-02   2.96408E-08
 1.82250E+01   2.85986E+17   1.16776E+10   2.20981E+02   3.08496E-02   2.95735E-08
 1.82750E+01   2.88072E+17   1.22667E+10   2.21927E+02   3.08690E-02   2.95081E-08
 1.83250E+01   2.90083E+17   1.28333E+10   2.22825E+02   3.08852E-02   2.94449E-08
 1.83750E+01   2.92009E+17   1.33676E+10   2.23672E+02   3.08982E-02   2.93842E-08
 1.84250E+01   2.93838E+17   1.38603E+10   2.24462E+02   3.09081E-02   2.93262E-08
 1.84750E+01   2.95563E+17   1.43030E+10   2.25192E+02   3.09146E-02   2.92711E-08
 1.85250E+01   2.97174E+17   1.46891E+10   2.25860E+02   3.09180E-02   2.92192E-08
 1.85750E+01   2.98665E+17   1.50140E+10   2.26461E+02   3.09181E-02   2.91705E-08
 1.86250E+01   3.00029E+17   1.52750E+10   2.26994E+02   3.09152E-02   2.91253E-08
 1.86750E+01   3.01260E+17   1.54720E+10   2.27457E+02   3.09092E-02   2.90837E-08
 1.87250E+01   3.02353E+17   1.56066E+10   2.27848E+02   3.09002E-02   2.90458E-08
 1.87750E+01   3.03304E+17   1.56841E+10   2.28167E+02   3.08884E-02   2.90118E-08
 1.88250E+01   3.04109E+17   1.57068E+10   2.28411E+02   3.08738E-02   2.89816E-08
 1.88750E+01   3.04767E+17   1.57130E+10   2.28582E+02   3.08566E-02   2.89553E-08
 1.89250E+01   3.05275E+17   1.57193E+10   2.28679E+02   3.08369E-02   2.89331E-08
 1.89750E+01   3.05634E+17   1.56973E+10   2.28704E+02   3.08149E-02   2.89149E-08
 1.90250E+01   3.05844E+17   1.55448E+10   2.28656E+02   3.07907E-02   2.89007E-08
 1.90750E+01   3.05905E+17   1.52843E+10   2.28538E+02   3.07646E-02   2.88906E-08
 1.91250E+01   3.05821E+17   1.49406E+10   2.28351E+02   3.07367E-02   2.88845E-08
 1.91750E+01   3.05593E+17   1.45322E+10   2.28098E+02   3.07071E-02   2.88824E-08
 1.92250E+01   3.05225E+17   1.40739E+10   2.27781E+02   3.06762E-02   2.88843E-08
 1.92750E+01   3.04723E+17   1.35773E+10   2.27403E+02   3.06441E-02   2.88901E-08
 1.93250E+01   3.04089E+17   1.30510E+10   2.26967E+02   3.06110E-02   2.88997E-08
 1.93750E+01   3.03332E+17   1.25012E+10   2.26476E+02   3.05771E-02   2.89131E-08
 1.94250E+01   3.02455E+17   1.19328E+10   2.25934E+02   3.05427E-02   2.89301E-08
 1.94750E+01   3.01467E+17   1.13496E+10   2.25346E+02   3.05078E-02   2.89507E-08
 1.95250E+01   3.00376E+17   1.07554E+10   2.24714E+02   3.04728E-02   2.89746E-08
 1.95750E+01   2.99188E+17   1.01536E+10   2.24044E+02   3.04379E-02   2.90018E-08
 1.96250E+01   2.97912E+17   9.54796E+09   2.23341E+02   3.04032E-02   2.90321E-08
 1.96750E+01   2.96557E+17   8.94242E+09   2.22607E+02   3.03689E-02   2.90653E-08
 1.97250E+01   2.95132E+17   8.34104E+09   2.21849E+02   3.03353E-02   2.91013E-08
 1.97750E+01   2.93646E+17   7.74798E+09   2.21070E+02   3.03025E-02   2.91398E-08
 1.98250E+01   2.92109E+17   7.16741E+09   2.20276E+02   3.02706E-02   2.91806E-08
 1.98750E+01   2.90530E+17   6.60339E+09   2.19472E+02   3.02399E-02   2.92235E-08
 1.99250E+01   2.88918E+17   6.05977E+09   2.18661E+02   3.02106E-02   2.92682E-08
 1.99750E+01   2.87284E+17   5.54020E+09   2.17850E+02   3.01827E-02   2.93146E-08
 2.00250E+01   2.85637E+17   5.04800E+09   2.17042E+02   3.01564E-02   2.93623E-08
 2.00750E+01   2.83987E+17   4.58615E+09   2.16241E+02   3.01319E-02   2.94111E-08
 2.01250E+01   2.82343E+17   4.15727E+09   2.15454E+02   3.01092E-02   2.94606E-08
 2.01750E+01   2.80714E+17   3.76353E+09   2.14683E+02   3.00884E-02   2.95107E-08
 2.02250E+01   2.79110E+17   3.40669E+09   2.13933E+02   3.00697E-02   2.95610E-08
 2.02750E+01   2.77540E+17   3.08798E+09   2.13208E+02   3.00531E-02   2.96112E-08
 2.03250E+01   2.76011E+17   2.80809E+09   2.12511E+02   3.00387E-02   2.96610E-08
 2.03750E+01   2.74533E+17   2.56714E+09   2.11847E+02   3.00265E-02   2.97102E-08
 2.04250E+01   2.73111E+17   2.36458E+09   2.11218E+02   3.00166E-02   2.97583E-08
 2.04750E+01   2.71755E+17   2.19926E+09   2.10628E+02   3.00090E-02   2.98052E-08
 2.05250E+01   2.70470E+17   2.06935E+09   2.10078E+02   3.00036E-02   2.98506E-08
 2.05750E+01   2.69264E+17   1.97245E+09   2.09573E+02   3.00006E-02   2.98941E-08
 2.06250E+01   2.68140E+17   1.90558E+09   2.09114E+02   2.99999E-02   2.99356E-08
 2.06750E+01   2.67106E+17   1.86549E+09   2.08702E+02   3.00014E-02   2.99747E-08
 2.07250E+01   2.66165E+17   1.84879E+09   2.08341E+02   3.00052E-02   3.00112E-08
 2.07750E+01   2.65321E+17   1.84831E+09   2.08030E+02   3.00111E-02   3.00450E-08
 2.08250E+01   2.64579E+17   1.84846E+09   2.07771E+02   3.00192E-02   3.00757E-08
 2.08750E+01   2.63939E+17   1.84901E+09   2.07565E+02   3.00293E-02   3.01034E-08
 2.09250E+01   2.63406E+17   1.88690E+09   2.07412E+02   3.00413E-02   3.01277E-08
 2.09750E+01   2.62980E+17   1.96598E+09   2.07312E+02   3.00552E-02   3.01486E-08
 2.10250E+01   2.62662E+17   2.07792E+09   2.07266E+02   3.00709E-02   3.01660E-08
 2.10750E+01   2.62452E+17   2.21455E+09   2.07272E+02   3.00882E-02   3.01798E-08
 2.11250E+01   2.62351E+17   2.37047E+09   2.07330E+02   3.01070E-02   3.01900E-08
 2.11750E+01   2.62357E+17   2.54222E+09   2.07438E+02   3.01272E-02   3.01965E-08
 2.12250E+01   2.62468E+17   2.72789E+09   2.07596E+02   3.01487E-02   3.01994E-08
 2.12750E+01   2.62683E+17   2.92681E+09   2.07802E+02   3.01714E-02   3.01988E-08
 2.13250E+01   2.62999E+17   3.13925E+09   2.08054E+02   3.01950E-02   3.01945E-08
 2.13750E+01   2.63413E+17   3.36616E+09   2.08350E+02   3.02194E-02   3.01869E-08
 2.14250E+01   2.63920E+17   3.60894E+09   2.08687E+02   3.02446E-02   3.01759E-08
 2.14750E+01   2.64518E+17   3.86923E+09   2.09064E+02   3.02703E-02   3.01617E-08
 2.15250E+01   2.65201E+17   4.14878E+09   2.09478E+02   3.02964E-02   3.01444E-08
 2.15750E+01   2.65964E+17   4.44935E+09   2.09925E+02   3.03228E-02   3.01243E-08
 2.16250E+01   2.66802E+17   4.77256E+09   2.10403E+02   3.03492E-02   3.01015E-08
 2.16750E+01   2.67709E+17   5.11993E+09   2.10908E+02   3.03756E-02   3.00762E-08
 2.17250E+01   2.68679E+17   5.49274E+09   2.11438E+02   3.04018E-02   3.00486E-08
 2.17750E+01   2.69705E+17   5.89207E+09   2.11989E+02   3.04277E-02   3.00189E-08
 2.18250E+01   2.70782E+17   6.31868E+09   2.12557E+02   3.04530E-02   2.99874E-08
 2.18750E+01   2.71903E+17   6.77293E+09   2.13140E+02   3.04778E-02   2.99542E-08
 2.19250E+01   2.73060E+17   7.25468E+09   2.13734E+02   3.05018E-02   2.99197E-08
 2.19750E+01   2.74247E+17   7.76317E+09   2.14335E+02   3.05250E-02   2.98841E-08
 2.20250E+01   2.75456E+17   8.29682E+09   2.14940E+02   3.05472E-02   2.98475E-08
 2.20750E+01   2.76681E+17   8.85311E+09   2.15545E+02   3.05683E-02   2.98102E-08
 2.21250E+01   2.77914E+17   9.42841E+09   2.16148E+02   3.05881E-02   2.97725E-08
 2.21750E+01   2.79148E+17   1.00179E+10   2.16744E+02   3.06067E-02   2.97346E-08
 2.22250E+01   2.80377E+17   1.06156E+10   2.17330E+02   3.06240E-02   2.96967E-08
 2.22750E+01   2.81594E+17   1.12144E+10   2.17903E+02   3.06397E-02   2.96589E-08
 2.23250E+01   2.82791E+17   1.18059E+10   2.18461E+02   3.06540E-02   2.96216E-08
 2.23750E+01   2.83964E+17   1.23816E+10   2.19000E+02   3.06667E-02   2.95849E-08
 2.24250E+01   2.85105E+17   1.29322E+10   2.19518E+02   3.06778E-02   2.95489E-08
 2.24750E+01   2.86208E+17   1.34490E+10   2.20012E+02   3.06872E-02   2.95139E-08
 2.25250E+01   2.87269E+17   1.39236E+10   2.20480E+02   3.06950E-02   2.94800E-08
 2.25750E+01   2.88281E+17   1.43490E+10   2.20919E+02   3.07010E-02   2.94474E-08
 2.26250E+01   2.89240E+17   1.47197E+10   2.21327E+02   3.07054E-02   2.94162E-08
 2.26750E+01   2.90141E+17   1.50320E+10   2.21703E+02   3.07081E-02   2.93866E-08
 2.27250E+01   2.90980E+17   1.52842E+10   2.22045E+02   3.07091E-02   2.93587E-08
 2.27750E+01   2.91753E+17   1.54765E+10   2.22351E+02   3.07084E-02   2.93325E-08
 2.28250E+01   2.92457E+17   1.56113E+10   2.22621E+02   3.07061E-02   2.93082E-08
 2.28750E+01   2.93089E+17   1.56927E+10   2.22853E+02   3.07022E-02   2.92859E-08
 2.29250E+01   2.93647E+17   1.57253E+10   2.23046E+02   3.06968E-02   2.92656E-08
 2.29750E+01   2.94128E+17   1.57256E+10   2.23201E+02   3.06899E-02   2.92474E-08
 2.30250E+01   2.94531E+17   1.57248E+10   2.23316E+02   3.06815E-02   2.92314E-08
 2.30750E+01   2.94854E+17   1.57201E+10   2.23393E+02   3.06718E-02   2.92177E-08
 2.31250E+01   2.95098E+17   1.56029E+10   2.23430E+02   3.06608E-02   2.92061E-08
 2.31750E+01   2.95262E+17   1.53653E+10   2.23428E+02   3.06486E-02   2.91968E-08
 2.32250E+01   2.95346E+17   1.50327E+10   2.23388E+02   3.06353E-02   2.91899E-08
 2.32750E+01   2.95351E+17   1.46293E+10   2.23311E+02   3.06210E-02   2.91851E-08
 2.33250E+01   2.95279E+17   1.41724E+10   2.23198E+02   3.06058E-02   2.91827E-08
 2.33750E+01   2.95130E+17   1.36749E+10   2.23049E+02   3.05898E-02   2.91825E-08
 2.34250E+01   2.94907E+17   1.31465E+10   2.22867E+02   3.05731E-02   2.91846E-08
 2.34750E+01   2.94612E+17   1.25942E+10   2.22653E+02   3.05557E-02   2.91888E-08
 2.35250E+01   2.94248E+17   1.20233E+10   2.22408E+02   3.05379E-02   2.91951E-08
 2.35750E+01   2.93817E+17   1.14381E+10   2.22134E+02   3.05197E-02   2.92036E-08
 2.36250E+01   2.93325E+17   1.08423E+10   2.21834E+02   3.05012E-02   2.92140E-08
 2.36750E+01   2.92773E+17   1.02395E+10   2.21509E+02   3.04826E-02   2.92264E-08
 2.37250E+01   2.92167E+17   9.63314E+09   2.21162E+02   3.04639E-02   2.92406E-08
 2.37750E+01   2.91510E+17   9.02705E+09   2.20794E+02   3.04453E-02   2.92566E-08
 2.38250E+01   2.90808E+17   8.42505E+09   2.20410E+02   3.04268E-02   2.92742E-08
 2.38750E+01   2.90064E+17   7.83110E+09   2.20010E+02   3.04087E-02   2.92934E-08
 2.39250E+01   2.89284E+17   7.24922E+09   2.19598E+02   3.03909E-02   2.93140E-08
 2.39750E+01   2.88473E+17   6.68336E+09   2.19175E+02   3.03736E-02   2.93359E-08
 2.40250E+01   2.87635E+17   6.13741E+09   2.18745E+02   3.03569E-02   2.93589E-08
 2.40750E+01   2.86777E+17   5.61503E+09   2.18310E+02   3.03408E-02   2.93830E-08
 2.41250E+01   2.85902E+17   5.11966E+09   2.17873E+02   3.03255E-02   2.94080E-08
 2.41750E+01   2.85017E+17   4.65440E+09   2.17436E+02   3.03110E-02   2.94337E-08
 2.42250E+01   2.84127E+17   4.22199E+09   2.17002E+02   3.02974E-02   2.94600E-08
 2.42750E+01   2.83237E+17   3.82473E+09   2.16573E+02   3.02848E-02   2.94867E-08
 2.43250E+01   2.82352E+17   3.46439E+09   2.16151E+02   3.02732E-02   2.95138E-08
 2.43750E+01   2.81476E+17   3.14223E+09   2.15740E+02   3.02627E-02   2.95409E-08
 2.44250E+01   2.80616E+17   2.85890E+09   2.15340E+02   3.02534E-02   2.95680E-08
 2.44750E+01   2.79776E+17   2.61444E+09   2.14955E+02   3.02452E-02   2.95949E-08
 2.45250E+01   2.78959E+17   2.40826E+09   2.14586E+02   3.02381E-02   2.96214E-08
 2.45750E+01   2.78172E+17   2.23917E+09   2.14236E+02   3.02324E-02   2.96475E-08
 2.46250E+01   2.77417E+17   2.10532E+09   2.13905E+02   3.02278E-02   2.96729E-08
 2.46750E+01   2.76699E+17   2.00432E+09   2.13595E+02   3.02245E-02   2.96974E-08
 2.47250E+01   2.76021E+17   1.93325E+09   2.13309E+02   3.02225E-02   2.97211E-08
 2.47750E+01   2.75386E+17   1.88891E+09   2.13047E+02   3.02218E-02   2.97436E-08
 2.48250E+01   2.74799E+17   1.86751E+09   2.12811E+02   3.02222E-02   2.97650E-08
 2.48750E+01   2.74261E+17   1.86521E+09   2.12601E+02   3.02239E-02   2.97850E-08
 2.49250E+01   2.73774E+17   1.86506E+09   2.12419E+02   3.02268E-02   2.98036E-08
 2.49750E+01   2.73342E+17   1.86490E+09   2.12264E+02   3.02309E-02   2.98206E-08
 2.50250E+01   2.72966E+17   1.88874E+09   2.12139E+02   3.02361E-02   2.98360E-08
 2.50750E+01   2.72647E+17   1.96055E+09   2.12042E+02   3.02424E-02   2.98497E-08
 2.51250E+01   2.72386E+17   2.06680E+09   2.11975E+02   3.02498E-02   2.98617E-08
 2.51750E+01   2.72184E+17   2.20007E+09   2.11936E+02   3.02581E-02   2.98718E-08
 2.52250E+01   2.72042E+17   2.35451E+09   2.11927E+02   3.02674E-02   2.98800E-08
 2.52750E+01   2.71959E+17   2.52620E+09   2.11946E+02   3.02776E-02   2.98864E-08
 2.53250E+01   2.71936E+17   2.71288E+09   2.11994E+02   3.02885E-02   2.98909E-08
 2.53750E+01   2.71971E+17   2.91357E+09   2.12069E+02   3.03002E-02   2.98934E-08
 2.54250E+01   2.72064E+17   3.12827E+09   2.12171E+02   3.03125E-02   2.98941E-08
 2.54750E+01   2.72213E+17   3.35775E+09   2.12299E+02   3.03255E-02   2.98929E-08
 2.55250E+01   2.72417E+17   3.60326E+09   2.12451E+02   3.03389E-02   2.98898E-08
 2.55750E+01   2.72674E+17   3.86640E+09   2.12627E+02   3.03527E-02   2.98850E-08
 2.56250E+01   2.72982E+17   4.14897E+09   2.12826E+02   3.03669E-02   2.98784E-08
 2.56750E+01   2.73338E+17   4.45281E+09   2.13045E+02   3.03814E-02   2.98701E-08
 2.57250E+01   2.73740E+17   4.77975E+09   2.13284E+02   3.03960E-02   2.98603E-08
 2.57750E+01   2.74186E+17   5.13152E+09   2.13541E+02   3.04107E-02   2.98489E-08
 2.58250E+01   2.74671E+17   5.50967E+09   2.13814E+02   3.04254E-02   2.98361E-08
 2.58750E+01   2.75192E+17   5.91547E+09   2.14101E+02   3.04400E-02   2.98221E-08
 2.59250E+01   2.75748E+17   6.34984E+09   2.14400E+02   3.04545E-02   2.98067E-08
 2.59750E+01   2.76333E+17   6.81320E+09   2.14711E+02   3.04687E-02   2.97903E-08
 2.60250E+01   2.76944E+17   7.30530E+09   2.15030E+02   3.04826E-02   2.97729E-08
 2.60750E+01   2.77577E+17   7.82510E+09   2.15356E+02   3.04962E-02   2.97547E-08
 2.61250E+01   2.78229E+17   8.37058E+09   2.15688E+02   3.05093E-02   2.97357E-08
 2.61750E+01   2.78896E+17   8.93862E+09   2.16022E+02   3.05219E-02   2.97161E-08
 2.62250E+01   2.79573E+17   9.52489E+09   2.16357E+02   3.05339E-02   2.96959E-08
 2.62750E+01   2.80257E+17   1.01238E+10   2.16692E+02   3.05452E-02   2.96754E-08
 2.63250E+01   2.80943E+17   1.07288E+10   2.17024E+02   3.05559E-02   2.96547E-08
 2.63750E+01   2.81629E+17   1.13320E+10   2.17352E+02   3.05658E-02   2.96338E-08
 2.64250E+01   2.82309E+17   1.19252E+10   2.17673E+02   3.05749E-02   2.96129E-08
 2.64750E+01   2.82982E+17   1.24994E+10   2.17986E+02   3.05832E-02   2.95921E-08
 2.65250E+01   2.83641E+17   1.30456E+10   2.18290E+02   3.05906E-02   2.95716E-08
 2.65750E+01   2.84286E+17   1.35554E+10   2.18583E+02   3.05971E-02   2.95513E-08
 2.66250E+01   2.84911E+17   1.40209E+10   2.18863E+02   3.06028E-02   2.95315E-08
 2.66750E+01   2.85514E+17   1.44355E+10   2.19129E+02   3.06075E-02   2.95122E-08
 2.67250E+01   2.86091E+17   1.47946E+10   2.19380E+02   3.06112E-02   2.94936E-08
 2.67750E+01   2.86640E+17   1.50952E+10   2.19614E+02   3.06141E-02   2.94756E-08
 2.68250E+01   2.87159E+17   1.53366E+10   2.19831E+02   3.06160E-02   2.94585E-08
 2.68750E+01   2.87644E+17   1.55200E+10   2.20029E+02   3.06169E-02   2.94422E-08
 2.69250E+01   2.88094E+17   1.56481E+10   2.20208E+02   3.06169E-02   2.94269E-08
 2.69750E+01   2.88506E+17   1.57249E+10   2.20367E+02   3.06160E-02   2.94125E-08
 2.70250E+01   2.88880E+17   1.57542E+10   2.20505E+02   3.06142E-02   2.93993E-08
 2.70750E+01   2.89212E+17   1.57525E+10   2.20622E+02   3.06115E-02   2.93872E-08
 2.71250E+01   2.89503E+17   1.57496E+10   2.20717E+02   3.06080E-02   2.93762E-08
 2.71750E+01   2.89750E+17   1.57417E+10   2.20791E+02   3.06037E-02   2.93665E-08
 2.72250E+01   2.89954E+17   1.56133E+10   2.20844E+02   3.05987E-02   2.93580E-08
 2.72750E+01   2.90114E+17   1.53586E+10   2.20874E+02   3.05929E-02   2.93507E-08
 2.73250E+01   2.90230E+17   1.50057E+10   2.20883E+02   3.05864E-02   2.93447E-08
 2.73750E+01   2.90301E+17   1.45809E+10   2.20871E+02   3.05793E-02   2.93400E-08
 2.74250E+01   2.90329E+17   1.41028E+10   2.20837E+02   3.05716E-02   2.93367E-08
 2.74750E+01   2.90313E+17   1.35849E+10   2.20784E+02   3.05633E-02   2.93346E-08
 2.75250E+01   2.90255E+17   1.30369E+10   2.20711E+02   3.05546E-02   2.93337E-08
 2.75750E+01   2.90155E+17   1.24660E+10   2.20618E+02   3.05455E-02   2.93342E-08
 2.76250E+01   2.90014E+17   1.18776E+10   2.20508E+02   3.05361E-02   2.93359E-08
 2.76750E+01   2.89835E+17   1.12762E+10   2.20380E+02   3.05263E-02   2.93388E-08
 2.77250E+01   2.89619E+17   1.06658E+10   2.20236E+02   3.05163E-02   2.93429E-08
 2.77750E+01   2.89367E+17   1.00502E+10   2.20077E+02   3.05061E-02   2.93482E-08
 2.78250E+01   2.89082E+17   9.43329E+09   2.19904E+02   3.04959E-02   2.93545E-08
 2.78750E+01   2.88767E+17   8.81879E+09   2.19718E+02   3.04856E-02   2.93619E-08
 2.79250E+01   2.88422E+17   8.21062E+09   2.19521E+02   3.04753E-02   2.93703E-08
 2.79750E+01   2.88052E+17   7.61278E+09   2.19314E+02   3.04652E-02   2.93796E-08
 2.80250E+01   2.87659E+17   7.02928E+09   2.19099E+02   3.04552E-02   2.93898E-08
 2.80750E+01   2.87244E+17   6.46413E+09   2.18876E+02   3.04453E-02   2.94007E-08
 2.81250E+01   2.86812E+17   5.92123E+09   2.18647E+02   3.04358E-02   2.94124E-08
 2.81750E+01   2.86365E+17   5.40427E+09   2.18414E+02   3.04266E-02   2.94248E-08
 2.82250E+01   2.85905E+17   4.91668E+09   2.18178E+02   3.04177E-02   2.94376E-08
 2.82750E+01   2.85436E+17   4.46151E+09   2.17940E+02   3.04092E-02   2.94510E-08
 2.83250E+01   2.84962E+17   4.04140E+09   2.17703E+02   3.04013E-02   2.94648E-08
 2.83750E+01   2.84483E+17   3.65845E+09   2.17467E+02   3.03938E-02   2.94789E-08
 2.84250E+01   2.84005E+17   3.31420E+09   2.17234E+02   3.03869E-02   2.94932E-08
 2.84750E+01   2.83529E+17   3.00957E+09   2.17004E+02   3.03805E-02   2.95076E-08
 2.85250E+01   2.83058E+17   2.74481E+09   2.16781E+02   3.03747E-02   2.95221E-08
 2.85750E+01   2.82596E+17   2.51946E+09   2.16564E+02   3.03696E-02   2.95365E-08
 2.86250E+01   2.82145E+17   2.33236E+09   2.16355E+02   3.03652E-02   2.95508E-08
 2.86750E+01   2.81707E+17   2.18174E+09   2.16155E+02   3.03614E-02   2.95649E-08
 2.87250E+01   2.81285E+17   2.06525E+09   2.15965E+02   3.03583E-02   2.95787E-08
 2.87750E+01   2.80881E+17   1.98017E+09   2.15787E+02   3.03560E-02   2.95921E-08
 2.88250E+01   2.80498E+17   1.92343E+09   2.15621E+02   3.03543E-02   2.96050E-08
 2.88750E+01   2.80138E+17   1.89146E+09   2.15468E+02   3.03534E-02   2.96174E-08
 2.89250E+01   2.79802E+17   1.88216E+09   2.15328E+02   3.03532E-02   2.96292E-08
 2.89750E+01   2.79492E+17   1.88188E+09   2.15203E+02   3.03536E-02   2.96402E-08
 2.90250E+01   2.79211E+17   1.88162E+09   2.15093E+02   3.03548E-02   2.96506E-08
 2.90750E+01   2.78958E+17   1.88798E+09   2.14998E+02   3.03567E-02   2.96601E-08
 2.91250E+01   2.78736E+17   1.94041E+09   2.14919E+02   3.03592E-02   2.96688E-08
 2.91750E+01   2.78545E+17   2.03420E+09   2.14857E+02   3.03624E-02   2.96767E-08
 2.92250E+01   2.78387E+17   2.15965E+09   2.14810E+02   3.03662E-02   2.96835E-08
 2.92750E+01   2.78261E+17   2.30978E+09   2.14780E+02   3.03705E-02   2.96894E-08
 2.93250E+01   2.78168E+17   2.47974E+09   2.14766E+02   3.03755E-02   2.96943E-08
 2.93750E+01   2.78108E+17   2.66640E+09   2.14769E+02   3.03809E-02   2.96982E-08
 2.94250E+01   2.78082E+17   2.86816E+09   2.14788E+02   3.03869E-02   2.97011E-08
 2.94750E+01   2.78089E+17   3.08457E+09   2.14822E+02   3.03932E-02   2.97029E-08
 2.95250E+01   2.78129E+17   3.31615E+09   2.14872E+02   3.04000E-02   2.97037E-08
 2.95750E+01   2.78201E+17   3.56402E+09   2.14936E+02   3.04072E-02   2.97035E-08
 2.96250E+01   2.78304E+17   3.82982E+09   2.15015E+02   3.04146E-02   2.97023E-08
 2.96750E+01   2.78437E+17   4.11541E+09   2.15108E+02   3.04224E-02   2.97000E-08
 2.97250E+01   2.78600E+17   4.42285E+09   2.15214E+02   3.04303E-02   2.96968E-08
 2.97750E+01   2.78791E+17   4.75418E+09   2.15332E+02   3.04384E-02   2.96927E-08
 2.98250E+01   2.79009E+17   5.11140E+09   2.15462E+02   3.04467E-02   2.96876E-08
 2.98750E+01   2.79252E+17   5.49629E+09   2.15602E+02   3.04551E-02   2.96817E-08
 2.99250E+01   2.79518E+17   5.91031E+09   2.15751E+02   3.04634E-02   2.96750E-08
 2.99750E+01   2.79806E+17   6.35444E+09   2.15910E+02   3.04718E-02   2.96676E-08
 3.00250E+01   2.80113E+17   6.82904E+09   2.16076E+02   3.04801E-02   2.96594E-08
 3.00750E+01   2.80439E+17   7.33367E+09   2.16248E+02   3.04883E-02   2.96506E-08
 3.01250E+01   2.80780E+17   7.86693E+09   2.16427E+02   3.04963E-02   2.96412E-08
 3.01750E+01   2.81135E+17   8.42630E+09   2.16609E+02   3.05042E-02   2.96313E-08
 3.02250E+01   2.81501E+17   9.00807E+09   2.16795E+02   3.05118E-02   2.96209E-08
 3.02750E+01   2.81876E+17   9.60725E+09   2.16984E+02   3.05192E-02   2.96101E-08
 3.03250E+01   2.82259E+17   1.02176E+10   2.17173E+02   3.05262E-02   2.95990E-08
 3.03750E+01   2.82646E+17   1.08319E+10   2.17362E+02   3.05329E-02   2.95876E-08
 3.04250E+01   2.83035E+17   1.14420E+10   2.17551E+02   3.05392E-02   2.95761E-08
 3.04750E+01   2.83425E+17   1.20389E+10   2.17737E+02   3.05451E-02   2.95644E-08
 3.05250E+01   2.83813E+17   1.26138E+10   2.17920E+02   3.05505E-02   2.95527E-08
 3.05750E+01   2.84197E+17   1.31578E+10   2.18099E+02   3.05555E-02   2.95410E-08
 3.06250E+01   2.84574E+17   1.36627E+10   2.18273E+02   3.05600E-02   2.95294E-08
 3.06750E+01   2.84944E+17   1.41216E+10   2.18441E+02   3.05640E-02   2.95179E-08
 3.07250E+01   2.85303E+17   1.45285E+10   2.18602E+02   3.05675E-02   2.95066E-08
 3.07750E+01   2.85651E+17   1.48793E+10   2.18755E+02   3.05705E-02   2.94956E-08
 3.08250E+01   2.85984E+17   1.51716E+10   2.18901E+02   3.05729E-02   2.94849E-08
 3.08750E+01   2.86303E+17   1.54047E+10   2.19037E+02   3.05748E-02   2.94746E-08
 3.09250E+01   2.86604E+17   1.55796E+10   2.19163E+02   3.05762E-02   2.94647E-08
 3.09750E+01   2.86888E+17   1.56994E+10   2.19279E+02   3.05770E-02   2.94552E-08
 3.10250E+01   2.87152E+17   1.57695E+10   2.19385E+02   3.05773E-02   2.94463E-08
 3.10750E+01   2.87395E+17   1.57945E+10   2.19479E+02   3.05771E-02   2.94379E-08
 3.11250E+01   2.87616E+17   1.57986E+10   2.19562E+02   3.05764E-02   2.94302E-08
 3.11750E+01   2.87815E+17   1.58027E+10   2.19633E+02   3.05752E-02   2.94230E-08
 3.12250E+01   2.87991E+17   1.57875E+10   2.19693E+02   3.05735E-02   2.94165E-08
 3.12750E+01   2.88142E+17   1.56353E+10   2.19740E+02   3.05713E-02   2.94106E-08
 3.13250E+01   2.88270E+17   1.53615E+10   2.19775E+02   3.05688E-02   2.94054E-08
 3.13750E+01   2.88373E+17   1.49956E+10   2.19798E+02   3.05658E-02   2.94010E-08
 3.14250E+01   2.88451E+17   1.45593E+10   2.19809E+02   3.05624E-02   2.93972E-08
 3.14750E+01   2.88505E+17   1.40692E+10   2.19808E+02   3.05586E-02   2.93942E-08
 3.15250E+01   2.88534E+17   1.35386E+10   2.19795E+02   3.05545E-02   2.93919E-08
 3.15750E+01   2.88539E+17   1.29778E+10   2.19771E+02   3.05501E-02   2.93903E-08
 3.16250E+01   2.88520E+17   1.23948E+10   2.19736E+02   3.05454E-02   2.93895E-08
 3.16750E+01   2.88478E+17   1.17957E+10   2.19690E+02   3.05405E-02   2.93893E-08
 3.17250E+01   2.88413E+17   1.11856E+10   2.19634E+02   3.05354E-02   2.93899E-08
 3.17750E+01   2.88327E+17   1.05685E+10   2.19569E+02   3.05301E-02   2.93911E-08
 3.18250E+01   2.88219E+17   9.94831E+09   2.19494E+02   3.05246E-02   2.93930E-08
 3.18750E+01   2.88092E+17   9.32868E+09   2.19411E+02   3.05190E-02   2.93955E-08
 3.19250E+01   2.87947E+17   8.71335E+09   2.19319E+02   3.05134E-02   2.93987E-08
 3.19750E+01   2.87784E+17   8.10611E+09   2.19221E+02   3.05077E-02   2.94024E-08
 3.20250E+01   2.87604E+17   7.51082E+09   2.19117E+02   3.05021E-02   2.94067E-08
 3.20750E+01   2.87411E+17   6.93142E+09   2.19006E+02   3.04965E-02   2.94115E-08
 3.21250E+01   2.87204E+17   6.37175E+09   2.18891E+02   3.04909E-02   2.94168E-08
 3.21750E+01   2.86985E+17   5.83558E+09   2.18771E+02   3.04855E-02   2.94225E-08
 3.22250E+01   2.86756E+17   5.32643E+09   2.18649E+02   3.04802E-02   2.94286E-08
 3.22750E+01   2.86518E+17   4.84753E+09   2.18523E+02   3.04751E-02   2.94351E-08
 3.23250E+01   2.86273E+17   4.40171E+09   2.18396E+02   3.04701E-02   2.94419E-08
 3.23750E+01   2.86023E+17   3.99136E+09   2.18268E+02   3.04654E-02   2.94490E-08
 3.24250E+01   2.85769E+17   3.61832E+09   2.18140E+02   3.04609E-02   2.94563E-08
 3.24750E+01   2.85512E+17   3.28384E+09   2.18012E+02   3.04567E-02   2.94637E-08
 3.25250E+01   2.85255E+17   2.98856E+09   2.17885E+02   3.04528E-02   2.94713E-08
 3.25750E+01   2.84998E+17   2.73245E+09   2.17760E+02   3.04492E-02   2.94790E-08
 3.26250E+01   2.84744E+17   2.51486E+09   2.17639E+02   3.04459E-02   2.94867E-08
 3.26750E+01   2.84494E+17   2.33447E+09   2.17520E+02   3.04430E-02   2.94944E-08
 3.27250E+01   2.84249E+17   2.18940E+09   2.17406E+02   3.04404E-02   2.95020E-08
 3.27750E+01   2.84010E+17   2.07721E+09   2.17296E+02   3.04382E-02   2.95096E-08
 3.28250E+01   2.83780E+17   1.99505E+09   2.17192E+02   3.04363E-02   2.95170E-08
 3.28750E+01   2.83559E+17   1.93969E+09   2.17093E+02   3.04348E-02   2.95242E-08
 3.29250E+01   2.83348E+17   1.90771E+09   2.17001E+02   3.04337E-02   2.95311E-08
 3.29750E+01   2.83149E+17   1.89638E+09   2.16915E+02   3.04330E-02   2.95378E-08
 3.30250E+01   2.82963E+17   1.89656E+09   2.16837E+02   3.04327E-02   2.95442E-08
 3.30750E+01   2.82790E+17   1.89693E+09   2.16766E+02   3.04328E-02   2.95502E-08
 3.31250E+01   2.82632E+17   1.90032E+09   2.16703E+02   3.04332E-02   2.95559E-08
 3.31750E+01   2.82489E+17   1.94616E+09   2.16648E+02   3.04340E-02   2.95611E-08
 3.32250E+01   2.82361E+17   2.03443E+09   2.16602E+02   3.04352E-02   2.95659E-08
 3.32750E+01   2.82250E+17   2.15566E+09   2.16564E+02   3.04367E-02   2.95703E-08
 3.33250E+01   2.82156E+17   2.30217E+09   2.16534E+02   3.04385E-02   2.95742E-08
 3.33750E+01   2.82079E+17   2.46893E+09   2.16514E+02   3.04407E-02   2.95776E-08
 3.34250E+01   2.82019E+17   2.65268E+09   2.16502E+02   3.04432E-02   2.95805E-08
 3.34750E+01   2.81976E+17   2.85164E+09   2.16498E+02   3.04460E-02   2.95829E-08
 3.35250E+01   2.81952E+17   3.06521E+09   2.16504E+02   3.04490E-02   2.95847E-08
 3.35750E+01   2.81944E+17   3.29369E+09   2.16517E+02   3.04523E-02   2.95861E-08
 3.36250E+01   2.81954E+17   3.53808E+09   2.16539E+02   3.04558E-02   2.95869E-08
 3.36750E+01   2.81981E+17   3.79988E+09   2.16569E+02   3.04596E-02   2.95871E-08
 3.37250E+01   2.82025E+17   4.08092E+09   2.16606E+02   3.04635E-02   2.95869E-08
 3.37750E+01   2.82085E+17   4.38324E+09   2.16651E+02   3.04676E-02   2.95861E-08
 3.38250E+01   2.82161E+17   4.70892E+09   2.16703E+02   3.04718E-02   2.95848E-08
 3.38750E+01   2.82251E+17   5.06002E+09   2.16762E+02   3.04761E-02   2.95830E-08
 3.39250E+01   2.82356E+17   5.43835E+09   2.16827E+02   3.04806E-02   2.95808E-08
 3.39750E+01   2.82475E+17   5.84540E+09   2.16898E+02   3.04850E-02   2.95781E-08
 3.40250E+01   2.82606E+17   6.28215E+09   2.16975E+02   3.04896E-02   2.95750E-08
 3.40750E+01   2.82750E+17   6.74894E+09   2.17056E+02   3.04941E-02   2.95715E-08
 3.41250E+01   2.82904E+17   7.24529E+09   2.17141E+02   3.04986E-02   2.95675E-08
 3.41750E+01   2.83068E+17   7.76976E+09   2.17231E+02   3.05031E-02   2.95633E-08
 3.42250E+01   2.83241E+17   8.31985E+09   2.17323E+02   3.05076E-02   2.95587E-08
 3.42750E+01   2.83422E+17   8.89194E+09   2.17419E+02   3.05119E-02   2.95538E-08
 3.43250E+01   2.83610E+17   9.48124E+09   2.17516E+02   3.05162E-02   2.95487E-08
 3.43750E+01   2.83803E+17   1.00819E+10   2.17616E+02   3.05203E-02   2.95433E-08
 3.44250E+01   2.84000E+17   1.06870E+10   2.17716E+02   3.05243E-02   2.95377E-08
 3.44750E+01   2.84200E+17   1.12890E+10   2.17816E+02   3.05281E-02   2.95320E-08
 3.45250E+01   2.84403E+17   1.18797E+10   2.17916E+02   3.05317E-02   2.95262E-08
 3.45750E+01   2.84606E+17   1.24507E+10   2.18016E+02   3.05351E-02   2.95202E-08
 3.46250E+01   2.84809E+17   1.29938E+10   2.18114E+02   3.05383E-02   2.95143E-08
 3.46750E+01   2.85010E+17   1.35013E+10   2.18210E+02   3.05412E-02   2.95083E-08
 3.47250E+01   2.85209E+17   1.39665E+10   2.18304E+02   3.05439E-02   2.95023E-08
 3.47750E+01   2.85405E+17   1.43836E+10   2.18396E+02   3.05464E-02   2.94963E-08
 3.48250E+01   2.85595E+17   1.47485E+10   2.18484E+02   3.05485E-02   2.94904E-08
 3.48750E+01   2.85780E+17   1.50586E+10   2.18568E+02   3.05504E-02   2.94847E-08
 3.49250E+01   2.85958E+17   1.53128E+10   2.18648E+02   3.05521E-02   2.94791E-08
 3.49750E+01   2.86129E+17   1.55117E+10   2.18724E+02   3.05534E-02   2.94737E-08
 3.50250E+01   2.86292E+17   1.56574E+10   2.18794E+02   3.05544E-02   2.94684E-08
 3.50750E+01   2.86445E+17   1.57533E+10   2.18860E+02   3.05552E-02   2.94634E-08
 3.51250E+01   2.86588E+17   1.58048E+10   2.18920E+02   3.05557E-02   2.94587E-08
 3.51750E+01   2.86720E+17   1.58142E+10   2.18974E+02   3.05559E-02   2.94542E-08
 3.52250E+01   2.86842E+17   1.58140E+10   2.19023E+02   3.05558E-02   2.94500E-08
 3.52750E+01   2.86951E+17   1.58136E+10   2.19065E+02   3.05554E-02   2.94461E-08
 3.53250E+01   2.87049E+17   1.57721E+10   2.19101E+02   3.05548E-02   2.94426E-08
 3.53750E+01   2.87134E+17   1.55841E+10   2.19130E+02   3.05539E-02   2.94394E-08
 3.54250E+01   2.87206E+17   1.52823E+10   2.19153E+02   3.05528E-02   2.94366E-08
 3.54750E+01   2.87265E+17   1.48939E+10   2.19170E+02   3.05515E-02   2.94342E-08
 3.55250E+01   2.87310E+17   1.44393E+10   2.19179E+02   3.05499E-02   2.94321E-08
 3.55750E+01   2.87342E+17   1.39352E+10   2.19183E+02   3.05480E-02   2.94304E-08
 3.56250E+01   2.87361E+17   1.33944E+10   2.19180E+02   3.05460E-02   2.94291E-08
 3.56750E+01   2.87366E+17   1.28266E+10   2.19171E+02   3.05438E-02   2.94282E-08
 3.57250E+01   2.87359E+17   1.22391E+10   2.19155E+02   3.05415E-02   2.94277E-08
 3.57750E+01   2.87338E+17   1.16376E+10   2.19133E+02   3.05389E-02   2.94276E-08
 3.58250E+01   2.87304E+17   1.10268E+10   2.19106E+02   3.05363E-02   2.94279E-08
 3.58750E+01   2.87258E+17   1.04107E+10   2.19073E+02   3.05335E-02   2.94286E-08
 3.59250E+01   2.87200E+17   9.79304E+09   2.19035E+02   3.05306E-02   2.94296E-08
 3.59750E+01   2.87131E+17   9.17732E+09   2.18992E+02   3.05276E-02   2.94310E-08
 3.60250E+01   2.87051E+17   8.56724E+09   2.18944E+02   3.05245E-02   2.94328E-08
 3.60750E+01   2.86960E+17   7.96647E+09   2.18891E+02   3.05214E-02   2.94349E-08
 3.61250E+01   2.86860E+17   7.37878E+09   2.18835E+02   3.05183E-02   2.94373E-08
 3.61750E+01   2.86750E+17   6.80793E+09   2.18775E+02   3.05151E-02   2.94401E-08
 3.62250E+01   2.86632E+17   6.25762E+09   2.18712E+02   3.05120E-02   2.94431E-08
 3.62750E+01   2.86507E+17   5.73144E+09   2.18646E+02   3.05089E-02   2.94464E-08
 3.63250E+01   2.86375E+17   5.23274E+09   2.18577E+02   3.05059E-02   2.94499E-08
 3.63750E+01   2.86237E+17   4.76458E+09   2.18507E+02   3.05029E-02   2.94537E-08
 3.64250E+01   2.86094E+17   4.32962E+09   2.18435E+02   3.05000E-02   2.94577E-08
 3.64750E+01   2.85947E+17   3.93005E+09   2.18362E+02   3.04972E-02   2.94618E-08
 3.65250E+01   2.85796E+17   3.56750E+09   2.18288E+02   3.04945E-02   2.94662E-08
 3.65750E+01   2.85643E+17   3.24305E+09   2.18214E+02   3.04920E-02   2.94706E-08
 3.66250E+01   2.85488E+17   2.95713E+09   2.18140E+02   3.04896E-02   2.94752E-08
 3.66750E+01   2.85332E+17   2.70955E+09   2.18067E+02   3.04873E-02   2.94798E-08
 3.67250E+01   2.85177E+17   2.49949E+09   2.17994E+02   3.04852E-02   2.94845E-08
 3.67750E+01   2.85022E+17   2.32557E+09   2.17923E+02   3.04833E-02   2.94892E-08
 3.68250E+01   2.84869E+17   2.18586E+09   2.17854E+02   3.04816E-02   2.94939E-08
 3.68750E+01   2.84719E+17   2.07792E+09   2.17787E+02   3.04800E-02   2.94986E-08
 3.69250E+01   2.84571E+17   1.99897E+09   2.17722E+02   3.04787E-02   2.95032E-08
 3.69750E+01   2.84428E+17   1.94585E+09   2.17660E+02   3.04775E-02   2.95078E-08
 3.70250E+01   2.84290E+17   1.91522E+09   2.17601E+02   3.04766E-02   2.95123E-08
 3.70750E+01   2.84157E+17   1.90462E+09   2.17545E+02   3.04758E-02   2.95167E-08
 3.71250E+01   2.84030E+17   1.90436E+09   2.17493E+02   3.04753E-02   2.95209E-08
 3.71750E+01   2.83910E+17   1.90420E+09   2.17445E+02   3.04750E-02   2.95250E-08
 3.72250E+01   2.83797E+17   1.90742E+09   2.17401E+02   3.04749E-02   2.95288E-08
 3.72750E+01   2.83691E+17   1.95348E+09   2.17361E+02   3.04750E-02   2.95325E-08
 3.73250E+01   2.83594E+17   2.04211E+09   2.17325E+02   3.04753E-02   2.95360E-08
 3.73750E+01   2.83505E+17   2.16396E+09   2.17294E+02   3.04758E-02   2.95393E-08
 3.74250E+01   2.83425E+17   2.31153E+09   2.17267E+02   3.04765E-02   2.95423E-08
 3.74750E+01   2.83354E+17   2.47979E+09   2.17245E+02   3.04774E-02   2.95450E-08
 3.75250E+01   2.83292E+17   2.66548E+09   2.17228E+02   3.04784E-02   2.95475E-08
 3.75750E+01   2.83240E+17   2.86681E+09   2.17216E+02   3.04797E-02   2.95497E-08
 3.76250E+01   2.83197E+17   3.08316E+09   2.17208E+02   3.04811E-02   2.95517E-08
 3.76750E+01   2.83165E+17   3.31489E+09   2.17206E+02   3.04827E-02   2.95533E-08
 3.77250E+01   2.83142E+17   3.56304E+09   2.17208E+02   3.04844E-02   2.95547E-08
 3.77750E+01   2.83128E+17   3.82923E+09   2.17214E+02   3.04862E-02   2.95557E-08
 3.78250E+01   2.83124E+17   4.11540E+09   2.17225E+02   3.04882E-02   2.95565E-08
 3.78750E+01   2.83129E+17   4.42371E+09   2.17240E+02   3.04902E-02   2.95570E-08
 3.79250E+01   2.83143E+17   4.75635E+09   2.17260E+02   3.04924E-02   2.95572E-08
 3.79750E+01   2.83166E+17   5.11539E+09   2.17283E+02   3.04947E-02   2.95571E-08
 3.80250E+01   2.83198E+17   5.50265E+09   2.17310E+02   3.04970E-02   2.95568E-08
 3.80750E+01   2.83238E+17   5.91946E+09   2.17341E+02   3.04994E-02   2.95562E-08
 3.81250E+01   2.83286E+17   6.36661E+09   2.17376E+02   3.05018E-02   2.95553E-08
 3.81750E+01   2.83341E+17   6.84409E+09   2.17413E+02   3.05043E-02   2.95542E-08
 3.82250E+01   2.83403E+17   7.35098E+09   2.17453E+02   3.05068E-02   2.95528E-08
 3.82750E+01   2.83471E+17   7.88536E+09   2.17496E+02   3.05093E-02   2.95513E-08
 3.83250E+01   2.83545E+17   8.44416E+09   2.17541E+02   3.05118E-02   2.95495E-08
 3.83750E+01   2.83625E+17   9.02318E+09   2.17588E+02   3.05142E-02   2.95475E-08
 3.84250E+01   2.83709E+17   9.61708E+09   2.17637E+02   3.05167E-02   2.95454E-08
 3.84750E+01   2.83797E+17   1.02195E+10   2.17687E+02   3.05190E-02   2.95431E-08
 3.85250E+01   2.83889E+17   1.08234E+10   2.17738E+02   3.05213E-02   2.95407E-08
 3.85750E+01   2.83983E+17   1.14208E+10   2.17789E+02   3.05235E-02   2.95381E-08
 3.86250E+01   2.84079E+17   1.20037E+10   2.17841E+02   3.05257E-02   2.95354E-08
 3.86750E+01   2.84177E+17   1.25639E+10   2.17893E+02   3.05277E-02   2.95327E-08
 3.87250E+01   2.84276E+17   1.30936E+10   2.17945E+02   3.05296E-02   2.95299E-08
 3.87750E+01   2.84374E+17   1.35855E+10   2.17996E+02   3.05314E-02   2.95271E-08
 3.88250E+01   2.84473E+17   1.40334E+10   2.18046E+02   3.05330E-02   2.95242E-08
 3.88750E+01   2.84570E+17   1.44323E+10   2.18095E+02   3.05345E-02   2.95213E-08
 3.89250E+01   2.84666E+17   1.47784E+10   2.18142E+02   3.05359E-02   2.95184E-08
 3.89750E+01   2.84759E+17   1.50701E+10   2.18188E+02   3.05371E-02   2.95156E-08
 3.90250E+01   2.84850E+17   1.53069E+10   2.18232E+02   3.05382E-02   2.95128E-08
 3.90750E+01   2.84937E+17   1.54903E+10   2.18274E+02   3.05392E-02   2.95101E-08
 3.91250E+01   2.85021E+17   1.56227E+10   2.18313E+02   3.05399E-02   2.95075E-08
 3.91750E+01   2.85100E+17   1.57076E+10   2.18350E+02   3.05405E-02   2.95049E-08
 3.92250E+01   2.85174E+17   1.57500E+10   2.18383E+02   3.05410E-02   2.95025E-08
 3.92750E+01   2.85244E+17   1.57539E+10   2.18414E+02   3.05413E-02   2.95002E-08
 3.93250E+01   2.85307E+17   1.57517E+10   2.18442E+02   3.05414E-02   2.94981E-08
 3.93750E+01   2.85365E+17   1.57495E+10   2.18467E+02   3.05414E-02   2.94961E-08
 3.94250E+01   2.85417E+17   1.56842E+10   2.18488E+02   3.05412E-02   2.94943E-08
 3.94750E+01   2.85462E+17   1.54666E+10   2.18505E+02   3.05409E-02   2.94926E-08
 3.95250E+01   2.85500E+17   1.51388E+10   2.18519E+02   3.05404E-02   2.94911E-08
 3.95750E+01   2.85531E+17   1.47267E+10   2.18530E+02   3.05398E-02   2.94899E-08
 3.96250E+01   2.85555E+17   1.42517E+10   2.18537E+02   3.05391E-02   2.94888E-08
 3.96750E+01   2.85572E+17   1.37303E+10   2.18540E+02   3.05382E-02   2.94879E-08
 3.97250E+01   2.85582E+17   1.31749E+10   2.18540E+02   3.05372E-02   2.94872E-08
 3.97750E+01   2.85585E+17   1.25945E+10   2.18536E+02   3.05361E-02   2.94868E-08
 3.98250E+01   2.85580E+17   1.19962E+10   2.18529E+02   3.05348E-02   2.94866E-08
 3.98750E+01   2.85568E+17   1.13854E+10   2.18518E+02   3.05335E-02   2.94865E-08
 3.99250E+01   2.85549E+17   1.07669E+10   2.18504E+02   3.05321E-02   2.94867E-08
 3.99750E+01   2.85524E+17   1.01447E+10   2.18487E+02   3.05306E-02   2.94871E-08
 4.00250E+01   2.85491E+17   9.52278E+09   2.18467E+02   3.05290E-02   2.94877E-08
 4.00750E+01   2.85452E+17   8.90484E+09   2.18444E+02   3.05274E-02   2.94886E-08
 4.01250E+01   2.85407E+17   8.29463E+09   2.18418E+02   3.05257E-02   2.94896E-08
 4.01750E+01   2.85356E+17   7.69589E+09   2.18389E+02   3.05240E-02   2.94908E-08
 4.02250E+01   2.85299E+17   7.11240E+09   2.18358E+02   3.05222E-02   2.94922E-08
 4.02750E+01   2.85237E+17   6.54793E+09   2.18324E+02   3.05205E-02   2.94937E-08
 4.03250E+01   2.85170E+17   6.00615E+09   2.18289E+02   3.05187E-02   2.94955E-08
 4.03750E+01   2.85099E+17   5.49059E+09   2.18252E+02   3.05169E-02   2.94974E-08
 4.04250E+01   2.85023E+17   5.00447E+09   2.18213E+02   3.05151E-02   2.94994E-08
 4.04750E+01   2.84944E+17   4.55070E+09   2.18173E+02   3.05134E-02   2.95016E-08
 4.05250E+01   2.84862E+17   4.13170E+09   2.18132E+02   3.05117E-02   2.95039E-08
 4.05750E+01   2.84777E+17   3.74940E+09   2.18090E+02   3.05100E-02   2.95062E-08
 4.06250E+01   2.84690E+17   3.40513E+09   2.18048E+02   3.05084E-02   2.95087E-08
 4.06750E+01   2.84601E+17   3.09960E+09   2.18005E+02   3.05069E-02   2.95113E-08
 4.07250E+01   2.84512E+17   2.83287E+09   2.17962E+02   3.05054E-02   2.95139E-08
 4.07750E+01   2.84421E+17   2.60434E+09   2.17919E+02   3.05041E-02   2.95166E-08
 4.08250E+01   2.84330E+17   2.41277E+09   2.17877E+02   3.05028E-02   2.95194E-08
 4.08750E+01   2.84240E+17   2.25637E+09   2.17835E+02   3.05016E-02   2.95221E-08
 4.09250E+01   2.84150E+17   2.13286E+09   2.17794E+02   3.05005E-02   2.95249E-08
 4.09750E+01   2.84061E+17   2.03961E+09   2.17754E+02   3.04995E-02   2.95276E-08
 4.10250E+01   2.83974E+17   1.97368E+09   2.17716E+02   3.04987E-02   2.95304E-08
 4.10750E+01   2.83889E+17   1.93205E+09   2.17679E+02   3.04979E-02   2.95331E-08
 4.11250E+01   2.83807E+17   1.91116E+09   2.17643E+02   3.04973E-02   2.95357E-08
 4.11750E+01   2.83727E+17   1.90820E+09   2.17609E+02   3.04967E-02   2.95383E-08
 4.12250E+01   2.83651E+17   1.90791E+09   2.17577E+02   3.04963E-02   2.95408E-08
 4.12750E+01   2.83578E+17   1.90763E+09   2.17547E+02   3.04960E-02   2.95432E-08
 4.13250E+01   2.83510E+17   1.92654E+09   2.17520E+02   3.04958E-02   2.95456E-08
 4.13750E+01   2.83445E+17   1.99665E+09   2.17495E+02   3.04958E-02   2.95478E-08
 4.14250E+01   2.83385E+17   2.10464E+09   2.17472E+02   3.04959E-02   2.95499E-08
 4.14750E+01   2.83330E+17   2.24240E+09   2.17452E+02   3.04961E-02   2.95519E-08
 4.15250E+01   2.83280E+17   2.40390E+09   2.17435E+02   3.04964E-02   2.95537E-08
 4.15750E+01   2.83235E+17   2.58487E+09   2.17420E+02   3.04968E-02   2.95554E-08
 4.16250E+01   2.83196E+17   2.78278E+09   2.17408E+02   3.04974E-02   2.95570E-08
 4.16750E+01   2.83162E+17   2.99647E+09   2.17398E+02   3.04980E-02   2.95584E-08
 4.17250E+01   2.83133E+17   3.22595E+09   2.17392E+02   3.04988E-02   2.95596E-08
 4.17750E+01   2.83110E+17   3.47211E+09   2.17388E+02   3.04996E-02   2.95607E-08
 4.18250E+01   2.83093E+17   3.73650E+09   2.17387E+02   3.05005E-02   2.95616E-08
 4.18750E+01   2.83081E+17   4.02110E+09   2.17389E+02   3.05015E-02   2.95623E-08
 4.19250E+01   2.83075E+17   4.32817E+09   2.17393E+02   3.05026E-02   2.95629E-08
 4.19750E+01   2.83074E+17   4.66001E+09   2.17400E+02   3.05037E-02   2.95633E-08
 4.20250E+01   2.83079E+17   5.01882E+09   2.17409E+02   3.05050E-02   2.95635E-08
 4.20750E+01   2.83089E+17   5.40652E+09   2.17421E+02   3.05062E-02   2.95636E-08
 4.21250E+01   2.83104E+17   5.82453E+09   2.17435E+02   3.05076E-02   2.95635E-08
 4.21750E+01   2.83125E+17   6.27362E+09   2.17451E+02   3.05089E-02   2.95632E-08
 4.22250E+01   2.83150E+17   6.75374E+09   2.17469E+02   3.05103E-02   2.95628E-08
 4.22750E+01   2.83179E+17   7.26388E+09   2.17489E+02   3.05118E-02   2.95622E-08
 4.23250E+01   2.83213E+17   7.80196E+09   2.17511E+02   3.05132E-02   2.95615E-08
 4.23750E+01   2.83250E+17   8.36472E+09   2.17535E+02   3.05147E-02   2.95607E-08
 4.24250E+01   2.83292E+17   8.94776E+09   2.17560E+02   3.05161E-02   2.95597E-08
 4.24750E+01   2.83336E+17   9.54555E+09   2.17586E+02   3.05176E-02   2.95586E-08
 4.25250E+01   2.83384E+17   1.01516E+10   2.17614E+02   3.05190E-02   2.95574E-08
 4.25750E+01   2.83435E+17   1.07585E+10   2.17642E+02   3.05205E-02   2.95561E-08
 4.26250E+01   2.83487E+17   1.13583E+10   2.17671E+02   3.05218E-02   2.95547E-08
 4.26750E+01   2.83542E+17   1.19429E+10   2.17701E+02   3.05232E-02   2.95533E-08
 4.27250E+01   2.83598E+17   1.25042E+10   2.17731E+02   3.05244E-02   2.95517E-08
 4.27750E+01   2.83655E+17   1.30343E+10   2.17761E+02   3.05257E-02   2.95501E-08
 4.28250E+01   2.83713E+17   1.35263E+10   2.17791E+02   3.05268E-02   2.95485E-08
 4.28750E+01   2.83772E+17   1.39742E+10   2.17820E+02   3.05279E-02   2.95468E-08
 4.29250E+01   2.83831E+17   1.43731E+10   2.17850E+02   3.05289E-02   2.95451E-08
 4.29750E+01   2.83889E+17   1.47197E+10   2.17878E+02   3.05299E-02   2.95434E-08
 4.30250E+01   2.83947E+17   1.50119E+10   2.17906E+02   3.05307E-02   2.95417E-08
 4.30750E+01   2.84004E+17   1.52492E+10   2.17934E+02   3.05315E-02   2.95400E-08
 4.31250E+01   2.84059E+17   1.54328E+10   2.17960E+02   3.05322E-02   2.95382E-08
 4.31750E+01   2.84113E+17   1.55653E+10   2.17985E+02   3.05328E-02   2.95366E-08
 4.32250E+01   2.84166E+17   1.56508E+10   2.18009E+02   3.05334E-02   2.95349E-08
 4.32750E+01   2.84216E+17   1.56954E+10   2.18032E+02   3.05338E-02   2.95333E-08
 4.33250E+01   2.84263E+17   1.57034E+10   2.18053E+02   3.05341E-02   2.95318E-08
 4.33750E+01   2.84308E+17   1.57053E+10   2.18072E+02   3.05344E-02   2.95303E-08
 4.34250E+01   2.84350E+17   1.57073E+10   2.18089E+02   3.05345E-02   2.95289E-08
 4.34750E+01   2.84389E+17   1.56418E+10   2.18105E+02   3.05345E-02   2.95276E-08
 4.35250E+01   2.84425E+17   1.54222E+10   2.18119E+02   3.05345E-02   2.95263E-08
 4.35750E+01   2.84457E+17   1.50931E+10   2.18132E+02   3.05344E-02   2.95252E-08
 4.36250E+01   2.84487E+17   1.46798E+10   2.18143E+02   3.05343E-02   2.95241E-08
 4.36750E+01   2.84512E+17   1.42026E+10   2.18151E+02   3.05341E-02   2.95232E-08
 4.37250E+01   2.84534E+17   1.36775E+10   2.18158E+02   3.05337E-02   2.95223E-08
 4.37750E+01   2.84551E+17   1.31169E+10   2.18162E+02   3.05333E-02   2.95216E-08
 4.38250E+01   2.84565E+17   1.25305E+10   2.18165E+02   3.05328E-02   2.95209E-08
 4.38750E+01   2.84575E+17   1.19262E+10   2.18165E+02   3.05322E-02   2.95204E-08
 4.39250E+01   2.84581E+17   1.13100E+10   2.18164E+02   3.05316E-02   2.95200E-08
 4.39750E+01   2.84583E+17   1.06870E+10   2.18161E+02   3.05310E-02   2.95197E-08
 4.40250E+01   2.84581E+17   1.00616E+10   2.18155E+02   3.05302E-02   2.95195E-08
 4.40750E+01   2.84576E+17   9.43776E+09   2.18149E+02   3.05294E-02   2.95195E-08
 4.41250E+01   2.84567E+17   8.81913E+09   2.18140E+02   3.05286E-02   2.95195E-08
 4.41750E+01   2.84555E+17   8.20947E+09   2.18130E+02   3.05278E-02   2.95197E-08
 4.42250E+01   2.84539E+17   7.61249E+09   2.18118E+02   3.05269E-02   2.95199E-08
 4.42750E+01   2.84520E+17   7.03194E+09   2.18105E+02   3.05260E-02   2.95203E-08
 4.43250E+01   2.84498E+17   6.47149E+09   2.18090E+02   3.05250E-02   2.95207E-08
 4.43750E+01   2.84473E+17   5.93475E+09   2.18074E+02   3.05241E-02   2.95213E-08
 4.44250E+01   2.84446E+17   5.42508E+09   2.18057E+02   3.05231E-02   2.95219E-08
 4.44750E+01   2.84416E+17   4.94556E+09   2.18039E+02   3.05222E-02   2.95227E-08
 4.45250E+01   2.84384E+17   4.49891E+09   2.18020E+02   3.05212E-02   2.95235E-08
 4.45750E+01   2.84349E+17   4.08734E+09   2.18001E+02   3.05202E-02   2.95243E-08
 4.46250E+01   2.84314E+17   3.71257E+09   2.17981E+02   3.05193E-02   2.95253E-08
 4.46750E+01   2.84276E+17   3.37572E+09   2.17960E+02   3.05184E-02   2.95263E-08
 4.47250E+01   2.84238E+17   3.07728E+09   2.17938E+02   3.05175E-02   2.95273E-08
 4.47750E+01   2.84198E+17   2.81713E+09   2.17917E+02   3.05166E-02   2.95284E-08
 4.48250E+01   2.84158E+17   2.59452E+09   2.17896E+02   3.05158E-02   2.95295E-08
 4.48750E+01   2.84118E+17   2.40814E+09   2.17874E+02   3.05150E-02   2.95307E-08
 4.49250E+01   2.84078E+17   2.25613E+09   2.17853E+02   3.05143E-02   2.95318E-08
 4.49750E+01   2.84038E+17   2.13614E+09   2.17832E+02   3.05136E-02   2.95330E-08
 4.50250E+01   2.83998E+17   2.04544E+09   2.17812E+02   3.05130E-02   2.95342E-08
 4.50750E+01   2.83960E+17   1.98102E+09   2.17793E+02   3.05125E-02   2.95353E-08
 4.51250E+01   2.83922E+17   1.93978E+09   2.17774E+02   3.05120E-02   2.95365E-08
 4.51750E+01   2.83886E+17   1.91818E+09   2.17756E+02   3.05116E-02   2.95376E-08
 4.52250E+01   2.83850E+17   1.91449E+09   2.17738E+02   3.05112E-02   2.95387E-08
 4.52750E+01   2.83817E+17   1.91495E+09   2.17722E+02   3.05110E-02   2.95398E-08
 4.53250E+01   2.83785E+17   1.91540E+09   2.17707E+02   3.05107E-02   2.95408E-08
 4.53750E+01   2.83755E+17   1.92997E+09   2.17693E+02   3.05106E-02   2.95418E-08
 4.54250E+01   2.83728E+17   1.99525E+09   2.17680E+02   3.05105E-02   2.95427E-08
 4.54750E+01   2.83703E+17   2.09982E+09   2.17669E+02   3.05105E-02   2.95436E-08
 4.55250E+01   2.83681E+17   2.23462E+09   2.17659E+02   3.05106E-02   2.95444E-08
 4.55750E+01   2.83661E+17   2.39340E+09   2.17650E+02   3.05108E-02   2.95451E-08
 4.56250E+01   2.83644E+17   2.57182E+09   2.17643E+02   3.05110E-02   2.95458E-08
 4.56750E+01   2.83631E+17   2.76728E+09   2.17638E+02   3.05113E-02   2.95464E-08
 4.57250E+01   2.83620E+17   2.97861E+09   2.17634E+02   3.05116E-02   2.95468E-08
 4.57750E+01   2.83612E+17   3.20578E+09   2.17631E+02   3.05120E-02   2.95472E-08
 4.58250E+01   2.83607E+17   3.44963E+09   2.17630E+02   3.05125E-02   2.95476E-08
 4.58750E+01   2.83605E+17   3.71166E+09   2.17630E+02   3.05130E-02   2.95478E-08
 4.59250E+01   2.83607E+17   3.99382E+09   2.17632E+02   3.05136E-02   2.95479E-08
 4.59750E+01   2.83611E+17   4.29829E+09   2.17636E+02   3.05142E-02   2.95480E-08
 4.60250E+01   2.83619E+17   4.62734E+09   2.17641E+02   3.05149E-02   2.95479E-08
 4.60750E+01   2.83630E+17   4.98311E+09   2.17647E+02   3.05156E-02   2.95478E-08
 4.61250E+01   2.83644E+17   5.36741E+09   2.17655E+02   3.05164E-02   2.95475E-08
 4.61750E+01   2.83662E+17   5.78155E+09   2.17665E+02   3.05172E-02   2.95472E-08
 4.62250E+01   2.83682E+17   6.22619E+09   2.17676E+02   3.05180E-02   2.95468E-08
 4.62750E+01   2.83704E+17   6.70118E+09   2.17687E+02   3.05188E-02   2.95462E-08
 4.63250E+01   2.83730E+17   7.20541E+09   2.17700E+02   3.05197E-02   2.95456E-08
 4.63750E+01   2.83758E+17   7.73673E+09   2.17714E+02   3.05206E-02   2.95450E-08
 4.64250E+01   2.83788E+17   8.29192E+09   2.17729E+02   3.05215E-02   2.95442E-08
 4.64750E+01   2.83820E+17   8.86670E+09   2.17745E+02   3.05223E-02   2.95433E-08
 4.65250E+01   2.83855E+17   9.45580E+09   2.17762E+02   3.05232E-02   2.95424E-08
 4.65750E+01   2.83892E+17   1.00530E+10   2.17779E+02   3.05241E-02   2.95414E-08
 4.66250E+01   2.83930E+17   1.06514E+10   2.17798E+02   3.05250E-02   2.95404E-08
 4.66750E+01   2.83970E+17   1.12435E+10   2.17816E+02   3.05258E-02   2.95393E-08
 4.67250E+01   2.84011E+17   1.18217E+10   2.17835E+02   3.05266E-02   2.95381E-08
 4.67750E+01   2.84054E+17   1.23784E+10   2.17855E+02   3.05275E-02   2.95369E-08
 4.68250E+01   2.84097E+17   1.29061E+10   2.17874E+02   3.05282E-02   2.95356E-08
 4.68750E+01   2.84141E+17   1.33983E+10   2.17894E+02   3.05290E-02   2.95344E-08
 4.69250E+01   2.84187E+17   1.38491E+10   2.17914E+02   3.05297E-02   2.95330E-08
 4.69750E+01   2.84232E+17   1.42539E+10   2.17934E+02   3.05304E-02   2.95317E-08
 4.70250E+01   2.84278E+17   1.46093E+10   2.17953E+02   3.05310E-02   2.95303E-08
 4.70750E+01   2.84324E+17   1.49131E+10   2.17973E+02   3.05317E-02   2.95289E-08
 4.71250E+01   2.84370E+17   1.51648E+10   2.17992E+02   3.05322E-02   2.95275E-08
 4.71750E+01   2.84415E+17   1.53650E+10   2.18011E+02   3.05328E-02   2.95261E-08
 4.72250E+01   2.84460E+17   1.55156E+10   2.18030E+02   3.05332E-02   2.95247E-08
 4.72750E+01   2.84505E+17   1.56198E+10   2.18048E+02   3.05337E-02   2.95233E-08
 4.73250E+01   2.84549E+17   1.56815E+10   2.18065E+02   3.05341E-02   2.95219E-08
 4.73750E+01   2.84591E+17   1.57037E+10   2.18082E+02   3.05344E-02   2.95205E-08
 4.74250E+01   2.84633E+17   1.57041E+10   2.18098E+02   3.05347E-02   2.95192E-08
 4.74750E+01   2.84673E+17   1.57042E+10   2.18113E+02   3.05349E-02   2.95179E-08
 4.75250E+01   2.84713E+17   1.56957E+10   2.18127E+02   3.05351E-02   2.95166E-08
 4.75750E+01   2.84751E+17   1.55609E+10   2.18141E+02   3.05352E-02   2.95153E-08
 4.76250E+01   2.84787E+17   1.52971E+10   2.18154E+02   3.05354E-02   2.95141E-08
 4.76750E+01   2.84822E+17   1.49322E+10   2.18166E+02   3.05354E-02   2.95129E-08
 4.77250E+01   2.84855E+17   1.44911E+10   2.18176E+02   3.05354E-02   2.95118E-08
 4.77750E+01   2.84886E+17   1.39928E+10   2.18186E+02   3.05354E-02   2.95107E-08
 4.78250E+01   2.84915E+17   1.34522E+10   2.18195E+02   3.05353E-02   2.95096E-08
 4.78750E+01   2.84942E+17   1.28810E+10   2.18203E+02   3.05352E-02   2.95087E-08
 4.79250E+01   2.84968E+17   1.22879E+10   2.18209E+02   3.05350E-02   2.95077E-08
 4.79750E+01   2.84991E+17   1.16801E+10   2.18215E+02   3.05348E-02   2.95069E-08
 4.80250E+01   2.85013E+17   1.10631E+10   2.18220E+02   3.05346E-02   2.95060E-08
 4.80750E+01   2.85033E+17   1.04416E+10   2.18224E+02   3.05344E-02   2.95053E-08
 4.81250E+01   2.85051E+17   9.81970E+09   2.18227E+02   3.05341E-02   2.95046E-08
 4.81750E+01   2.85067E+17   9.20121E+09   2.18229E+02   3.05338E-02   2.95039E-08
 4.82250E+01   2.85081E+17   8.58981E+09   2.18230E+02   3.05335E-02   2.95033E-08
 4.82750E+01   2.85093E+17   7.98919E+09   2.18230E+02   3.05331E-02   2.95028E-08
 4.83250E+01   2.85103E+17   7.40298E+09   2.18229E+02   3.05328E-02   2.95023E-08
 4.83750E+01   2.85112E+17   6.83477E+09   2.18228E+02   3.05324E-02   2.95019E-08
 4.84250E+01   2.85119E+17   6.28809E+09   2.18225E+02   3.05320E-02   2.95015E-08
 4.84750E+01   2.85125E+17   5.76629E+09   2.18222E+02   3.05315E-02   2.95012E-08
 4.85250E+01   2.85129E+17   5.27253E+09   2.18219E+02   3.05311E-02   2.95009E-08
 4.85750E+01   2.85132E+17   4.80965E+09   2.18215E+02   3.05307E-02   2.95007E-08
 4.86250E+01   2.85134E+17   4.38011E+09   2.18210E+02   3.05303E-02   2.95005E-08
 4.86750E+01   2.85135E+17   3.98560E+09   2.18205E+02   3.05299E-02   2.95003E-08
 4.87250E+01   2.85135E+17   3.62700E+09   2.18199E+02   3.05295E-02   2.95002E-08
 4.87750E+01   2.85134E+17   3.30772E+09   2.18194E+02   3.05291E-02   2.95001E-08
 4.88250E+01   2.85132E+17   3.03563E+09   2.18188E+02   3.05287E-02   2.95000E-08
 4.88750E+01   2.85130E+17   2.77928E+09   2.18182E+02   3.05283E-02   2.95000E-08
 4.89250E+01   2.85128E+17   2.43515E+09   2.18177E+02   3.05280E-02   2.94999E-08
 4.89750E+01   2.85126E+17   2.35373E+09   2.18173E+02   3.05278E-02   2.94999E-08
