      xx/10.        Omega0        Omega1        Omega2           C_l         r_avg
         [-]       [kg^-1]     [m kg^-1]   [m^2 kg^-1]           [-]           [m]
 1.02500E+00   4.97387E+16   9.30306E+07   3.29242E-01   9.22194E-06   3.54251E-09
 1.07500E+00   6.74012E+16   1.33948E+08   5.23568E-01   1.54727E-05   3.80394E-09
 1.12500E+00   7.94872E+16   1.57627E+08   7.41650E-01   2.36508E-05   4.14748E-09
 1.17500E+00   8.69561E+16   2.11245E+08   1.00330E+00   3.40243E-05   4.54392E-09
 1.22500E+00   9.06306E+16   2.64298E+08   1.29654E+00   4.68288E-05   4.98518E-09
 1.27500E+00   9.12298E+16   3.08417E+08   1.60453E+00   6.22691E-05   5.46991E-09
 1.32500E+00   8.93870E+16   3.43529E+08   1.91344E+00   8.05822E-05   6.00145E-09
 1.37500E+00   8.56617E+16   3.74083E+08   2.21220E+00   1.02105E-04   6.58700E-09
 1.42500E+00   8.05492E+16   3.78007E+08   2.48294E+00   1.27341E-04   7.23720E-09
 1.47500E+00   7.44877E+16   3.78014E+08   2.73124E+00   1.57095E-04   7.96699E-09
 1.52500E+00   6.78635E+16   3.75408E+08   2.96357E+00   1.92523E-04   8.79462E-09
 1.57500E+00   6.10143E+16   3.65277E+08   3.18504E+00   2.35167E-04   9.74054E-09
 1.62500E+00   5.42315E+16   3.50407E+08   3.40572E+00   2.87019E-04   1.08265E-08
 1.67500E+00   4.77595E+16   3.32099E+08   3.63945E+00   3.50581E-04   1.20738E-08
 1.72500E+00   4.17940E+16   3.11820E+08   3.90430E+00   4.28925E-04   1.35007E-08
 1.77500E+00   3.64815E+16   2.91378E+08   4.22257E+00   5.25727E-04   1.51181E-08
 1.82500E+00   3.19185E+16   2.72527E+08   4.62023E+00   6.45298E-04   1.69242E-08
 1.87500E+00   2.81551E+16   2.56799E+08   5.12626E+00   7.92589E-04   1.88987E-08
 1.92500E+00   2.52013E+16   2.45675E+08   5.77232E+00   9.73173E-04   2.09986E-08
 1.97500E+00   2.30369E+16   2.41126E+08   6.59238E+00   1.19321E-03   2.31579E-08
 2.02500E+00   2.16229E+16   2.41370E+08   7.62084E+00   1.45938E-03   2.52941E-08
 2.07500E+00   2.09132E+16   2.42071E+08   8.89645E+00   1.77878E-03   2.73213E-08
 2.12500E+00   2.08633E+16   2.51636E+08   1.04680E+01   2.15878E-03   2.91660E-08
 2.17500E+00   2.14362E+16   2.76005E+08   1.23822E+01   2.60678E-03   3.07789E-08
 2.22500E+00   2.26048E+16   3.08474E+08   1.46808E+01   3.12991E-03   3.21400E-08
 2.27500E+00   2.43518E+16   3.49785E+08   1.74083E+01   3.73477E-03   3.32541E-08
 2.32500E+00   2.66693E+16   4.02036E+08   2.06100E+01   4.42706E-03   3.41431E-08
 2.37500E+00   2.95567E+16   4.66880E+08   2.43296E+01   5.21118E-03   3.48360E-08
 2.42500E+00   3.30191E+16   5.45638E+08   2.86067E+01   6.08981E-03   3.53629E-08
 2.47500E+00   3.70661E+16   6.39617E+08   3.34747E+01   7.06350E-03   3.57505E-08
 2.52500E+00   4.17106E+16   7.50184E+08   3.89593E+01   8.13034E-03   3.60210E-08
 2.57500E+00   4.69670E+16   8.78723E+08   4.50763E+01   9.28563E-03   3.61916E-08
 2.62500E+00   5.28506E+16   1.02656E+09   5.18299E+01   1.05218E-02   3.62756E-08
 2.67500E+00   5.93762E+16   1.19492E+09   5.92111E+01   1.18282E-02   3.62831E-08
 2.72500E+00   6.65574E+16   1.38486E+09   6.71968E+01   1.31918E-02   3.62219E-08
 2.77500E+00   7.44052E+16   1.59727E+09   7.57494E+01   1.45969E-02   3.60983E-08
 2.82500E+00   8.29275E+16   1.83280E+09   8.48181E+01   1.60261E-02   3.59179E-08
 2.87500E+00   9.21278E+16   2.09187E+09   9.43390E+01   1.74611E-02   3.56858E-08
 2.92500E+00   1.02005E+17   2.37464E+09   1.04238E+02   1.88833E-02   3.54068E-08
 2.97500E+00   1.12551E+17   2.68101E+09   1.14435E+02   2.02746E-02   3.50861E-08
 3.02500E+00   1.23753E+17   3.01068E+09   1.24843E+02   2.16184E-02   3.47289E-08
 3.07500E+00   1.35588E+17   3.36315E+09   1.35374E+02   2.29003E-02   3.43406E-08
 3.12500E+00   1.48029E+17   3.73774E+09   1.45944E+02   2.41085E-02   3.39267E-08
 3.17500E+00   1.61039E+17   4.13364E+09   1.56470E+02   2.52338E-02   3.34929E-08
 3.22500E+00   1.74570E+17   4.54988E+09   1.66879E+02   2.62703E-02   3.30446E-08
 3.27500E+00   1.88570E+17   4.98539E+09   1.77102E+02   2.72149E-02   3.25871E-08
 3.32500E+00   2.02976E+17   5.43895E+09   1.87081E+02   2.80671E-02   3.21257E-08
 3.37500E+00   2.17716E+17   5.90922E+09   1.96766E+02   2.88285E-02   3.16649E-08
 3.42500E+00   2.32714E+17   6.39472E+09   2.06114E+02   2.95026E-02   3.12091E-08
 3.47500E+00   2.47883E+17   6.89385E+09   2.15093E+02   3.00944E-02   3.07620E-08
 3.52500E+00   2.63132E+17   7.40478E+09   2.23673E+02   3.06095E-02   3.03270E-08
 3.57500E+00   2.78363E+17   7.92530E+09   2.31834E+02   3.10543E-02   2.99069E-08
 3.62500E+00   2.93476E+17   8.45260E+09   2.39557E+02   3.14350E-02   2.95041E-08
 3.67500E+00   3.08365E+17   8.98299E+09   2.46830E+02   3.17582E-02   2.91205E-08
 3.72500E+00   3.22925E+17   9.51187E+09   2.53640E+02   3.20298E-02   2.87576E-08
 3.77500E+00   3.37050E+17   1.00340E+10   2.59979E+02   3.22556E-02   2.84166E-08
 3.82500E+00   3.50633E+17   1.05443E+10   2.65841E+02   3.24406E-02   2.80983E-08
 3.87500E+00   3.63572E+17   1.10384E+10   2.71220E+02   3.25897E-02   2.78034E-08
 3.92500E+00   3.75767E+17   1.15133E+10   2.76111E+02   3.27066E-02   2.75322E-08
 3.97500E+00   3.87124E+17   1.19667E+10   2.80510E+02   3.27951E-02   2.72848E-08
 4.02500E+00   3.97555E+17   1.23962E+10   2.84413E+02   3.28579E-02   2.70613E-08
 4.07500E+00   4.06979E+17   1.27969E+10   2.87816E+02   3.28977E-02   2.68616E-08
 4.12500E+00   4.15325E+17   1.31610E+10   2.90717E+02   3.29165E-02   2.66856E-08
 4.17500E+00   4.22530E+17   1.34772E+10   2.93113E+02   3.29158E-02   2.65329E-08
 4.22500E+00   4.28542E+17   1.37333E+10   2.95001E+02   3.28972E-02   2.64032E-08
 4.27500E+00   4.33320E+17   1.39194E+10   2.96383E+02   3.28615E-02   2.62963E-08
 4.32500E+00   4.36834E+17   1.40314E+10   2.97258E+02   3.28097E-02   2.62118E-08
 4.37500E+00   4.39066E+17   1.40673E+10   2.97629E+02   3.27422E-02   2.61493E-08
 4.42500E+00   4.40010E+17   1.40685E+10   2.97499E+02   3.26595E-02   2.61086E-08
 4.47500E+00   4.39671E+17   1.40695E+10   2.96874E+02   3.25619E-02   2.60893E-08
 4.52500E+00   4.38065E+17   1.40526E+10   2.95759E+02   3.24495E-02   2.60911E-08
 4.57500E+00   4.35220E+17   1.39492E+10   2.94160E+02   3.23226E-02   2.61136E-08
 4.62500E+00   4.31174E+17   1.37757E+10   2.92086E+02   3.21811E-02   2.61568E-08
 4.67500E+00   4.25976E+17   1.35495E+10   2.89549E+02   3.20252E-02   2.62203E-08
 4.72500E+00   4.19682E+17   1.32801E+10   2.86560E+02   3.18550E-02   2.63039E-08
 4.77500E+00   4.12358E+17   1.29729E+10   2.83135E+02   3.16706E-02   2.64076E-08
 4.82500E+00   4.04075E+17   1.26307E+10   2.79291E+02   3.14724E-02   2.65312E-08
 4.87500E+00   3.94913E+17   1.22558E+10   2.75046E+02   3.12605E-02   2.66747E-08
 4.92500E+00   3.84954E+17   1.18505E+10   2.70421E+02   3.10356E-02   2.68381E-08
 4.97500E+00   3.74288E+17   1.14176E+10   2.65440E+02   3.07982E-02   2.70214E-08
 5.02500E+00   3.63004E+17   1.09604E+10   2.60129E+02   3.05491E-02   2.72247E-08
 5.07500E+00   3.51195E+17   1.04824E+10   2.54514E+02   3.02892E-02   2.74482E-08
 5.12500E+00   3.38955E+17   9.98740E+09   2.48626E+02   3.00195E-02   2.76921E-08
 5.17500E+00   3.26378E+17   9.47929E+09   2.42497E+02   2.97416E-02   2.79565E-08
 5.22500E+00   3.13556E+17   8.96198E+09   2.36163E+02   2.94568E-02   2.82418E-08
 5.27500E+00   3.00579E+17   8.43940E+09   2.29658E+02   2.91669E-02   2.85482E-08
 5.32500E+00   2.87536E+17   7.91550E+09   2.23022E+02   2.88740E-02   2.88762E-08
 5.37500E+00   2.74512E+17   7.39415E+09   2.16296E+02   2.85800E-02   2.92259E-08
 5.42500E+00   2.61588E+17   6.87920E+09   2.09519E+02   2.82874E-02   2.95978E-08
 5.47500E+00   2.48841E+17   6.37434E+09   2.02737E+02   2.79986E-02   2.99921E-08
 5.52500E+00   2.36343E+17   5.88314E+09   1.95992E+02   2.77163E-02   3.04088E-08
 5.57500E+00   2.24160E+17   5.40892E+09   1.89328E+02   2.74432E-02   3.08480E-08
 5.62500E+00   2.12354E+17   4.95477E+09   1.82792E+02   2.71821E-02   3.13095E-08
 5.67500E+00   2.00982E+17   4.52347E+09   1.76426E+02   2.69357E-02   3.17926E-08
 5.72500E+00   1.90094E+17   4.11748E+09   1.70275E+02   2.67068E-02   3.22963E-08
 5.77500E+00   1.79735E+17   3.73890E+09   1.64381E+02   2.64982E-02   3.28193E-08
 5.82500E+00   1.69946E+17   3.38945E+09   1.58783E+02   2.63122E-02   3.33593E-08
 5.87500E+00   1.60760E+17   3.07043E+09   1.53520E+02   2.61514E-02   3.39136E-08
 5.92500E+00   1.52208E+17   2.78277E+09   1.48627E+02   2.60176E-02   3.44783E-08
 5.97500E+00   1.44313E+17   2.52698E+09   1.44135E+02   2.59128E-02   3.50486E-08
 6.02500E+00   1.37096E+17   2.30328E+09   1.40072E+02   2.58382E-02   3.56189E-08
 6.07500E+00   1.30573E+17   2.11159E+09   1.36462E+02   2.57950E-02   3.61823E-08
 6.12500E+00   1.24753E+17   1.95160E+09   1.33324E+02   2.57836E-02   3.67310E-08
 6.17500E+00   1.19646E+17   1.82281E+09   1.30672E+02   2.58043E-02   3.72563E-08
 6.22500E+00   1.15255E+17   1.72450E+09   1.28516E+02   2.58567E-02   3.77491E-08
 6.27500E+00   1.11580E+17   1.65556E+09   1.26862E+02   2.59400E-02   3.81999E-08
 6.32500E+00   1.08620E+17   1.61434E+09   1.25708E+02   2.60529E-02   3.85997E-08
 6.37500E+00   1.06369E+17   1.59971E+09   1.25051E+02   2.61939E-02   3.89400E-08
 6.42500E+00   1.04820E+17   1.59934E+09   1.24882E+02   2.63608E-02   3.92138E-08
 6.47500E+00   1.03964E+17   1.59913E+09   1.25189E+02   2.65514E-02   3.94158E-08
 6.52500E+00   1.03787E+17   1.60506E+09   1.25955E+02   2.67629E-02   3.95426E-08
 6.57500E+00   1.04276E+17   1.65136E+09   1.27163E+02   2.69926E-02   3.95932E-08
 6.62500E+00   1.05416E+17   1.73188E+09   1.28790E+02   2.72374E-02   3.95690E-08
 6.67500E+00   1.07188E+17   1.83605E+09   1.30812E+02   2.74943E-02   3.94730E-08
 6.72500E+00   1.09574E+17   1.95665E+09   1.33204E+02   2.77602E-02   3.93104E-08
 6.77500E+00   1.12552E+17   2.08953E+09   1.35937E+02   2.80321E-02   3.90873E-08
 6.82500E+00   1.16101E+17   2.23282E+09   1.38983E+02   2.83070E-02   3.88110E-08
 6.87500E+00   1.20196E+17   2.38629E+09   1.42313E+02   2.85824E-02   3.84891E-08
 6.92500E+00   1.24813E+17   2.55050E+09   1.45898E+02   2.88556E-02   3.81293E-08
 6.97500E+00   1.29925E+17   2.72628E+09   1.49710E+02   2.91243E-02   3.77389E-08
 7.02500E+00   1.35503E+17   2.91447E+09   1.53719E+02   2.93867E-02   3.73252E-08
 7.07500E+00   1.41520E+17   3.11591E+09   1.57900E+02   2.96409E-02   3.68943E-08
 7.12500E+00   1.47943E+17   3.33150E+09   1.62223E+02   2.98855E-02   3.64522E-08
 7.17500E+00   1.54741E+17   3.56235E+09   1.66664E+02   3.01194E-02   3.60038E-08
 7.22500E+00   1.61881E+17   3.80972E+09   1.71197E+02   3.03416E-02   3.55535E-08
 7.27500E+00   1.69327E+17   4.07499E+09   1.75797E+02   3.05517E-02   3.51052E-08
 7.32500E+00   1.77044E+17   4.35948E+09   1.80442E+02   3.07490E-02   3.46618E-08
 7.37500E+00   1.84995E+17   4.66434E+09   1.85108E+02   3.09336E-02   3.42261E-08
 7.42500E+00   1.93142E+17   4.99042E+09   1.89775E+02   3.11053E-02   3.38003E-08
 7.47500E+00   2.01446E+17   5.33824E+09   1.94422E+02   3.12643E-02   3.33861E-08
 7.52500E+00   2.09865E+17   5.70793E+09   1.99030E+02   3.14109E-02   3.29849E-08
 7.57500E+00   2.18361E+17   6.09924E+09   2.03579E+02   3.15455E-02   3.25978E-08
 7.62500E+00   2.26891E+17   6.51142E+09   2.08052E+02   3.16685E-02   3.22259E-08
 7.67500E+00   2.35414E+17   6.94325E+09   2.12434E+02   3.17806E-02   3.18697E-08
 7.72500E+00   2.43887E+17   7.39299E+09   2.16709E+02   3.18824E-02   3.15299E-08
 7.77500E+00   2.52268E+17   7.85844E+09   2.20864E+02   3.19748E-02   3.12069E-08
 7.82500E+00   2.60515E+17   8.33699E+09   2.24888E+02   3.20585E-02   3.09009E-08
 7.87500E+00   2.68587E+17   8.82568E+09   2.28772E+02   3.21346E-02   3.06124E-08
 7.92500E+00   2.76442E+17   9.32110E+09   2.32496E+02   3.22025E-02   3.03410E-08
 7.97500E+00   2.84040E+17   9.81967E+09   2.36040E+02   3.22606E-02   3.00861E-08
 8.02500E+00   2.91343E+17   1.03177E+10   2.39384E+02   3.23080E-02   2.98472E-08
 8.07500E+00   2.98312E+17   1.08111E+10   2.42510E+02   3.23443E-02   2.96240E-08
 8.12500E+00   3.04911E+17   1.12948E+10   2.45406E+02   3.23690E-02   2.94162E-08
 8.17500E+00   3.11107E+17   1.17627E+10   2.48058E+02   3.23821E-02   2.92236E-08
 8.22500E+00   3.16867E+17   1.22073E+10   2.50455E+02   3.23837E-02   2.90459E-08
 8.27500E+00   3.22162E+17   1.26200E+10   2.52589E+02   3.23739E-02   2.88830E-08
 8.32500E+00   3.26965E+17   1.29921E+10   2.54451E+02   3.23530E-02   2.87346E-08
 8.37500E+00   3.31252E+17   1.33152E+10   2.56035E+02   3.23211E-02   2.86007E-08
 8.42500E+00   3.35003E+17   1.35830E+10   2.57336E+02   3.22787E-02   2.84811E-08
 8.47500E+00   3.38198E+17   1.37919E+10   2.58350E+02   3.22260E-02   2.83757E-08
 8.52500E+00   3.40825E+17   1.39413E+10   2.59074E+02   3.21635E-02   2.82843E-08
 8.57500E+00   3.42872E+17   1.40335E+10   2.59507E+02   3.20916E-02   2.82069E-08
 8.62500E+00   3.44331E+17   1.40725E+10   2.59650E+02   3.20106E-02   2.81432E-08
 8.67500E+00   3.45199E+17   1.40713E+10   2.59505E+02   3.19210E-02   2.80934E-08
 8.72500E+00   3.45475E+17   1.40680E+10   2.59073E+02   3.18232E-02   2.80572E-08
 8.77500E+00   3.45163E+17   1.40628E+10   2.58361E+02   3.17178E-02   2.80346E-08
 8.82500E+00   3.44270E+17   1.39720E+10   2.57373E+02   3.16052E-02   2.80256E-08
 8.87500E+00   3.42806E+17   1.37908E+10   2.56116E+02   3.14860E-02   2.80301E-08
 8.92500E+00   3.40787E+17   1.35406E+10   2.54600E+02   3.13608E-02   2.80481E-08
 8.97500E+00   3.38228E+17   1.32405E+10   2.52834E+02   3.12301E-02   2.80795E-08
 9.02500E+00   3.35150E+17   1.29017E+10   2.50828E+02   3.10945E-02   2.81244E-08
 9.07500E+00   3.31578E+17   1.25305E+10   2.48596E+02   3.09546E-02   2.81826E-08
 9.12500E+00   3.27537E+17   1.21304E+10   2.46151E+02   3.08113E-02   2.82543E-08
 9.17500E+00   3.23057E+17   1.17035E+10   2.43506E+02   3.06651E-02   2.83394E-08
 9.22500E+00   3.18169E+17   1.12522E+10   2.40679E+02   3.05167E-02   2.84377E-08
 9.27500E+00   3.12906E+17   1.07789E+10   2.37685E+02   3.03671E-02   2.85494E-08
 9.32500E+00   3.07305E+17   1.02867E+10   2.34543E+02   3.02168E-02   2.86744E-08
 9.37500E+00   3.01402E+17   9.77905E+09   2.31270E+02   3.00667E-02   2.88125E-08
 9.42500E+00   2.95236E+17   9.25975E+09   2.27885E+02   2.99177E-02   2.89637E-08
 9.47500E+00   2.88847E+17   8.73279E+09   2.24409E+02   2.97705E-02   2.91278E-08
 9.52500E+00   2.82274E+17   8.20232E+09   2.20860E+02   2.96260E-02   2.93046E-08
 9.57500E+00   2.75559E+17   7.67248E+09   2.17261E+02   2.94849E-02   2.94938E-08
 9.62500E+00   2.68742E+17   7.14737E+09   2.13630E+02   2.93482E-02   2.96950E-08
 9.67500E+00   2.61865E+17   6.63099E+09   2.09990E+02   2.92165E-02   2.99078E-08
 9.72500E+00   2.54969E+17   6.12713E+09   2.06362E+02   2.90908E-02   3.01318E-08
 9.77500E+00   2.48093E+17   5.63936E+09   2.02764E+02   2.89717E-02   3.03661E-08
 9.82500E+00   2.41276E+17   5.17099E+09   1.99219E+02   2.88600E-02   3.06100E-08
 9.87500E+00   2.34557E+17   4.72498E+09   1.95746E+02   2.87564E-02   3.08625E-08
 9.92500E+00   2.27972E+17   4.30395E+09   1.92364E+02   2.86615E-02   3.11225E-08
 9.97500E+00   2.21558E+17   3.91013E+09   1.89092E+02   2.85760E-02   3.13887E-08
 1.00250E+01   2.15347E+17   3.54544E+09   1.85948E+02   2.85003E-02   3.16596E-08
 1.00750E+01   2.09371E+17   3.21139E+09   1.82949E+02   2.84348E-02   3.19335E-08
 1.01250E+01   2.03660E+17   2.90922E+09   1.80111E+02   2.83801E-02   3.22086E-08
 1.01750E+01   1.98242E+17   2.63986E+09   1.77448E+02   2.83365E-02   3.24827E-08
 1.02250E+01   1.93142E+17   2.40392E+09   1.74975E+02   2.83041E-02   3.27536E-08
 1.02750E+01   1.88383E+17   2.20169E+09   1.72704E+02   2.82832E-02   3.30190E-08
 1.03250E+01   1.83986E+17   2.03305E+09   1.70645E+02   2.82738E-02   3.32763E-08
 1.03750E+01   1.79969E+17   1.89733E+09   1.68808E+02   2.82760E-02   3.35229E-08
 1.04250E+01   1.76347E+17   1.79335E+09   1.67202E+02   2.82896E-02   3.37563E-08
 1.04750E+01   1.73134E+17   1.71933E+09   1.65832E+02   2.83146E-02   3.39738E-08
 1.05250E+01   1.70340E+17   1.67316E+09   1.64703E+02   2.83506E-02   3.41730E-08
 1.05750E+01   1.67974E+17   1.65207E+09   1.63819E+02   2.83974E-02   3.43516E-08
 1.06250E+01   1.66040E+17   1.65095E+09   1.63181E+02   2.84544E-02   3.45076E-08
 1.06750E+01   1.64542E+17   1.65124E+09   1.62790E+02   2.85214E-02   3.46391E-08
 1.07250E+01   1.63480E+17   1.65157E+09   1.62644E+02   2.85976E-02   3.47449E-08
 1.07750E+01   1.62852E+17   1.68129E+09   1.62741E+02   2.86826E-02   3.48238E-08
 1.08250E+01   1.62655E+17   1.74947E+09   1.63076E+02   2.87757E-02   3.48755E-08
 1.08750E+01   1.62883E+17   1.84643E+09   1.63644E+02   2.88761E-02   3.48998E-08
 1.09250E+01   1.63526E+17   1.96479E+09   1.64437E+02   2.89832E-02   3.48970E-08
 1.09750E+01   1.64574E+17   2.09913E+09   1.65449E+02   2.90961E-02   3.48679E-08
 1.10250E+01   1.66016E+17   2.24611E+09   1.66668E+02   2.92141E-02   3.48136E-08
 1.10750E+01   1.67837E+17   2.40403E+09   1.68086E+02   2.93363E-02   3.47356E-08
 1.11250E+01   1.70020E+17   2.57239E+09   1.69690E+02   2.94619E-02   3.46355E-08
 1.11750E+01   1.72549E+17   2.75152E+09   1.71469E+02   2.95900E-02   3.45153E-08
 1.12250E+01   1.75405E+17   2.94231E+09   1.73409E+02   2.97198E-02   3.43771E-08
 1.12750E+01   1.78567E+17   3.14596E+09   1.75497E+02   2.98505E-02   3.42230E-08
 1.13250E+01   1.82014E+17   3.36385E+09   1.77718E+02   2.99813E-02   3.40552E-08
 1.13750E+01   1.85724E+17   3.59741E+09   1.80059E+02   3.01113E-02   3.38758E-08
 1.14250E+01   1.89672E+17   3.84804E+09   1.82503E+02   3.02399E-02   3.36868E-08
 1.14750E+01   1.93835E+17   4.11705E+09   1.85036E+02   3.03663E-02   3.34905E-08
 1.15250E+01   1.98188E+17   4.40563E+09   1.87643E+02   3.04897E-02   3.32885E-08
 1.15750E+01   2.02704E+17   4.71472E+09   1.90307E+02   3.06096E-02   3.30826E-08
 1.16250E+01   2.07359E+17   5.04497E+09   1.93013E+02   3.07253E-02   3.28745E-08
 1.16750E+01   2.12125E+17   5.39669E+09   1.95746E+02   3.08362E-02   3.26657E-08
 1.17250E+01   2.16976E+17   5.76978E+09   1.98490E+02   3.09418E-02   3.24574E-08
 1.17750E+01   2.21885E+17   6.16373E+09   2.01231E+02   3.10418E-02   3.22508E-08
 1.18250E+01   2.26827E+17   6.57769E+09   2.03954E+02   3.11355E-02   3.20471E-08
 1.18750E+01   2.31775E+17   7.01040E+09   2.06645E+02   3.12227E-02   3.18471E-08
 1.19250E+01   2.36703E+17   7.46034E+09   2.09289E+02   3.13030E-02   3.16516E-08
 1.19750E+01   2.41586E+17   7.92564E+09   2.11875E+02   3.13762E-02   3.14614E-08
 1.20250E+01   2.46399E+17   8.40417E+09   2.14388E+02   3.14421E-02   3.12771E-08
 1.20750E+01   2.51117E+17   8.89334E+09   2.16818E+02   3.15004E-02   3.10991E-08
 1.21250E+01   2.55718E+17   9.39006E+09   2.19152E+02   3.15510E-02   3.09280E-08
 1.21750E+01   2.60178E+17   9.89054E+09   2.21380E+02   3.15938E-02   3.07642E-08
 1.22250E+01   2.64478E+17   1.03902E+10   2.23493E+02   3.16288E-02   3.06079E-08
 1.22750E+01   2.68595E+17   1.08834E+10   2.25480E+02   3.16560E-02   3.04594E-08
 1.23250E+01   2.72511E+17   1.13637E+10   2.27334E+02   3.16755E-02   3.03190E-08
 1.23750E+01   2.76209E+17   1.18240E+10   2.29047E+02   3.16872E-02   3.01868E-08
 1.24250E+01   2.79671E+17   1.22565E+10   2.30612E+02   3.16913E-02   3.00630E-08
 1.24750E+01   2.82882E+17   1.26537E+10   2.32024E+02   3.16879E-02   2.99477E-08
 1.25250E+01   2.85830E+17   1.30084E+10   2.33277E+02   3.16773E-02   2.98411E-08
 1.25750E+01   2.88501E+17   1.33150E+10   2.34368E+02   3.16595E-02   2.97432E-08
 1.26250E+01   2.90886E+17   1.35694E+10   2.35293E+02   3.16349E-02   2.96540E-08
 1.26750E+01   2.92975E+17   1.37694E+10   2.36050E+02   3.16036E-02   2.95736E-08
 1.27250E+01   2.94762E+17   1.39152E+10   2.36638E+02   3.15660E-02   2.95020E-08
 1.27750E+01   2.96240E+17   1.40084E+10   2.37055E+02   3.15224E-02   2.94392E-08
 1.28250E+01   2.97406E+17   1.40525E+10   2.37303E+02   3.14730E-02   2.93854E-08
 1.28750E+01   2.98258E+17   1.40590E+10   2.37382E+02   3.14182E-02   2.93403E-08
 1.29250E+01   2.98795E+17   1.40631E+10   2.37295E+02   3.13584E-02   2.93041E-08
 1.29750E+01   2.99019E+17   1.40671E+10   2.37043E+02   3.12939E-02   2.92767E-08
 1.30250E+01   2.98932E+17   1.40047E+10   2.36631E+02   3.12251E-02   2.92581E-08
 1.30750E+01   2.98539E+17   1.38489E+10   2.36064E+02   3.11525E-02   2.92482E-08
 1.31250E+01   2.97845E+17   1.36202E+10   2.35345E+02   3.10764E-02   2.92470E-08
 1.31750E+01   2.96860E+17   1.33337E+10   2.34481E+02   3.09972E-02   2.92544E-08
 1.32250E+01   2.95591E+17   1.30022E+10   2.33478E+02   3.09153E-02   2.92704E-08
 1.32750E+01   2.94049E+17   1.26346E+10   2.32344E+02   3.08313E-02   2.92949E-08
 1.33250E+01   2.92245E+17   1.22373E+10   2.31085E+02   3.07455E-02   2.93278E-08
 1.33750E+01   2.90194E+17   1.18147E+10   2.29710E+02   3.06583E-02   2.93690E-08
 1.34250E+01   2.87908E+17   1.13700E+10   2.28228E+02   3.05703E-02   2.94183E-08
 1.34750E+01   2.85403E+17   1.09058E+10   2.26648E+02   3.04818E-02   2.94756E-08
 1.35250E+01   2.82696E+17   1.04246E+10   2.24978E+02   3.03933E-02   2.95407E-08
 1.35750E+01   2.79803E+17   9.92919E+09   2.23230E+02   3.03052E-02   2.96135E-08
 1.36250E+01   2.76743E+17   9.42256E+09   2.21412E+02   3.02180E-02   2.96937E-08
 1.36750E+01   2.73534E+17   8.90805E+09   2.19536E+02   3.01320E-02   2.97811E-08
 1.37250E+01   2.70194E+17   8.38927E+09   2.17612E+02   3.00477E-02   2.98754E-08
 1.37750E+01   2.66745E+17   7.86998E+09   2.15651E+02   2.99655E-02   2.99762E-08
 1.38250E+01   2.63204E+17   7.35397E+09   2.13663E+02   2.98858E-02   3.00833E-08
 1.38750E+01   2.59593E+17   6.84500E+09   2.11659E+02   2.98090E-02   3.01962E-08
 1.39250E+01   2.55932E+17   6.34669E+09   2.09649E+02   2.97354E-02   3.03146E-08
 1.39750E+01   2.52240E+17   5.86244E+09   2.07645E+02   2.96653E-02   3.04378E-08
 1.40250E+01   2.48538E+17   5.39541E+09   2.05657E+02   2.95991E-02   3.05654E-08
 1.40750E+01   2.44846E+17   4.94848E+09   2.03695E+02   2.95370E-02   3.06968E-08
 1.41250E+01   2.41182E+17   4.52422E+09   2.01769E+02   2.94795E-02   3.08314E-08
 1.41750E+01   2.37567E+17   4.12493E+09   1.99889E+02   2.94266E-02   3.09685E-08
 1.42250E+01   2.34018E+17   3.75259E+09   1.98063E+02   2.93787E-02   3.11073E-08
 1.42750E+01   2.30554E+17   3.40894E+09   1.96302E+02   2.93358E-02   3.12471E-08
 1.43250E+01   2.27191E+17   3.09541E+09   1.94613E+02   2.92983E-02   3.13872E-08
 1.43750E+01   2.23946E+17   2.81312E+09   1.93004E+02   2.92662E-02   3.15265E-08
 1.44250E+01   2.20835E+17   2.56289E+09   1.91483E+02   2.92395E-02   3.16642E-08
 1.44750E+01   2.17872E+17   2.34517E+09   1.90056E+02   2.92183E-02   3.17994E-08
 1.45250E+01   2.15070E+17   2.15996E+09   1.88730E+02   2.92027E-02   3.19312E-08
 1.45750E+01   2.12442E+17   2.00679E+09   1.87511E+02   2.91927E-02   3.20587E-08
 1.46250E+01   2.10000E+17   1.88463E+09   1.86404E+02   2.91883E-02   3.21809E-08
 1.46750E+01   2.07754E+17   1.79190E+09   1.85412E+02   2.91896E-02   3.22969E-08
 1.47250E+01   2.05712E+17   1.72643E+09   1.84540E+02   2.91964E-02   3.24060E-08
 1.47750E+01   2.03883E+17   1.68569E+09   1.83791E+02   2.92088E-02   3.25071E-08
 1.48250E+01   2.02274E+17   1.66646E+09   1.83167E+02   2.92264E-02   3.25997E-08
 1.48750E+01   2.00888E+17   1.66483E+09   1.82669E+02   2.92493E-02   3.26830E-08
 1.49250E+01   1.99732E+17   1.66479E+09   1.82299E+02   2.92773E-02   3.27564E-08
 1.49750E+01   1.98808E+17   1.66475E+09   1.82056E+02   2.93101E-02   3.28193E-08
 1.50250E+01   1.98116E+17   1.68914E+09   1.81941E+02   2.93476E-02   3.28715E-08
 1.50750E+01   1.97658E+17   1.75310E+09   1.81952E+02   2.93895E-02   3.29125E-08
 1.51250E+01   1.97433E+17   1.84545E+09   1.82087E+02   2.94355E-02   3.29422E-08
 1.51750E+01   1.97438E+17   1.95964E+09   1.82345E+02   2.94854E-02   3.29605E-08
 1.52250E+01   1.97671E+17   2.09051E+09   1.82721E+02   2.95390E-02   3.29675E-08
 1.52750E+01   1.98126E+17   2.23473E+09   1.83213E+02   2.95958E-02   3.29633E-08
 1.53250E+01   1.98799E+17   2.39039E+09   1.83817E+02   2.96555E-02   3.29482E-08
 1.53750E+01   1.99682E+17   2.55667E+09   1.84528E+02   2.97180E-02   3.29226E-08
 1.54250E+01   2.00769E+17   2.73361E+09   1.85340E+02   2.97827E-02   3.28869E-08
 1.54750E+01   2.02051E+17   2.92186E+09   1.86249E+02   2.98491E-02   3.28416E-08
 1.55250E+01   2.03518E+17   3.12251E+09   1.87247E+02   2.99167E-02   3.27873E-08
 1.55750E+01   2.05160E+17   3.33690E+09   1.88329E+02   2.99853E-02   3.27245E-08
 1.56250E+01   2.06967E+17   3.56645E+09   1.89487E+02   3.00543E-02   3.26540E-08
 1.56750E+01   2.08926E+17   3.81257E+09   1.90714E+02   3.01234E-02   3.25766E-08
 1.57250E+01   2.11025E+17   4.07657E+09   1.92003E+02   3.01922E-02   3.24929E-08
 1.57750E+01   2.13251E+17   4.35956E+09   1.93347E+02   3.02603E-02   3.24038E-08
 1.58250E+01   2.15592E+17   4.66244E+09   1.94737E+02   3.03275E-02   3.23099E-08
 1.58750E+01   2.18033E+17   4.98581E+09   1.96165E+02   3.03933E-02   3.22122E-08
 1.59250E+01   2.20560E+17   5.33001E+09   1.97624E+02   3.04574E-02   3.21112E-08
 1.59750E+01   2.23159E+17   5.69509E+09   1.99106E+02   3.05195E-02   3.20078E-08
 1.60250E+01   2.25816E+17   6.08080E+09   2.00602E+02   3.05793E-02   3.19026E-08
 1.60750E+01   2.28515E+17   6.48663E+09   2.02104E+02   3.06366E-02   3.17963E-08
 1.61250E+01   2.31243E+17   6.91177E+09   2.03604E+02   3.06910E-02   3.16895E-08
 1.61750E+01   2.33985E+17   7.35508E+09   2.05095E+02   3.07423E-02   3.15828E-08
 1.62250E+01   2.36726E+17   7.81504E+09   2.06569E+02   3.07903E-02   3.14768E-08
 1.62750E+01   2.39452E+17   8.28966E+09   2.08018E+02   3.08348E-02   3.13720E-08
 1.63250E+01   2.42149E+17   8.77635E+09   2.09435E+02   3.08756E-02   3.12689E-08
 1.63750E+01   2.44803E+17   9.27178E+09   2.10813E+02   3.09126E-02   3.11679E-08
 1.64250E+01   2.47402E+17   9.77180E+09   2.12146E+02   3.09456E-02   3.10694E-08
 1.64750E+01   2.49932E+17   1.02714E+10   2.13427E+02   3.09744E-02   3.09739E-08
 1.65250E+01   2.52381E+17   1.07645E+10   2.14650E+02   3.09991E-02   3.08815E-08
 1.65750E+01   2.54738E+17   1.12447E+10   2.15809E+02   3.10195E-02   3.07928E-08
 1.66250E+01   2.56992E+17   1.17047E+10   2.16899E+02   3.10357E-02   3.07078E-08
 1.66750E+01   2.59131E+17   1.21374E+10   2.17917E+02   3.10475E-02   3.06270E-08
 1.67250E+01   2.61147E+17   1.25357E+10   2.18856E+02   3.10550E-02   3.05504E-08
 1.67750E+01   2.63031E+17   1.28936E+10   2.19714E+02   3.10583E-02   3.04784E-08
 1.68250E+01   2.64774E+17   1.32059E+10   2.20486E+02   3.10572E-02   3.04110E-08
 1.68750E+01   2.66369E+17   1.34690E+10   2.21171E+02   3.10521E-02   3.03485E-08
 1.69250E+01   2.67810E+17   1.36813E+10   2.21766E+02   3.10428E-02   3.02910E-08
 1.69750E+01   2.69092E+17   1.38425E+10   2.22268E+02   3.10296E-02   3.02385E-08
 1.70250E+01   2.70209E+17   1.39548E+10   2.22677E+02   3.10126E-02   3.01912E-08
 1.70750E+01   2.71158E+17   1.40214E+10   2.22992E+02   3.09918E-02   3.01492E-08
 1.71250E+01   2.71937E+17   1.40461E+10   2.23212E+02   3.09676E-02   3.01126E-08
 1.71750E+01   2.72543E+17   1.40459E+10   2.23337E+02   3.09399E-02   3.00813E-08
 1.72250E+01   2.72976E+17   1.40450E+10   2.23368E+02   3.09091E-02   3.00554E-08
 1.72750E+01   2.73235E+17   1.40381E+10   2.23306E+02   3.08754E-02   3.00350E-08
 1.73250E+01   2.73321E+17   1.39396E+10   2.23154E+02   3.08390E-02   3.00200E-08
 1.73750E+01   2.73237E+17   1.37485E+10   2.22911E+02   3.08000E-02   3.00104E-08
 1.74250E+01   2.72985E+17   1.34854E+10   2.22582E+02   3.07587E-02   3.00062E-08
 1.74750E+01   2.72568E+17   1.31678E+10   2.22169E+02   3.07154E-02   3.00074E-08
 1.75250E+01   2.71991E+17   1.28078E+10   2.21676E+02   3.06704E-02   3.00139E-08
 1.75750E+01   2.71259E+17   1.24143E+10   2.21105E+02   3.06238E-02   3.00257E-08
 1.76250E+01   2.70378E+17   1.19937E+10   2.20461E+02   3.05760E-02   3.00426E-08
 1.76750E+01   2.69354E+17   1.15502E+10   2.19749E+02   3.05272E-02   3.00647E-08
 1.77250E+01   2.68194E+17   1.10873E+10   2.18972E+02   3.04776E-02   3.00916E-08
 1.77750E+01   2.66907E+17   1.06075E+10   2.18137E+02   3.04276E-02   3.01234E-08
 1.78250E+01   2.65501E+17   1.01137E+10   2.17247E+02   3.03774E-02   3.01599E-08
 1.78750E+01   2.63985E+17   9.60847E+09   2.16309E+02   3.03273E-02   3.02009E-08
 1.79250E+01   2.62368E+17   9.09490E+09   2.15328E+02   3.02775E-02   3.02462E-08
 1.79750E+01   2.60660E+17   8.57625E+09   2.14310E+02   3.02282E-02   3.02957E-08
 1.80250E+01   2.58872E+17   8.05605E+09   2.13261E+02   3.01799E-02   3.03491E-08
 1.80750E+01   2.57014E+17   7.53789E+09   2.12186E+02   3.01325E-02   3.04061E-08
 1.81250E+01   2.55096E+17   7.02545E+09   2.11091E+02   3.00865E-02   3.04666E-08
 1.81750E+01   2.53130E+17   6.52230E+09   2.09983E+02   3.00420E-02   3.05302E-08
 1.82250E+01   2.51126E+17   6.03191E+09   2.08867E+02   2.99992E-02   3.05967E-08
 1.82750E+01   2.49096E+17   5.55754E+09   2.07749E+02   2.99584E-02   3.06656E-08
 1.83250E+01   2.47051E+17   5.10223E+09   2.06636E+02   2.99196E-02   3.07368E-08
 1.83750E+01   2.45001E+17   4.66877E+09   2.05533E+02   2.98832E-02   3.08097E-08
 1.84250E+01   2.42958E+17   4.25969E+09   2.04446E+02   2.98492E-02   3.08841E-08
 1.84750E+01   2.40932E+17   3.87724E+09   2.03381E+02   2.98178E-02   3.09596E-08
 1.85250E+01   2.38934E+17   3.52338E+09   2.02342E+02   2.97892E-02   3.10357E-08
 1.85750E+01   2.36975E+17   3.19974E+09   2.01334E+02   2.97634E-02   3.11120E-08
 1.86250E+01   2.35063E+17   2.90758E+09   2.00364E+02   2.97405E-02   3.11882E-08
 1.86750E+01   2.33208E+17   2.64778E+09   1.99434E+02   2.97207E-02   3.12637E-08
 1.87250E+01   2.31420E+17   2.42079E+09   1.98551E+02   2.97039E-02   3.13381E-08
 1.87750E+01   2.29707E+17   2.22657E+09   1.97717E+02   2.96903E-02   3.14110E-08
 1.88250E+01   2.28077E+17   2.06461E+09   1.96937E+02   2.96799E-02   3.14820E-08
 1.88750E+01   2.26537E+17   1.93388E+09   1.96213E+02   2.96726E-02   3.15505E-08
 1.89250E+01   2.25096E+17   1.83277E+09   1.95550E+02   2.96686E-02   3.16163E-08
 1.89750E+01   2.23758E+17   1.75918E+09   1.94949E+02   2.96677E-02   3.16789E-08
 1.90250E+01   2.22530E+17   1.71055E+09   1.94414E+02   2.96700E-02   3.17379E-08
 1.90750E+01   2.21417E+17   1.68363E+09   1.93945E+02   2.96753E-02   3.17929E-08
 1.91250E+01   2.20422E+17   1.67687E+09   1.93545E+02   2.96837E-02   3.18436E-08
 1.91750E+01   2.19551E+17   1.67670E+09   1.93216E+02   2.96950E-02   3.18897E-08
 1.92250E+01   2.18805E+17   1.67652E+09   1.92956E+02   2.97091E-02   3.19310E-08
 1.92750E+01   2.18188E+17   1.68462E+09   1.92768E+02   2.97260E-02   3.19671E-08
 1.93250E+01   2.17700E+17   1.73319E+09   1.92652E+02   2.97454E-02   3.19980E-08
 1.93750E+01   2.17342E+17   1.81509E+09   1.92606E+02   2.97674E-02   3.20234E-08
 1.94250E+01   2.17116E+17   1.92201E+09   1.92630E+02   2.97916E-02   3.20432E-08
 1.94750E+01   2.17019E+17   2.04823E+09   1.92724E+02   2.98181E-02   3.20574E-08
 1.95250E+01   2.17052E+17   2.18974E+09   1.92885E+02   2.98465E-02   3.20660E-08
 1.95750E+01   2.17212E+17   2.34401E+09   1.93112E+02   2.98768E-02   3.20690E-08
 1.96250E+01   2.17496E+17   2.50975E+09   1.93404E+02   2.99087E-02   3.20664E-08
 1.96750E+01   2.17902E+17   2.68666E+09   1.93757E+02   2.99421E-02   3.20584E-08
 1.97250E+01   2.18425E+17   2.87514E+09   1.94169E+02   2.99767E-02   3.20451E-08
 1.97750E+01   2.19062E+17   3.07612E+09   1.94637E+02   3.00123E-02   3.20267E-08
 1.98250E+01   2.19807E+17   3.29081E+09   1.95158E+02   3.00489E-02   3.20035E-08
 1.98750E+01   2.20656E+17   3.52059E+09   1.95728E+02   3.00860E-02   3.19756E-08
 1.99250E+01   2.21602E+17   3.76686E+09   1.96344E+02   3.01236E-02   3.19433E-08
 1.99750E+01   2.22639E+17   4.03094E+09   1.97002E+02   3.01615E-02   3.19070E-08
 2.00250E+01   2.23760E+17   4.31398E+09   1.97697E+02   3.01994E-02   3.18669E-08
 2.00750E+01   2.24959E+17   4.61693E+09   1.98427E+02   3.02371E-02   3.18234E-08
 2.01250E+01   2.26227E+17   4.94054E+09   1.99185E+02   3.02744E-02   3.17769E-08
 2.01750E+01   2.27558E+17   5.28530E+09   1.99968E+02   3.03112E-02   3.17277E-08
 2.02250E+01   2.28944E+17   5.65148E+09   2.00772E+02   3.03472E-02   3.16761E-08
 2.02750E+01   2.30376E+17   6.03907E+09   2.01591E+02   3.03823E-02   3.16225E-08
 2.03250E+01   2.31846E+17   6.44778E+09   2.02422E+02   3.04162E-02   3.15673E-08
 2.03750E+01   2.33346E+17   6.87695E+09   2.03260E+02   3.04489E-02   3.15107E-08
 2.04250E+01   2.34868E+17   7.32552E+09   2.04100E+02   3.04802E-02   3.14533E-08
 2.04750E+01   2.36403E+17   7.79186E+09   2.04937E+02   3.05098E-02   3.13952E-08
 2.05250E+01   2.37943E+17   8.27368E+09   2.05768E+02   3.05378E-02   3.13369E-08
 2.05750E+01   2.39480E+17   8.76794E+09   2.06588E+02   3.05639E-02   3.12786E-08
 2.06250E+01   2.41005E+17   9.27073E+09   2.07393E+02   3.05880E-02   3.12207E-08
 2.06750E+01   2.42511E+17   9.77728E+09   2.08178E+02   3.06100E-02   3.11634E-08
 2.07250E+01   2.43990E+17   1.02820E+10   2.08940E+02   3.06299E-02   3.11071E-08
 2.07750E+01   2.45435E+17   1.07785E+10   2.09675E+02   3.06475E-02   3.10519E-08
 2.08250E+01   2.46837E+17   1.12600E+10   2.10379E+02   3.06628E-02   3.09981E-08
 2.08750E+01   2.48191E+17   1.17193E+10   2.11049E+02   3.06758E-02   3.09460E-08
 2.09250E+01   2.49490E+17   1.21495E+10   2.11683E+02   3.06864E-02   3.08958E-08
 2.09750E+01   2.50728E+17   1.25439E+10   2.12276E+02   3.06945E-02   3.08476E-08
 2.10250E+01   2.51898E+17   1.28966E+10   2.12827E+02   3.07003E-02   3.08016E-08
 2.10750E+01   2.52996E+17   1.32032E+10   2.13333E+02   3.07036E-02   3.07581E-08
 2.11250E+01   2.54016E+17   1.34609E+10   2.13792E+02   3.07045E-02   3.07172E-08
 2.11750E+01   2.54955E+17   1.36685E+10   2.14202E+02   3.07030E-02   3.06790E-08
 2.12250E+01   2.55808E+17   1.38270E+10   2.14562E+02   3.06991E-02   3.06435E-08
 2.12750E+01   2.56572E+17   1.39388E+10   2.14870E+02   3.06930E-02   3.06111E-08
 2.13250E+01   2.57243E+17   1.40072E+10   2.15125E+02   3.06847E-02   3.05816E-08
 2.13750E+01   2.57820E+17   1.40362E+10   2.15327E+02   3.06742E-02   3.05553E-08
 2.14250E+01   2.58301E+17   1.40349E+10   2.15476E+02   3.06616E-02   3.05322E-08
 2.14750E+01   2.58684E+17   1.40318E+10   2.15570E+02   3.06470E-02   3.05123E-08
 2.15250E+01   2.58968E+17   1.40286E+10   2.15611E+02   3.06306E-02   3.04957E-08
 2.15750E+01   2.59154E+17   1.39384E+10   2.15599E+02   3.06125E-02   3.04823E-08
 2.16250E+01   2.59242E+17   1.37460E+10   2.15534E+02   3.05926E-02   3.04723E-08
 2.16750E+01   2.59232E+17   1.34742E+10   2.15418E+02   3.05713E-02   3.04656E-08
 2.17250E+01   2.59125E+17   1.31441E+10   2.15252E+02   3.05486E-02   3.04623E-08
 2.17750E+01   2.58924E+17   1.27701E+10   2.15037E+02   3.05246E-02   3.04622E-08
 2.18250E+01   2.58631E+17   1.23622E+10   2.14775E+02   3.04996E-02   3.04653E-08
 2.18750E+01   2.58249E+17   1.19269E+10   2.14469E+02   3.04736E-02   3.04717E-08
 2.19250E+01   2.57780E+17   1.14689E+10   2.14120E+02   3.04468E-02   3.04812E-08
 2.19750E+01   2.57229E+17   1.09919E+10   2.13731E+02   3.04194E-02   3.04938E-08
 2.20250E+01   2.56599E+17   1.04989E+10   2.13305E+02   3.03915E-02   3.05094E-08
 2.20750E+01   2.55895E+17   9.99297E+09   2.12844E+02   3.03633E-02   3.05279E-08
 2.21250E+01   2.55122E+17   9.47707E+09   2.12351E+02   3.03349E-02   3.05492E-08
 2.21750E+01   2.54285E+17   8.95433E+09   2.11830E+02   3.03065E-02   3.05731E-08
 2.22250E+01   2.53389E+17   8.42802E+09   2.11283E+02   3.02782E-02   3.05996E-08
 2.22750E+01   2.52440E+17   7.90157E+09   2.10714E+02   3.02502E-02   3.06285E-08
 2.23250E+01   2.51443E+17   7.37855E+09   2.10126E+02   3.02227E-02   3.06596E-08
 2.23750E+01   2.50405E+17   6.86254E+09   2.09523E+02   3.01958E-02   3.06928E-08
 2.24250E+01   2.49331E+17   6.35717E+09   2.08907E+02   3.01695E-02   3.07278E-08
 2.24750E+01   2.48229E+17   5.86592E+09   2.08284E+02   3.01442E-02   3.07646E-08
 2.25250E+01   2.47104E+17   5.39215E+09   2.07655E+02   3.01197E-02   3.08029E-08
 2.25750E+01   2.45963E+17   4.93899E+09   2.07025E+02   3.00964E-02   3.08425E-08
 2.26250E+01   2.44812E+17   4.50933E+09   2.06396E+02   3.00743E-02   3.08832E-08
 2.26750E+01   2.43658E+17   4.10579E+09   2.05773E+02   3.00535E-02   3.09248E-08
 2.27250E+01   2.42506E+17   3.73065E+09   2.05159E+02   3.00341E-02   3.09670E-08
 2.27750E+01   2.41364E+17   3.38586E+09   2.04556E+02   3.00162E-02   3.10096E-08
 2.28250E+01   2.40237E+17   3.07297E+09   2.03969E+02   2.99999E-02   3.10524E-08
 2.28750E+01   2.39131E+17   2.79310E+09   2.03399E+02   2.99852E-02   3.10951E-08
 2.29250E+01   2.38052E+17   2.54690E+09   2.02850E+02   2.99722E-02   3.11375E-08
 2.29750E+01   2.37006E+17   2.33447E+09   2.02325E+02   2.99610E-02   3.11794E-08
 2.30250E+01   2.35997E+17   2.15535E+09   2.01826E+02   2.99515E-02   3.12204E-08
 2.30750E+01   2.35031E+17   2.00850E+09   2.01355E+02   2.99439E-02   3.12605E-08
 2.31250E+01   2.34113E+17   1.89229E+09   2.00915E+02   2.99380E-02   3.12993E-08
 2.31750E+01   2.33247E+17   1.80467E+09   2.00507E+02   2.99340E-02   3.13366E-08
 2.32250E+01   2.32436E+17   1.74321E+09   2.00134E+02   2.99319E-02   3.13722E-08
 2.32750E+01   2.31685E+17   1.70534E+09   1.99797E+02   2.99315E-02   3.14059E-08
 2.33250E+01   2.30997E+17   1.68818E+09   1.99498E+02   2.99330E-02   3.14376E-08
 2.33750E+01   2.30375E+17   1.68698E+09   1.99237E+02   2.99362E-02   3.14670E-08
 2.34250E+01   2.29821E+17   1.68694E+09   1.99015E+02   2.99411E-02   3.14940E-08
 2.34750E+01   2.29338E+17   1.68691E+09   1.98833E+02   2.99478E-02   3.15184E-08
 2.35250E+01   2.28928E+17   1.71343E+09   1.98692E+02   2.99560E-02   3.15401E-08
 2.35750E+01   2.28590E+17   1.78023E+09   1.98592E+02   2.99658E-02   3.15591E-08
 2.36250E+01   2.28328E+17   1.87692E+09   1.98533E+02   2.99771E-02   3.15751E-08
 2.36750E+01   2.28140E+17   1.99692E+09   1.98514E+02   2.99897E-02   3.15882E-08
 2.37250E+01   2.28027E+17   2.13495E+09   1.98536E+02   3.00037E-02   3.15984E-08
 2.37750E+01   2.27988E+17   2.28761E+09   1.98597E+02   3.00189E-02   3.16055E-08
 2.38250E+01   2.28024E+17   2.45296E+09   1.98696E+02   3.00352E-02   3.16096E-08
 2.38750E+01   2.28132E+17   2.63017E+09   1.98833E+02   3.00525E-02   3.16107E-08
 2.39250E+01   2.28311E+17   2.81934E+09   1.99007E+02   3.00708E-02   3.16088E-08
 2.39750E+01   2.28559E+17   3.02115E+09   1.99215E+02   3.00898E-02   3.16040E-08
 2.40250E+01   2.28874E+17   3.23669E+09   1.99457E+02   3.01095E-02   3.15964E-08
 2.40750E+01   2.29253E+17   3.46723E+09   1.99731E+02   3.01298E-02   3.15860E-08
 2.41250E+01   2.29694E+17   3.71415E+09   2.00034E+02   3.01505E-02   3.15731E-08
 2.41750E+01   2.30192E+17   3.97879E+09   2.00364E+02   3.01716E-02   3.15576E-08
 2.42250E+01   2.30745E+17   4.26237E+09   2.00720E+02   3.01928E-02   3.15398E-08
 2.42750E+01   2.31349E+17   4.56600E+09   2.01098E+02   3.02142E-02   3.15197E-08
 2.43250E+01   2.32000E+17   4.89057E+09   2.01498E+02   3.02355E-02   3.14976E-08
 2.43750E+01   2.32693E+17   5.23678E+09   2.01916E+02   3.02566E-02   3.14737E-08
 2.44250E+01   2.33425E+17   5.60508E+09   2.02349E+02   3.02775E-02   3.14480E-08
 2.44750E+01   2.34190E+17   5.99559E+09   2.02796E+02   3.02981E-02   3.14208E-08
 2.45250E+01   2.34985E+17   6.40812E+09   2.03253E+02   3.03182E-02   3.13923E-08
 2.45750E+01   2.35804E+17   6.84199E+09   2.03718E+02   3.03377E-02   3.13626E-08
 2.46250E+01   2.36643E+17   7.29600E+09   2.04188E+02   3.03565E-02   3.13320E-08
 2.46750E+01   2.37497E+17   7.76828E+09   2.04661E+02   3.03745E-02   3.13006E-08
 2.47250E+01   2.38360E+17   8.25620E+09   2.05134E+02   3.03917E-02   3.12686E-08
 2.47750E+01   2.39230E+17   8.75628E+09   2.05605E+02   3.04080E-02   3.12363E-08
 2.48250E+01   2.40099E+17   9.26419E+09   2.06071E+02   3.04233E-02   3.12037E-08
 2.48750E+01   2.40965E+17   9.77470E+09   2.06529E+02   3.04375E-02   3.11712E-08
 2.49250E+01   2.41822E+17   1.02819E+10   2.06977E+02   3.04505E-02   3.11387E-08
 2.49750E+01   2.42666E+17   1.07791E+10   2.07413E+02   3.04623E-02   3.11067E-08
 2.50250E+01   2.43492E+17   1.12595E+10   2.07835E+02   3.04729E-02   3.10750E-08
 2.50750E+01   2.44296E+17   1.17161E+10   2.08241E+02   3.04823E-02   3.10441E-08
 2.51250E+01   2.45074E+17   1.21423E+10   2.08628E+02   3.04903E-02   3.10139E-08
 2.51750E+01   2.45824E+17   1.25320E+10   2.08996E+02   3.04970E-02   3.09846E-08
 2.52250E+01   2.46539E+17   1.28803E+10   2.09341E+02   3.05023E-02   3.09564E-08
 2.52750E+01   2.47219E+17   1.31834E+10   2.09664E+02   3.05063E-02   3.09293E-08
 2.53250E+01   2.47859E+17   1.34389E+10   2.09961E+02   3.05089E-02   3.09036E-08
 2.53750E+01   2.48456E+17   1.36460E+10   2.10233E+02   3.05101E-02   3.08792E-08
 2.54250E+01   2.49009E+17   1.38051E+10   2.10477E+02   3.05100E-02   3.08563E-08
 2.54750E+01   2.49514E+17   1.39182E+10   2.10694E+02   3.05085E-02   3.08350E-08
 2.55250E+01   2.49970E+17   1.39883E+10   2.10882E+02   3.05058E-02   3.08153E-08
 2.55750E+01   2.50375E+17   1.40191E+10   2.11040E+02   3.05018E-02   3.07973E-08
 2.56250E+01   2.50728E+17   1.40246E+10   2.11169E+02   3.04966E-02   3.07811E-08
 2.56750E+01   2.51027E+17   1.40293E+10   2.11268E+02   3.04902E-02   3.07667E-08
 2.57250E+01   2.51272E+17   1.40330E+10   2.11337E+02   3.04826E-02   3.07542E-08
 2.57750E+01   2.51462E+17   1.39515E+10   2.11376E+02   3.04740E-02   3.07435E-08
 2.58250E+01   2.51598E+17   1.37729E+10   2.11386E+02   3.04644E-02   3.07348E-08
 2.58750E+01   2.51679E+17   1.35144E+10   2.11366E+02   3.04539E-02   3.07280E-08
 2.59250E+01   2.51705E+17   1.31942E+10   2.11318E+02   3.04425E-02   3.07230E-08
 2.59750E+01   2.51678E+17   1.28261E+10   2.11241E+02   3.04303E-02   3.07200E-08
 2.60250E+01   2.51598E+17   1.24206E+10   2.11138E+02   3.04174E-02   3.07190E-08
 2.60750E+01   2.51467E+17   1.19860E+10   2.11008E+02   3.04038E-02   3.07197E-08
 2.61250E+01   2.51285E+17   1.15283E+10   2.10852E+02   3.03897E-02   3.07224E-08
 2.61750E+01   2.51055E+17   1.10522E+10   2.10673E+02   3.03751E-02   3.07268E-08
 2.62250E+01   2.50779E+17   1.05612E+10   2.10471E+02   3.03601E-02   3.07331E-08
 2.62750E+01   2.50459E+17   1.00584E+10   2.10248E+02   3.03449E-02   3.07410E-08
 2.63250E+01   2.50096E+17   9.54665E+09   2.10005E+02   3.03293E-02   3.07506E-08
 2.63750E+01   2.49695E+17   9.02879E+09   2.09744E+02   3.03137E-02   3.07618E-08
 2.64250E+01   2.49257E+17   8.50783E+09   2.09466E+02   3.02980E-02   3.07745E-08
 2.64750E+01   2.48785E+17   7.98691E+09   2.09174E+02   3.02823E-02   3.07886E-08
 2.65250E+01   2.48283E+17   7.46930E+09   2.08868E+02   3.02668E-02   3.08041E-08
 2.65750E+01   2.47753E+17   6.95834E+09   2.08551E+02   3.02515E-02   3.08208E-08
 2.66250E+01   2.47199E+17   6.45743E+09   2.08225E+02   3.02364E-02   3.08387E-08
 2.66750E+01   2.46623E+17   5.96988E+09   2.07891E+02   3.02217E-02   3.08577E-08
 2.67250E+01   2.46031E+17   5.49892E+09   2.07552E+02   3.02074E-02   3.08776E-08
 2.67750E+01   2.45423E+17   5.04762E+09   2.07209E+02   3.01936E-02   3.08983E-08
 2.68250E+01   2.44806E+17   4.61881E+09   2.06864E+02   3.01804E-02   3.09198E-08
 2.68750E+01   2.44180E+17   4.21507E+09   2.06518E+02   3.01678E-02   3.09418E-08
 2.69250E+01   2.43551E+17   3.83868E+09   2.06175E+02   3.01558E-02   3.09643E-08
 2.69750E+01   2.42921E+17   3.49156E+09   2.05835E+02   3.01446E-02   3.09872E-08
 2.70250E+01   2.42295E+17   3.17525E+09   2.05500E+02   3.01341E-02   3.10103E-08
 2.70750E+01   2.41674E+17   2.89083E+09   2.05173E+02   3.01245E-02   3.10336E-08
 2.71250E+01   2.41063E+17   2.63893E+09   2.04854E+02   3.01158E-02   3.10568E-08
 2.71750E+01   2.40464E+17   2.41971E+09   2.04545E+02   3.01079E-02   3.10798E-08
 2.72250E+01   2.39881E+17   2.23277E+09   2.04248E+02   3.01010E-02   3.11026E-08
 2.72750E+01   2.39316E+17   2.07722E+09   2.03964E+02   3.00950E-02   3.11250E-08
 2.73250E+01   2.38772E+17   1.95167E+09   2.03695E+02   3.00900E-02   3.11469E-08
 2.73750E+01   2.38252E+17   1.85425E+09   2.03441E+02   3.00860E-02   3.11681E-08
 2.74250E+01   2.37759E+17   1.78269E+09   2.03204E+02   3.00830E-02   3.11886E-08
 2.74750E+01   2.37293E+17   1.73437E+09   2.02985E+02   3.00809E-02   3.12083E-08
 2.75250E+01   2.36859E+17   1.70644E+09   2.02785E+02   3.00799E-02   3.12270E-08
 2.75750E+01   2.36456E+17   1.69665E+09   2.02604E+02   3.00798E-02   3.12447E-08
 2.76250E+01   2.36088E+17   1.69664E+09   2.02443E+02   3.00807E-02   3.12612E-08
 2.76750E+01   2.35756E+17   1.69675E+09   2.02303E+02   3.00825E-02   3.12765E-08
 2.77250E+01   2.35461E+17   1.69976E+09   2.02184E+02   3.00853E-02   3.12906E-08
 2.77750E+01   2.35203E+17   1.73901E+09   2.02087E+02   3.00889E-02   3.13032E-08
 2.78250E+01   2.34985E+17   1.81397E+09   2.02012E+02   3.00935E-02   3.13145E-08
 2.78750E+01   2.34806E+17   1.91658E+09   2.01959E+02   3.00989E-02   3.13243E-08
 2.79250E+01   2.34667E+17   2.04038E+09   2.01927E+02   3.01050E-02   3.13326E-08
 2.79750E+01   2.34569E+17   2.18107E+09   2.01918E+02   3.01119E-02   3.13394E-08
 2.80250E+01   2.34511E+17   2.33583E+09   2.01930E+02   3.01195E-02   3.13446E-08
 2.80750E+01   2.34492E+17   2.50308E+09   2.01963E+02   3.01278E-02   3.13483E-08
 2.81250E+01   2.34514E+17   2.68221E+09   2.02017E+02   3.01367E-02   3.13504E-08
 2.81750E+01   2.34574E+17   2.87332E+09   2.02091E+02   3.01461E-02   3.13510E-08
 2.82250E+01   2.34673E+17   3.07706E+09   2.02185E+02   3.01560E-02   3.13501E-08
 2.82750E+01   2.34809E+17   3.29444E+09   2.02297E+02   3.01663E-02   3.13476E-08
 2.83250E+01   2.34981E+17   3.52665E+09   2.02428E+02   3.01770E-02   3.13437E-08
 2.83750E+01   2.35187E+17   3.77498E+09   2.02575E+02   3.01881E-02   3.13383E-08
 2.84250E+01   2.35427E+17   4.04075E+09   2.02739E+02   3.01993E-02   3.13315E-08
 2.84750E+01   2.35698E+17   4.32520E+09   2.02917E+02   3.02107E-02   3.13235E-08
 2.85250E+01   2.36000E+17   4.62948E+09   2.03110E+02   3.02223E-02   3.13141E-08
 2.85750E+01   2.36328E+17   4.95456E+09   2.03315E+02   3.02339E-02   3.13036E-08
 2.86250E+01   2.36683E+17   5.30123E+09   2.03531E+02   3.02456E-02   3.12920E-08
 2.86750E+01   2.37061E+17   5.66998E+09   2.03758E+02   3.02571E-02   3.12793E-08
 2.87250E+01   2.37461E+17   6.06098E+09   2.03993E+02   3.02686E-02   3.12657E-08
 2.87750E+01   2.37879E+17   6.47398E+09   2.04236E+02   3.02799E-02   3.12513E-08
 2.88250E+01   2.38314E+17   6.90818E+09   2.04486E+02   3.02909E-02   3.12360E-08
 2.88750E+01   2.38763E+17   7.36216E+09   2.04740E+02   3.03017E-02   3.12201E-08
 2.89250E+01   2.39224E+17   7.83380E+09   2.04997E+02   3.03121E-02   3.12036E-08
 2.89750E+01   2.39694E+17   8.32020E+09   2.05256E+02   3.03221E-02   3.11867E-08
 2.90250E+01   2.40170E+17   8.81763E+09   2.05516E+02   3.03317E-02   3.11693E-08
 2.90750E+01   2.40651E+17   9.32157E+09   2.05776E+02   3.03408E-02   3.11517E-08
 2.91250E+01   2.41133E+17   9.82672E+09   2.06033E+02   3.03494E-02   3.11338E-08
 2.91750E+01   2.41614E+17   1.03272E+10   2.06287E+02   3.03574E-02   3.11159E-08
 2.92250E+01   2.42091E+17   1.08166E+10   2.06536E+02   3.03648E-02   3.10980E-08
 2.92750E+01   2.42563E+17   1.12883E+10   2.06779E+02   3.03716E-02   3.10801E-08
 2.93250E+01   2.43026E+17   1.17359E+10   2.07016E+02   3.03777E-02   3.10624E-08
 2.93750E+01   2.43479E+17   1.21532E+10   2.07244E+02   3.03832E-02   3.10450E-08
 2.94250E+01   2.43919E+17   1.25348E+10   2.07462E+02   3.03879E-02   3.10280E-08
 2.94750E+01   2.44344E+17   1.28763E+10   2.07671E+02   3.03920E-02   3.10113E-08
 2.95250E+01   2.44753E+17   1.31743E+10   2.07868E+02   3.03953E-02   3.09952E-08
 2.95750E+01   2.45142E+17   1.34269E+10   2.08053E+02   3.03979E-02   3.09797E-08
 2.96250E+01   2.45512E+17   1.36333E+10   2.08226E+02   3.03998E-02   3.09647E-08
 2.96750E+01   2.45859E+17   1.37942E+10   2.08384E+02   3.04009E-02   3.09505E-08
 2.97250E+01   2.46183E+17   1.39114E+10   2.08529E+02   3.04013E-02   3.09371E-08
 2.97750E+01   2.46482E+17   1.39880E+10   2.08658E+02   3.04009E-02   3.09244E-08
 2.98250E+01   2.46755E+17   1.40285E+10   2.08772E+02   3.03999E-02   3.09127E-08
 2.98750E+01   2.47001E+17   1.40351E+10   2.08871E+02   3.03981E-02   3.09018E-08
 2.99250E+01   2.47219E+17   1.40344E+10   2.08954E+02   3.03957E-02   3.08919E-08
 2.99750E+01   2.47409E+17   1.40337E+10   2.09020E+02   3.03926E-02   3.08830E-08
 3.00250E+01   2.47569E+17   1.39979E+10   2.09070E+02   3.03889E-02   3.08751E-08
 3.00750E+01   2.47699E+17   1.38458E+10   2.09104E+02   3.03845E-02   3.08682E-08
 3.01250E+01   2.47800E+17   1.36045E+10   2.09122E+02   3.03796E-02   3.08623E-08
 3.01750E+01   2.47871E+17   1.32949E+10   2.09123E+02   3.03742E-02   3.08575E-08
 3.02250E+01   2.47912E+17   1.29326E+10   2.09109E+02   3.03682E-02   3.08538E-08
 3.02750E+01   2.47923E+17   1.25300E+10   2.09079E+02   3.03618E-02   3.08512E-08
 3.03250E+01   2.47906E+17   1.20964E+10   2.09034E+02   3.03550E-02   3.08496E-08
 3.03750E+01   2.47860E+17   1.16387E+10   2.08974E+02   3.03478E-02   3.08491E-08
 3.04250E+01   2.47785E+17   1.11619E+10   2.08900E+02   3.03403E-02   3.08496E-08
 3.04750E+01   2.47684E+17   1.06700E+10   2.08813E+02   3.03325E-02   3.08512E-08
 3.05250E+01   2.47556E+17   1.01662E+10   2.08712E+02   3.03244E-02   3.08537E-08
 3.05750E+01   2.47404E+17   9.65358E+09   2.08600E+02   3.03161E-02   3.08572E-08
 3.06250E+01   2.47228E+17   9.13487E+09   2.08475E+02   3.03077E-02   3.08617E-08
 3.06750E+01   2.47029E+17   8.61299E+09   2.08341E+02   3.02991E-02   3.08671E-08
 3.07250E+01   2.46808E+17   8.09097E+09   2.08196E+02   3.02905E-02   3.08734E-08
 3.07750E+01   2.46569E+17   7.57197E+09   2.08043E+02   3.02819E-02   3.08804E-08
 3.08250E+01   2.46311E+17   7.05922E+09   2.07881E+02   3.02733E-02   3.08883E-08
 3.08750E+01   2.46037E+17   6.55603E+09   2.07713E+02   3.02648E-02   3.08968E-08
 3.09250E+01   2.45748E+17   6.06569E+09   2.07539E+02   3.02564E-02   3.09061E-08
 3.09750E+01   2.45446E+17   5.59144E+09   2.07360E+02   3.02482E-02   3.09159E-08
 3.10250E+01   2.45133E+17   5.13636E+09   2.07177E+02   3.02401E-02   3.09263E-08
 3.10750E+01   2.44812E+17   4.70339E+09   2.06992E+02   3.02324E-02   3.09372E-08
 3.11250E+01   2.44482E+17   4.29519E+09   2.06804E+02   3.02249E-02   3.09486E-08
 3.11750E+01   2.44148E+17   3.91412E+09   2.06616E+02   3.02177E-02   3.09602E-08
 3.12250E+01   2.43809E+17   3.56220E+09   2.06428E+02   3.02108E-02   3.09722E-08
 3.12750E+01   2.43470E+17   3.24102E+09   2.06241E+02   3.02044E-02   3.09844E-08
 3.13250E+01   2.43130E+17   2.95169E+09   2.06056E+02   3.01983E-02   3.09968E-08
 3.13750E+01   2.42793E+17   2.69487E+09   2.05875E+02   3.01927E-02   3.10092E-08
 3.14250E+01   2.42459E+17   2.47068E+09   2.05698E+02   3.01876E-02   3.10216E-08
 3.14750E+01   2.42132E+17   2.27875E+09   2.05526E+02   3.01829E-02   3.10340E-08
 3.15250E+01   2.41812E+17   2.11818E+09   2.05359E+02   3.01788E-02   3.10463E-08
 3.15750E+01   2.41500E+17   1.98762E+09   2.05200E+02   3.01752E-02   3.10584E-08
 3.16250E+01   2.41200E+17   1.88525E+09   2.05047E+02   3.01720E-02   3.10702E-08
 3.16750E+01   2.40912E+17   1.80887E+09   2.04903E+02   3.01695E-02   3.10817E-08
 3.17250E+01   2.40637E+17   1.75592E+09   2.04768E+02   3.01674E-02   3.10928E-08
 3.17750E+01   2.40377E+17   1.72369E+09   2.04643E+02   3.01659E-02   3.11035E-08
 3.18250E+01   2.40134E+17   1.70932E+09   2.04527E+02   3.01650E-02   3.11137E-08
 3.18750E+01   2.39908E+17   1.70831E+09   2.04422E+02   3.01646E-02   3.11233E-08
 3.19250E+01   2.39700E+17   1.70815E+09   2.04328E+02   3.01648E-02   3.11324E-08
 3.19750E+01   2.39512E+17   1.70799E+09   2.04245E+02   3.01654E-02   3.11407E-08
 3.20250E+01   2.39344E+17   1.73521E+09   2.04174E+02   3.01666E-02   3.11485E-08
 3.20750E+01   2.39196E+17   1.80233E+09   2.04114E+02   3.01683E-02   3.11554E-08
 3.21250E+01   2.39070E+17   1.89939E+09   2.04067E+02   3.01706E-02   3.11617E-08
 3.21750E+01   2.38966E+17   2.01998E+09   2.04032E+02   3.01732E-02   3.11671E-08
 3.22250E+01   2.38884E+17   2.15907E+09   2.04009E+02   3.01764E-02   3.11718E-08
 3.22750E+01   2.38825E+17   2.31345E+09   2.03999E+02   3.01799E-02   3.11756E-08
 3.23250E+01   2.38788E+17   2.48118E+09   2.04000E+02   3.01839E-02   3.11786E-08
 3.23750E+01   2.38773E+17   2.66135E+09   2.04014E+02   3.01883E-02   3.11807E-08
 3.24250E+01   2.38781E+17   2.85387E+09   2.04039E+02   3.01930E-02   3.11820E-08
 3.24750E+01   2.38811E+17   3.05924E+09   2.04075E+02   3.01981E-02   3.11824E-08
 3.25250E+01   2.38863E+17   3.27838E+09   2.04123E+02   3.02034E-02   3.11820E-08
 3.25750E+01   2.38935E+17   3.51248E+09   2.04182E+02   3.02090E-02   3.11808E-08
 3.26250E+01   2.39028E+17   3.76288E+09   2.04251E+02   3.02148E-02   3.11787E-08
 3.26750E+01   2.39142E+17   4.03101E+09   2.04329E+02   3.02208E-02   3.11759E-08
 3.27250E+01   2.39274E+17   4.31825E+09   2.04417E+02   3.02270E-02   3.11722E-08
 3.27750E+01   2.39425E+17   4.62591E+09   2.04514E+02   3.02333E-02   3.11679E-08
 3.28250E+01   2.39592E+17   4.95511E+09   2.04619E+02   3.02397E-02   3.11628E-08
 3.28750E+01   2.39776E+17   5.30676E+09   2.04731E+02   3.02461E-02   3.11570E-08
 3.29250E+01   2.39975E+17   5.68145E+09   2.04850E+02   3.02526E-02   3.11506E-08
 3.29750E+01   2.40189E+17   6.07933E+09   2.04976E+02   3.02590E-02   3.11436E-08
 3.30250E+01   2.40415E+17   6.50007E+09   2.05107E+02   3.02654E-02   3.11361E-08
 3.30750E+01   2.40652E+17   6.94269E+09   2.05242E+02   3.02718E-02   3.11280E-08
 3.31250E+01   2.40899E+17   7.40552E+09   2.05381E+02   3.02780E-02   3.11195E-08
 3.31750E+01   2.41156E+17   7.88608E+09   2.05524E+02   3.02841E-02   3.11105E-08
 3.32250E+01   2.41419E+17   8.38106E+09   2.05668E+02   3.02900E-02   3.11012E-08
 3.32750E+01   2.41688E+17   8.88630E+09   2.05815E+02   3.02957E-02   3.10916E-08
 3.33250E+01   2.41962E+17   9.39685E+09   2.05962E+02   3.03011E-02   3.10817E-08
 3.33750E+01   2.42239E+17   9.90707E+09   2.06109E+02   3.03063E-02   3.10717E-08
 3.34250E+01   2.42518E+17   1.04108E+10   2.06255E+02   3.03113E-02   3.10614E-08
 3.34750E+01   2.42797E+17   1.09016E+10   2.06400E+02   3.03159E-02   3.10511E-08
 3.35250E+01   2.43074E+17   1.13729E+10   2.06543E+02   3.03202E-02   3.10408E-08
 3.35750E+01   2.43349E+17   1.18184E+10   2.06683E+02   3.03241E-02   3.10304E-08
 3.36250E+01   2.43620E+17   1.22321E+10   2.06819E+02   3.03277E-02   3.10202E-08
 3.36750E+01   2.43886E+17   1.26090E+10   2.06951E+02   3.03310E-02   3.10100E-08
 3.37250E+01   2.44145E+17   1.29446E+10   2.07078E+02   3.03338E-02   3.10000E-08
 3.37750E+01   2.44397E+17   1.32361E+10   2.07199E+02   3.03363E-02   3.09902E-08
 3.38250E+01   2.44639E+17   1.34819E+10   2.07315E+02   3.03383E-02   3.09806E-08
 3.38750E+01   2.44872E+17   1.36818E+10   2.07424E+02   3.03399E-02   3.09713E-08
 3.39250E+01   2.45094E+17   1.38368E+10   2.07525E+02   3.03411E-02   3.09624E-08
 3.39750E+01   2.45304E+17   1.39495E+10   2.07620E+02   3.03420E-02   3.09539E-08
 3.40250E+01   2.45501E+17   1.40227E+10   2.07706E+02   3.03424E-02   3.09457E-08
 3.40750E+01   2.45684E+17   1.40609E+10   2.07785E+02   3.03424E-02   3.09380E-08
 3.41250E+01   2.45853E+17   1.40658E+10   2.07855E+02   3.03420E-02   3.09308E-08
 3.41750E+01   2.46008E+17   1.40634E+10   2.07916E+02   3.03411E-02   3.09240E-08
 3.42250E+01   2.46146E+17   1.40609E+10   2.07969E+02   3.03400E-02   3.09178E-08
 3.42750E+01   2.46269E+17   1.40186E+10   2.08012E+02   3.03384E-02   3.09121E-08
 3.43250E+01   2.46376E+17   1.38524E+10   2.08047E+02   3.03365E-02   3.09070E-08
 3.43750E+01   2.46466E+17   1.35938E+10   2.08072E+02   3.03342E-02   3.09025E-08
 3.44250E+01   2.46539E+17   1.32654E+10   2.08088E+02   3.03316E-02   3.08986E-08
 3.44750E+01   2.46596E+17   1.28845E+10   2.08095E+02   3.03287E-02   3.08952E-08
 3.45250E+01   2.46636E+17   1.24639E+10   2.08093E+02   3.03255E-02   3.08925E-08
 3.45750E+01   2.46659E+17   1.20131E+10   2.08082E+02   3.03221E-02   3.08903E-08
 3.46250E+01   2.46666E+17   1.15388E+10   2.08063E+02   3.03184E-02   3.08888E-08
 3.46750E+01   2.46656E+17   1.10462E+10   2.08035E+02   3.03145E-02   3.08878E-08
 3.47250E+01   2.46631E+17   1.05392E+10   2.07999E+02   3.03103E-02   3.08875E-08
 3.47750E+01   2.46590E+17   1.00215E+10   2.07956E+02   3.03060E-02   3.08877E-08
 3.48250E+01   2.46535E+17   9.49608E+09   2.07905E+02   3.03016E-02   3.08885E-08
 3.48750E+01   2.46465E+17   8.96614E+09   2.07847E+02   3.02971E-02   3.08899E-08
 3.49250E+01   2.46382E+17   8.43473E+09   2.07783E+02   3.02924E-02   3.08918E-08
 3.49750E+01   2.46286E+17   7.90495E+09   2.07712E+02   3.02877E-02   3.08942E-08
 3.50250E+01   2.46178E+17   7.38004E+09   2.07636E+02   3.02829E-02   3.08971E-08
 3.50750E+01   2.46058E+17   6.86330E+09   2.07555E+02   3.02782E-02   3.09005E-08
 3.51250E+01   2.45929E+17   6.35808E+09   2.07469E+02   3.02734E-02   3.09043E-08
 3.51750E+01   2.45790E+17   5.86776E+09   2.07380E+02   3.02687E-02   3.09085E-08
 3.52250E+01   2.45642E+17   5.39559E+09   2.07287E+02   3.02640E-02   3.09131E-08
 3.52750E+01   2.45488E+17   4.94472E+09   2.07191E+02   3.02595E-02   3.09180E-08
 3.53250E+01   2.45327E+17   4.51806E+09   2.07093E+02   3.02550E-02   3.09233E-08
 3.53750E+01   2.45161E+17   4.11820E+09   2.06993E+02   3.02507E-02   3.09288E-08
 3.54250E+01   2.44990E+17   3.74741E+09   2.06892E+02   3.02465E-02   3.09345E-08
 3.54750E+01   2.44817E+17   3.40752E+09   2.06791E+02   3.02425E-02   3.09405E-08
 3.55250E+01   2.44641E+17   3.09989E+09   2.06689E+02   3.02387E-02   3.09466E-08
 3.55750E+01   2.44465E+17   2.82539E+09   2.06589E+02   3.02351E-02   3.09528E-08
 3.56250E+01   2.44288E+17   2.58433E+09   2.06489E+02   3.02318E-02   3.09591E-08
 3.56750E+01   2.44113E+17   2.37647E+09   2.06392E+02   3.02287E-02   3.09655E-08
 3.57250E+01   2.43941E+17   2.20100E+09   2.06296E+02   3.02258E-02   3.09718E-08
 3.57750E+01   2.43771E+17   2.05660E+09   2.06204E+02   3.02233E-02   3.09781E-08
 3.58250E+01   2.43606E+17   1.94147E+09   2.06115E+02   3.02210E-02   3.09843E-08
 3.58750E+01   2.43446E+17   1.85345E+09   2.06029E+02   3.02190E-02   3.09904E-08
 3.59250E+01   2.43293E+17   1.79009E+09   2.05948E+02   3.02172E-02   3.09963E-08
 3.59750E+01   2.43146E+17   1.74880E+09   2.05872E+02   3.02158E-02   3.10021E-08
 3.60250E+01   2.43007E+17   1.72651E+09   2.05800E+02   3.02148E-02   3.10076E-08
 3.60750E+01   2.42877E+17   1.72175E+09   2.05734E+02   3.02140E-02   3.10129E-08
 3.61250E+01   2.42756E+17   1.72159E+09   2.05674E+02   3.02135E-02   3.10179E-08
 3.61750E+01   2.42645E+17   1.72145E+09   2.05620E+02   3.02133E-02   3.10225E-08
 3.62250E+01   2.42545E+17   1.73114E+09   2.05572E+02   3.02135E-02   3.10269E-08
 3.62750E+01   2.42456E+17   1.78399E+09   2.05531E+02   3.02139E-02   3.10308E-08
 3.63250E+01   2.42378E+17   1.87194E+09   2.05496E+02   3.02147E-02   3.10344E-08
 3.63750E+01   2.42312E+17   1.98682E+09   2.05467E+02   3.02157E-02   3.10375E-08
 3.64250E+01   2.42259E+17   2.12301E+09   2.05446E+02   3.02170E-02   3.10402E-08
 3.64750E+01   2.42218E+17   2.27644E+09   2.05432E+02   3.02185E-02   3.10425E-08
 3.65250E+01   2.42190E+17   2.44450E+09   2.05424E+02   3.02203E-02   3.10444E-08
 3.65750E+01   2.42174E+17   2.62582E+09   2.05423E+02   3.02224E-02   3.10457E-08
 3.66250E+01   2.42172E+17   2.82001E+09   2.05430E+02   3.02247E-02   3.10466E-08
 3.66750E+01   2.42182E+17   3.02738E+09   2.05443E+02   3.02272E-02   3.10470E-08
 3.67250E+01   2.42205E+17   3.24880E+09   2.05462E+02   3.02299E-02   3.10470E-08
 3.67750E+01   2.42240E+17   3.48548E+09   2.05488E+02   3.02327E-02   3.10464E-08
 3.68250E+01   2.42288E+17   3.73887E+09   2.05521E+02   3.02358E-02   3.10454E-08
 3.68750E+01   2.42348E+17   4.01049E+09   2.05559E+02   3.02389E-02   3.10440E-08
 3.69250E+01   2.42419E+17   4.30192E+09   2.05603E+02   3.02422E-02   3.10421E-08
 3.69750E+01   2.42502E+17   4.61459E+09   2.05653E+02   3.02456E-02   3.10397E-08
 3.70250E+01   2.42595E+17   4.94979E+09   2.05708E+02   3.02491E-02   3.10369E-08
 3.70750E+01   2.42698E+17   5.30853E+09   2.05768E+02   3.02526E-02   3.10337E-08
 3.71250E+01   2.42811E+17   5.69140E+09   2.05832E+02   3.02562E-02   3.10301E-08
 3.71750E+01   2.42933E+17   6.09850E+09   2.05900E+02   3.02598E-02   3.10262E-08
 3.72250E+01   2.43064E+17   6.52935E+09   2.05972E+02   3.02635E-02   3.10218E-08
 3.72750E+01   2.43202E+17   6.98272E+09   2.06047E+02   3.02671E-02   3.10172E-08
 3.73250E+01   2.43347E+17   7.45661E+09   2.06125E+02   3.02706E-02   3.10123E-08
 3.73750E+01   2.43498E+17   7.94815E+09   2.06206E+02   3.02741E-02   3.10070E-08
 3.74250E+01   2.43655E+17   8.45361E+09   2.06288E+02   3.02776E-02   3.10016E-08
 3.74750E+01   2.43816E+17   8.96842E+09   2.06372E+02   3.02809E-02   3.09959E-08
 3.75250E+01   2.43981E+17   9.48721E+09   2.06458E+02   3.02842E-02   3.09900E-08
 3.75750E+01   2.44149E+17   1.00040E+10   2.06544E+02   3.02873E-02   3.09840E-08
 3.76250E+01   2.44319E+17   1.05124E+10   2.06630E+02   3.02903E-02   3.09778E-08
 3.76750E+01   2.44491E+17   1.10058E+10   2.06716E+02   3.02931E-02   3.09715E-08
 3.77250E+01   2.44663E+17   1.14776E+10   2.06802E+02   3.02958E-02   3.09651E-08
 3.77750E+01   2.44835E+17   1.19216E+10   2.06886E+02   3.02983E-02   3.09587E-08
 3.78250E+01   2.45005E+17   1.23321E+10   2.06969E+02   3.03006E-02   3.09523E-08
 3.78750E+01   2.45174E+17   1.27045E+10   2.07050E+02   3.03027E-02   3.09460E-08
 3.79250E+01   2.45341E+17   1.30350E+10   2.07129E+02   3.03046E-02   3.09396E-08
 3.79750E+01   2.45504E+17   1.33211E+10   2.07205E+02   3.03063E-02   3.09333E-08
 3.80250E+01   2.45663E+17   1.35615E+10   2.07278E+02   3.03078E-02   3.09272E-08
 3.80750E+01   2.45817E+17   1.37561E+10   2.07349E+02   3.03091E-02   3.09211E-08
 3.81250E+01   2.45966E+17   1.39057E+10   2.07415E+02   3.03101E-02   3.09152E-08
 3.81750E+01   2.46109E+17   1.40128E+10   2.07478E+02   3.03109E-02   3.09095E-08
 3.82250E+01   2.46246E+17   1.40807E+10   2.07537E+02   3.03115E-02   3.09040E-08
 3.82750E+01   2.46376E+17   1.41146E+10   2.07592E+02   3.03119E-02   3.08987E-08
 3.83250E+01   2.46499E+17   1.41207E+10   2.07642E+02   3.03120E-02   3.08936E-08
 3.83750E+01   2.46613E+17   1.41241E+10   2.07687E+02   3.03119E-02   3.08888E-08
 3.84250E+01   2.46720E+17   1.41275E+10   2.07728E+02   3.03116E-02   3.08842E-08
 3.84750E+01   2.46818E+17   1.40639E+10   2.07763E+02   3.03110E-02   3.08799E-08
 3.85250E+01   2.46907E+17   1.38811E+10   2.07794E+02   3.03103E-02   3.08759E-08
 3.85750E+01   2.46988E+17   1.36118E+10   2.07820E+02   3.03093E-02   3.08723E-08
 3.86250E+01   2.47059E+17   1.32740E+10   2.07841E+02   3.03082E-02   3.08689E-08
 3.86750E+01   2.47121E+17   1.28837E+10   2.07857E+02   3.03069E-02   3.08659E-08
 3.87250E+01   2.47174E+17   1.24529E+10   2.07867E+02   3.03054E-02   3.08632E-08
 3.87750E+01   2.47218E+17   1.19913E+10   2.07873E+02   3.03037E-02   3.08608E-08
 3.88250E+01   2.47253E+17   1.15063E+10   2.07874E+02   3.03019E-02   3.08587E-08
 3.88750E+01   2.47278E+17   1.10038E+10   2.07870E+02   3.03000E-02   3.08570E-08
 3.89250E+01   2.47295E+17   1.04882E+10   2.07862E+02   3.02979E-02   3.08556E-08
 3.89750E+01   2.47303E+17   9.96330E+09   2.07849E+02   3.02957E-02   3.08545E-08
 3.90250E+01   2.47303E+17   9.43234E+09   2.07832E+02   3.02934E-02   3.08538E-08
 3.90750E+01   2.47294E+17   8.89836E+09   2.07810E+02   3.02910E-02   3.08533E-08
 3.91250E+01   2.47277E+17   8.36438E+09   2.07785E+02   3.02886E-02   3.08532E-08
 3.91750E+01   2.47253E+17   7.83345E+09   2.07756E+02   3.02861E-02   3.08533E-08
 3.92250E+01   2.47223E+17   7.30875E+09   2.07724E+02   3.02836E-02   3.08537E-08
 3.92750E+01   2.47185E+17   6.79351E+09   2.07689E+02   3.02810E-02   3.08544E-08
 3.93250E+01   2.47141E+17   6.29101E+09   2.07651E+02   3.02785E-02   3.08554E-08
 3.93750E+01   2.47092E+17   5.80451E+09   2.07610E+02   3.02759E-02   3.08566E-08
 3.94250E+01   2.47037E+17   5.33717E+09   2.07567E+02   3.02733E-02   3.08580E-08
 3.94750E+01   2.46978E+17   4.89197E+09   2.07522E+02   3.02708E-02   3.08596E-08
 3.95250E+01   2.46914E+17   4.47168E+09   2.07476E+02   3.02683E-02   3.08614E-08
 3.95750E+01   2.46847E+17   4.07873E+09   2.07428E+02   3.02659E-02   3.08634E-08
 3.96250E+01   2.46777E+17   3.71516E+09   2.07379E+02   3.02636E-02   3.08655E-08
 3.96750E+01   2.46705E+17   3.38262E+09   2.07330E+02   3.02613E-02   3.08677E-08
 3.97250E+01   2.46631E+17   3.08223E+09   2.07280E+02   3.02591E-02   3.08701E-08
 3.97750E+01   2.46556E+17   2.81466E+09   2.07230E+02   3.02570E-02   3.08725E-08
 3.98250E+01   2.46480E+17   2.58002E+09   2.07181E+02   3.02550E-02   3.08750E-08
 3.98750E+01   2.46404E+17   2.37790E+09   2.07132E+02   3.02532E-02   3.08775E-08
 3.99250E+01   2.46329E+17   2.20739E+09   2.07083E+02   3.02515E-02   3.08801E-08
 3.99750E+01   2.46254E+17   2.06710E+09   2.07036E+02   3.02499E-02   3.08827E-08
 4.00250E+01   2.46182E+17   1.95520E+09   2.06991E+02   3.02485E-02   3.08852E-08
 4.00750E+01   2.46112E+17   1.86950E+09   2.06947E+02   3.02472E-02   3.08877E-08
 4.01250E+01   2.46044E+17   1.80751E+09   2.06905E+02   3.02461E-02   3.08901E-08
 4.01750E+01   2.45980E+17   1.76654E+09   2.06866E+02   3.02451E-02   3.08925E-08
 4.02250E+01   2.45920E+17   1.74365E+09   2.06829E+02   3.02443E-02   3.08948E-08
 4.02750E+01   2.45863E+17   1.73711E+09   2.06794E+02   3.02436E-02   3.08969E-08
 4.03250E+01   2.45811E+17   1.73739E+09   2.06762E+02   3.02431E-02   3.08989E-08
 4.03750E+01   2.45764E+17   1.73765E+09   2.06734E+02   3.02428E-02   3.09008E-08
 4.04250E+01   2.45723E+17   1.74365E+09   2.06708E+02   3.02426E-02   3.09024E-08
 4.04750E+01   2.45687E+17   1.79043E+09   2.06686E+02   3.02427E-02   3.09040E-08
 4.05250E+01   2.45657E+17   1.87384E+09   2.06667E+02   3.02428E-02   3.09053E-08
 4.05750E+01   2.45634E+17   1.98528E+09   2.06652E+02   3.02432E-02   3.09064E-08
 4.06250E+01   2.45616E+17   2.11859E+09   2.06640E+02   3.02436E-02   3.09073E-08
 4.06750E+01   2.45606E+17   2.26958E+09   2.06632E+02   3.02443E-02   3.09079E-08
 4.07250E+01   2.45602E+17   2.43551E+09   2.06628E+02   3.02451E-02   3.09084E-08
 4.07750E+01   2.45605E+17   2.61487E+09   2.06627E+02   3.02460E-02   3.09085E-08
 4.08250E+01   2.45615E+17   2.80711E+09   2.06630E+02   3.02470E-02   3.09085E-08
 4.08750E+01   2.45631E+17   3.01242E+09   2.06637E+02   3.02482E-02   3.09082E-08
 4.09250E+01   2.45655E+17   3.23156E+09   2.06648E+02   3.02495E-02   3.09076E-08
 4.09750E+01   2.45686E+17   3.46570E+09   2.06662E+02   3.02509E-02   3.09068E-08
 4.10250E+01   2.45723E+17   3.71627E+09   2.06679E+02   3.02524E-02   3.09058E-08
 4.10750E+01   2.45768E+17   3.98485E+09   2.06700E+02   3.02540E-02   3.09044E-08
 4.11250E+01   2.45819E+17   4.27302E+09   2.06725E+02   3.02557E-02   3.09029E-08
 4.11750E+01   2.45876E+17   4.58233E+09   2.06752E+02   3.02574E-02   3.09011E-08
 4.12250E+01   2.45940E+17   4.91411E+09   2.06783E+02   3.02592E-02   3.08990E-08
 4.12750E+01   2.46009E+17   5.26941E+09   2.06816E+02   3.02611E-02   3.08967E-08
 4.13250E+01   2.46085E+17   5.64888E+09   2.06853E+02   3.02630E-02   3.08942E-08
 4.13750E+01   2.46166E+17   6.05264E+09   2.06891E+02   3.02650E-02   3.08915E-08
 4.14250E+01   2.46252E+17   6.48019E+09   2.06932E+02   3.02669E-02   3.08886E-08
 4.14750E+01   2.46343E+17   6.93033E+09   2.06976E+02   3.02689E-02   3.08854E-08
 4.15250E+01   2.46438E+17   7.40105E+09   2.07021E+02   3.02709E-02   3.08821E-08
 4.15750E+01   2.46538E+17   7.88955E+09   2.07068E+02   3.02728E-02   3.08786E-08
 4.16250E+01   2.46641E+17   8.39218E+09   2.07117E+02   3.02748E-02   3.08750E-08
 4.16750E+01   2.46748E+17   8.90451E+09   2.07166E+02   3.02767E-02   3.08712E-08
 4.17250E+01   2.46857E+17   9.42140E+09   2.07217E+02   3.02786E-02   3.08673E-08
 4.17750E+01   2.46969E+17   9.93717E+09   2.07269E+02   3.02804E-02   3.08632E-08
 4.18250E+01   2.47083E+17   1.04457E+10   2.07321E+02   3.02822E-02   3.08591E-08
 4.18750E+01   2.47199E+17   1.09406E+10   2.07374E+02   3.02839E-02   3.08548E-08
 4.19250E+01   2.47316E+17   1.14157E+10   2.07427E+02   3.02855E-02   3.08505E-08
 4.19750E+01   2.47434E+17   1.18649E+10   2.07480E+02   3.02871E-02   3.08462E-08
 4.20250E+01   2.47552E+17   1.22828E+10   2.07532E+02   3.02886E-02   3.08417E-08
 4.20750E+01   2.47670E+17   1.26647E+10   2.07584E+02   3.02900E-02   3.08373E-08
 4.21250E+01   2.47788E+17   1.30068E+10   2.07636E+02   3.02912E-02   3.08329E-08
 4.21750E+01   2.47905E+17   1.33065E+10   2.07686E+02   3.02924E-02   3.08284E-08
 4.22250E+01   2.48021E+17   1.35622E+10   2.07735E+02   3.02935E-02   3.08240E-08
 4.22750E+01   2.48135E+17   1.37735E+10   2.07783E+02   3.02944E-02   3.08196E-08
 4.23250E+01   2.48247E+17   1.39412E+10   2.07830E+02   3.02953E-02   3.08152E-08
 4.23750E+01   2.48357E+17   1.40670E+10   2.07874E+02   3.02960E-02   3.08109E-08
 4.24250E+01   2.48464E+17   1.41535E+10   2.07917E+02   3.02966E-02   3.08067E-08
 4.24750E+01   2.48568E+17   1.42044E+10   2.07958E+02   3.02971E-02   3.08026E-08
 4.25250E+01   2.48669E+17   1.42229E+10   2.07997E+02   3.02975E-02   3.07985E-08
 4.25750E+01   2.48766E+17   1.42228E+10   2.08034E+02   3.02977E-02   3.07946E-08
 4.26250E+01   2.48859E+17   1.42224E+10   2.08068E+02   3.02978E-02   3.07908E-08
 4.26750E+01   2.48949E+17   1.42152E+10   2.08100E+02   3.02978E-02   3.07871E-08
 4.27250E+01   2.49035E+17   1.41031E+10   2.08129E+02   3.02977E-02   3.07835E-08
 4.27750E+01   2.49116E+17   1.38838E+10   2.08156E+02   3.02975E-02   3.07801E-08
 4.28250E+01   2.49193E+17   1.35805E+10   2.08181E+02   3.02972E-02   3.07768E-08
 4.28750E+01   2.49265E+17   1.32137E+10   2.08202E+02   3.02968E-02   3.07737E-08
 4.29250E+01   2.49332E+17   1.27985E+10   2.08222E+02   3.02962E-02   3.07708E-08
 4.29750E+01   2.49395E+17   1.23467E+10   2.08238E+02   3.02956E-02   3.07680E-08
 4.30250E+01   2.49452E+17   1.18674E+10   2.08252E+02   3.02949E-02   3.07654E-08
 4.30750E+01   2.49506E+17   1.13676E+10   2.08263E+02   3.02940E-02   3.07629E-08
 4.31250E+01   2.49554E+17   1.08525E+10   2.08272E+02   3.02931E-02   3.07606E-08
 4.31750E+01   2.49598E+17   1.03263E+10   2.08278E+02   3.02922E-02   3.07585E-08
 4.32250E+01   2.49637E+17   9.79274E+09   2.08282E+02   3.02911E-02   3.07565E-08
 4.32750E+01   2.49672E+17   9.25491E+09   2.08283E+02   3.02901E-02   3.07547E-08
 4.33250E+01   2.49702E+17   8.71592E+09   2.08282E+02   3.02889E-02   3.07531E-08
 4.33750E+01   2.49728E+17   8.17882E+09   2.08279E+02   3.02877E-02   3.07516E-08
 4.34250E+01   2.49749E+17   7.64672E+09   2.08274E+02   3.02865E-02   3.07503E-08
 4.34750E+01   2.49767E+17   7.12278E+09   2.08267E+02   3.02852E-02   3.07491E-08
 4.35250E+01   2.49782E+17   6.61024E+09   2.08258E+02   3.02839E-02   3.07481E-08
 4.35750E+01   2.49792E+17   6.11231E+09   2.08248E+02   3.02826E-02   3.07472E-08
 4.36250E+01   2.49800E+17   5.63215E+09   2.08236E+02   3.02812E-02   3.07465E-08
 4.36750E+01   2.49804E+17   5.17281E+09   2.08222E+02   3.02799E-02   3.07458E-08
 4.37250E+01   2.49806E+17   4.73715E+09   2.08208E+02   3.02786E-02   3.07453E-08
 4.37750E+01   2.49806E+17   4.32775E+09   2.08192E+02   3.02773E-02   3.07449E-08
 4.38250E+01   2.49803E+17   3.94685E+09   2.08176E+02   3.02760E-02   3.07446E-08
 4.38750E+01   2.49799E+17   3.59628E+09   2.08158E+02   3.02748E-02   3.07443E-08
 4.39250E+01   2.49793E+17   3.27741E+09   2.08141E+02   3.02736E-02   3.07441E-08
 4.39750E+01   2.49786E+17   2.99111E+09   2.08122E+02   3.02724E-02   3.07440E-08
 4.40250E+01   2.49778E+17   2.73773E+09   2.08104E+02   3.02713E-02   3.07440E-08
 4.40750E+01   2.49770E+17   2.51709E+09   2.08086E+02   3.02702E-02   3.07440E-08
 4.41250E+01   2.49761E+17   2.32851E+09   2.08068E+02   3.02691E-02   3.07440E-08
 4.41750E+01   2.49753E+17   2.17083E+09   2.08050E+02   3.02682E-02   3.07440E-08
 4.42250E+01   2.49745E+17   2.04246E+09   2.08032E+02   3.02673E-02   3.07440E-08
 4.42750E+01   2.49737E+17   1.94142E+09   2.08015E+02   3.02665E-02   3.07441E-08
 4.43250E+01   2.49731E+17   1.86541E+09   2.07999E+02   3.02657E-02   3.07441E-08
 4.43750E+01   2.49725E+17   1.81189E+09   2.07984E+02   3.02650E-02   3.07441E-08
 4.44250E+01   2.49722E+17   1.77822E+09   2.07970E+02   3.02645E-02   3.07440E-08
 4.44750E+01   2.49720E+17   1.76136E+09   2.07957E+02   3.02640E-02   3.07439E-08
 4.45250E+01   2.49721E+17   1.75902E+09   2.07945E+02   3.02636E-02   3.07437E-08
 4.45750E+01   2.49724E+17   1.75886E+09   2.07935E+02   3.02633E-02   3.07435E-08
 4.46250E+01   2.49729E+17   1.75870E+09   2.07927E+02   3.02630E-02   3.07432E-08
 4.46750E+01   2.49738E+17   1.77583E+09   2.07920E+02   3.02629E-02   3.07428E-08
 4.47250E+01   2.49749E+17   1.83820E+09   2.07914E+02   3.02628E-02   3.07423E-08
 4.47750E+01   2.49764E+17   1.93398E+09   2.07911E+02   3.02629E-02   3.07417E-08
 4.48250E+01   2.49782E+17   2.05601E+09   2.07910E+02   3.02630E-02   3.07410E-08
 4.48750E+01   2.49803E+17   2.19898E+09   2.07910E+02   3.02632E-02   3.07402E-08
 4.49250E+01   2.49829E+17   2.35913E+09   2.07913E+02   3.02635E-02   3.07393E-08
 4.49750E+01   2.49858E+17   2.53415E+09   2.07917E+02   3.02639E-02   3.07382E-08
 4.50250E+01   2.49890E+17   2.72288E+09   2.07923E+02   3.02643E-02   3.07370E-08
 4.50750E+01   2.49927E+17   2.92512E+09   2.07932E+02   3.02649E-02   3.07357E-08
 4.51250E+01   2.49968E+17   3.14137E+09   2.07943E+02   3.02655E-02   3.07343E-08
 4.51750E+01   2.50013E+17   3.37268E+09   2.07955E+02   3.02662E-02   3.07327E-08
 4.52250E+01   2.50061E+17   3.62049E+09   2.07970E+02   3.02669E-02   3.07309E-08
 4.52750E+01   2.50114E+17   3.88645E+09   2.07987E+02   3.02677E-02   3.07290E-08
 4.53250E+01   2.50171E+17   4.17233E+09   2.08006E+02   3.02686E-02   3.07270E-08
 4.53750E+01   2.50231E+17   4.47984E+09   2.08026E+02   3.02695E-02   3.07248E-08
 4.54250E+01   2.50296E+17   4.81052E+09   2.08049E+02   3.02704E-02   3.07225E-08
 4.54750E+01   2.50364E+17   5.16564E+09   2.08073E+02   3.02714E-02   3.07200E-08
 4.55250E+01   2.50436E+17   5.54601E+09   2.08099E+02   3.02725E-02   3.07175E-08
 4.55750E+01   2.50511E+17   5.95190E+09   2.08127E+02   3.02735E-02   3.07147E-08
 4.56250E+01   2.50590E+17   6.38294E+09   2.08156E+02   3.02746E-02   3.07119E-08
 4.56750E+01   2.50672E+17   6.83799E+09   2.08187E+02   3.02758E-02   3.07089E-08
 4.57250E+01   2.50757E+17   7.31508E+09   2.08219E+02   3.02769E-02   3.07058E-08
 4.57750E+01   2.50845E+17   7.81138E+09   2.08253E+02   3.02780E-02   3.07026E-08
 4.58250E+01   2.50936E+17   8.32317E+09   2.08287E+02   3.02791E-02   3.06993E-08
 4.58750E+01   2.51029E+17   8.84592E+09   2.08323E+02   3.02803E-02   3.06959E-08
 4.59250E+01   2.51125E+17   9.37438E+09   2.08359E+02   3.02814E-02   3.06924E-08
 4.59750E+01   2.51222E+17   9.90269E+09   2.08396E+02   3.02825E-02   3.06888E-08
 4.60250E+01   2.51321E+17   1.04246E+10   2.08434E+02   3.02836E-02   3.06851E-08
 4.60750E+01   2.51422E+17   1.09337E+10   2.08472E+02   3.02846E-02   3.06813E-08
 4.61250E+01   2.51525E+17   1.14236E+10   2.08511E+02   3.02857E-02   3.06775E-08
 4.61750E+01   2.51628E+17   1.18880E+10   2.08550E+02   3.02867E-02   3.06737E-08
 4.62250E+01   2.51733E+17   1.23215E+10   2.08590E+02   3.02876E-02   3.06697E-08
 4.62750E+01   2.51838E+17   1.27189E+10   2.08629E+02   3.02886E-02   3.06658E-08
 4.63250E+01   2.51944E+17   1.30764E+10   2.08668E+02   3.02894E-02   3.06618E-08
 4.63750E+01   2.52049E+17   1.33908E+10   2.08707E+02   3.02903E-02   3.06578E-08
 4.64250E+01   2.52155E+17   1.36605E+10   2.08746E+02   3.02910E-02   3.06538E-08
 4.64750E+01   2.52261E+17   1.38851E+10   2.08784E+02   3.02918E-02   3.06497E-08
 4.65250E+01   2.52366E+17   1.40652E+10   2.08822E+02   3.02924E-02   3.06457E-08
 4.65750E+01   2.52471E+17   1.42026E+10   2.08859E+02   3.02930E-02   3.06417E-08
 4.66250E+01   2.52574E+17   1.42998E+10   2.08896E+02   3.02936E-02   3.06376E-08
 4.66750E+01   2.52677E+17   1.43599E+10   2.08931E+02   3.02941E-02   3.06337E-08
 4.67250E+01   2.52778E+17   1.43871E+10   2.08966E+02   3.02945E-02   3.06297E-08
 4.67750E+01   2.52879E+17   1.43875E+10   2.09000E+02   3.02948E-02   3.06258E-08
 4.68250E+01   2.52977E+17   1.43859E+10   2.09032E+02   3.02951E-02   3.06219E-08
 4.68750E+01   2.53074E+17   1.43842E+10   2.09064E+02   3.02954E-02   3.06181E-08
 4.69250E+01   2.53169E+17   1.43012E+10   2.09094E+02   3.02956E-02   3.06143E-08
 4.69750E+01   2.53262E+17   1.40923E+10   2.09123E+02   3.02957E-02   3.06106E-08
 4.70250E+01   2.53353E+17   1.37908E+10   2.09151E+02   3.02957E-02   3.06069E-08
 4.70750E+01   2.53442E+17   1.34181E+10   2.09177E+02   3.02957E-02   3.06033E-08
 4.71250E+01   2.53529E+17   1.29921E+10   2.09202E+02   3.02956E-02   3.05998E-08
 4.71750E+01   2.53613E+17   1.25265E+10   2.09226E+02   3.02954E-02   3.05964E-08
 4.72250E+01   2.53695E+17   1.20312E+10   2.09248E+02   3.02952E-02   3.05930E-08
 4.72750E+01   2.53775E+17   1.15140E+10   2.09269E+02   3.02949E-02   3.05897E-08
 4.73250E+01   2.53852E+17   1.09807E+10   2.09289E+02   3.02946E-02   3.05865E-08
 4.73750E+01   2.53927E+17   1.04361E+10   2.09307E+02   3.02943E-02   3.05834E-08
 4.74250E+01   2.53999E+17   9.88420E+09   2.09324E+02   3.02939E-02   3.05803E-08
 4.74750E+01   2.54070E+17   9.32860E+09   2.09340E+02   3.02935E-02   3.05774E-08
 4.75250E+01   2.54138E+17   8.77272E+09   2.09354E+02   3.02931E-02   3.05745E-08
 4.75750E+01   2.54204E+17   8.21985E+09   2.09367E+02   3.02926E-02   3.05717E-08
 4.76250E+01   2.54268E+17   7.67328E+09   2.09379E+02   3.02920E-02   3.05690E-08
 4.76750E+01   2.54329E+17   7.13630E+09   2.09390E+02   3.02915E-02   3.05663E-08
 4.77250E+01   2.54389E+17   6.61224E+09   2.09400E+02   3.02909E-02   3.05637E-08
 4.77750E+01   2.54447E+17   6.10441E+09   2.09409E+02   3.02903E-02   3.05612E-08
 4.78250E+01   2.54503E+17   5.61605E+09   2.09417E+02   3.02898E-02   3.05588E-08
 4.78750E+01   2.54557E+17   5.15027E+09   2.09424E+02   3.02892E-02   3.05564E-08
 4.79250E+01   2.54610E+17   4.70993E+09   2.09431E+02   3.02886E-02   3.05541E-08
 4.79750E+01   2.54661E+17   4.29760E+09   2.09436E+02   3.02879E-02   3.05518E-08
 4.80250E+01   2.54712E+17   3.91546E+09   2.09442E+02   3.02873E-02   3.05496E-08
 4.80750E+01   2.54761E+17   3.56525E+09   2.09446E+02   3.02868E-02   3.05474E-08
 4.81250E+01   2.54810E+17   3.24821E+09   2.09451E+02   3.02862E-02   3.05453E-08
 4.81750E+01   2.54857E+17   2.96506E+09   2.09455E+02   3.02856E-02   3.05432E-08
 4.82250E+01   2.54904E+17   2.71595E+09   2.09458E+02   3.02851E-02   3.05412E-08
 4.82750E+01   2.54951E+17   2.50049E+09   2.09462E+02   3.02846E-02   3.05391E-08
 4.83250E+01   2.54998E+17   2.31773E+09   2.09466E+02   3.02841E-02   3.05371E-08
 4.83750E+01   2.55044E+17   2.16625E+09   2.09469E+02   3.02836E-02   3.05351E-08
 4.84250E+01   2.55091E+17   2.04419E+09   2.09473E+02   3.02832E-02   3.05331E-08
 4.84750E+01   2.55138E+17   1.94940E+09   2.09477E+02   3.02828E-02   3.05311E-08
 4.85250E+01   2.55186E+17   1.87942E+09   2.09482E+02   3.02825E-02   3.05290E-08
 4.85750E+01   2.55234E+17   1.83161E+09   2.09487E+02   3.02822E-02   3.05270E-08
 4.86250E+01   2.55283E+17   1.80353E+09   2.09492E+02   3.02819E-02   3.05250E-08
 4.86750E+01   2.55332E+17   1.79177E+09   2.09498E+02   3.02817E-02   3.05229E-08
 4.87250E+01   2.55382E+17   1.79094E+09   2.09504E+02   3.02815E-02   3.05209E-08
 4.87750E+01   2.55433E+17   1.79273E+09   2.09511E+02   3.02813E-02   3.05188E-08
 4.88250E+01   2.55484E+17   1.79505E+09   2.09518E+02   3.02812E-02   3.05167E-08
 4.88750E+01   2.55533E+17   1.93942E+09   2.09525E+02   3.02812E-02   3.05148E-08
 4.89250E+01   2.55577E+17   2.03158E+09   2.09532E+02   3.02811E-02   3.05130E-08
 4.89750E+01   2.55607E+17   2.10361E+09   2.09537E+02   3.02811E-02   3.05118E-08
