      xx/10.        Omega0        Omega1        Omega2           C_l         r_avg
         [-]       [kg^-1]     [m kg^-1]   [m^2 kg^-1]           [-]           [m]
 1.02500E+00   4.10952E+15   8.80565E+06   1.01733E-01   1.48111E-05   9.52503E-09
 1.07500E+00   5.57737E+15   1.26135E+07   1.71628E-01   2.56496E-05   1.03312E-08
 1.12500E+00   6.67653E+15   1.47771E+07   2.69376E-01   4.16613E-05   1.14374E-08
 1.17500E+00   7.52079E+15   2.03852E+07   4.07734E-01   6.47532E-05   1.27331E-08
 1.22500E+00   8.21335E+15   2.70779E+07   5.99972E-01   9.73776E-05   1.41660E-08
 1.27500E+00   8.85475E+15   3.45903E+07   8.62851E-01   1.42634E-04   1.56898E-08
 1.32500E+00   9.54696E+15   4.32694E+07   1.21792E+00   2.04379E-04   1.72501E-08
 1.37500E+00   1.03943E+16   5.37493E+07   1.69245E+00   2.87325E-04   1.87843E-08
 1.42500E+00   1.15016E+16   6.68915E+07   2.32022E+00   3.97137E-04   2.02300E-08
 1.47500E+00   1.29714E+16   8.37855E+07   3.14222E+00   5.40486E-04   2.15377E-08
 1.52500E+00   1.49007E+16   1.05760E+08   4.20715E+00   7.25072E-04   2.26809E-08
 1.57500E+00   1.73777E+16   1.34394E+08   5.57165E+00   9.59586E-04   2.36573E-08
 1.62500E+00   2.04823E+16   1.71530E+08   7.30022E+00   1.25359E-03   2.44828E-08
 1.67500E+00   2.42866E+16   2.19285E+08   9.46463E+00   1.61733E-03   2.51813E-08
 1.72500E+00   2.88575E+16   2.80058E+08   1.21428E+01   2.06140E-03   2.57772E-08
 1.77500E+00   3.42586E+16   3.56541E+08   1.54172E+01   2.59634E-03   2.62905E-08
 1.82500E+00   4.05507E+16   4.51698E+08   1.93720E+01   3.23210E-03   2.67360E-08
 1.87500E+00   4.77911E+16   5.68745E+08   2.40901E+01   3.97741E-03   2.71239E-08
 1.92500E+00   5.60326E+16   7.11080E+08   2.96492E+01   4.83905E-03   2.74605E-08
 1.97500E+00   6.53210E+16   8.82198E+08   3.61168E+01   5.82109E-03   2.77493E-08
 2.02500E+00   7.56942E+16   1.08557E+09   4.35456E+01   6.92420E-03   2.79922E-08
 2.07500E+00   8.71802E+16   1.32447E+09   5.19678E+01   8.14498E-03   2.81898E-08
 2.12500E+00   9.97954E+16   1.60184E+09   6.13911E+01   9.47553E-03   2.83421E-08
 2.17500E+00   1.13544E+17   1.92007E+09   7.17942E+01   1.09033E-02   2.84489E-08
 2.22500E+00   1.28416E+17   2.28083E+09   8.31249E+01   1.24112E-02   2.85102E-08
 2.27500E+00   1.44386E+17   2.68496E+09   9.52995E+01   1.39782E-02   2.85262E-08
 2.32500E+00   1.61413E+17   3.13240E+09   1.08204E+02   1.55802E-02   2.84979E-08
 2.37500E+00   1.79441E+17   3.62214E+09   1.21701E+02   1.71915E-02   2.84271E-08
 2.42500E+00   1.98394E+17   4.15228E+09   1.35630E+02   1.87857E-02   2.83162E-08
 2.47500E+00   2.18182E+17   4.72009E+09   1.49821E+02   2.03380E-02   2.81685E-08
 2.52500E+00   2.38695E+17   5.32212E+09   1.64100E+02   2.18255E-02   2.79882E-08
 2.57500E+00   2.59807E+17   5.95432E+09   1.78295E+02   2.32294E-02   2.77799E-08
 2.62500E+00   2.81378E+17   6.61218E+09   1.92246E+02   2.45348E-02   2.75486E-08
 2.67500E+00   3.03251E+17   7.29087E+09   2.05809E+02   2.57318E-02   2.72997E-08
 2.72500E+00   3.25260E+17   7.98536E+09   2.18859E+02   2.68145E-02   2.70384E-08
 2.77500E+00   3.47224E+17   8.69021E+09   2.31293E+02   2.77815E-02   2.67701E-08
 2.82500E+00   3.68957E+17   9.39936E+09   2.43029E+02   2.86349E-02   2.64997E-08
 2.87500E+00   3.90268E+17   1.01057E+10   2.54005E+02   2.93793E-02   2.62318E-08
 2.92500E+00   4.10963E+17   1.08009E+10   2.64176E+02   3.00213E-02   2.59703E-08
 2.97500E+00   4.30850E+17   1.14761E+10   2.73514E+02   3.05689E-02   2.57189E-08
 3.02500E+00   4.49740E+17   1.21235E+10   2.82005E+02   3.10306E-02   2.54807E-08
 3.07500E+00   4.67453E+17   1.27378E+10   2.89644E+02   3.14149E-02   2.52581E-08
 3.12500E+00   4.83820E+17   1.33172E+10   2.96434E+02   3.17301E-02   2.50533E-08
 3.17500E+00   4.98683E+17   1.38610E+10   3.02383E+02   3.19841E-02   2.48678E-08
 3.22500E+00   5.11904E+17   1.43663E+10   3.07501E+02   3.21839E-02   2.47031E-08
 3.27500E+00   5.23360E+17   1.48228E+10   3.11799E+02   3.23356E-02   2.45600E-08
 3.32500E+00   5.32951E+17   1.52119E+10   3.15292E+02   3.24447E-02   2.44392E-08
 3.37500E+00   5.40598E+17   1.55106E+10   3.17993E+02   3.25158E-02   2.43412E-08
 3.42500E+00   5.46242E+17   1.57011E+10   3.19920E+02   3.25528E-02   2.42662E-08
 3.47500E+00   5.49852E+17   1.57702E+10   3.21092E+02   3.25587E-02   2.42145E-08
 3.52500E+00   5.51416E+17   1.57786E+10   3.21531E+02   3.25362E-02   2.41860E-08
 3.57500E+00   5.50949E+17   1.57859E+10   3.21257E+02   3.24871E-02   2.41807E-08
 3.62500E+00   5.48484E+17   1.57691E+10   3.20289E+02   3.24132E-02   2.41984E-08
 3.67500E+00   5.44080E+17   1.56455E+10   3.18643E+02   3.23154E-02   2.42391E-08
 3.72500E+00   5.37811E+17   1.54359E+10   3.16340E+02   3.21947E-02   2.43026E-08
 3.77500E+00   5.29772E+17   1.51607E+10   3.13401E+02   3.20518E-02   2.43887E-08
 3.82500E+00   5.20073E+17   1.48306E+10   3.09848E+02   3.18869E-02   2.44973E-08
 3.87500E+00   5.08838E+17   1.44521E+10   3.05706E+02   3.17006E-02   2.46281E-08
 3.92500E+00   4.96203E+17   1.40296E+10   3.00999E+02   3.14931E-02   2.47811E-08
 3.97500E+00   4.82312E+17   1.35673E+10   2.95756E+02   3.12647E-02   2.49561E-08
 4.02500E+00   4.67316E+17   1.30695E+10   2.90007E+02   3.10159E-02   2.51532E-08
 4.07500E+00   4.51373E+17   1.25406E+10   2.83782E+02   3.07472E-02   2.53722E-08
 4.12500E+00   4.34641E+17   1.19854E+10   2.77118E+02   3.04592E-02   2.56132E-08
 4.17500E+00   4.17278E+17   1.14086E+10   2.70051E+02   3.01531E-02   2.58764E-08
 4.22500E+00   3.99441E+17   1.08151E+10   2.62624E+02   2.98300E-02   2.61618E-08
 4.27500E+00   3.81285E+17   1.02095E+10   2.54879E+02   2.94914E-02   2.64698E-08
 4.32500E+00   3.62958E+17   9.59659E+09   2.46866E+02   2.91395E-02   2.68005E-08
 4.37500E+00   3.44601E+17   8.98125E+09   2.38636E+02   2.87765E-02   2.71545E-08
 4.42500E+00   3.26350E+17   8.36831E+09   2.30242E+02   2.84053E-02   2.75322E-08
 4.47500E+00   3.08329E+17   7.76257E+09   2.21743E+02   2.80289E-02   2.79339E-08
 4.52500E+00   2.90655E+17   7.16871E+09   2.13199E+02   2.76511E-02   2.83604E-08
 4.57500E+00   2.73434E+17   6.59123E+09   2.04675E+02   2.72758E-02   2.88122E-08
 4.62500E+00   2.56763E+17   6.03438E+09   1.96235E+02   2.69074E-02   2.92897E-08
 4.67500E+00   2.40728E+17   5.50203E+09   1.87946E+02   2.65506E-02   2.97932E-08
 4.72500E+00   2.25404E+17   4.99771E+09   1.79875E+02   2.62101E-02   3.03229E-08
 4.77500E+00   2.10857E+17   4.52448E+09   1.72089E+02   2.58909E-02   3.08784E-08
 4.82500E+00   1.97142E+17   4.08497E+09   1.64653E+02   2.55980E-02   3.14589E-08
 4.87500E+00   1.84307E+17   3.68126E+09   1.57628E+02   2.53362E-02   3.20628E-08
 4.92500E+00   1.72390E+17   3.31495E+09   1.51073E+02   2.51099E-02   3.26873E-08
 4.97500E+00   1.61419E+17   2.98705E+09   1.45041E+02   2.49232E-02   3.33286E-08
 5.02500E+00   1.51419E+17   2.69806E+09   1.39579E+02   2.47796E-02   3.39813E-08
 5.07500E+00   1.42403E+17   2.44801E+09   1.34728E+02   2.46819E-02   3.46381E-08
 5.12500E+00   1.34382E+17   2.23651E+09   1.30520E+02   2.46321E-02   3.52903E-08
 5.17500E+00   1.27359E+17   2.06289E+09   1.26978E+02   2.46312E-02   3.59269E-08
 5.22500E+00   1.21335E+17   1.92628E+09   1.24118E+02   2.46793E-02   3.65357E-08
 5.27500E+00   1.16303E+17   1.82559E+09   1.21948E+02   2.47757E-02   3.71034E-08
 5.32500E+00   1.12255E+17   1.75950E+09   1.20464E+02   2.49184E-02   3.76161E-08
 5.37500E+00   1.09179E+17   1.72530E+09   1.19658E+02   2.51047E-02   3.80604E-08
 5.42500E+00   1.07060E+17   1.72094E+09   1.19512E+02   2.53311E-02   3.84247E-08
 5.47500E+00   1.05882E+17   1.72044E+09   1.20002E+02   2.55932E-02   3.86993E-08
 5.52500E+00   1.05624E+17   1.71994E+09   1.21100E+02   2.58862E-02   3.88779E-08
 5.57500E+00   1.06267E+17   1.75460E+09   1.22775E+02   2.62050E-02   3.89581E-08
 5.62500E+00   1.07786E+17   1.83803E+09   1.24991E+02   2.65440E-02   3.89406E-08
 5.67500E+00   1.10157E+17   1.95237E+09   1.27707E+02   2.68976E-02   3.88301E-08
 5.72500E+00   1.13355E+17   2.08714E+09   1.30881E+02   2.72606E-02   3.86337E-08
 5.77500E+00   1.17351E+17   2.23597E+09   1.34469E+02   2.76276E-02   3.83607E-08
 5.82500E+00   1.22117E+17   2.39668E+09   1.38429E+02   2.79939E-02   3.80217E-08
 5.87500E+00   1.27620E+17   2.56946E+09   1.42717E+02   2.83553E-02   3.76276E-08
 5.92500E+00   1.33829E+17   2.75544E+09   1.47293E+02   2.87082E-02   3.71894E-08
 5.97500E+00   1.40710E+17   2.95577E+09   1.52119E+02   2.90494E-02   3.67175E-08
 6.02500E+00   1.48225E+17   3.17132E+09   1.57159E+02   2.93769E-02   3.62212E-08
 6.07500E+00   1.56336E+17   3.40284E+09   1.62377E+02   2.96889E-02   3.57092E-08
 6.12500E+00   1.65004E+17   3.65131E+09   1.67744E+02   2.99847E-02   3.51887E-08
 6.17500E+00   1.74185E+17   3.91820E+09   1.73231E+02   3.02640E-02   3.46663E-08
 6.22500E+00   1.83834E+17   4.20552E+09   1.78810E+02   3.05272E-02   3.41472E-08
 6.27500E+00   1.93906E+17   4.51553E+09   1.84459E+02   3.07753E-02   3.36361E-08
 6.32500E+00   2.04349E+17   4.85037E+09   1.90156E+02   3.10096E-02   3.31367E-08
 6.37500E+00   2.15114E+17   5.21181E+09   1.95883E+02   3.12318E-02   3.26521E-08
 6.42500E+00   2.26146E+17   5.60108E+09   2.01622E+02   3.14441E-02   3.21849E-08
 6.47500E+00   2.37389E+17   6.01848E+09   2.07353E+02   3.16472E-02   3.17366E-08
 6.52500E+00   2.48786E+17   6.46369E+09   2.13040E+02   3.18383E-02   3.13071E-08
 6.57500E+00   2.60278E+17   6.93637E+09   2.18651E+02   3.20155E-02   3.08965E-08
 6.62500E+00   2.71803E+17   7.43572E+09   2.24154E+02   3.21774E-02   3.05047E-08
 6.67500E+00   2.83299E+17   7.96016E+09   2.29524E+02   3.23234E-02   3.01318E-08
 6.72500E+00   2.94703E+17   8.50722E+09   2.34733E+02   3.24530E-02   2.97777E-08
 6.77500E+00   3.05953E+17   9.07365E+09   2.39758E+02   3.25661E-02   2.94423E-08
 6.82500E+00   3.16984E+17   9.65576E+09   2.44576E+02   3.26629E-02   2.91255E-08
 6.87500E+00   3.27733E+17   1.02495E+10   2.49167E+02   3.27435E-02   2.88272E-08
 6.92500E+00   3.38140E+17   1.08507E+10   2.53510E+02   3.28082E-02   2.85472E-08
 6.97500E+00   3.48142E+17   1.14546E+10   2.57586E+02   3.28574E-02   2.82853E-08
 7.02500E+00   3.57682E+17   1.20558E+10   2.61379E+02   3.28916E-02   2.80413E-08
 7.07500E+00   3.66702E+17   1.26476E+10   2.64873E+02   3.29112E-02   2.78149E-08
 7.12500E+00   3.75150E+17   1.32216E+10   2.68053E+02   3.29166E-02   2.76061E-08
 7.17500E+00   3.82976E+17   1.37676E+10   2.70906E+02   3.29083E-02   2.74144E-08
 7.22500E+00   3.90133E+17   1.42737E+10   2.73421E+02   3.28867E-02   2.72398E-08
 7.27500E+00   3.96579E+17   1.47272E+10   2.75587E+02   3.28522E-02   2.70820E-08
 7.32500E+00   4.02278E+17   1.51157E+10   2.77397E+02   3.28055E-02   2.69407E-08
 7.37500E+00   4.07196E+17   1.54292E+10   2.78845E+02   3.27467E-02   2.68157E-08
 7.42500E+00   4.11308E+17   1.56621E+10   2.79925E+02   3.26764E-02   2.67069E-08
 7.47500E+00   4.14593E+17   1.58145E+10   2.80634E+02   3.25952E-02   2.66141E-08
 7.52500E+00   4.17035E+17   1.58940E+10   2.80973E+02   3.25033E-02   2.65371E-08
 7.57500E+00   4.18625E+17   1.59069E+10   2.80942E+02   3.24013E-02   2.64757E-08
 7.62500E+00   4.19360E+17   1.59092E+10   2.80544E+02   3.22897E-02   2.64298E-08
 7.67500E+00   4.19244E+17   1.59118E+10   2.79784E+02   3.21691E-02   2.63993E-08
 7.72500E+00   4.18285E+17   1.58379E+10   2.78669E+02   3.20399E-02   2.63840E-08
 7.77500E+00   4.16498E+17   1.56308E+10   2.77208E+02   3.19028E-02   2.63840E-08
 7.82500E+00   4.13905E+17   1.53380E+10   2.75411E+02   3.17583E-02   2.63990E-08
 7.87500E+00   4.10532E+17   1.49811E+10   2.73293E+02   3.16073E-02   2.64291E-08
 7.92500E+00   4.06410E+17   1.45745E+10   2.70867E+02   3.14503E-02   2.64741E-08
 7.97500E+00   4.01577E+17   1.41265E+10   2.68151E+02   3.12882E-02   2.65342E-08
 8.02500E+00   3.96075E+17   1.36428E+10   2.65161E+02   3.11218E-02   2.66091E-08
 8.07500E+00   3.89948E+17   1.31277E+10   2.61918E+02   3.09518E-02   2.66990E-08
 8.12500E+00   3.83246E+17   1.25850E+10   2.58444E+02   3.07793E-02   2.68037E-08
 8.17500E+00   3.76022E+17   1.20185E+10   2.54760E+02   3.06051E-02   2.69233E-08
 8.22500E+00   3.68331E+17   1.14320E+10   2.50891E+02   3.04302E-02   2.70577E-08
 8.27500E+00   3.60231E+17   1.08299E+10   2.46861E+02   3.02556E-02   2.72067E-08
 8.32500E+00   3.51780E+17   1.02168E+10   2.42697E+02   3.00823E-02   2.73704E-08
 8.37500E+00   3.43041E+17   9.59773E+09   2.38425E+02   2.99114E-02   2.75485E-08
 8.42500E+00   3.34073E+17   8.97759E+09   2.34072E+02   2.97440E-02   2.77409E-08
 8.47500E+00   3.24939E+17   8.36139E+09   2.29665E+02   2.95810E-02   2.79472E-08
 8.52500E+00   3.15699E+17   7.75403E+09   2.25233E+02   2.94235E-02   2.81671E-08
 8.57500E+00   3.06414E+17   7.16020E+09   2.20802E+02   2.92725E-02   2.84000E-08
 8.62500E+00   2.97144E+17   6.58435E+09   2.16401E+02   2.91291E-02   2.86454E-08
 8.67500E+00   2.87946E+17   6.03057E+09   2.12055E+02   2.89941E-02   2.89024E-08
 8.72500E+00   2.78876E+17   5.50259E+09   2.07793E+02   2.88686E-02   2.91702E-08
 8.77500E+00   2.69987E+17   5.00368E+09   2.03639E+02   2.87533E-02   2.94476E-08
 8.82500E+00   2.61330E+17   4.53666E+09   1.99617E+02   2.86490E-02   2.97332E-08
 8.87500E+00   2.52954E+17   4.10383E+09   1.95753E+02   2.85564E-02   3.00254E-08
 8.92500E+00   2.44903E+17   3.70705E+09   1.92066E+02   2.84762E-02   3.03224E-08
 8.97500E+00   2.37219E+17   3.34773E+09   1.88580E+02   2.84088E-02   3.06222E-08
 9.02500E+00   2.29941E+17   3.02688E+09   1.85312E+02   2.83548E-02   3.09223E-08
 9.07500E+00   2.23103E+17   2.74515E+09   1.82280E+02   2.83144E-02   3.12202E-08
 9.12500E+00   2.16737E+17   2.50284E+09   1.79499E+02   2.82879E-02   3.15130E-08
 9.17500E+00   2.10870E+17   2.29983E+09   1.76984E+02   2.82753E-02   3.17979E-08
 9.22500E+00   2.05525E+17   2.13554E+09   1.74747E+02   2.82767E-02   3.20717E-08
 9.27500E+00   2.00724E+17   2.00875E+09   1.72796E+02   2.82919E-02   3.23313E-08
 9.32500E+00   1.96481E+17   1.91752E+09   1.71140E+02   2.83208E-02   3.25734E-08
 9.37500E+00   1.92811E+17   1.85927E+09   1.69784E+02   2.83630E-02   3.27951E-08
 9.42500E+00   1.89722E+17   1.83008E+09   1.68732E+02   2.84181E-02   3.29934E-08
 9.47500E+00   1.87220E+17   1.82697E+09   1.67985E+02   2.84856E-02   3.31660E-08
 9.52500E+00   1.85307E+17   1.82777E+09   1.67543E+02   2.85647E-02   3.33105E-08
 9.57500E+00   1.83982E+17   1.82855E+09   1.67403E+02   2.86549E-02   3.34254E-08
 9.62500E+00   1.83241E+17   1.85339E+09   1.67560E+02   2.87553E-02   3.35094E-08
 9.67500E+00   1.83077E+17   1.92691E+09   1.68010E+02   2.88652E-02   3.35621E-08
 9.72500E+00   1.83479E+17   2.03378E+09   1.68743E+02   2.89835E-02   3.35833E-08
 9.77500E+00   1.84436E+17   2.16544E+09   1.69750E+02   2.91094E-02   3.35736E-08
 9.82500E+00   1.85931E+17   2.31552E+09   1.71020E+02   2.92418E-02   3.35341E-08
 9.87500E+00   1.87946E+17   2.48001E+09   1.72540E+02   2.93798E-02   3.34662E-08
 9.92500E+00   1.90461E+17   2.65685E+09   1.74298E+02   2.95222E-02   3.33720E-08
 9.97500E+00   1.93454E+17   2.84539E+09   1.76278E+02   2.96681E-02   3.32536E-08
 1.00250E+01   1.96900E+17   3.04604E+09   1.78464E+02   2.98164E-02   3.31135E-08
 1.00750E+01   2.00773E+17   3.25987E+09   1.80839E+02   2.99662E-02   3.29541E-08
 1.01250E+01   2.05045E+17   3.48836E+09   1.83387E+02   3.01163E-02   3.27782E-08
 1.01750E+01   2.09687E+17   3.73327E+09   1.86089E+02   3.02658E-02   3.25883E-08
 1.02250E+01   2.14667E+17   3.99642E+09   1.88927E+02   3.04138E-02   3.23869E-08
 1.02750E+01   2.19954E+17   4.27969E+09   1.91882E+02   3.05593E-02   3.21765E-08
 1.03250E+01   2.25515E+17   4.58486E+09   1.94934E+02   3.07016E-02   3.19593E-08
 1.03750E+01   2.31315E+17   4.91357E+09   1.98066E+02   3.08397E-02   3.17374E-08
 1.04250E+01   2.37320E+17   5.26720E+09   2.01257E+02   3.09730E-02   3.15127E-08
 1.04750E+01   2.43494E+17   5.64678E+09   2.04489E+02   3.11008E-02   3.12869E-08
 1.05250E+01   2.49803E+17   6.05290E+09   2.07742E+02   3.12225E-02   3.10616E-08
 1.05750E+01   2.56211E+17   6.48570E+09   2.10999E+02   3.13374E-02   3.08383E-08
 1.06250E+01   2.62681E+17   6.94477E+09   2.14241E+02   3.14450E-02   3.06180E-08
 1.06750E+01   2.69177E+17   7.42929E+09   2.17450E+02   3.15450E-02   3.04018E-08
 1.07250E+01   2.75666E+17   7.93797E+09   2.20609E+02   3.16370E-02   3.01906E-08
 1.07750E+01   2.82111E+17   8.46914E+09   2.23702E+02   3.17206E-02   2.99853E-08
 1.08250E+01   2.88478E+17   9.02071E+09   2.26713E+02   3.17955E-02   2.97865E-08
 1.08750E+01   2.94734E+17   9.59007E+09   2.29626E+02   3.18616E-02   2.95947E-08
 1.09250E+01   3.00846E+17   1.01740E+10   2.32427E+02   3.19188E-02   2.94105E-08
 1.09750E+01   3.06783E+17   1.07682E+10   2.35104E+02   3.19669E-02   2.92342E-08
 1.10250E+01   3.12514E+17   1.13674E+10   2.37642E+02   3.20059E-02   2.90662E-08
 1.10750E+01   3.18012E+17   1.19648E+10   2.40031E+02   3.20358E-02   2.89067E-08
 1.11250E+01   3.23247E+17   1.25526E+10   2.42259E+02   3.20566E-02   2.87560E-08
 1.11750E+01   3.28196E+17   1.31211E+10   2.44318E+02   3.20685E-02   2.86143E-08
 1.12250E+01   3.32834E+17   1.36604E+10   2.46198E+02   3.20716E-02   2.84817E-08
 1.12750E+01   3.37139E+17   1.41597E+10   2.47893E+02   3.20660E-02   2.83583E-08
 1.13250E+01   3.41091E+17   1.46090E+10   2.49394E+02   3.20521E-02   2.82442E-08
 1.13750E+01   3.44674E+17   1.49996E+10   2.50698E+02   3.20299E-02   2.81396E-08
 1.14250E+01   3.47871E+17   1.53249E+10   2.51799E+02   3.19998E-02   2.80443E-08
 1.14750E+01   3.50669E+17   1.55810E+10   2.52695E+02   3.19622E-02   2.79586E-08
 1.15250E+01   3.53057E+17   1.57673E+10   2.53384E+02   3.19172E-02   2.78823E-08
 1.15750E+01   3.55028E+17   1.58859E+10   2.53863E+02   3.18652E-02   2.78154E-08
 1.16250E+01   3.56575E+17   1.59428E+10   2.54133E+02   3.18065E-02   2.77581E-08
 1.16750E+01   3.57695E+17   1.59473E+10   2.54196E+02   3.17415E-02   2.77102E-08
 1.17250E+01   3.58387E+17   1.59471E+10   2.54054E+02   3.16707E-02   2.76718E-08
 1.17750E+01   3.58652E+17   1.59468E+10   2.53710E+02   3.15946E-02   2.76428E-08
 1.18250E+01   3.58493E+17   1.58665E+10   2.53170E+02   3.15135E-02   2.76232E-08
 1.18750E+01   3.57918E+17   1.56607E+10   2.52439E+02   3.14280E-02   2.76129E-08
 1.19250E+01   3.56935E+17   1.53640E+10   2.51524E+02   3.13386E-02   2.76120E-08
 1.19750E+01   3.55555E+17   1.49973E+10   2.50432E+02   3.12458E-02   2.76204E-08
 1.20250E+01   3.53790E+17   1.45776E+10   2.49173E+02   3.11501E-02   2.76380E-08
 1.20750E+01   3.51656E+17   1.41164E+10   2.47755E+02   3.10520E-02   2.76647E-08
 1.21250E+01   3.49170E+17   1.36220E+10   2.46190E+02   3.09521E-02   2.77004E-08
 1.21750E+01   3.46350E+17   1.30997E+10   2.44487E+02   3.08509E-02   2.77451E-08
 1.22250E+01   3.43217E+17   1.25539E+10   2.42658E+02   3.07490E-02   2.77986E-08
 1.22750E+01   3.39794E+17   1.19879E+10   2.40715E+02   3.06468E-02   2.78607E-08
 1.23250E+01   3.36104E+17   1.14051E+10   2.38671E+02   3.05451E-02   2.79313E-08
 1.23750E+01   3.32171E+17   1.08090E+10   2.36540E+02   3.04442E-02   2.80102E-08
 1.24250E+01   3.28023E+17   1.02035E+10   2.34333E+02   3.03447E-02   2.80971E-08
 1.24750E+01   3.23685E+17   9.59277E+09   2.32064E+02   3.02473E-02   2.81918E-08
 1.25250E+01   3.19185E+17   8.98138E+09   2.29748E+02   3.01523E-02   2.82940E-08
 1.25750E+01   3.14553E+17   8.37389E+09   2.27399E+02   3.00603E-02   2.84033E-08
 1.26250E+01   3.09815E+17   7.77490E+09   2.25028E+02   2.99718E-02   2.85193E-08
 1.26750E+01   3.05000E+17   7.18886E+09   2.22652E+02   2.98874E-02   2.86416E-08
 1.27250E+01   3.00139E+17   6.62001E+09   2.20282E+02   2.98073E-02   2.87697E-08
 1.27750E+01   2.95259E+17   6.07228E+09   2.17933E+02   2.97322E-02   2.89030E-08
 1.28250E+01   2.90388E+17   5.54923E+09   2.15617E+02   2.96624E-02   2.90409E-08
 1.28750E+01   2.85555E+17   5.05405E+09   2.13346E+02   2.95983E-02   2.91828E-08
 1.29250E+01   2.80787E+17   4.58953E+09   2.11134E+02   2.95403E-02   2.93279E-08
 1.29750E+01   2.76111E+17   4.15808E+09   2.08992E+02   2.94887E-02   2.94754E-08
 1.30250E+01   2.71551E+17   3.76167E+09   2.06929E+02   2.94437E-02   2.96243E-08
 1.30750E+01   2.67133E+17   3.40194E+09   2.04956E+02   2.94051E-02   2.97737E-08
 1.31250E+01   2.62880E+17   3.08017E+09   2.03082E+02   2.93731E-02   2.99226E-08
 1.31750E+01   2.58814E+17   2.79721E+09   2.01317E+02   2.93477E-02   3.00698E-08
 1.32250E+01   2.54955E+17   2.55345E+09   1.99669E+02   2.93290E-02   3.02143E-08
 1.32750E+01   2.51323E+17   2.34873E+09   1.98146E+02   2.93170E-02   3.03550E-08
 1.33250E+01   2.47934E+17   2.18225E+09   1.96755E+02   2.93117E-02   3.04909E-08
 1.33750E+01   2.44805E+17   2.05254E+09   1.95502E+02   2.93131E-02   3.06207E-08
 1.34250E+01   2.41949E+17   1.95742E+09   1.94393E+02   2.93211E-02   3.07435E-08
 1.34750E+01   2.39380E+17   1.89406E+09   1.93432E+02   2.93356E-02   3.08582E-08
 1.35250E+01   2.37106E+17   1.85869E+09   1.92623E+02   2.93564E-02   3.09639E-08
 1.35750E+01   2.35137E+17   1.84956E+09   1.91969E+02   2.93834E-02   3.10596E-08
 1.36250E+01   2.33480E+17   1.84945E+09   1.91471E+02   2.94164E-02   3.11445E-08
 1.36750E+01   2.32139E+17   1.84934E+09   1.91131E+02   2.94551E-02   3.12180E-08
 1.37250E+01   2.31116E+17   1.85871E+09   1.90947E+02   2.94991E-02   3.12796E-08
 1.37750E+01   2.30414E+17   1.91479E+09   1.90919E+02   2.95483E-02   3.13287E-08
 1.38250E+01   2.30031E+17   2.00922E+09   1.91046E+02   2.96022E-02   3.13651E-08
 1.38750E+01   2.29965E+17   2.13213E+09   1.91323E+02   2.96604E-02   3.13887E-08
 1.39250E+01   2.30211E+17   2.27666E+09   1.91748E+02   2.97227E-02   3.13995E-08
 1.39750E+01   2.30763E+17   2.43805E+09   1.92317E+02   2.97885E-02   3.13975E-08
 1.40250E+01   2.31614E+17   2.61336E+09   1.93023E+02   2.98575E-02   3.13832E-08
 1.40750E+01   2.32754E+17   2.80123E+09   1.93861E+02   2.99292E-02   3.13569E-08
 1.41250E+01   2.34174E+17   3.00149E+09   1.94825E+02   3.00031E-02   3.13192E-08
 1.41750E+01   2.35859E+17   3.21487E+09   1.95906E+02   3.00788E-02   3.12707E-08
 1.42250E+01   2.37798E+17   3.44272E+09   1.97098E+02   3.01559E-02   3.12121E-08
 1.42750E+01   2.39976E+17   3.68677E+09   1.98392E+02   3.02338E-02   3.11442E-08
 1.43250E+01   2.42376E+17   3.94893E+09   1.99779E+02   3.03121E-02   3.10678E-08
 1.43750E+01   2.44983E+17   4.23115E+09   2.01249E+02   3.03903E-02   3.09838E-08
 1.44250E+01   2.47778E+17   4.53524E+09   2.02794E+02   3.04680E-02   3.08932E-08
 1.44750E+01   2.50743E+17   4.86283E+09   2.04404E+02   3.05448E-02   3.07967E-08
 1.45250E+01   2.53859E+17   5.21526E+09   2.06067E+02   3.06202E-02   3.06954E-08
 1.45750E+01   2.57106E+17   5.59353E+09   2.07775E+02   3.06938E-02   3.05901E-08
 1.46250E+01   2.60465E+17   5.99832E+09   2.09516E+02   3.07651E-02   3.04816E-08
 1.46750E+01   2.63914E+17   6.42998E+09   2.11281E+02   3.08339E-02   3.03708E-08
 1.47250E+01   2.67434E+17   6.88848E+09   2.13058E+02   3.08998E-02   3.02585E-08
 1.47750E+01   2.71002E+17   7.37345E+09   2.14838E+02   3.09624E-02   3.01455E-08
 1.48250E+01   2.74600E+17   7.88406E+09   2.16611E+02   3.10214E-02   3.00323E-08
 1.48750E+01   2.78205E+17   8.41901E+09   2.18366E+02   3.10765E-02   2.99197E-08
 1.49250E+01   2.81799E+17   8.97629E+09   2.20094E+02   3.11276E-02   2.98083E-08
 1.49750E+01   2.85360E+17   9.55309E+09   2.21786E+02   3.11743E-02   2.96986E-08
 1.50250E+01   2.88869E+17   1.01455E+10   2.23432E+02   3.12165E-02   2.95912E-08
 1.50750E+01   2.92308E+17   1.07486E+10   2.25023E+02   3.12540E-02   2.94865E-08
 1.51250E+01   2.95657E+17   1.13559E+10   2.26553E+02   3.12867E-02   2.93850E-08
 1.51750E+01   2.98900E+17   1.19596E+10   2.28012E+02   3.13144E-02   2.92870E-08
 1.52250E+01   3.02020E+17   1.25509E+10   2.29393E+02   3.13371E-02   2.91928E-08
 1.52750E+01   3.05000E+17   1.31199E+10   2.30690E+02   3.13548E-02   2.91029E-08
 1.53250E+01   3.07826E+17   1.36564E+10   2.31897E+02   3.13673E-02   2.90174E-08
 1.53750E+01   3.10484E+17   1.41507E+10   2.33009E+02   3.13748E-02   2.89367E-08
 1.54250E+01   3.12962E+17   1.45939E+10   2.34019E+02   3.13773E-02   2.88609E-08
 1.54750E+01   3.15247E+17   1.49788E+10   2.34925E+02   3.13748E-02   2.87902E-08
 1.55250E+01   3.17331E+17   1.53005E+10   2.35721E+02   3.13674E-02   2.87248E-08
 1.55750E+01   3.19203E+17   1.55561E+10   2.36407E+02   3.13553E-02   2.86648E-08
 1.56250E+01   3.20856E+17   1.57458E+10   2.36978E+02   3.13385E-02   2.86104E-08
 1.56750E+01   3.22283E+17   1.58718E+10   2.37435E+02   3.13174E-02   2.85617E-08
 1.57250E+01   3.23481E+17   1.59398E+10   2.37774E+02   3.12919E-02   2.85187E-08
 1.57750E+01   3.24444E+17   1.59522E+10   2.37997E+02   3.12624E-02   2.84815E-08
 1.58250E+01   3.25171E+17   1.59504E+10   2.38104E+02   3.12291E-02   2.84501E-08
 1.58750E+01   3.25661E+17   1.59486E+10   2.38096E+02   3.11922E-02   2.84247E-08
 1.59250E+01   3.25914E+17   1.59074E+10   2.37974E+02   3.11521E-02   2.84051E-08
 1.59750E+01   3.25932E+17   1.57280E+10   2.37741E+02   3.11088E-02   2.83914E-08
 1.60250E+01   3.25719E+17   1.54428E+10   2.37400E+02   3.10628E-02   2.83836E-08
 1.60750E+01   3.25277E+17   1.50783E+10   2.36954E+02   3.10144E-02   2.83817E-08
 1.61250E+01   3.24614E+17   1.46535E+10   2.36407E+02   3.09638E-02   2.83855E-08
 1.61750E+01   3.23736E+17   1.41832E+10   2.35763E+02   3.09113E-02   2.83951E-08
 1.62250E+01   3.22650E+17   1.36777E+10   2.35028E+02   3.08574E-02   2.84104E-08
 1.62750E+01   3.21366E+17   1.31443E+10   2.34207E+02   3.08022E-02   2.84312E-08
 1.63250E+01   3.19894E+17   1.25880E+10   2.33306E+02   3.07462E-02   2.84575E-08
 1.63750E+01   3.18244E+17   1.20128E+10   2.32331E+02   3.06896E-02   2.84891E-08
 1.64250E+01   3.16429E+17   1.14221E+10   2.31288E+02   3.06328E-02   2.85258E-08
 1.64750E+01   3.14460E+17   1.08194E+10   2.30186E+02   3.05761E-02   2.85676E-08
 1.65250E+01   3.12352E+17   1.02085E+10   2.29029E+02   3.05198E-02   2.86141E-08
 1.65750E+01   3.10119E+17   9.59337E+09   2.27827E+02   3.04642E-02   2.86652E-08
 1.66250E+01   3.07774E+17   8.97820E+09   2.26586E+02   3.04097E-02   2.87207E-08
 1.66750E+01   3.05332E+17   8.36741E+09   2.25314E+02   3.03564E-02   2.87802E-08
 1.67250E+01   3.02809E+17   7.76544E+09   2.24019E+02   3.03048E-02   2.88435E-08
 1.67750E+01   3.00221E+17   7.17664E+09   2.22708E+02   3.02550E-02   2.89104E-08
 1.68250E+01   2.97583E+17   6.60521E+09   2.21389E+02   3.02073E-02   2.89803E-08
 1.68750E+01   2.94911E+17   6.05507E+09   2.20070E+02   3.01620E-02   2.90530E-08
 1.69250E+01   2.92220E+17   5.52987E+09   2.18758E+02   3.01193E-02   2.91282E-08
 1.69750E+01   2.89526E+17   5.03294E+09   2.17460E+02   3.00794E-02   2.92053E-08
 1.70250E+01   2.86846E+17   4.56724E+09   2.16184E+02   3.00425E-02   2.92840E-08
 1.70750E+01   2.84193E+17   4.13538E+09   2.14937E+02   3.00087E-02   2.93639E-08
 1.71250E+01   2.81582E+17   3.73954E+09   2.13726E+02   2.99783E-02   2.94443E-08
 1.71750E+01   2.79029E+17   3.38147E+09   2.12556E+02   2.99512E-02   2.95250E-08
 1.72250E+01   2.76546E+17   3.06243E+09   2.11435E+02   2.99277E-02   2.96054E-08
 1.72750E+01   2.74147E+17   2.78311E+09   2.10367E+02   2.99079E-02   2.96849E-08
 1.73250E+01   2.71844E+17   2.54361E+09   2.09358E+02   2.98917E-02   2.97631E-08
 1.73750E+01   2.69650E+17   2.34342E+09   2.08414E+02   2.98793E-02   2.98395E-08
 1.74250E+01   2.67576E+17   2.18141E+09   2.07538E+02   2.98707E-02   2.99135E-08
 1.74750E+01   2.65631E+17   2.05580E+09   2.06735E+02   2.98658E-02   2.99847E-08
 1.75250E+01   2.63825E+17   1.96422E+09   2.06008E+02   2.98647E-02   3.00526E-08
 1.75750E+01   2.62167E+17   1.90369E+09   2.05360E+02   2.98673E-02   3.01167E-08
 1.76250E+01   2.60663E+17   1.87023E+09   2.04795E+02   2.98736E-02   3.01766E-08
 1.76750E+01   2.59321E+17   1.86188E+09   2.04314E+02   2.98834E-02   3.02319E-08
 1.77250E+01   2.58146E+17   1.86147E+09   2.03919E+02   2.98967E-02   3.02822E-08
 1.77750E+01   2.57141E+17   1.86106E+09   2.03611E+02   2.99134E-02   3.03273E-08
 1.78250E+01   2.56311E+17   1.87090E+09   2.03390E+02   2.99333E-02   3.03667E-08
 1.78750E+01   2.55657E+17   1.92863E+09   2.03257E+02   2.99562E-02   3.04003E-08
 1.79250E+01   2.55182E+17   2.02526E+09   2.03211E+02   2.99820E-02   3.04279E-08
 1.79750E+01   2.54885E+17   2.15098E+09   2.03251E+02   3.00105E-02   3.04493E-08
 1.80250E+01   2.54764E+17   2.29910E+09   2.03375E+02   3.00414E-02   3.04646E-08
 1.80750E+01   2.54820E+17   2.46494E+09   2.03583E+02   3.00747E-02   3.04736E-08
 1.81250E+01   2.55048E+17   2.64563E+09   2.03871E+02   3.01100E-02   3.04765E-08
 1.81750E+01   2.55445E+17   2.83983E+09   2.04237E+02   3.01472E-02   3.04732E-08
 1.82250E+01   2.56006E+17   3.04738E+09   2.04678E+02   3.01860E-02   3.04640E-08
 1.82750E+01   2.56726E+17   3.26905E+09   2.05190E+02   3.02260E-02   3.04489E-08
 1.83250E+01   2.57598E+17   3.50620E+09   2.05768E+02   3.02672E-02   3.04283E-08
 1.83750E+01   2.58615E+17   3.76057E+09   2.06409E+02   3.03092E-02   3.04025E-08
 1.84250E+01   2.59769E+17   4.03408E+09   2.07109E+02   3.03518E-02   3.03716E-08
 1.84750E+01   2.61051E+17   4.32861E+09   2.07862E+02   3.03948E-02   3.03361E-08
 1.85250E+01   2.62452E+17   4.64595E+09   2.08663E+02   3.04378E-02   3.02963E-08
 1.85750E+01   2.63962E+17   4.98769E+09   2.09507E+02   3.04806E-02   3.02525E-08
 1.86250E+01   2.65572E+17   5.35519E+09   2.10388E+02   3.05229E-02   3.02053E-08
 1.86750E+01   2.67269E+17   5.74953E+09   2.11301E+02   3.05646E-02   3.01549E-08
 1.87250E+01   2.69044E+17   6.17154E+09   2.12240E+02   3.06054E-02   3.01019E-08
 1.87750E+01   2.70884E+17   6.62167E+09   2.13200E+02   3.06451E-02   3.00465E-08
 1.88250E+01   2.72777E+17   7.10001E+09   2.14173E+02   3.06834E-02   2.99893E-08
 1.88750E+01   2.74713E+17   7.60615E+09   2.15155E+02   3.07201E-02   2.99306E-08
 1.89250E+01   2.76679E+17   8.13898E+09   2.16140E+02   3.07552E-02   2.98709E-08
 1.89750E+01   2.78664E+17   8.69661E+09   2.17121E+02   3.07882E-02   2.98105E-08
 1.90250E+01   2.80655E+17   9.27608E+09   2.18093E+02   3.08192E-02   2.97498E-08
 1.90750E+01   2.82640E+17   9.87325E+09   2.19051E+02   3.08480E-02   2.96892E-08
 1.91250E+01   2.84609E+17   1.04826E+10   2.19989E+02   3.08743E-02   2.96291E-08
 1.91750E+01   2.86549E+17   1.10974E+10   2.20902E+02   3.08982E-02   2.95696E-08
 1.92250E+01   2.88450E+17   1.17094E+10   2.21785E+02   3.09194E-02   2.95113E-08
 1.92750E+01   2.90302E+17   1.23095E+10   2.22633E+02   3.09379E-02   2.94543E-08
 1.93250E+01   2.92093E+17   1.28881E+10   2.23441E+02   3.09537E-02   2.93990E-08
 1.93750E+01   2.93815E+17   1.34352E+10   2.24207E+02   3.09667E-02   2.93455E-08
 1.94250E+01   2.95458E+17   1.39414E+10   2.24924E+02   3.09768E-02   2.92942E-08
 1.94750E+01   2.97014E+17   1.43979E+10   2.25591E+02   3.09841E-02   2.92453E-08
 1.95250E+01   2.98474E+17   1.47974E+10   2.26204E+02   3.09885E-02   2.91989E-08
 1.95750E+01   2.99832E+17   1.51347E+10   2.26759E+02   3.09900E-02   2.91552E-08
 1.96250E+01   3.01081E+17   1.54068E+10   2.27256E+02   3.09887E-02   2.91144E-08
 1.96750E+01   3.02214E+17   1.56137E+10   2.27690E+02   3.09846E-02   2.90767E-08
 1.97250E+01   3.03228E+17   1.57582E+10   2.28061E+02   3.09779E-02   2.90422E-08
 1.97750E+01   3.04116E+17   1.58455E+10   2.28368E+02   3.09685E-02   2.90109E-08
 1.98250E+01   3.04877E+17   1.58815E+10   2.28609E+02   3.09565E-02   2.89830E-08
 1.98750E+01   3.05507E+17   1.58816E+10   2.28783E+02   3.09421E-02   2.89586E-08
 1.99250E+01   3.06004E+17   1.58801E+10   2.28892E+02   3.09254E-02   2.89377E-08
 1.99750E+01   3.06367E+17   1.58720E+10   2.28935E+02   3.09066E-02   2.89204E-08
 2.00250E+01   3.06597E+17   1.57371E+10   2.28913E+02   3.08857E-02   2.89067E-08
 2.00750E+01   3.06692E+17   1.54770E+10   2.28827E+02   3.08629E-02   2.88966E-08
 2.01250E+01   3.06655E+17   1.51241E+10   2.28678E+02   3.08384E-02   2.88901E-08
 2.01750E+01   3.06488E+17   1.47040E+10   2.28467E+02   3.08124E-02   2.88872E-08
 2.02250E+01   3.06193E+17   1.42333E+10   2.28198E+02   3.07850E-02   2.88879E-08
 2.02750E+01   3.05774E+17   1.37234E+10   2.27873E+02   3.07563E-02   2.88921E-08
 2.03250E+01   3.05235E+17   1.31825E+10   2.27493E+02   3.07267E-02   2.88998E-08
 2.03750E+01   3.04581E+17   1.26172E+10   2.27063E+02   3.06962E-02   2.89109E-08
 2.04250E+01   3.03817E+17   1.20326E+10   2.26585E+02   3.06652E-02   2.89254E-08
 2.04750E+01   3.02950E+17   1.14330E+10   2.26063E+02   3.06336E-02   2.89430E-08
 2.05250E+01   3.01986E+17   1.08224E+10   2.25501E+02   3.06019E-02   2.89638E-08
 2.05750E+01   3.00931E+17   1.02045E+10   2.24902E+02   3.05701E-02   2.89875E-08
 2.06250E+01   2.99794E+17   9.58336E+09   2.24271E+02   3.05384E-02   2.90141E-08
 2.06750E+01   2.98582E+17   8.96291E+09   2.23612E+02   3.05070E-02   2.90434E-08
 2.07250E+01   2.97303E+17   8.34743E+09   2.22928E+02   3.04760E-02   2.90751E-08
 2.07750E+01   2.95966E+17   7.74126E+09   2.22225E+02   3.04458E-02   2.91092E-08
 2.08250E+01   2.94580E+17   7.14873E+09   2.21506E+02   3.04164E-02   2.91454E-08
 2.08750E+01   2.93153E+17   6.57408E+09   2.20777E+02   3.03880E-02   2.91835E-08
 2.09250E+01   2.91694E+17   6.02136E+09   2.20041E+02   3.03608E-02   2.92234E-08
 2.09750E+01   2.90212E+17   5.49434E+09   2.19303E+02   3.03348E-02   2.92647E-08
 2.10250E+01   2.88717E+17   4.99647E+09   2.18568E+02   3.03103E-02   2.93072E-08
 2.10750E+01   2.87216E+17   4.53083E+09   2.17839E+02   3.02873E-02   2.93507E-08
 2.11250E+01   2.85720E+17   4.10009E+09   2.17121E+02   3.02659E-02   2.93949E-08
 2.11750E+01   2.84236E+17   3.70644E+09   2.16418E+02   3.02463E-02   2.94396E-08
 2.12250E+01   2.82774E+17   3.35157E+09   2.15734E+02   3.02286E-02   2.94845E-08
 2.12750E+01   2.81340E+17   3.03661E+09   2.15071E+02   3.02127E-02   2.95294E-08
 2.13250E+01   2.79944E+17   2.76209E+09   2.14435E+02   3.01989E-02   2.95739E-08
 2.13750E+01   2.78593E+17   2.52785E+09   2.13828E+02   3.01871E-02   2.96177E-08
 2.14250E+01   2.77293E+17   2.33309E+09   2.13254E+02   3.01773E-02   2.96607E-08
 2.14750E+01   2.76052E+17   2.17625E+09   2.12714E+02   3.01696E-02   2.97026E-08
 2.15250E+01   2.74876E+17   2.05514E+09   2.12213E+02   3.01641E-02   2.97431E-08
 2.15750E+01   2.73771E+17   1.96693E+09   2.11751E+02   3.01607E-02   2.97819E-08
 2.16250E+01   2.72742E+17   1.90837E+09   2.11332E+02   3.01593E-02   2.98189E-08
 2.16750E+01   2.71794E+17   1.87564E+09   2.10956E+02   3.01601E-02   2.98538E-08
 2.17250E+01   2.70930E+17   1.86689E+09   2.10626E+02   3.01628E-02   2.98864E-08
 2.17750E+01   2.70156E+17   1.86756E+09   2.10343E+02   3.01676E-02   2.99165E-08
 2.18250E+01   2.69473E+17   1.86824E+09   2.10107E+02   3.01743E-02   2.99439E-08
 2.18750E+01   2.68884E+17   1.87686E+09   2.09919E+02   3.01829E-02   2.99686E-08
 2.19250E+01   2.68392E+17   1.93236E+09   2.09780E+02   3.01932E-02   2.99903E-08
 2.19750E+01   2.67997E+17   2.02805E+09   2.09689E+02   3.02053E-02   3.00091E-08
 2.20250E+01   2.67701E+17   2.15370E+09   2.09647E+02   3.02189E-02   3.00246E-08
 2.20750E+01   2.67503E+17   2.30224E+09   2.09653E+02   3.02341E-02   3.00371E-08
 2.21250E+01   2.67402E+17   2.46891E+09   2.09705E+02   3.02506E-02   3.00463E-08
 2.21750E+01   2.67399E+17   2.65080E+09   2.09804E+02   3.02684E-02   3.00523E-08
 2.22250E+01   2.67491E+17   2.84653E+09   2.09947E+02   3.02874E-02   3.00552E-08
 2.22750E+01   2.67677E+17   3.05590E+09   2.10133E+02   3.03074E-02   3.00548E-08
 2.23250E+01   2.67954E+17   3.27953E+09   2.10361E+02   3.03283E-02   3.00514E-08
 2.23750E+01   2.68318E+17   3.51861E+09   2.10629E+02   3.03500E-02   3.00449E-08
 2.24250E+01   2.68766E+17   3.77471E+09   2.10934E+02   3.03723E-02   3.00356E-08
 2.24750E+01   2.69295E+17   4.04957E+09   2.11273E+02   3.03950E-02   3.00234E-08
 2.25250E+01   2.69900E+17   4.34499E+09   2.11645E+02   3.04182E-02   3.00085E-08
 2.25750E+01   2.70576E+17   4.66273E+09   2.12047E+02   3.04415E-02   2.99912E-08
 2.26250E+01   2.71319E+17   5.00440E+09   2.12476E+02   3.04649E-02   2.99715E-08
 2.26750E+01   2.72123E+17   5.37147E+09   2.12929E+02   3.04883E-02   2.99496E-08
 2.27250E+01   2.72982E+17   5.76516E+09   2.13404E+02   3.05114E-02   2.99257E-08
 2.27750E+01   2.73890E+17   6.18641E+09   2.13896E+02   3.05343E-02   2.99000E-08
 2.28250E+01   2.74843E+17   6.63580E+09   2.14404E+02   3.05566E-02   2.98728E-08
 2.28750E+01   2.75832E+17   7.11339E+09   2.14923E+02   3.05784E-02   2.98441E-08
 2.29250E+01   2.76853E+17   7.61861E+09   2.15451E+02   3.05996E-02   2.98142E-08
 2.29750E+01   2.77899E+17   8.15013E+09   2.15985E+02   3.06199E-02   2.97834E-08
 2.30250E+01   2.78963E+17   8.70566E+09   2.16521E+02   3.06393E-02   2.97517E-08
 2.30750E+01   2.80040E+17   9.28179E+09   2.17057E+02   3.06577E-02   2.97195E-08
 2.31250E+01   2.81123E+17   9.87394E+09   2.17589E+02   3.06751E-02   2.96869E-08
 2.31750E+01   2.82205E+17   1.04762E+10   2.18114E+02   3.06912E-02   2.96541E-08
 2.32250E+01   2.83280E+17   1.10817E+10   2.18630E+02   3.07062E-02   2.96213E-08
 2.32750E+01   2.84343E+17   1.16823E+10   2.19133E+02   3.07198E-02   2.95888E-08
 2.33250E+01   2.85387E+17   1.22692E+10   2.19622E+02   3.07321E-02   2.95566E-08
 2.33750E+01   2.86408E+17   1.28334E+10   2.20093E+02   3.07430E-02   2.95249E-08
 2.34250E+01   2.87398E+17   1.33659E+10   2.20544E+02   3.07524E-02   2.94940E-08
 2.34750E+01   2.88354E+17   1.38581E+10   2.20973E+02   3.07604E-02   2.94639E-08
 2.35250E+01   2.89271E+17   1.43028E+10   2.21377E+02   3.07668E-02   2.94348E-08
 2.35750E+01   2.90142E+17   1.46938E+10   2.21755E+02   3.07717E-02   2.94068E-08
 2.36250E+01   2.90965E+17   1.50270E+10   2.22105E+02   3.07751E-02   2.93802E-08
 2.36750E+01   2.91736E+17   1.53001E+10   2.22426E+02   3.07769E-02   2.93549E-08
 2.37250E+01   2.92450E+17   1.55129E+10   2.22715E+02   3.07773E-02   2.93311E-08
 2.37750E+01   2.93105E+17   1.56673E+10   2.22973E+02   3.07761E-02   2.93088E-08
 2.38250E+01   2.93697E+17   1.57664E+10   2.23197E+02   3.07735E-02   2.92883E-08
 2.38750E+01   2.94225E+17   1.58157E+10   2.23387E+02   3.07695E-02   2.92695E-08
 2.39250E+01   2.94686E+17   1.58218E+10   2.23542E+02   3.07640E-02   2.92525E-08
 2.39750E+01   2.95078E+17   1.58231E+10   2.23663E+02   3.07573E-02   2.92374E-08
 2.40250E+01   2.95401E+17   1.58243E+10   2.23749E+02   3.07493E-02   2.92242E-08
 2.40750E+01   2.95654E+17   1.57577E+10   2.23799E+02   3.07400E-02   2.92129E-08
 2.41250E+01   2.95836E+17   1.55530E+10   2.23816E+02   3.07297E-02   2.92037E-08
 2.41750E+01   2.95947E+17   1.52474E+10   2.23797E+02   3.07183E-02   2.91964E-08
 2.42250E+01   2.95988E+17   1.48629E+10   2.23745E+02   3.07060E-02   2.91911E-08
 2.42750E+01   2.95960E+17   1.44186E+10   2.23660E+02   3.06927E-02   2.91879E-08
 2.43250E+01   2.95863E+17   1.39292E+10   2.23543E+02   3.06786E-02   2.91866E-08
 2.43750E+01   2.95699E+17   1.34055E+10   2.23396E+02   3.06639E-02   2.91873E-08
 2.44250E+01   2.95471E+17   1.28557E+10   2.23218E+02   3.06485E-02   2.91899E-08
 2.44750E+01   2.95180E+17   1.22858E+10   2.23013E+02   3.06326E-02   2.91945E-08
 2.45250E+01   2.94828E+17   1.17004E+10   2.22781E+02   3.06163E-02   2.92009E-08
 2.45750E+01   2.94420E+17   1.11037E+10   2.22524E+02   3.05997E-02   2.92091E-08
 2.46250E+01   2.93957E+17   1.04990E+10   2.22244E+02   3.05828E-02   2.92190E-08
 2.46750E+01   2.93444E+17   9.88997E+09   2.21943E+02   3.05658E-02   2.92306E-08
 2.47250E+01   2.92884E+17   9.28022E+09   2.21623E+02   3.05488E-02   2.92438E-08
 2.47750E+01   2.92280E+17   8.67350E+09   2.21286E+02   3.05318E-02   2.92585E-08
 2.48250E+01   2.91638E+17   8.07372E+09   2.20934E+02   3.05150E-02   2.92746E-08
 2.48750E+01   2.90960E+17   7.48483E+09   2.20569E+02   3.04985E-02   2.92920E-08
 2.49250E+01   2.90252E+17   6.91083E+09   2.20194E+02   3.04823E-02   2.93107E-08
 2.49750E+01   2.89518E+17   6.35560E+09   2.19811E+02   3.04665E-02   2.93304E-08
 2.50250E+01   2.88762E+17   5.82290E+09   2.19422E+02   3.04513E-02   2.93510E-08
 2.50750E+01   2.87990E+17   5.31624E+09   2.19029E+02   3.04366E-02   2.93725E-08
 2.51250E+01   2.87205E+17   4.83884E+09   2.18635E+02   3.04227E-02   2.93948E-08
 2.51750E+01   2.86413E+17   4.39354E+09   2.18242E+02   3.04095E-02   2.94176E-08
 2.52250E+01   2.85617E+17   3.98277E+09   2.17852E+02   3.03970E-02   2.94409E-08
 2.52750E+01   2.84823E+17   3.60849E+09   2.17468E+02   3.03855E-02   2.94645E-08
 2.53250E+01   2.84035E+17   3.27210E+09   2.17091E+02   3.03749E-02   2.94883E-08
 2.53750E+01   2.83258E+17   2.97445E+09   2.16724E+02   3.03652E-02   2.95121E-08
 2.54250E+01   2.82495E+17   2.71578E+09   2.16368E+02   3.03566E-02   2.95358E-08
 2.54750E+01   2.81751E+17   2.49568E+09   2.16025E+02   3.03490E-02   2.95593E-08
 2.55250E+01   2.81030E+17   2.31311E+09   2.15698E+02   3.03424E-02   2.95825E-08
 2.55750E+01   2.80335E+17   2.16642E+09   2.15387E+02   3.03370E-02   2.96051E-08
 2.56250E+01   2.79671E+17   2.05335E+09   2.15094E+02   3.03326E-02   2.96271E-08
 2.56750E+01   2.79040E+17   1.97116E+09   2.14821E+02   3.03294E-02   2.96484E-08
 2.57250E+01   2.78446E+17   1.91670E+09   2.14569E+02   3.03273E-02   2.96687E-08
 2.57750E+01   2.77892E+17   1.88628E+09   2.14339E+02   3.03263E-02   2.96881E-08
 2.58250E+01   2.77379E+17   1.87800E+09   2.14132E+02   3.03265E-02   2.97065E-08
 2.58750E+01   2.76911E+17   1.87790E+09   2.13949E+02   3.03277E-02   2.97236E-08
 2.59250E+01   2.76490E+17   1.87781E+09   2.13790E+02   3.03300E-02   2.97394E-08
 2.59750E+01   2.76116E+17   1.88534E+09   2.13657E+02   3.03333E-02   2.97539E-08
 2.60250E+01   2.75793E+17   1.93869E+09   2.13549E+02   3.03376E-02   2.97669E-08
 2.60750E+01   2.75521E+17   2.03178E+09   2.13467E+02   3.03429E-02   2.97785E-08
 2.61250E+01   2.75300E+17   2.15505E+09   2.13411E+02   3.03492E-02   2.97885E-08
 2.61750E+01   2.75131E+17   2.30179E+09   2.13381E+02   3.03563E-02   2.97969E-08
 2.62250E+01   2.75015E+17   2.46736E+09   2.13376E+02   3.03642E-02   2.98037E-08
 2.62750E+01   2.74952E+17   2.64880E+09   2.13397E+02   3.03729E-02   2.98088E-08
 2.63250E+01   2.74941E+17   2.84457E+09   2.13442E+02   3.03823E-02   2.98123E-08
 2.63750E+01   2.74981E+17   3.05430E+09   2.13512E+02   3.03923E-02   2.98141E-08
 2.64250E+01   2.75072E+17   3.27842E+09   2.13606E+02   3.04029E-02   2.98143E-08
 2.64750E+01   2.75212E+17   3.51799E+09   2.13722E+02   3.04141E-02   2.98129E-08
 2.65250E+01   2.75400E+17   3.77449E+09   2.13860E+02   3.04256E-02   2.98099E-08
 2.65750E+01   2.75635E+17   4.04963E+09   2.14018E+02   3.04376E-02   2.98053E-08
 2.66250E+01   2.75913E+17   4.34527E+09   2.14196E+02   3.04498E-02   2.97993E-08
 2.66750E+01   2.76234E+17   4.66327E+09   2.14392E+02   3.04623E-02   2.97918E-08
 2.67250E+01   2.76595E+17   5.00545E+09   2.14605E+02   3.04749E-02   2.97829E-08
 2.67750E+01   2.76993E+17   5.37347E+09   2.14833E+02   3.04876E-02   2.97728E-08
 2.68250E+01   2.77425E+17   5.76876E+09   2.15076E+02   3.05003E-02   2.97614E-08
 2.68750E+01   2.77890E+17   6.19242E+09   2.15330E+02   3.05129E-02   2.97490E-08
 2.69250E+01   2.78382E+17   6.64509E+09   2.15596E+02   3.05254E-02   2.97355E-08
 2.69750E+01   2.78900E+17   7.12678E+09   2.15870E+02   3.05377E-02   2.97210E-08
 2.70250E+01   2.79440E+17   7.63675E+09   2.16152E+02   3.05497E-02   2.97058E-08
 2.70750E+01   2.79999E+17   8.17335E+09   2.16439E+02   3.05613E-02   2.96898E-08
 2.71250E+01   2.80573E+17   8.73386E+09   2.16731E+02   3.05726E-02   2.96731E-08
 2.71750E+01   2.81159E+17   9.31439E+09   2.17024E+02   3.05833E-02   2.96560E-08
 2.72250E+01   2.81754E+17   9.90987E+09   2.17319E+02   3.05936E-02   2.96384E-08
 2.72750E+01   2.82354E+17   1.05141E+10   2.17612E+02   3.06033E-02   2.96205E-08
 2.73250E+01   2.82956E+17   1.11197E+10   2.17902E+02   3.06124E-02   2.96025E-08
 2.73750E+01   2.83556E+17   1.17186E+10   2.18189E+02   3.06209E-02   2.95843E-08
 2.74250E+01   2.84151E+17   1.23020E+10   2.18469E+02   3.06286E-02   2.95661E-08
 2.74750E+01   2.84738E+17   1.28612E+10   2.18743E+02   3.06357E-02   2.95481E-08
 2.75250E+01   2.85314E+17   1.33875E+10   2.19007E+02   3.06420E-02   2.95302E-08
 2.75750E+01   2.85875E+17   1.38727E+10   2.19261E+02   3.06475E-02   2.95126E-08
 2.76250E+01   2.86419E+17   1.43103E+10   2.19505E+02   3.06522E-02   2.94955E-08
 2.76750E+01   2.86942E+17   1.46947E+10   2.19735E+02   3.06561E-02   2.94788E-08
 2.77250E+01   2.87443E+17   1.50224E+10   2.19952E+02   3.06592E-02   2.94626E-08
 2.77750E+01   2.87919E+17   1.52917E+10   2.20154E+02   3.06615E-02   2.94471E-08
 2.78250E+01   2.88368E+17   1.55027E+10   2.20341E+02   3.06629E-02   2.94323E-08
 2.78750E+01   2.88787E+17   1.56570E+10   2.20511E+02   3.06635E-02   2.94182E-08
 2.79250E+01   2.89175E+17   1.57579E+10   2.20664E+02   3.06633E-02   2.94050E-08
 2.79750E+01   2.89529E+17   1.58110E+10   2.20799E+02   3.06623E-02   2.93927E-08
 2.80250E+01   2.89849E+17   1.58192E+10   2.20916E+02   3.06605E-02   2.93813E-08
 2.80750E+01   2.90133E+17   1.58177E+10   2.21014E+02   3.06580E-02   2.93709E-08
 2.81250E+01   2.90380E+17   1.58162E+10   2.21094E+02   3.06547E-02   2.93615E-08
 2.81750E+01   2.90590E+17   1.57688E+10   2.21154E+02   3.06507E-02   2.93532E-08
 2.82250E+01   2.90762E+17   1.55753E+10   2.21195E+02   3.06461E-02   2.93459E-08
 2.82750E+01   2.90895E+17   1.52715E+10   2.21218E+02   3.06408E-02   2.93397E-08
 2.83250E+01   2.90989E+17   1.48840E+10   2.21221E+02   3.06349E-02   2.93347E-08
 2.83750E+01   2.91045E+17   1.44330E+10   2.21206E+02   3.06285E-02   2.93308E-08
 2.84250E+01   2.91062E+17   1.39346E+10   2.21172E+02   3.06215E-02   2.93280E-08
 2.84750E+01   2.91042E+17   1.34010E+10   2.21121E+02   3.06141E-02   2.93263E-08
 2.85250E+01   2.90985E+17   1.28409E+10   2.21053E+02   3.06063E-02   2.93257E-08
 2.85750E+01   2.90892E+17   1.22609E+10   2.20968E+02   3.05982E-02   2.93262E-08
 2.86250E+01   2.90764E+17   1.16660E+10   2.20867E+02   3.05897E-02   2.93278E-08
 2.86750E+01   2.90602E+17   1.10603E+10   2.20752E+02   3.05809E-02   2.93305E-08
 2.87250E+01   2.90409E+17   1.04478E+10   2.20622E+02   3.05720E-02   2.93341E-08
 2.87750E+01   2.90184E+17   9.83188E+09   2.20479E+02   3.05629E-02   2.93388E-08
 2.88250E+01   2.89931E+17   9.21638E+09   2.20324E+02   3.05537E-02   2.93443E-08
 2.88750E+01   2.89652E+17   8.60506E+09   2.20158E+02   3.05445E-02   2.93508E-08
 2.89250E+01   2.89348E+17   8.00177E+09   2.19982E+02   3.05353E-02   2.93582E-08
 2.89750E+01   2.89021E+17   7.41046E+09   2.19798E+02   3.05261E-02   2.93663E-08
 2.90250E+01   2.88674E+17   6.83510E+09   2.19606E+02   3.05171E-02   2.93751E-08
 2.90750E+01   2.88310E+17   6.27958E+09   2.19407E+02   3.05082E-02   2.93847E-08
 2.91250E+01   2.87930E+17   5.74767E+09   2.19204E+02   3.04996E-02   2.93948E-08
 2.91750E+01   2.87538E+17   5.24288E+09   2.18997E+02   3.04912E-02   2.94055E-08
 2.92250E+01   2.87135E+17   4.76846E+09   2.18788E+02   3.04832E-02   2.94166E-08
 2.92750E+01   2.86725E+17   4.32726E+09   2.18577E+02   3.04755E-02   2.94282E-08
 2.93250E+01   2.86310E+17   3.92165E+09   2.18367E+02   3.04682E-02   2.94401E-08
 2.93750E+01   2.85892E+17   3.55350E+09   2.18158E+02   3.04614E-02   2.94522E-08
 2.94250E+01   2.85474E+17   3.22406E+09   2.17952E+02   3.04550E-02   2.94645E-08
 2.94750E+01   2.85059E+17   2.93395E+09   2.17749E+02   3.04491E-02   2.94769E-08
 2.95250E+01   2.84648E+17   2.68314E+09   2.17551E+02   3.04438E-02   2.94893E-08
 2.95750E+01   2.84245E+17   2.47093E+09   2.17359E+02   3.04390E-02   2.95017E-08
 2.96250E+01   2.83852E+17   2.29600E+09   2.17174E+02   3.04347E-02   2.95140E-08
 2.96750E+01   2.83471E+17   2.15645E+09   2.16997E+02   3.04311E-02   2.95260E-08
 2.97250E+01   2.83104E+17   2.04991E+09   2.16829E+02   3.04281E-02   2.95378E-08
 2.97750E+01   2.82753E+17   1.97350E+09   2.16671E+02   3.04256E-02   2.95492E-08
 2.98250E+01   2.82420E+17   1.92407E+09   2.16523E+02   3.04238E-02   2.95602E-08
 2.98750E+01   2.82107E+17   1.89772E+09   2.16387E+02   3.04226E-02   2.95708E-08
 2.99250E+01   2.81815E+17   1.89235E+09   2.16263E+02   3.04220E-02   2.95808E-08
 2.99750E+01   2.81547E+17   1.89203E+09   2.16151E+02   3.04221E-02   2.95902E-08
 3.00250E+01   2.81302E+17   1.89171E+09   2.16053E+02   3.04227E-02   2.95990E-08
 3.00750E+01   2.81084E+17   1.90448E+09   2.15968E+02   3.04240E-02   2.96070E-08
 3.01250E+01   2.80891E+17   1.96674E+09   2.15896E+02   3.04258E-02   2.96144E-08
 3.01750E+01   2.80727E+17   2.06773E+09   2.15839E+02   3.04281E-02   2.96209E-08
 3.02250E+01   2.80590E+17   2.19837E+09   2.15796E+02   3.04311E-02   2.96267E-08
 3.02750E+01   2.80482E+17   2.35244E+09   2.15768E+02   3.04345E-02   2.96316E-08
 3.03250E+01   2.80403E+17   2.52552E+09   2.15753E+02   3.04384E-02   2.96357E-08
 3.03750E+01   2.80353E+17   2.71487E+09   2.15753E+02   3.04428E-02   2.96388E-08
 3.04250E+01   2.80333E+17   2.91913E+09   2.15767E+02   3.04476E-02   2.96411E-08
 3.04750E+01   2.80341E+17   3.13806E+09   2.15795E+02   3.04528E-02   2.96425E-08
 3.05250E+01   2.80379E+17   3.37224E+09   2.15837E+02   3.04584E-02   2.96430E-08
 3.05750E+01   2.80444E+17   3.62292E+09   2.15891E+02   3.04643E-02   2.96426E-08
 3.06250E+01   2.80538E+17   3.89174E+09   2.15959E+02   3.04705E-02   2.96413E-08
 3.06750E+01   2.80658E+17   4.18064E+09   2.16038E+02   3.04769E-02   2.96392E-08
 3.07250E+01   2.80804E+17   4.49171E+09   2.16129E+02   3.04836E-02   2.96362E-08
 3.07750E+01   2.80976E+17   4.82706E+09   2.16231E+02   3.04904E-02   2.96324E-08
 3.08250E+01   2.81170E+17   5.18867E+09   2.16344E+02   3.04974E-02   2.96278E-08
 3.08750E+01   2.81388E+17   5.57833E+09   2.16465E+02   3.05045E-02   2.96224E-08
 3.09250E+01   2.81626E+17   5.99749E+09   2.16596E+02   3.05116E-02   2.96164E-08
 3.09750E+01   2.81884E+17   6.44705E+09   2.16734E+02   3.05187E-02   2.96096E-08
 3.10250E+01   2.82160E+17   6.92726E+09   2.16879E+02   3.05257E-02   2.96023E-08
 3.10750E+01   2.82452E+17   7.43755E+09   2.17031E+02   3.05327E-02   2.95943E-08
 3.11250E+01   2.82758E+17   7.97634E+09   2.17187E+02   3.05396E-02   2.95859E-08
 3.11750E+01   2.83077E+17   8.54091E+09   2.17347E+02   3.05463E-02   2.95769E-08
 3.12250E+01   2.83406E+17   9.12733E+09   2.17511E+02   3.05528E-02   2.95676E-08
 3.12750E+01   2.83744E+17   9.73042E+09   2.17677E+02   3.05590E-02   2.95578E-08
 3.13250E+01   2.84089E+17   1.03438E+10   2.17844E+02   3.05650E-02   2.95478E-08
 3.13750E+01   2.84439E+17   1.09599E+10   2.18011E+02   3.05708E-02   2.95375E-08
 3.14250E+01   2.84792E+17   1.15706E+10   2.18178E+02   3.05762E-02   2.95270E-08
 3.14750E+01   2.85146E+17   1.21670E+10   2.18344E+02   3.05812E-02   2.95164E-08
 3.15250E+01   2.85500E+17   1.27402E+10   2.18507E+02   3.05859E-02   2.95058E-08
 3.15750E+01   2.85850E+17   1.32815E+10   2.18667E+02   3.05902E-02   2.94951E-08
 3.16250E+01   2.86197E+17   1.37829E+10   2.18823E+02   3.05941E-02   2.94844E-08
 3.16750E+01   2.86537E+17   1.42373E+10   2.18974E+02   3.05976E-02   2.94739E-08
 3.17250E+01   2.86869E+17   1.46391E+10   2.19119E+02   3.06006E-02   2.94635E-08
 3.17750E+01   2.87191E+17   1.49840E+10   2.19258E+02   3.06032E-02   2.94533E-08
 3.18250E+01   2.87503E+17   1.52699E+10   2.19390E+02   3.06053E-02   2.94433E-08
 3.18750E+01   2.87801E+17   1.54965E+10   2.19515E+02   3.06070E-02   2.94337E-08
 3.19250E+01   2.88086E+17   1.56659E+10   2.19631E+02   3.06082E-02   2.94243E-08
 3.19750E+01   2.88355E+17   1.57817E+10   2.19738E+02   3.06090E-02   2.94154E-08
 3.20250E+01   2.88608E+17   1.58491E+10   2.19836E+02   3.06092E-02   2.94069E-08
 3.20750E+01   2.88844E+17   1.58716E+10   2.19925E+02   3.06091E-02   2.93989E-08
 3.21250E+01   2.89061E+17   1.58700E+10   2.20003E+02   3.06084E-02   2.93913E-08
 3.21750E+01   2.89259E+17   1.58681E+10   2.20072E+02   3.06074E-02   2.93843E-08
 3.22250E+01   2.89437E+17   1.58485E+10   2.20130E+02   3.06059E-02   2.93778E-08
 3.22750E+01   2.89595E+17   1.56859E+10   2.20177E+02   3.06040E-02   2.93718E-08
 3.23250E+01   2.89732E+17   1.53947E+10   2.20214E+02   3.06017E-02   2.93665E-08
 3.23750E+01   2.89847E+17   1.50093E+10   2.20241E+02   3.05991E-02   2.93617E-08
 3.24250E+01   2.89942E+17   1.45548E+10   2.20257E+02   3.05961E-02   2.93576E-08
 3.24750E+01   2.90015E+17   1.40485E+10   2.20262E+02   3.05928E-02   2.93540E-08
 3.25250E+01   2.90066E+17   1.35035E+10   2.20257E+02   3.05891E-02   2.93511E-08
 3.25750E+01   2.90097E+17   1.29294E+10   2.20242E+02   3.05852E-02   2.93488E-08
 3.26250E+01   2.90107E+17   1.23336E+10   2.20217E+02   3.05810E-02   2.93472E-08
 3.26750E+01   2.90097E+17   1.17223E+10   2.20183E+02   3.05767E-02   2.93461E-08
 3.27250E+01   2.90067E+17   1.11003E+10   2.20140E+02   3.05721E-02   2.93456E-08
 3.27750E+01   2.90019E+17   1.04722E+10   2.20088E+02   3.05673E-02   2.93458E-08
 3.28250E+01   2.89952E+17   9.84190E+09   2.20028E+02   3.05625E-02   2.93465E-08
 3.28750E+01   2.89868E+17   9.21317E+09   2.19961E+02   3.05575E-02   2.93477E-08
 3.29250E+01   2.89767E+17   8.58990E+09   2.19886E+02   3.05524E-02   2.93495E-08
 3.29750E+01   2.89651E+17   7.97603E+09   2.19805E+02   3.05473E-02   2.93518E-08
 3.30250E+01   2.89522E+17   7.37559E+09   2.19718E+02   3.05422E-02   2.93545E-08
 3.30750E+01   2.89379E+17   6.79260E+09   2.19626E+02   3.05371E-02   2.93577E-08
 3.31250E+01   2.89225E+17   6.23107E+09   2.19530E+02   3.05321E-02   2.93613E-08
 3.31750E+01   2.89060E+17   5.69485E+09   2.19430E+02   3.05271E-02   2.93653E-08
 3.32250E+01   2.88887E+17   5.18753E+09   2.19327E+02   3.05222E-02   2.93696E-08
 3.32750E+01   2.88706E+17   4.71235E+09   2.19221E+02   3.05175E-02   2.93742E-08
 3.33250E+01   2.88519E+17   4.27213E+09   2.19114E+02   3.05129E-02   2.93791E-08
 3.33750E+01   2.88327E+17   3.86913E+09   2.19005E+02   3.05086E-02   2.93842E-08
 3.34250E+01   2.88132E+17   3.50507E+09   2.18897E+02   3.05044E-02   2.93895E-08
 3.34750E+01   2.87936E+17   3.18099E+09   2.18789E+02   3.05005E-02   2.93949E-08
 3.35250E+01   2.87740E+17   2.89728E+09   2.18683E+02   3.04968E-02   2.94004E-08
 3.35750E+01   2.87545E+17   2.65363E+09   2.18578E+02   3.04934E-02   2.94059E-08
 3.36250E+01   2.87353E+17   2.44904E+09   2.18476E+02   3.04903E-02   2.94115E-08
 3.36750E+01   2.87164E+17   2.28184E+09   2.18377E+02   3.04876E-02   2.94170E-08
 3.37250E+01   2.86981E+17   2.14978E+09   2.18282E+02   3.04851E-02   2.94225E-08
 3.37750E+01   2.86805E+17   2.05008E+09   2.18192E+02   3.04830E-02   2.94279E-08
 3.38250E+01   2.86636E+17   1.97957E+09   2.18106E+02   3.04811E-02   2.94330E-08
 3.38750E+01   2.86476E+17   1.93503E+09   2.18026E+02   3.04797E-02   2.94380E-08
 3.39250E+01   2.86327E+17   1.91276E+09   2.17951E+02   3.04786E-02   2.94428E-08
 3.39750E+01   2.86188E+17   1.91011E+09   2.17883E+02   3.04778E-02   2.94473E-08
 3.40250E+01   2.86061E+17   1.91054E+09   2.17821E+02   3.04774E-02   2.94515E-08
 3.40750E+01   2.85947E+17   1.91097E+09   2.17766E+02   3.04773E-02   2.94554E-08
 3.41250E+01   2.85847E+17   1.93139E+09   2.17719E+02   3.04775E-02   2.94589E-08
 3.41750E+01   2.85761E+17   2.00333E+09   2.17679E+02   3.04781E-02   2.94621E-08
 3.42250E+01   2.85690E+17   2.11297E+09   2.17646E+02   3.04790E-02   2.94648E-08
 3.42750E+01   2.85635E+17   2.25191E+09   2.17622E+02   3.04803E-02   2.94671E-08
 3.43250E+01   2.85595E+17   2.41389E+09   2.17605E+02   3.04818E-02   2.94690E-08
 3.43750E+01   2.85571E+17   2.59461E+09   2.17596E+02   3.04836E-02   2.94704E-08
 3.44250E+01   2.85563E+17   2.79156E+09   2.17595E+02   3.04857E-02   2.94713E-08
 3.44750E+01   2.85572E+17   3.00364E+09   2.17602E+02   3.04881E-02   2.94718E-08
 3.45250E+01   2.85597E+17   3.23085E+09   2.17617E+02   3.04907E-02   2.94718E-08
 3.45750E+01   2.85638E+17   3.47402E+09   2.17640E+02   3.04936E-02   2.94713E-08
 3.46250E+01   2.85696E+17   3.73460E+09   2.17670E+02   3.04966E-02   2.94703E-08
 3.46750E+01   2.85769E+17   4.01445E+09   2.17708E+02   3.04999E-02   2.94688E-08
 3.47250E+01   2.85858E+17   4.31572E+09   2.17752E+02   3.05033E-02   2.94669E-08
 3.47750E+01   2.85962E+17   4.64067E+09   2.17804E+02   3.05068E-02   2.94644E-08
 3.48250E+01   2.86080E+17   4.99152E+09   2.17861E+02   3.05105E-02   2.94615E-08
 3.48750E+01   2.86213E+17   5.37031E+09   2.17925E+02   3.05143E-02   2.94582E-08
 3.49250E+01   2.86358E+17   5.77877E+09   2.17995E+02   3.05182E-02   2.94545E-08
 3.49750E+01   2.86517E+17   6.21807E+09   2.18070E+02   3.05221E-02   2.94503E-08
 3.50250E+01   2.86687E+17   6.68875E+09   2.18149E+02   3.05260E-02   2.94457E-08
 3.50750E+01   2.86868E+17   7.19049E+09   2.18233E+02   3.05300E-02   2.94408E-08
 3.51250E+01   2.87059E+17   7.72197E+09   2.18321E+02   3.05339E-02   2.94355E-08
 3.51750E+01   2.87259E+17   8.28074E+09   2.18412E+02   3.05378E-02   2.94299E-08
 3.52250E+01   2.87468E+17   8.86319E+09   2.18507E+02   3.05416E-02   2.94241E-08
 3.52750E+01   2.87683E+17   9.46447E+09   2.18603E+02   3.05454E-02   2.94179E-08
 3.53250E+01   2.87905E+17   1.00785E+10   2.18701E+02   3.05490E-02   2.94115E-08
 3.53750E+01   2.88132E+17   1.06984E+10   2.18801E+02   3.05525E-02   2.94049E-08
 3.54250E+01   2.88364E+17   1.13160E+10   2.18902E+02   3.05559E-02   2.93981E-08
 3.54750E+01   2.88598E+17   1.19230E+10   2.19003E+02   3.05591E-02   2.93912E-08
 3.55250E+01   2.88835E+17   1.25106E+10   2.19104E+02   3.05622E-02   2.93842E-08
 3.55750E+01   2.89072E+17   1.30704E+10   2.19204E+02   3.05651E-02   2.93770E-08
 3.56250E+01   2.89310E+17   1.35942E+10   2.19303E+02   3.05678E-02   2.93698E-08
 3.56750E+01   2.89547E+17   1.40751E+10   2.19401E+02   3.05703E-02   2.93626E-08
 3.57250E+01   2.89783E+17   1.45069E+10   2.19496E+02   3.05726E-02   2.93554E-08
 3.57750E+01   2.90015E+17   1.48853E+10   2.19590E+02   3.05746E-02   2.93482E-08
 3.58250E+01   2.90244E+17   1.52075E+10   2.19680E+02   3.05765E-02   2.93411E-08
 3.58750E+01   2.90468E+17   1.54721E+10   2.19767E+02   3.05780E-02   2.93340E-08
 3.59250E+01   2.90687E+17   1.56799E+10   2.19851E+02   3.05794E-02   2.93271E-08
 3.59750E+01   2.90900E+17   1.58326E+10   2.19931E+02   3.05805E-02   2.93203E-08
 3.60250E+01   2.91106E+17   1.59336E+10   2.20006E+02   3.05813E-02   2.93137E-08
 3.60750E+01   2.91305E+17   1.59883E+10   2.20077E+02   3.05819E-02   2.93072E-08
 3.61250E+01   2.91495E+17   1.59995E+10   2.20144E+02   3.05823E-02   2.93009E-08
 3.61750E+01   2.91677E+17   1.60023E+10   2.20206E+02   3.05825E-02   2.92949E-08
 3.62250E+01   2.91850E+17   1.60049E+10   2.20262E+02   3.05824E-02   2.92890E-08
 3.62750E+01   2.92013E+17   1.59630E+10   2.20313E+02   3.05820E-02   2.92835E-08
 3.63250E+01   2.92167E+17   1.57711E+10   2.20359E+02   3.05815E-02   2.92782E-08
 3.63750E+01   2.92310E+17   1.54624E+10   2.20400E+02   3.05807E-02   2.92731E-08
 3.64250E+01   2.92443E+17   1.50635E+10   2.20435E+02   3.05797E-02   2.92684E-08
 3.64750E+01   2.92565E+17   1.45954E+10   2.20465E+02   3.05784E-02   2.92639E-08
 3.65250E+01   2.92677E+17   1.40754E+10   2.20489E+02   3.05771E-02   2.92598E-08
 3.65750E+01   2.92778E+17   1.35171E+10   2.20508E+02   3.05755E-02   2.92559E-08
 3.66250E+01   2.92868E+17   1.29310E+10   2.20521E+02   3.05737E-02   2.92523E-08
 3.66750E+01   2.92948E+17   1.23250E+10   2.20529E+02   3.05718E-02   2.92491E-08
 3.67250E+01   2.93017E+17   1.17054E+10   2.20533E+02   3.05698E-02   2.92461E-08
 3.67750E+01   2.93077E+17   1.10770E+10   2.20531E+02   3.05676E-02   2.92434E-08
 3.68250E+01   2.93126E+17   1.04443E+10   2.20525E+02   3.05654E-02   2.92411E-08
 3.68750E+01   2.93166E+17   9.81104E+09   2.20514E+02   3.05630E-02   2.92390E-08
 3.69250E+01   2.93197E+17   9.18108E+09   2.20499E+02   3.05606E-02   2.92372E-08
 3.69750E+01   2.93220E+17   8.55818E+09   2.20480E+02   3.05581E-02   2.92356E-08
 3.70250E+01   2.93234E+17   7.94614E+09   2.20457E+02   3.05555E-02   2.92343E-08
 3.70750E+01   2.93240E+17   7.34881E+09   2.20431E+02   3.05529E-02   2.92333E-08
 3.71250E+01   2.93240E+17   6.77006E+09   2.20402E+02   3.05503E-02   2.92325E-08
 3.71750E+01   2.93233E+17   6.21367E+09   2.20370E+02   3.05476E-02   2.92319E-08
 3.72250E+01   2.93220E+17   5.68326E+09   2.20335E+02   3.05450E-02   2.92315E-08
 3.72750E+01   2.93202E+17   5.18221E+09   2.20299E+02   3.05424E-02   2.92312E-08
 3.73250E+01   2.93180E+17   4.71353E+09   2.20261E+02   3.05399E-02   2.92311E-08
 3.73750E+01   2.93154E+17   4.27982E+09   2.20221E+02   3.05374E-02   2.92312E-08
 3.74250E+01   2.93125E+17   3.88315E+09   2.20180E+02   3.05350E-02   2.92314E-08
 3.74750E+01   2.93094E+17   3.52499E+09   2.20139E+02   3.05326E-02   2.92317E-08
 3.75250E+01   2.93062E+17   3.20622E+09   2.20098E+02   3.05304E-02   2.92320E-08
 3.75750E+01   2.93029E+17   2.92705E+09   2.20057E+02   3.05282E-02   2.92325E-08
 3.76250E+01   2.92995E+17   2.68703E+09   2.20016E+02   3.05262E-02   2.92329E-08
 3.76750E+01   2.92963E+17   2.48510E+09   2.19976E+02   3.05243E-02   2.92334E-08
 3.77250E+01   2.92931E+17   2.31960E+09   2.19937E+02   3.05225E-02   2.92339E-08
 3.77750E+01   2.92903E+17   2.18830E+09   2.19899E+02   3.05209E-02   2.92343E-08
 3.78250E+01   2.92877E+17   2.08856E+09   2.19864E+02   3.05194E-02   2.92347E-08
 3.78750E+01   2.92855E+17   2.01732E+09   2.19830E+02   3.05181E-02   2.92350E-08
 3.79250E+01   2.92836E+17   1.97137E+09   2.19799E+02   3.05169E-02   2.92352E-08
 3.79750E+01   2.92823E+17   1.94693E+09   2.19771E+02   3.05160E-02   2.92354E-08
 3.80250E+01   2.92816E+17   1.94209E+09   2.19746E+02   3.05152E-02   2.92354E-08
 3.80750E+01   2.92814E+17   1.94208E+09   2.19724E+02   3.05146E-02   2.92352E-08
 3.81250E+01   2.92819E+17   1.94206E+09   2.19705E+02   3.05141E-02   2.92349E-08
 3.81750E+01   2.92832E+17   1.95501E+09   2.19690E+02   3.05139E-02   2.92344E-08
 3.82250E+01   2.92852E+17   2.01858E+09   2.19679E+02   3.05139E-02   2.92338E-08
 3.82750E+01   2.92879E+17   2.12217E+09   2.19672E+02   3.05140E-02   2.92329E-08
 3.83250E+01   2.92915E+17   2.25652E+09   2.19669E+02   3.05143E-02   2.92318E-08
 3.83750E+01   2.92960E+17   2.41525E+09   2.19670E+02   3.05148E-02   2.92305E-08
 3.84250E+01   2.93013E+17   2.59384E+09   2.19675E+02   3.05154E-02   2.92289E-08
 3.84750E+01   2.93075E+17   2.78950E+09   2.19685E+02   3.05163E-02   2.92271E-08
 3.85250E+01   2.93147E+17   3.00089E+09   2.19699E+02   3.05172E-02   2.92250E-08
 3.85750E+01   2.93228E+17   3.22786E+09   2.19717E+02   3.05184E-02   2.92227E-08
 3.86250E+01   2.93318E+17   3.47115E+09   2.19740E+02   3.05196E-02   2.92201E-08
 3.86750E+01   2.93417E+17   3.73223E+09   2.19767E+02   3.05210E-02   2.92173E-08
 3.87250E+01   2.93525E+17   4.01307E+09   2.19798E+02   3.05225E-02   2.92141E-08
 3.87750E+01   2.93643E+17   4.31598E+09   2.19833E+02   3.05241E-02   2.92108E-08
 3.88250E+01   2.93769E+17   4.64342E+09   2.19871E+02   3.05258E-02   2.92071E-08
 3.88750E+01   2.93905E+17   4.99783E+09   2.19914E+02   3.05276E-02   2.92032E-08
 3.89250E+01   2.94048E+17   5.38145E+09   2.19960E+02   3.05295E-02   2.91990E-08
 3.89750E+01   2.94200E+17   5.79614E+09   2.20010E+02   3.05314E-02   2.91946E-08
 3.90250E+01   2.94360E+17   6.24318E+09   2.20063E+02   3.05334E-02   2.91900E-08
 3.90750E+01   2.94528E+17   6.72312E+09   2.20120E+02   3.05354E-02   2.91850E-08
 3.91250E+01   2.94703E+17   7.23554E+09   2.20179E+02   3.05374E-02   2.91799E-08
 3.91750E+01   2.94886E+17   7.77899E+09   2.20241E+02   3.05395E-02   2.91746E-08
 3.92250E+01   2.95074E+17   8.35080E+09   2.20305E+02   3.05416E-02   2.91690E-08
 3.92750E+01   2.95269E+17   8.94707E+09   2.20372E+02   3.05436E-02   2.91632E-08
 3.93250E+01   2.95469E+17   9.56268E+09   2.20440E+02   3.05456E-02   2.91573E-08
 3.93750E+01   2.95675E+17   1.01914E+10   2.20510E+02   3.05476E-02   2.91512E-08
 3.94250E+01   2.95885E+17   1.08259E+10   2.20582E+02   3.05496E-02   2.91449E-08
 3.94750E+01   2.96100E+17   1.14581E+10   2.20655E+02   3.05516E-02   2.91385E-08
 3.95250E+01   2.96318E+17   1.20795E+10   2.20729E+02   3.05534E-02   2.91319E-08
 3.95750E+01   2.96539E+17   1.26813E+10   2.20804E+02   3.05552E-02   2.91253E-08
 3.96250E+01   2.96762E+17   1.32548E+10   2.20879E+02   3.05570E-02   2.91185E-08
 3.96750E+01   2.96988E+17   1.37921E+10   2.20954E+02   3.05587E-02   2.91116E-08
 3.97250E+01   2.97216E+17   1.42858E+10   2.21030E+02   3.05602E-02   2.91047E-08
 3.97750E+01   2.97444E+17   1.47302E+10   2.21105E+02   3.05617E-02   2.90977E-08
 3.98250E+01   2.97673E+17   1.51206E+10   2.21179E+02   3.05631E-02   2.90907E-08
 3.98750E+01   2.97902E+17   1.54544E+10   2.21253E+02   3.05644E-02   2.90836E-08
 3.99250E+01   2.98131E+17   1.57302E+10   2.21326E+02   3.05655E-02   2.90766E-08
 3.99750E+01   2.98359E+17   1.59485E+10   2.21397E+02   3.05666E-02   2.90695E-08
 4.00250E+01   2.98585E+17   1.61112E+10   2.21468E+02   3.05675E-02   2.90625E-08
 4.00750E+01   2.98809E+17   1.62215E+10   2.21536E+02   3.05684E-02   2.90554E-08
 4.01250E+01   2.99032E+17   1.62842E+10   2.21603E+02   3.05691E-02   2.90485E-08
 4.01750E+01   2.99252E+17   1.63023E+10   2.21668E+02   3.05696E-02   2.90415E-08
 4.02250E+01   2.99469E+17   1.63009E+10   2.21731E+02   3.05701E-02   2.90346E-08
 4.02750E+01   2.99683E+17   1.62994E+10   2.21792E+02   3.05704E-02   2.90278E-08
 4.03250E+01   2.99894E+17   1.62766E+10   2.21851E+02   3.05706E-02   2.90211E-08
 4.03750E+01   3.00100E+17   1.61036E+10   2.21907E+02   3.05707E-02   2.90145E-08
 4.04250E+01   3.00304E+17   1.57956E+10   2.21961E+02   3.05707E-02   2.90079E-08
 4.04750E+01   3.00503E+17   1.53857E+10   2.22012E+02   3.05706E-02   2.90015E-08
 4.05250E+01   3.00698E+17   1.48990E+10   2.22061E+02   3.05703E-02   2.89951E-08
 4.05750E+01   3.00888E+17   1.43555E+10   2.22108E+02   3.05700E-02   2.89889E-08
 4.06250E+01   3.01074E+17   1.37704E+10   2.22151E+02   3.05696E-02   2.89828E-08
 4.06750E+01   3.01256E+17   1.31556E+10   2.22192E+02   3.05690E-02   2.89768E-08
 4.07250E+01   3.01433E+17   1.25200E+10   2.22231E+02   3.05684E-02   2.89709E-08
 4.07750E+01   3.01606E+17   1.18706E+10   2.22267E+02   3.05677E-02   2.89651E-08
 4.08250E+01   3.01775E+17   1.12132E+10   2.22301E+02   3.05669E-02   2.89595E-08
 4.08750E+01   3.01939E+17   1.05525E+10   2.22332E+02   3.05660E-02   2.89540E-08
 4.09250E+01   3.02099E+17   9.89288E+09   2.22361E+02   3.05651E-02   2.89486E-08
 4.09750E+01   3.02255E+17   9.23857E+09   2.22388E+02   3.05641E-02   2.89433E-08
 4.10250E+01   3.02408E+17   8.59362E+09   2.22413E+02   3.05631E-02   2.89381E-08
 4.10750E+01   3.02557E+17   7.96207E+09   2.22436E+02   3.05621E-02   2.89330E-08
 4.11250E+01   3.02703E+17   7.34792E+09   2.22457E+02   3.05610E-02   2.89280E-08
 4.11750E+01   3.02845E+17   6.75514E+09   2.22477E+02   3.05598E-02   2.89231E-08
 4.12250E+01   3.02986E+17   6.18757E+09   2.22495E+02   3.05587E-02   2.89183E-08
 4.12750E+01   3.03123E+17   5.64884E+09   2.22511E+02   3.05576E-02   2.89135E-08
 4.13250E+01   3.03259E+17   5.14230E+09   2.22527E+02   3.05564E-02   2.89089E-08
 4.13750E+01   3.03393E+17   4.67091E+09   2.22541E+02   3.05553E-02   2.89043E-08
 4.14250E+01   3.03525E+17   4.23711E+09   2.22555E+02   3.05542E-02   2.88997E-08
 4.14750E+01   3.03657E+17   3.84279E+09   2.22568E+02   3.05531E-02   2.88952E-08
 4.15250E+01   3.03788E+17   3.48917E+09   2.22581E+02   3.05520E-02   2.88907E-08
 4.15750E+01   3.03919E+17   3.17679E+09   2.22593E+02   3.05510E-02   2.88862E-08
 4.16250E+01   3.04050E+17   2.90551E+09   2.22606E+02   3.05500E-02   2.88818E-08
 4.16750E+01   3.04181E+17   2.67447E+09   2.22619E+02   3.05491E-02   2.88773E-08
 4.17250E+01   3.04314E+17   2.48223E+09   2.22632E+02   3.05482E-02   2.88729E-08
 4.17750E+01   3.04448E+17   2.32673E+09   2.22645E+02   3.05474E-02   2.88684E-08
 4.18250E+01   3.04584E+17   2.20548E+09   2.22659E+02   3.05467E-02   2.88638E-08
 4.18750E+01   3.04722E+17   2.11555E+09   2.22674E+02   3.05460E-02   2.88593E-08
 4.19250E+01   3.04862E+17   2.05367E+09   2.22691E+02   3.05454E-02   2.88546E-08
 4.19750E+01   3.05006E+17   2.01647E+09   2.22708E+02   3.05449E-02   2.88500E-08
 4.20250E+01   3.05152E+17   2.00045E+09   2.22727E+02   3.05444E-02   2.88452E-08
 4.20750E+01   3.05302E+17   1.99949E+09   2.22747E+02   3.05441E-02   2.88403E-08
 4.21250E+01   3.05456E+17   1.99922E+09   2.22769E+02   3.05438E-02   2.88354E-08
 4.21750E+01   3.05615E+17   1.99896E+09   2.22792E+02   3.05436E-02   2.88304E-08
 4.22250E+01   3.05778E+17   2.03623E+09   2.22818E+02   3.05435E-02   2.88252E-08
 4.22750E+01   3.05946E+17   2.12197E+09   2.22846E+02   3.05435E-02   2.88199E-08
 4.23250E+01   3.06119E+17   2.24539E+09   2.22876E+02   3.05435E-02   2.88145E-08
 4.23750E+01   3.06297E+17   2.39823E+09   2.22908E+02   3.05437E-02   2.88090E-08
 4.24250E+01   3.06481E+17   2.57450E+09   2.22942E+02   3.05440E-02   2.88033E-08
 4.24750E+01   3.06671E+17   2.77046E+09   2.22979E+02   3.05443E-02   2.87975E-08
 4.25250E+01   3.06866E+17   2.98408E+09   2.23018E+02   3.05448E-02   2.87915E-08
 4.25750E+01   3.07068E+17   3.21477E+09   2.23060E+02   3.05453E-02   2.87853E-08
 4.26250E+01   3.07275E+17   3.46314E+09   2.23104E+02   3.05458E-02   2.87791E-08
 4.26750E+01   3.07488E+17   3.73071E+09   2.23150E+02   3.05465E-02   2.87726E-08
 4.27250E+01   3.07708E+17   4.01973E+09   2.23199E+02   3.05472E-02   2.87660E-08
 4.27750E+01   3.07934E+17   4.33290E+09   2.23251E+02   3.05480E-02   2.87592E-08
 4.28250E+01   3.08166E+17   4.67312E+09   2.23305E+02   3.05489E-02   2.87522E-08
 4.28750E+01   3.08405E+17   5.04332E+09   2.23361E+02   3.05498E-02   2.87451E-08
 4.29250E+01   3.08649E+17   5.44616E+09   2.23420E+02   3.05508E-02   2.87378E-08
 4.29750E+01   3.08900E+17   5.88382E+09   2.23481E+02   3.05518E-02   2.87304E-08
 4.30250E+01   3.09156E+17   6.35777E+09   2.23544E+02   3.05529E-02   2.87228E-08
 4.30750E+01   3.09419E+17   6.86856E+09   2.23610E+02   3.05540E-02   2.87150E-08
 4.31250E+01   3.09687E+17   7.41561E+09   2.23677E+02   3.05552E-02   2.87071E-08
 4.31750E+01   3.09961E+17   7.99706E+09   2.23747E+02   3.05563E-02   2.86990E-08
 4.32250E+01   3.10240E+17   8.60970E+09   2.23818E+02   3.05575E-02   2.86907E-08
 4.32750E+01   3.10524E+17   9.24886E+09   2.23892E+02   3.05587E-02   2.86824E-08
 4.33250E+01   3.10814E+17   9.90853E+09   2.23966E+02   3.05599E-02   2.86738E-08
 4.33750E+01   3.11108E+17   1.05814E+10   2.24043E+02   3.05612E-02   2.86652E-08
 4.34250E+01   3.11406E+17   1.12592E+10   2.24121E+02   3.05624E-02   2.86564E-08
 4.34750E+01   3.11709E+17   1.19329E+10   2.24200E+02   3.05636E-02   2.86475E-08
 4.35250E+01   3.12016E+17   1.25928E+10   2.24280E+02   3.05648E-02   2.86385E-08
 4.35750E+01   3.12327E+17   1.32296E+10   2.24362E+02   3.05660E-02   2.86293E-08
 4.36250E+01   3.12641E+17   1.38339E+10   2.24444E+02   3.05672E-02   2.86201E-08
 4.36750E+01   3.12959E+17   1.43973E+10   2.24527E+02   3.05683E-02   2.86108E-08
 4.37250E+01   3.13280E+17   1.49124E+10   2.24611E+02   3.05695E-02   2.86014E-08
 4.37750E+01   3.13603E+17   1.53729E+10   2.24695E+02   3.05705E-02   2.85919E-08
 4.38250E+01   3.13929E+17   1.57743E+10   2.24780E+02   3.05716E-02   2.85823E-08
 4.38750E+01   3.14257E+17   1.61138E+10   2.24865E+02   3.05726E-02   2.85727E-08
 4.39250E+01   3.14587E+17   1.63906E+10   2.24950E+02   3.05736E-02   2.85630E-08
 4.39750E+01   3.14919E+17   1.66059E+10   2.25035E+02   3.05745E-02   2.85532E-08
 4.40250E+01   3.15252E+17   1.67626E+10   2.25120E+02   3.05753E-02   2.85434E-08
 4.40750E+01   3.15586E+17   1.68648E+10   2.25205E+02   3.05762E-02   2.85336E-08
 4.41250E+01   3.15922E+17   1.69187E+10   2.25290E+02   3.05769E-02   2.85237E-08
 4.41750E+01   3.16258E+17   1.69269E+10   2.25374E+02   3.05776E-02   2.85138E-08
 4.42250E+01   3.16594E+17   1.69247E+10   2.25457E+02   3.05783E-02   2.85039E-08
 4.42750E+01   3.16931E+17   1.69226E+10   2.25540E+02   3.05789E-02   2.84940E-08
 4.43250E+01   3.17268E+17   1.68549E+10   2.25623E+02   3.05794E-02   2.84841E-08
 4.43750E+01   3.17606E+17   1.66001E+10   2.25705E+02   3.05799E-02   2.84741E-08
 4.44250E+01   3.17943E+17   1.62095E+10   2.25786E+02   3.05803E-02   2.84642E-08
 4.44750E+01   3.18280E+17   1.57177E+10   2.25866E+02   3.05807E-02   2.84543E-08
 4.45250E+01   3.18617E+17   1.51510E+10   2.25945E+02   3.05810E-02   2.84443E-08
 4.45750E+01   3.18953E+17   1.45297E+10   2.26023E+02   3.05813E-02   2.84344E-08
 4.46250E+01   3.19289E+17   1.38693E+10   2.26101E+02   3.05815E-02   2.84245E-08
 4.46750E+01   3.19624E+17   1.31818E+10   2.26177E+02   3.05816E-02   2.84146E-08
 4.47250E+01   3.19959E+17   1.24767E+10   2.26252E+02   3.05817E-02   2.84047E-08
 4.47750E+01   3.20292E+17   1.17619E+10   2.26327E+02   3.05817E-02   2.83949E-08
 4.48250E+01   3.20626E+17   1.10439E+10   2.26400E+02   3.05818E-02   2.83850E-08
 4.48750E+01   3.20959E+17   1.03283E+10   2.26473E+02   3.05818E-02   2.83752E-08
 4.49250E+01   3.21292E+17   9.62032E+09   2.26546E+02   3.05818E-02   2.83654E-08
 4.49750E+01   3.21625E+17   8.92466E+09   2.26617E+02   3.05817E-02   2.83556E-08
 4.50250E+01   3.21957E+17   8.24587E+09   2.26688E+02   3.05817E-02   2.83458E-08
 4.50750E+01   3.22289E+17   7.58836E+09   2.26758E+02   3.05816E-02   2.83361E-08
 4.51250E+01   3.22621E+17   6.95639E+09   2.26827E+02   3.05816E-02   2.83263E-08
 4.51750E+01   3.22953E+17   6.35403E+09   2.26896E+02   3.05815E-02   2.83166E-08
 4.52250E+01   3.23285E+17   5.78511E+09   2.26964E+02   3.05813E-02   2.83069E-08
 4.52750E+01   3.23616E+17   5.25303E+09   2.27031E+02   3.05812E-02   2.82972E-08
 4.53250E+01   3.23948E+17   4.76074E+09   2.27098E+02   3.05810E-02   2.82874E-08
 4.53750E+01   3.24281E+17   4.31060E+09   2.27165E+02   3.05808E-02   2.82777E-08
 4.54250E+01   3.24614E+17   3.90430E+09   2.27231E+02   3.05806E-02   2.82680E-08
 4.54750E+01   3.24947E+17   3.54279E+09   2.27297E+02   3.05804E-02   2.82582E-08
 4.55250E+01   3.25282E+17   3.22628E+09   2.27363E+02   3.05803E-02   2.82485E-08
 4.55750E+01   3.25618E+17   2.95421E+09   2.27429E+02   3.05801E-02   2.82387E-08
 4.56250E+01   3.25956E+17   2.72526E+09   2.27495E+02   3.05800E-02   2.82289E-08
 4.56750E+01   3.26295E+17   2.53742E+09   2.27562E+02   3.05799E-02   2.82191E-08
 4.57250E+01   3.26636E+17   2.38806E+09   2.27628E+02   3.05798E-02   2.82093E-08
 4.57750E+01   3.26979E+17   2.27408E+09   2.27696E+02   3.05798E-02   2.81994E-08
 4.58250E+01   3.27325E+17   2.19206E+09   2.27763E+02   3.05797E-02   2.81894E-08
 4.58750E+01   3.27673E+17   2.13846E+09   2.27832E+02   3.05798E-02   2.81795E-08
 4.59250E+01   3.28023E+17   2.10924E+09   2.27901E+02   3.05798E-02   2.81695E-08
 4.59750E+01   3.28377E+17   2.10253E+09   2.27971E+02   3.05800E-02   2.81594E-08
 4.60250E+01   3.28733E+17   2.10263E+09   2.28041E+02   3.05801E-02   2.81492E-08
 4.60750E+01   3.29092E+17   2.10274E+09   2.28113E+02   3.05803E-02   2.81391E-08
 4.61250E+01   3.29455E+17   2.11389E+09   2.28185E+02   3.05805E-02   2.81288E-08
 4.61750E+01   3.29821E+17   2.18051E+09   2.28259E+02   3.05808E-02   2.81185E-08
 4.62250E+01   3.30191E+17   2.29366E+09   2.28334E+02   3.05811E-02   2.81081E-08
 4.62750E+01   3.30564E+17   2.44259E+09   2.28410E+02   3.05815E-02   2.80976E-08
 4.63250E+01   3.30941E+17   2.61995E+09   2.28486E+02   3.05819E-02   2.80870E-08
 4.63750E+01   3.31322E+17   2.82078E+09   2.28565E+02   3.05823E-02   2.80764E-08
 4.64250E+01   3.31708E+17   3.04226E+09   2.28644E+02   3.05828E-02   2.80657E-08
 4.64750E+01   3.32097E+17   3.28350E+09   2.28725E+02   3.05833E-02   2.80549E-08
 4.65250E+01   3.32490E+17   3.54514E+09   2.28807E+02   3.05839E-02   2.80440E-08
 4.65750E+01   3.32888E+17   3.82903E+09   2.28891E+02   3.05845E-02   2.80330E-08
 4.66250E+01   3.33290E+17   4.13790E+09   2.28976E+02   3.05852E-02   2.80219E-08
 4.66750E+01   3.33697E+17   4.47503E+09   2.29063E+02   3.05859E-02   2.80107E-08
 4.67250E+01   3.34108E+17   4.84397E+09   2.29151E+02   3.05866E-02   2.79995E-08
 4.67750E+01   3.34523E+17   5.24819E+09   2.29240E+02   3.05874E-02   2.79881E-08
 4.68250E+01   3.34942E+17   5.69076E+09   2.29331E+02   3.05882E-02   2.79767E-08
 4.68750E+01   3.35366E+17   6.17408E+09   2.29423E+02   3.05890E-02   2.79651E-08
 4.69250E+01   3.35795E+17   6.69959E+09   2.29517E+02   3.05899E-02   2.79535E-08
 4.69750E+01   3.36227E+17   7.26748E+09   2.29611E+02   3.05908E-02   2.79418E-08
 4.70250E+01   3.36664E+17   7.87657E+09   2.29708E+02   3.05917E-02   2.79300E-08
 4.70750E+01   3.37105E+17   8.52407E+09   2.29805E+02   3.05927E-02   2.79181E-08
 4.71250E+01   3.37550E+17   9.20559E+09   2.29904E+02   3.05937E-02   2.79061E-08
 4.71750E+01   3.37999E+17   9.91512E+09   2.30004E+02   3.05946E-02   2.78940E-08
 4.72250E+01   3.38453E+17   1.06452E+10   2.30105E+02   3.05957E-02   2.78819E-08
 4.72750E+01   3.38910E+17   1.13869E+10   2.30207E+02   3.05967E-02   2.78697E-08
 4.73250E+01   3.39370E+17   1.21305E+10   2.30311E+02   3.05977E-02   2.78574E-08
 4.73750E+01   3.39835E+17   1.28654E+10   2.30415E+02   3.05988E-02   2.78450E-08
 4.74250E+01   3.40302E+17   1.35811E+10   2.30520E+02   3.05998E-02   2.78325E-08
 4.74750E+01   3.40773E+17   1.42668E+10   2.30626E+02   3.06009E-02   2.78200E-08
 4.75250E+01   3.41248E+17   1.49127E+10   2.30733E+02   3.06019E-02   2.78074E-08
 4.75750E+01   3.41725E+17   1.55099E+10   2.30841E+02   3.06030E-02   2.77948E-08
 4.76250E+01   3.42205E+17   1.60508E+10   2.30950E+02   3.06040E-02   2.77821E-08
 4.76750E+01   3.42689E+17   1.65295E+10   2.31059E+02   3.06050E-02   2.77694E-08
 4.77250E+01   3.43174E+17   1.69422E+10   2.31168E+02   3.06061E-02   2.77566E-08
 4.77750E+01   3.43663E+17   1.72867E+10   2.31278E+02   3.06071E-02   2.77437E-08
 4.78250E+01   3.44153E+17   1.75628E+10   2.31389E+02   3.06081E-02   2.77308E-08
 4.78750E+01   3.44646E+17   1.77720E+10   2.31500E+02   3.06091E-02   2.77179E-08
 4.79250E+01   3.45141E+17   1.79176E+10   2.31611E+02   3.06101E-02   2.77049E-08
 4.79750E+01   3.45638E+17   1.80045E+10   2.31723E+02   3.06110E-02   2.76920E-08
 4.80250E+01   3.46137E+17   1.80364E+10   2.31834E+02   3.06120E-02   2.76789E-08
 4.80750E+01   3.46638E+17   1.80418E+10   2.31946E+02   3.06129E-02   2.76659E-08
 4.81250E+01   3.47140E+17   1.80473E+10   2.32058E+02   3.06138E-02   2.76528E-08
 4.81750E+01   3.47644E+17   1.80371E+10   2.32170E+02   3.06147E-02   2.76397E-08
 4.82250E+01   3.48149E+17   1.78525E+10   2.32282E+02   3.06156E-02   2.76266E-08
 4.82750E+01   3.48655E+17   1.74963E+10   2.32394E+02   3.06164E-02   2.76135E-08
 4.83250E+01   3.49162E+17   1.70064E+10   2.32506E+02   3.06173E-02   2.76004E-08
 4.83750E+01   3.49670E+17   1.64155E+10   2.32618E+02   3.06181E-02   2.75872E-08
 4.84250E+01   3.50179E+17   1.57497E+10   2.32729E+02   3.06188E-02   2.75741E-08
 4.84750E+01   3.50689E+17   1.50305E+10   2.32840E+02   3.06196E-02   2.75609E-08
 4.85250E+01   3.51199E+17   1.42752E+10   2.32951E+02   3.06203E-02   2.75478E-08
 4.85750E+01   3.51710E+17   1.34977E+10   2.33062E+02   3.06210E-02   2.75347E-08
 4.86250E+01   3.52220E+17   1.27094E+10   2.33172E+02   3.06217E-02   2.75216E-08
 4.86750E+01   3.52729E+17   1.19182E+10   2.33281E+02   3.06224E-02   2.75085E-08
 4.87250E+01   3.53236E+17   1.11272E+10   2.33390E+02   3.06231E-02   2.74956E-08
 4.87750E+01   3.53738E+17   1.03536E+10   2.33497E+02   3.06237E-02   2.74828E-08
 4.88250E+01   3.54228E+17   9.64988E+09   2.33602E+02   3.06243E-02   2.74703E-08
 4.88750E+01   3.54692E+17   8.88428E+09   2.33700E+02   3.06248E-02   2.74584E-08
 4.89250E+01   3.55099E+17   7.54607E+09   2.33786E+02   3.06253E-02   2.74481E-08
 4.89750E+01   3.55379E+17   7.19231E+09   2.33846E+02   3.06256E-02   2.74410E-08
