      xx/10.        Omega0        Omega1        Omega2           C_l         r_avg
         [-]       [kg^-1]     [m kg^-1]   [m^2 kg^-1]           [-]           [m]
 1.02500E+00   5.19083E+15   1.03102E+07   7.39930E-02   8.89668E-06   7.43473E-09
 1.07500E+00   6.96462E+15   1.46875E+07   1.22458E-01   1.53729E-05   8.08887E-09
 1.12500E+00   8.18944E+15   1.71756E+07   1.86980E-01   2.48941E-05   8.99943E-09
 1.17500E+00   8.99695E+15   2.31281E+07   2.75457E-01   3.85748E-05   1.00926E-08
 1.22500E+00   9.49616E+15   2.95654E+07   3.94327E-01   5.78553E-05   1.13466E-08
 1.27500E+00   9.78328E+15   3.59041E+07   5.51675E-01   8.45705E-05   1.27501E-08
 1.32500E+00   9.94822E+15   4.22070E+07   7.58350E-01   1.21031E-04   1.42885E-08
 1.37500E+00   1.00784E+16   4.87799E+07   1.02863E+00   1.70108E-04   1.59360E-08
 1.42500E+00   1.02604E+16   5.60816E+07   1.38082E+00   2.35321E-04   1.76509E-08
 1.47500E+00   1.05792E+16   6.47096E+07   1.83779E+00   3.20911E-04   1.93752E-08
 1.52500E+00   1.11167E+16   7.54028E+07   2.42747E+00   4.31911E-04   2.10414E-08
 1.57500E+00   1.19488E+16   8.90484E+07   3.18334E+00   5.74184E-04   2.25862E-08
 1.62500E+00   1.31437E+16   1.06687E+08   4.14469E+00   7.54432E-04   2.39645E-08
 1.67500E+00   1.47606E+16   1.29518E+08   5.35678E+00   9.80160E-04   2.51574E-08
 1.72500E+00   1.68505E+16   1.58905E+08   6.87070E+00   1.25958E-03   2.61701E-08
 1.77500E+00   1.94584E+16   1.96387E+08   8.74300E+00   1.60147E-03   2.70233E-08
 1.82500E+00   2.26256E+16   2.43688E+08   1.10349E+01   2.01490E-03   2.77430E-08
 1.87500E+00   2.63918E+16   3.02721E+08   1.38111E+01   2.50895E-03   2.83537E-08
 1.92500E+00   3.07962E+16   3.75587E+08   1.71381E+01   3.09226E-03   2.88754E-08
 1.97500E+00   3.58774E+16   4.64564E+08   2.10818E+01   3.77260E-03   2.93230E-08
 2.02500E+00   4.16719E+16   5.72068E+08   2.57052E+01   4.55627E-03   2.97069E-08
 2.07500E+00   4.82139E+16   7.00613E+08   3.10647E+01   5.44753E-03   3.00338E-08
 2.12500E+00   5.55336E+16   8.52730E+08   3.72070E+01   6.44801E-03   3.03081E-08
 2.17500E+00   6.36560E+16   1.03089E+09   4.41651E+01   7.55622E-03   3.05321E-08
 2.22500E+00   7.26003E+16   1.23738E+09   5.19549E+01   8.76707E-03   3.07072E-08
 2.27500E+00   8.23783E+16   1.47421E+09   6.05722E+01   1.00717E-02   3.08341E-08
 2.32500E+00   9.29944E+16   1.74300E+09   6.99901E+01   1.14573E-02   3.09132E-08
 2.37500E+00   1.04444E+17   2.04483E+09   8.01579E+01   1.29077E-02   3.09450E-08
 2.42500E+00   1.16712E+17   2.38019E+09   9.10018E+01   1.44037E-02   3.09305E-08
 2.47500E+00   1.29776E+17   2.74892E+09   1.02426E+02   1.59239E-02   3.08712E-08
 2.52500E+00   1.43599E+17   3.15021E+09   1.14318E+02   1.74457E-02   3.07690E-08
 2.57500E+00   1.58136E+17   3.58257E+09   1.26549E+02   1.89467E-02   3.06268E-08
 2.62500E+00   1.73330E+17   4.04398E+09   1.38986E+02   2.04057E-02   3.04482E-08
 2.67500E+00   1.89111E+17   4.53191E+09   1.51492E+02   2.18038E-02   3.02371E-08
 2.72500E+00   2.05398E+17   5.04342E+09   1.63933E+02   2.31248E-02   2.99982E-08
 2.77500E+00   2.22102E+17   5.57527E+09   1.76186E+02   2.43566E-02   2.97365E-08
 2.82500E+00   2.39120E+17   6.12400E+09   1.88139E+02   2.54905E-02   2.94570E-08
 2.87500E+00   2.56342E+17   6.68603E+09   1.99694E+02   2.65217E-02   2.91650E-08
 2.92500E+00   2.73648E+17   7.25771E+09   2.10770E+02   2.74488E-02   2.88655E-08
 2.97500E+00   2.90913E+17   7.83534E+09   2.21302E+02   2.82732E-02   2.85631E-08
 3.02500E+00   3.08006E+17   8.41492E+09   2.31240E+02   2.89990E-02   2.82624E-08
 3.07500E+00   3.24792E+17   8.99191E+09   2.40547E+02   2.96315E-02   2.79673E-08
 3.12500E+00   3.41137E+17   9.56091E+09   2.49199E+02   3.01774E-02   2.76813E-08
 3.17500E+00   3.56904E+17   1.01158E+10   2.57179E+02   3.06442E-02   2.74073E-08
 3.22500E+00   3.71962E+17   1.06502E+10   2.64480E+02   3.10392E-02   2.71481E-08
 3.27500E+00   3.86181E+17   1.11593E+10   2.71102E+02   3.13698E-02   2.69055E-08
 3.32500E+00   3.99441E+17   1.16398E+10   2.77047E+02   3.16429E-02   2.66815E-08
 3.37500E+00   4.11628E+17   1.20910E+10   2.82321E+02   3.18651E-02   2.64772E-08
 3.42500E+00   4.22638E+17   1.25122E+10   2.86933E+02   3.20420E-02   2.62937E-08
 3.47500E+00   4.32381E+17   1.29000E+10   2.90891E+02   3.21787E-02   2.61318E-08
 3.52500E+00   4.40776E+17   1.32458E+10   2.94203E+02   3.22797E-02   2.59920E-08
 3.57500E+00   4.47758E+17   1.35357E+10   2.96879E+02   3.23486E-02   2.58745E-08
 3.62500E+00   4.53277E+17   1.37541E+10   2.98928E+02   3.23887E-02   2.57797E-08
 3.67500E+00   4.57298E+17   1.38903E+10   3.00361E+02   3.24024E-02   2.57076E-08
 3.72500E+00   4.59799E+17   1.39365E+10   3.01191E+02   3.23919E-02   2.56581E-08
 3.77500E+00   4.60777E+17   1.39418E+10   3.01430E+02   3.23587E-02   2.56312E-08
 3.82500E+00   4.60242E+17   1.39465E+10   3.01092E+02   3.23042E-02   2.56267E-08
 3.87500E+00   4.58220E+17   1.39315E+10   3.00187E+02   3.22292E-02   2.56444E-08
 3.92500E+00   4.54749E+17   1.38331E+10   2.98727E+02   3.21344E-02   2.56843E-08
 3.97500E+00   4.49881E+17   1.36683E+10   2.96725E+02   3.20203E-02   2.57461E-08
 4.02500E+00   4.43683E+17   1.34524E+10   2.94195E+02   3.18872E-02   2.58295E-08
 4.07500E+00   4.36229E+17   1.31930E+10   2.91152E+02   3.17354E-02   2.59345E-08
 4.12500E+00   4.27604E+17   1.28942E+10   2.87613E+02   3.15649E-02   2.60609E-08
 4.17500E+00   4.17901E+17   1.25588E+10   2.83596E+02   3.13759E-02   2.62085E-08
 4.22500E+00   4.07222E+17   1.21891E+10   2.79121E+02   3.11686E-02   2.63773E-08
 4.27500E+00   3.95670E+17   1.17878E+10   2.74209E+02   3.09433E-02   2.65672E-08
 4.32500E+00   3.83356E+17   1.13581E+10   2.68884E+02   3.07002E-02   2.67782E-08
 4.37500E+00   3.70392E+17   1.09035E+10   2.63173E+02   3.04399E-02   2.70103E-08
 4.42500E+00   3.56890E+17   1.04276E+10   2.57105E+02   3.01632E-02   2.72636E-08
 4.47500E+00   3.42963E+17   9.93436E+09   2.50709E+02   2.98709E-02   2.75382E-08
 4.52500E+00   3.28722E+17   9.42763E+09   2.44022E+02   2.95643E-02   2.78344E-08
 4.57500E+00   3.14276E+17   8.91134E+09   2.37079E+02   2.92450E-02   2.81524E-08
 4.62500E+00   2.99731E+17   8.38947E+09   2.29920E+02   2.89147E-02   2.84925E-08
 4.67500E+00   2.85186E+17   7.86596E+09   2.22588E+02   2.85756E-02   2.88552E-08
 4.72500E+00   2.70738E+17   7.34476E+09   2.15129E+02   2.82302E-02   2.92408E-08
 4.77500E+00   2.56477E+17   6.82974E+09   2.07591E+02   2.78814E-02   2.96499E-08
 4.82500E+00   2.42486E+17   6.32468E+09   2.00023E+02   2.75323E-02   3.00830E-08
 4.87500E+00   2.28842E+17   5.83319E+09   1.92479E+02   2.71865E-02   3.05404E-08
 4.92500E+00   2.15616E+17   5.35866E+09   1.85012E+02   2.68476E-02   3.10225E-08
 4.97500E+00   2.02871E+17   4.90421E+09   1.77677E+02   2.65197E-02   3.15296E-08
 5.02500E+00   1.90663E+17   4.47267E+09   1.70528E+02   2.62068E-02   3.20615E-08
 5.07500E+00   1.79043E+17   4.06652E+09   1.63621E+02   2.59131E-02   3.26179E-08
 5.12500E+00   1.68052E+17   3.68791E+09   1.57008E+02   2.56427E-02   3.31977E-08
 5.17500E+00   1.57728E+17   3.33860E+09   1.50742E+02   2.53997E-02   3.37993E-08
 5.22500E+00   1.48101E+17   3.01995E+09   1.44869E+02   2.51878E-02   3.44201E-08
 5.27500E+00   1.39195E+17   2.73292E+09   1.39436E+02   2.50104E-02   3.50564E-08
 5.32500E+00   1.31031E+17   2.47804E+09   1.34481E+02   2.48705E-02   3.57031E-08
 5.37500E+00   1.23621E+17   2.25547E+09   1.30038E+02   2.47707E-02   3.63538E-08
 5.42500E+00   1.16976E+17   2.06505E+09   1.26138E+02   2.47125E-02   3.70005E-08
 5.47500E+00   1.11102E+17   1.90638E+09   1.22801E+02   2.46972E-02   3.76337E-08
 5.52500E+00   1.06000E+17   1.77886E+09   1.20044E+02   2.47250E-02   3.82423E-08
 5.57500E+00   1.01670E+17   1.68173E+09   1.17874E+02   2.47955E-02   3.88146E-08
 5.62500E+00   9.81069E+16   1.61391E+09   1.16295E+02   2.49074E-02   3.93379E-08
 5.67500E+00   9.53037E+16   1.57371E+09   1.15300E+02   2.50588E-02   3.98002E-08
 5.72500E+00   9.32517E+16   1.56066E+09   1.14881E+02   2.52470E-02   4.01901E-08
 5.77500E+00   9.19394E+16   1.56025E+09   1.15019E+02   2.54687E-02   4.04983E-08
 5.82500E+00   9.13540E+16   1.55988E+09   1.15695E+02   2.57200E-02   4.07177E-08
 5.87500E+00   9.14807E+16   1.56918E+09   1.16884E+02   2.59968E-02   4.08443E-08
 5.92500E+00   9.23035E+16   1.62239E+09   1.18559E+02   2.62947E-02   4.08775E-08
 5.97500E+00   9.38048E+16   1.70856E+09   1.20690E+02   2.66089E-02   4.08196E-08
 6.02500E+00   9.59657E+16   1.81618E+09   1.23242E+02   2.69348E-02   4.06756E-08
 6.07500E+00   9.87662E+16   1.93831E+09   1.26180E+02   2.72680E-02   4.04529E-08
 6.12500E+00   1.02185E+17   2.07147E+09   1.29468E+02   2.76042E-02   4.01604E-08
 6.17500E+00   1.06199E+17   2.21477E+09   1.33071E+02   2.79393E-02   3.98077E-08
 6.22500E+00   1.10784E+17   2.36872E+09   1.36953E+02   2.82699E-02   3.94049E-08
 6.27500E+00   1.15916E+17   2.53430E+09   1.41081E+02   2.85929E-02   3.89618E-08
 6.32500E+00   1.21568E+17   2.71234E+09   1.45421E+02   2.89057E-02   3.84878E-08
 6.37500E+00   1.27711E+17   2.90343E+09   1.49945E+02   2.92064E-02   3.79914E-08
 6.42500E+00   1.34316E+17   3.10811E+09   1.54622E+02   2.94935E-02   3.74802E-08
 6.47500E+00   1.41352E+17   3.32711E+09   1.59425E+02   2.97661E-02   3.69608E-08
 6.52500E+00   1.48786E+17   3.56153E+09   1.64330E+02   3.00238E-02   3.64392E-08
 6.57500E+00   1.56585E+17   3.81283E+09   1.69313E+02   3.02667E-02   3.59203E-08
 6.62500E+00   1.64713E+17   4.08264E+09   1.74352E+02   3.04951E-02   3.54081E-08
 6.67500E+00   1.73131E+17   4.37249E+09   1.79428E+02   3.07099E-02   3.49062E-08
 6.72500E+00   1.81802E+17   4.68360E+09   1.84522E+02   3.09122E-02   3.44174E-08
 6.77500E+00   1.90685E+17   5.01675E+09   1.89619E+02   3.11032E-02   3.39441E-08
 6.82500E+00   1.99738E+17   5.37234E+09   1.94703E+02   3.12846E-02   3.34882E-08
 6.87500E+00   2.08918E+17   5.75034E+09   1.99762E+02   3.14581E-02   3.30512E-08
 6.92500E+00   2.18181E+17   6.14995E+09   2.04775E+02   3.16230E-02   3.26335E-08
 6.97500E+00   2.27481E+17   6.57002E+09   2.09712E+02   3.17771E-02   3.22348E-08
 7.02500E+00   2.36772E+17   7.00921E+09   2.14546E+02   3.19188E-02   3.18547E-08
 7.07500E+00   2.46006E+17   7.46569E+09   2.19254E+02   3.20472E-02   3.14932E-08
 7.12500E+00   2.55138E+17   7.93702E+09   2.23815E+02   3.21616E-02   3.11499E-08
 7.17500E+00   2.64119E+17   8.42026E+09   2.28207E+02   3.22620E-02   3.08247E-08
 7.22500E+00   2.72902E+17   8.91219E+09   2.32414E+02   3.23481E-02   3.05175E-08
 7.27500E+00   2.81441E+17   9.40938E+09   2.36417E+02   3.24201E-02   3.02281E-08
 7.32500E+00   2.89690E+17   9.90833E+09   2.40201E+02   3.24781E-02   2.99562E-08
 7.37500E+00   2.97604E+17   1.04053E+10   2.43750E+02   3.25226E-02   2.97018E-08
 7.42500E+00   3.05141E+17   1.08960E+10   2.47052E+02   3.25536E-02   2.94646E-08
 7.47500E+00   3.12259E+17   1.13755E+10   2.50092E+02   3.25717E-02   2.92444E-08
 7.52500E+00   3.18919E+17   1.18376E+10   2.52860E+02   3.25771E-02   2.90410E-08
 7.57500E+00   3.25086E+17   1.22749E+10   2.55345E+02   3.25702E-02   2.88542E-08
 7.62500E+00   3.30724E+17   1.26788E+10   2.57538E+02   3.25514E-02   2.86838E-08
 7.67500E+00   3.35805E+17   1.30403E+10   2.59431E+02   3.25211E-02   2.85295E-08
 7.72500E+00   3.40300E+17   1.33505E+10   2.61018E+02   3.24795E-02   2.83912E-08
 7.77500E+00   3.44187E+17   1.36024E+10   2.62294E+02   3.24272E-02   2.82687E-08
 7.82500E+00   3.47446E+17   1.37924E+10   2.63254E+02   3.23643E-02   2.81619E-08
 7.87500E+00   3.50062E+17   1.39207E+10   2.63896E+02   3.22914E-02   2.80704E-08
 7.92500E+00   3.52022E+17   1.39928E+10   2.64220E+02   3.22088E-02   2.79943E-08
 7.97500E+00   3.53321E+17   1.40118E+10   2.64225E+02   3.21169E-02   2.79333E-08
 8.02500E+00   3.53955E+17   1.40115E+10   2.63915E+02   3.20161E-02   2.78874E-08
 8.07500E+00   3.53926E+17   1.40115E+10   2.63293E+02   3.19068E-02   2.78564E-08
 8.12500E+00   3.53241E+17   1.39809E+10   2.62364E+02   3.17895E-02   2.78402E-08
 8.17500E+00   3.51909E+17   1.38420E+10   2.61134E+02   3.16647E-02   2.78388E-08
 8.22500E+00   3.49944E+17   1.36262E+10   2.59613E+02   3.15329E-02   2.78520E-08
 8.27500E+00   3.47367E+17   1.33560E+10   2.57810E+02   3.13946E-02   2.78799E-08
 8.32500E+00   3.44198E+17   1.30434E+10   2.55736E+02   3.12505E-02   2.79223E-08
 8.37500E+00   3.40464E+17   1.26951E+10   2.53404E+02   3.11012E-02   2.79793E-08
 8.42500E+00   3.36195E+17   1.23150E+10   2.50829E+02   3.09474E-02   2.80509E-08
 8.47500E+00   3.31423E+17   1.19059E+10   2.48025E+02   3.07898E-02   2.81369E-08
 8.52500E+00   3.26183E+17   1.14705E+10   2.45011E+02   3.06291E-02   2.82375E-08
 8.57500E+00   3.20515E+17   1.10114E+10   2.41803E+02   3.04661E-02   2.83525E-08
 8.62500E+00   3.14458E+17   1.05315E+10   2.38421E+02   3.03017E-02   2.84820E-08
 8.67500E+00   3.08054E+17   1.00343E+10   2.34884E+02   3.01368E-02   2.86258E-08
 8.72500E+00   3.01348E+17   9.52332E+09   2.31215E+02   2.99721E-02   2.87840E-08
 8.77500E+00   2.94384E+17   9.00260E+09   2.27434E+02   2.98087E-02   2.89564E-08
 8.82500E+00   2.87207E+17   8.47620E+09   2.23563E+02   2.96474E-02   2.91428E-08
 8.87500E+00   2.79865E+17   7.94831E+09   2.19626E+02   2.94892E-02   2.93431E-08
 8.92500E+00   2.72403E+17   7.42303E+09   2.15645E+02   2.93350E-02   2.95570E-08
 8.97500E+00   2.64867E+17   6.90438E+09   2.11644E+02   2.91858E-02   2.97840E-08
 9.02500E+00   2.57302E+17   6.39622E+09   2.07646E+02   2.90424E-02   3.00237E-08
 9.07500E+00   2.49755E+17   5.90219E+09   2.03673E+02   2.89058E-02   3.02755E-08
 9.12500E+00   2.42267E+17   5.42570E+09   1.99749E+02   2.87768E-02   3.05387E-08
 9.17500E+00   2.34882E+17   4.96982E+09   1.95896E+02   2.86563E-02   3.08124E-08
 9.22500E+00   2.27640E+17   4.53734E+09   1.92135E+02   2.85450E-02   3.10954E-08
 9.27500E+00   2.20579E+17   4.13064E+09   1.88489E+02   2.84437E-02   3.13865E-08
 9.32500E+00   2.13736E+17   3.75174E+09   1.84975E+02   2.83530E-02   3.16841E-08
 9.37500E+00   2.07145E+17   3.40229E+09   1.81615E+02   2.82734E-02   3.19867E-08
 9.42500E+00   2.00840E+17   3.08359E+09   1.78425E+02   2.82056E-02   3.22921E-08
 9.47500E+00   1.94848E+17   2.79663E+09   1.75422E+02   2.81498E-02   3.25983E-08
 9.52500E+00   1.89198E+17   2.54209E+09   1.72622E+02   2.81065E-02   3.29027E-08
 9.57500E+00   1.83913E+17   2.32041E+09   1.70039E+02   2.80759E-02   3.32029E-08
 9.62500E+00   1.79016E+17   2.13169E+09   1.67684E+02   2.80582E-02   3.34959E-08
 9.67500E+00   1.74525E+17   1.97569E+09   1.65568E+02   2.80533E-02   3.37788E-08
 9.72500E+00   1.70457E+17   1.85168E+09   1.63701E+02   2.80613E-02   3.40486E-08
 9.77500E+00   1.66825E+17   1.75840E+09   1.62090E+02   2.80820E-02   3.43023E-08
 9.82500E+00   1.63641E+17   1.69391E+09   1.60740E+02   2.81152E-02   3.45370E-08
 9.87500E+00   1.60912E+17   1.65571E+09   1.59655E+02   2.81605E-02   3.47498E-08
 9.92500E+00   1.58643E+17   1.64145E+09   1.58837E+02   2.82175E-02   3.49382E-08
 9.97500E+00   1.56840E+17   1.64187E+09   1.58288E+02   2.82857E-02   3.50999E-08
 1.00250E+01   1.55500E+17   1.64264E+09   1.58005E+02   2.83646E-02   3.52330E-08
 1.00750E+01   1.54624E+17   1.64634E+09   1.57986E+02   2.84534E-02   3.53363E-08
 1.01250E+01   1.54206E+17   1.68643E+09   1.58227E+02   2.85515E-02   3.54087E-08
 1.01750E+01   1.54241E+17   1.76161E+09   1.58722E+02   2.86581E-02   3.54501E-08
 1.02250E+01   1.54720E+17   1.86279E+09   1.59464E+02   2.87724E-02   3.54605E-08
 1.02750E+01   1.55633E+17   1.98286E+09   1.60445E+02   2.88935E-02   3.54406E-08
 1.03250E+01   1.56967E+17   2.11729E+09   1.61654E+02   2.90205E-02   3.53916E-08
 1.03750E+01   1.58709E+17   2.26339E+09   1.63081E+02   2.91526E-02   3.53151E-08
 1.04250E+01   1.60841E+17   2.41986E+09   1.64714E+02   2.92887E-02   3.52130E-08
 1.04750E+01   1.63348E+17   2.58646E+09   1.66541E+02   2.94280E-02   3.50874E-08
 1.05250E+01   1.66210E+17   2.76364E+09   1.68547E+02   2.95696E-02   3.49406E-08
 1.05750E+01   1.69407E+17   2.95231E+09   1.70719E+02   2.97124E-02   3.47753E-08
 1.06250E+01   1.72917E+17   3.15365E+09   1.73041E+02   2.98557E-02   3.45938E-08
 1.06750E+01   1.76718E+17   3.36895E+09   1.75499E+02   2.99986E-02   3.43986E-08
 1.07250E+01   1.80787E+17   3.59955E+09   1.78077E+02   3.01401E-02   3.41922E-08
 1.07750E+01   1.85099E+17   3.84678E+09   1.80758E+02   3.02795E-02   3.39769E-08
 1.08250E+01   1.89628E+17   4.11190E+09   1.83527E+02   3.04161E-02   3.37548E-08
 1.08750E+01   1.94350E+17   4.39602E+09   1.86368E+02   3.05491E-02   3.35279E-08
 1.09250E+01   1.99236E+17   4.70008E+09   1.89263E+02   3.06778E-02   3.32982E-08
 1.09750E+01   2.04262E+17   5.02473E+09   1.92198E+02   3.08017E-02   3.30672E-08
 1.10250E+01   2.09399E+17   5.37031E+09   1.95155E+02   3.09201E-02   3.28365E-08
 1.10750E+01   2.14621E+17   5.73677E+09   1.98119E+02   3.10325E-02   3.26074E-08
 1.11250E+01   2.19900E+17   6.12366E+09   2.01075E+02   3.11384E-02   3.23811E-08
 1.11750E+01   2.25208E+17   6.53010E+09   2.04008E+02   3.12375E-02   3.21587E-08
 1.12250E+01   2.30520E+17   6.95489E+09   2.06902E+02   3.13294E-02   3.19411E-08
 1.12750E+01   2.35807E+17   7.39651E+09   2.09744E+02   3.14138E-02   3.17290E-08
 1.13250E+01   2.41044E+17   7.85316E+09   2.12519E+02   3.14904E-02   3.15231E-08
 1.13750E+01   2.46204E+17   8.32274E+09   2.15216E+02   3.15591E-02   3.13240E-08
 1.14250E+01   2.51263E+17   8.80286E+09   2.17821E+02   3.16196E-02   3.11322E-08
 1.14750E+01   2.56197E+17   9.29067E+09   2.20323E+02   3.16718E-02   3.09482E-08
 1.15250E+01   2.60981E+17   9.78272E+09   2.22710E+02   3.17158E-02   3.07721E-08
 1.15750E+01   2.65592E+17   1.02748E+10   2.24973E+02   3.17515E-02   3.06044E-08
 1.16250E+01   2.70011E+17   1.07619E+10   2.27101E+02   3.17788E-02   3.04453E-08
 1.16750E+01   2.74216E+17   1.12380E+10   2.29087E+02   3.17979E-02   3.02949E-08
 1.17250E+01   2.78187E+17   1.16963E+10   2.30921E+02   3.18087E-02   3.01535E-08
 1.17750E+01   2.81909E+17   1.21293E+10   2.32598E+02   3.18116E-02   3.00212E-08
 1.18250E+01   2.85363E+17   1.25297E+10   2.34110E+02   3.18066E-02   2.98979E-08
 1.18750E+01   2.88536E+17   1.28902E+10   2.35453E+02   3.17939E-02   2.97840E-08
 1.19250E+01   2.91414E+17   1.32045E+10   2.36623E+02   3.17737E-02   2.96793E-08
 1.19750E+01   2.93986E+17   1.34680E+10   2.37615E+02   3.17462E-02   2.95840E-08
 1.20250E+01   2.96242E+17   1.36781E+10   2.38427E+02   3.17118E-02   2.94980E-08
 1.20750E+01   2.98173E+17   1.38342E+10   2.39058E+02   3.16707E-02   2.94215E-08
 1.21250E+01   2.99775E+17   1.39381E+10   2.39507E+02   3.16232E-02   2.93543E-08
 1.21750E+01   3.01041E+17   1.39945E+10   2.39773E+02   3.15696E-02   2.92965E-08
 1.22250E+01   3.01969E+17   1.40051E+10   2.39859E+02   3.15103E-02   2.92481E-08
 1.22750E+01   3.02559E+17   1.40055E+10   2.39766E+02   3.14457E-02   2.92091E-08
 1.23250E+01   3.02812E+17   1.40058E+10   2.39496E+02   3.13760E-02   2.91794E-08
 1.23750E+01   3.02728E+17   1.39743E+10   2.39051E+02   3.13016E-02   2.91590E-08
 1.24250E+01   3.02315E+17   1.38406E+10   2.38436E+02   3.12229E-02   2.91478E-08
 1.24750E+01   3.01576E+17   1.36291E+10   2.37657E+02   3.11402E-02   2.91458E-08
 1.25250E+01   3.00521E+17   1.33580E+10   2.36719E+02   3.10541E-02   2.91530E-08
 1.25750E+01   2.99158E+17   1.30402E+10   2.35630E+02   3.09650E-02   2.91692E-08
 1.26250E+01   2.97498E+17   1.26854E+10   2.34397E+02   3.08733E-02   2.91945E-08
 1.26750E+01   2.95554E+17   1.23001E+10   2.33028E+02   3.07795E-02   2.92287E-08
 1.27250E+01   2.93340E+17   1.18886E+10   2.31531E+02   3.06842E-02   2.92718E-08
 1.27750E+01   2.90871E+17   1.14542E+10   2.29918E+02   3.05876E-02   2.93236E-08
 1.28250E+01   2.88163E+17   1.09994E+10   2.28196E+02   3.04904E-02   2.93840E-08
 1.28750E+01   2.85233E+17   1.05266E+10   2.26377E+02   3.03930E-02   2.94528E-08
 1.29250E+01   2.82099E+17   1.00386E+10   2.24472E+02   3.02959E-02   2.95299E-08
 1.29750E+01   2.78782E+17   9.53819E+09   2.22491E+02   3.01996E-02   2.96151E-08
 1.30250E+01   2.75301E+17   9.02869E+09   2.20445E+02   3.01045E-02   2.97082E-08
 1.30750E+01   2.71677E+17   8.51364E+09   2.18347E+02   3.00111E-02   2.98088E-08
 1.31250E+01   2.67930E+17   7.99680E+09   2.16207E+02   2.99198E-02   2.99167E-08
 1.31750E+01   2.64083E+17   7.48197E+09   2.14038E+02   2.98311E-02   3.00315E-08
 1.32250E+01   2.60157E+17   6.97292E+09   2.11850E+02   2.97453E-02   3.01529E-08
 1.32750E+01   2.56174E+17   6.47331E+09   2.09657E+02   2.96631E-02   3.02804E-08
 1.33250E+01   2.52156E+17   5.98661E+09   2.07469E+02   2.95846E-02   3.04135E-08
 1.33750E+01   2.48125E+17   5.51603E+09   2.05299E+02   2.95103E-02   3.05517E-08
 1.34250E+01   2.44103E+17   5.06454E+09   2.03156E+02   2.94405E-02   3.06944E-08
 1.34750E+01   2.40111E+17   4.63479E+09   2.01052E+02   2.93757E-02   3.08409E-08
 1.35250E+01   2.36169E+17   4.22916E+09   1.98998E+02   2.93159E-02   3.09905E-08
 1.35750E+01   2.32298E+17   3.84972E+09   1.97003E+02   2.92617E-02   3.11425E-08
 1.36250E+01   2.28517E+17   3.49825E+09   1.95078E+02   2.92131E-02   3.12959E-08
 1.36750E+01   2.24846E+17   3.17627E+09   1.93231E+02   2.91705E-02   3.14500E-08
 1.37250E+01   2.21302E+17   2.88500E+09   1.91471E+02   2.91339E-02   3.16038E-08
 1.37750E+01   2.17902E+17   2.62536E+09   1.89806E+02   2.91037E-02   3.17563E-08
 1.38250E+01   2.14662E+17   2.39794E+09   1.88245E+02   2.90798E-02   3.19066E-08
 1.38750E+01   2.11597E+17   2.20294E+09   1.86792E+02   2.90623E-02   3.20535E-08
 1.39250E+01   2.08721E+17   2.04010E+09   1.85456E+02   2.90515E-02   3.21960E-08
 1.39750E+01   2.06047E+17   1.90861E+09   1.84240E+02   2.90471E-02   3.23331E-08
 1.40250E+01   2.03585E+17   1.80712E+09   1.83151E+02   2.90494E-02   3.24638E-08
 1.40750E+01   2.01345E+17   1.73372E+09   1.82192E+02   2.90581E-02   3.25870E-08
 1.41250E+01   1.99337E+17   1.68600E+09   1.81366E+02   2.90734E-02   3.27017E-08
 1.41750E+01   1.97567E+17   1.66064E+09   1.80676E+02   2.90946E-02   3.28071E-08
 1.42250E+01   1.96041E+17   1.65604E+09   1.80124E+02   2.91217E-02   3.29022E-08
 1.42750E+01   1.94765E+17   1.65596E+09   1.79711E+02   2.91544E-02   3.29862E-08
 1.43250E+01   1.93740E+17   1.65589E+09   1.79437E+02   2.91923E-02   3.30586E-08
 1.43750E+01   1.92970E+17   1.66884E+09   1.79301E+02   2.92353E-02   3.31188E-08
 1.44250E+01   1.92454E+17   1.72299E+09   1.79304E+02   2.92830E-02   3.31664E-08
 1.44750E+01   1.92191E+17   1.80790E+09   1.79442E+02   2.93351E-02   3.32012E-08
 1.45250E+01   1.92179E+17   1.91601E+09   1.79714E+02   2.93913E-02   3.32230E-08
 1.45750E+01   1.92415E+17   2.04194E+09   1.80116E+02   2.94512E-02   3.32320E-08
 1.46250E+01   1.92894E+17   2.18191E+09   1.80645E+02   2.95145E-02   3.32282E-08
 1.46750E+01   1.93610E+17   2.33359E+09   1.81297E+02   2.95808E-02   3.32120E-08
 1.47250E+01   1.94557E+17   2.49591E+09   1.82065E+02   2.96496E-02   3.31838E-08
 1.47750E+01   1.95724E+17   2.66870E+09   1.82945E+02   2.97207E-02   3.31441E-08
 1.48250E+01   1.97105E+17   2.85247E+09   1.83930E+02   2.97936E-02   3.30935E-08
 1.48750E+01   1.98688E+17   3.04823E+09   1.85014E+02   2.98678E-02   3.30328E-08
 1.49250E+01   2.00463E+17   3.25723E+09   1.86190E+02   2.99429E-02   3.29626E-08
 1.49750E+01   2.02417E+17   3.48090E+09   1.87450E+02   3.00186E-02   3.28839E-08
 1.50250E+01   2.04538E+17   3.72065E+09   1.88786E+02   3.00944E-02   3.27974E-08
 1.50750E+01   2.06813E+17   3.97784E+09   1.90191E+02   3.01699E-02   3.27040E-08
 1.51250E+01   2.09227E+17   4.25366E+09   1.91656E+02   3.02447E-02   3.26046E-08
 1.51750E+01   2.11767E+17   4.54905E+09   1.93173E+02   3.03185E-02   3.25001E-08
 1.52250E+01   2.14417E+17   4.86473E+09   1.94732E+02   3.03908E-02   3.23914E-08
 1.52750E+01   2.17162E+17   5.20110E+09   1.96326E+02   3.04612E-02   3.22792E-08
 1.53250E+01   2.19987E+17   5.55828E+09   1.97945E+02   3.05295E-02   3.21644E-08
 1.53750E+01   2.22875E+17   5.93609E+09   1.99580E+02   3.05953E-02   3.20479E-08
 1.54250E+01   2.25812E+17   6.33403E+09   2.01222E+02   3.06582E-02   3.19302E-08
 1.54750E+01   2.28781E+17   6.75137E+09   2.02864E+02   3.07181E-02   3.18121E-08
 1.55250E+01   2.31766E+17   7.18703E+09   2.04495E+02   3.07745E-02   3.16944E-08
 1.55750E+01   2.34752E+17   7.63961E+09   2.06109E+02   3.08274E-02   3.15775E-08
 1.56250E+01   2.37722E+17   8.10728E+09   2.07696E+02   3.08763E-02   3.14620E-08
 1.56750E+01   2.40663E+17   8.58768E+09   2.09249E+02   3.09213E-02   3.13486E-08
 1.57250E+01   2.43559E+17   9.07783E+09   2.10759E+02   3.09620E-02   3.12375E-08
 1.57750E+01   2.46395E+17   9.57396E+09   2.12221E+02   3.09983E-02   3.11294E-08
 1.58250E+01   2.49157E+17   1.00715E+10   2.13626E+02   3.10302E-02   3.10245E-08
 1.58750E+01   2.51833E+17   1.05649E+10   2.14968E+02   3.10574E-02   3.09233E-08
 1.59250E+01   2.54410E+17   1.10478E+10   2.16241E+02   3.10800E-02   3.08260E-08
 1.59750E+01   2.56875E+17   1.15134E+10   2.17440E+02   3.10979E-02   3.07330E-08
 1.60250E+01   2.59216E+17   1.19543E+10   2.18558E+02   3.11111E-02   3.06445E-08
 1.60750E+01   2.61424E+17   1.23633E+10   2.19592E+02   3.11195E-02   3.05607E-08
 1.61250E+01   2.63489E+17   1.27339E+10   2.20537E+02   3.11233E-02   3.04819E-08
 1.61750E+01   2.65401E+17   1.30606E+10   2.21389E+02   3.11225E-02   3.04083E-08
 1.62250E+01   2.67154E+17   1.33391E+10   2.22145E+02   3.11170E-02   3.03399E-08
 1.62750E+01   2.68738E+17   1.35672E+10   2.22803E+02   3.11072E-02   3.02769E-08
 1.63250E+01   2.70150E+17   1.37440E+10   2.23360E+02   3.10929E-02   3.02195E-08
 1.63750E+01   2.71382E+17   1.38710E+10   2.23815E+02   3.10745E-02   3.01677E-08
 1.64250E+01   2.72432E+17   1.39506E+10   2.24167E+02   3.10520E-02   3.01217E-08
 1.64750E+01   2.73296E+17   1.39878E+10   2.24415E+02   3.10257E-02   3.00814E-08
 1.65250E+01   2.73972E+17   1.39897E+10   2.24559E+02   3.09956E-02   3.00469E-08
 1.65750E+01   2.74458E+17   1.39886E+10   2.24601E+02   3.09622E-02   3.00183E-08
 1.66250E+01   2.74756E+17   1.39874E+10   2.24541E+02   3.09254E-02   2.99956E-08
 1.66750E+01   2.74865E+17   1.39233E+10   2.24381E+02   3.08857E-02   2.99788E-08
 1.67250E+01   2.74787E+17   1.37558E+10   2.24123E+02   3.08432E-02   2.99679E-08
 1.67750E+01   2.74525E+17   1.35130E+10   2.23770E+02   3.07982E-02   2.99628E-08
 1.68250E+01   2.74084E+17   1.32114E+10   2.23324E+02   3.07510E-02   2.99635E-08
 1.68750E+01   2.73467E+17   1.28649E+10   2.22790E+02   3.07018E-02   2.99701E-08
 1.69250E+01   2.72680E+17   1.24830E+10   2.22172E+02   3.06509E-02   2.99823E-08
 1.69750E+01   2.71730E+17   1.20726E+10   2.21473E+02   3.05986E-02   3.00001E-08
 1.70250E+01   2.70623E+17   1.16384E+10   2.20698E+02   3.05453E-02   3.00235E-08
 1.70750E+01   2.69368E+17   1.11836E+10   2.19853E+02   3.04911E-02   3.00523E-08
 1.71250E+01   2.67972E+17   1.07111E+10   2.18943E+02   3.04364E-02   3.00863E-08
 1.71750E+01   2.66446E+17   1.02235E+10   2.17973E+02   3.03814E-02   3.01255E-08
 1.72250E+01   2.64798E+17   9.72327E+09   2.16950E+02   3.03265E-02   3.01697E-08
 1.72750E+01   2.63039E+17   9.21359E+09   2.15879E+02   3.02720E-02   3.02186E-08
 1.73250E+01   2.61181E+17   8.69766E+09   2.14766E+02   3.02180E-02   3.02721E-08
 1.73750E+01   2.59233E+17   8.17898E+09   2.13619E+02   3.01649E-02   3.03300E-08
 1.74250E+01   2.57208E+17   7.66117E+09   2.12443E+02   3.01130E-02   3.03919E-08
 1.74750E+01   2.55117E+17   7.14794E+09   2.11245E+02   3.00625E-02   3.04577E-08
 1.75250E+01   2.52972E+17   6.64292E+09   2.10032E+02   3.00136E-02   3.05270E-08
 1.75750E+01   2.50785E+17   6.14961E+09   2.08810E+02   2.99666E-02   3.05994E-08
 1.76250E+01   2.48569E+17   5.67137E+09   2.07586E+02   2.99217E-02   3.06748E-08
 1.76750E+01   2.46335E+17   5.21129E+09   2.06366E+02   2.98791E-02   3.07526E-08
 1.77250E+01   2.44095E+17   4.77223E+09   2.05157E+02   2.98390E-02   3.08326E-08
 1.77750E+01   2.41862E+17   4.35678E+09   2.03965E+02   2.98015E-02   3.09142E-08
 1.78250E+01   2.39647E+17   3.96729E+09   2.02795E+02   2.97669E-02   3.09972E-08
 1.78750E+01   2.37462E+17   3.60577E+09   2.01655E+02   2.97353E-02   3.10810E-08
 1.79250E+01   2.35317E+17   3.27398E+09   2.00549E+02   2.97068E-02   3.11651E-08
 1.79750E+01   2.33225E+17   2.97330E+09   1.99482E+02   2.96815E-02   3.12492E-08
 1.80250E+01   2.31195E+17   2.70475E+09   1.98461E+02   2.96595E-02   3.13326E-08
 1.80750E+01   2.29237E+17   2.46890E+09   1.97490E+02   2.96409E-02   3.14150E-08
 1.81250E+01   2.27360E+17   2.26588E+09   1.96573E+02   2.96258E-02   3.14958E-08
 1.81750E+01   2.25574E+17   2.09531E+09   1.95715E+02   2.96141E-02   3.15746E-08
 1.82250E+01   2.23888E+17   1.95633E+09   1.94919E+02   2.96060E-02   3.16508E-08
 1.82750E+01   2.22307E+17   1.84754E+09   1.94188E+02   2.96013E-02   3.17240E-08
 1.83250E+01   2.20841E+17   1.76704E+09   1.93527E+02   2.96002E-02   3.17936E-08
 1.83750E+01   2.19494E+17   1.71239E+09   1.92937E+02   2.96025E-02   3.18593E-08
 1.84250E+01   2.18273E+17   1.68070E+09   1.92420E+02   2.96082E-02   3.19207E-08
 1.84750E+01   2.17182E+17   1.66967E+09   1.91979E+02   2.96172E-02   3.19773E-08
 1.85250E+01   2.16225E+17   1.66928E+09   1.91615E+02   2.96295E-02   3.20288E-08
 1.85750E+01   2.15407E+17   1.66898E+09   1.91329E+02   2.96449E-02   3.20749E-08
 1.86250E+01   2.14728E+17   1.67227E+09   1.91120E+02   2.96633E-02   3.21153E-08
 1.86750E+01   2.14192E+17   1.71240E+09   1.90991E+02   2.96846E-02   3.21497E-08
 1.87250E+01   2.13799E+17   1.78773E+09   1.90939E+02   2.97087E-02   3.21781E-08
 1.87750E+01   2.13549E+17   1.88983E+09   1.90964E+02   2.97353E-02   3.22003E-08
 1.88250E+01   2.13443E+17   2.01224E+09   1.91066E+02   2.97643E-02   3.22161E-08
 1.88750E+01   2.13477E+17   2.15063E+09   1.91243E+02   2.97955E-02   3.22256E-08
 1.89250E+01   2.13652E+17   2.30217E+09   1.91492E+02   2.98288E-02   3.22288E-08
 1.89750E+01   2.13963E+17   2.46534E+09   1.91812E+02   2.98639E-02   3.22258E-08
 1.90250E+01   2.14407E+17   2.63965E+09   1.92200E+02   2.99005E-02   3.22167E-08
 1.90750E+01   2.14981E+17   2.82539E+09   1.92653E+02   2.99386E-02   3.22017E-08
 1.91250E+01   2.15679E+17   3.02341E+09   1.93167E+02   2.99779E-02   3.21810E-08
 1.91750E+01   2.16497E+17   3.23493E+09   1.93740E+02   3.00181E-02   3.21548E-08
 1.92250E+01   2.17428E+17   3.46133E+09   1.94368E+02   3.00590E-02   3.21234E-08
 1.92750E+01   2.18466E+17   3.70405E+09   1.95045E+02   3.01004E-02   3.20872E-08
 1.93250E+01   2.19604E+17   3.96443E+09   1.95769E+02   3.01421E-02   3.20464E-08
 1.93750E+01   2.20834E+17   4.24368E+09   1.96535E+02   3.01838E-02   3.20015E-08
 1.94250E+01   2.22149E+17   4.54279E+09   1.97337E+02   3.02254E-02   3.19529E-08
 1.94750E+01   2.23542E+17   4.86253E+09   1.98172E+02   3.02665E-02   3.19009E-08
 1.95250E+01   2.25002E+17   5.20341E+09   1.99034E+02   3.03070E-02   3.18459E-08
 1.95750E+01   2.26523E+17   5.56572E+09   1.99919E+02   3.03466E-02   3.17883E-08
 1.96250E+01   2.28094E+17   5.94945E+09   2.00821E+02   3.03853E-02   3.17286E-08
 1.96750E+01   2.29707E+17   6.35432E+09   2.01735E+02   3.04226E-02   3.16672E-08
 1.97250E+01   2.31352E+17   6.77972E+09   2.02657E+02   3.04586E-02   3.16043E-08
 1.97750E+01   2.33021E+17   7.22463E+09   2.03581E+02   3.04929E-02   3.15406E-08
 1.98250E+01   2.34705E+17   7.68754E+09   2.04502E+02   3.05256E-02   3.14762E-08
 1.98750E+01   2.36393E+17   8.16631E+09   2.05415E+02   3.05562E-02   3.14116E-08
 1.99250E+01   2.38077E+17   8.65809E+09   2.06317E+02   3.05848E-02   3.13471E-08
 1.99750E+01   2.39748E+17   9.15915E+09   2.07201E+02   3.06113E-02   3.12831E-08
 2.00250E+01   2.41398E+17   9.66489E+09   2.08063E+02   3.06354E-02   3.12199E-08
 2.00750E+01   2.43017E+17   1.01698E+10   2.08899E+02   3.06571E-02   3.11578E-08
 2.01250E+01   2.44597E+17   1.06677E+10   2.09705E+02   3.06763E-02   3.10970E-08
 2.01750E+01   2.46131E+17   1.11516E+10   2.10477E+02   3.06930E-02   3.10379E-08
 2.02250E+01   2.47610E+17   1.16144E+10   2.11212E+02   3.07070E-02   3.09807E-08
 2.02750E+01   2.49028E+17   1.20490E+10   2.11905E+02   3.07184E-02   3.09256E-08
 2.03250E+01   2.50378E+17   1.24487E+10   2.12553E+02   3.07271E-02   3.08729E-08
 2.03750E+01   2.51653E+17   1.28075E+10   2.13154E+02   3.07332E-02   3.08227E-08
 2.04250E+01   2.52847E+17   1.31204E+10   2.13706E+02   3.07365E-02   3.07752E-08
 2.04750E+01   2.53956E+17   1.33839E+10   2.14204E+02   3.07371E-02   3.07305E-08
 2.05250E+01   2.54973E+17   1.35967E+10   2.14649E+02   3.07351E-02   3.06889E-08
 2.05750E+01   2.55896E+17   1.37591E+10   2.15037E+02   3.07306E-02   3.06505E-08
 2.06250E+01   2.56719E+17   1.38739E+10   2.15368E+02   3.07234E-02   3.06153E-08
 2.06750E+01   2.57441E+17   1.39448E+10   2.15641E+02   3.07138E-02   3.05835E-08
 2.07250E+01   2.58057E+17   1.39773E+10   2.15854E+02   3.07019E-02   3.05551E-08
 2.07750E+01   2.58568E+17   1.39776E+10   2.16008E+02   3.06876E-02   3.05303E-08
 2.08250E+01   2.58970E+17   1.39755E+10   2.16103E+02   3.06712E-02   3.05091E-08
 2.08750E+01   2.59264E+17   1.39736E+10   2.16138E+02   3.06528E-02   3.04914E-08
 2.09250E+01   2.59449E+17   1.38867E+10   2.16114E+02   3.06324E-02   3.04774E-08
 2.09750E+01   2.59525E+17   1.36945E+10   2.16033E+02   3.06102E-02   3.04671E-08
 2.10250E+01   2.59494E+17   1.34247E+10   2.15894E+02   3.05864E-02   3.04604E-08
 2.10750E+01   2.59357E+17   1.30977E+10   2.15701E+02   3.05611E-02   3.04573E-08
 2.11250E+01   2.59116E+17   1.27275E+10   2.15455E+02   3.05344E-02   3.04579E-08
 2.11750E+01   2.58774E+17   1.23230E+10   2.15157E+02   3.05065E-02   3.04620E-08
 2.12250E+01   2.58334E+17   1.18905E+10   2.14810E+02   3.04777E-02   3.04697E-08
 2.12750E+01   2.57800E+17   1.14348E+10   2.14416E+02   3.04480E-02   3.04808E-08
 2.13250E+01   2.57176E+17   1.09597E+10   2.13979E+02   3.04176E-02   3.04953E-08
 2.13750E+01   2.56466E+17   1.04684E+10   2.13502E+02   3.03868E-02   3.05131E-08
 2.14250E+01   2.55676E+17   9.96409E+09   2.12986E+02   3.03556E-02   3.05340E-08
 2.14750E+01   2.54811E+17   9.44968E+09   2.12437E+02   3.03243E-02   3.05581E-08
 2.15250E+01   2.53877E+17   8.92831E+09   2.11856E+02   3.02931E-02   3.05850E-08
 2.15750E+01   2.52880E+17   8.40325E+09   2.11248E+02   3.02620E-02   3.06147E-08
 2.16250E+01   2.51825E+17   7.87800E+09   2.10617E+02   3.02313E-02   3.06470E-08
 2.16750E+01   2.50720E+17   7.35615E+09   2.09966E+02   3.02011E-02   3.06817E-08
 2.17250E+01   2.49571E+17   6.84134E+09   2.09299E+02   3.01716E-02   3.07187E-08
 2.17750E+01   2.48385E+17   6.33721E+09   2.08619E+02   3.01429E-02   3.07578E-08
 2.18250E+01   2.47169E+17   5.84727E+09   2.07932E+02   3.01152E-02   3.07987E-08
 2.18750E+01   2.45930E+17   5.37484E+09   2.07239E+02   3.00886E-02   3.08412E-08
 2.19250E+01   2.44676E+17   4.92306E+09   2.06547E+02   3.00633E-02   3.08852E-08
 2.19750E+01   2.43412E+17   4.49478E+09   2.05857E+02   3.00393E-02   3.09303E-08
 2.20250E+01   2.42147E+17   4.09256E+09   2.05174E+02   3.00168E-02   3.09763E-08
 2.20750E+01   2.40887E+17   3.71867E+09   2.04502E+02   2.99958E-02   3.10230E-08
 2.21250E+01   2.39639E+17   3.37501E+09   2.03844E+02   2.99765E-02   3.10701E-08
 2.21750E+01   2.38409E+17   3.06311E+09   2.03203E+02   2.99590E-02   3.11174E-08
 2.22250E+01   2.37204E+17   2.78406E+09   2.02583E+02   2.99433E-02   3.11645E-08
 2.22750E+01   2.36031E+17   2.53849E+09   2.01986E+02   2.99295E-02   3.12113E-08
 2.23250E+01   2.34895E+17   2.32652E+09   2.01416E+02   2.99175E-02   3.12574E-08
 2.23750E+01   2.33801E+17   2.14772E+09   2.00876E+02   2.99076E-02   3.13026E-08
 2.24250E+01   2.32756E+17   2.00109E+09   2.00367E+02   2.98996E-02   3.13466E-08
 2.24750E+01   2.31764E+17   1.88506E+09   1.99892E+02   2.98937E-02   3.13891E-08
 2.25250E+01   2.30829E+17   1.79753E+09   1.99454E+02   2.98897E-02   3.14301E-08
 2.25750E+01   2.29957E+17   1.73597E+09   1.99054E+02   2.98878E-02   3.14691E-08
 2.26250E+01   2.29151E+17   1.69771E+09   1.98693E+02   2.98878E-02   3.15059E-08
 2.26750E+01   2.28414E+17   1.67965E+09   1.98374E+02   2.98898E-02   3.15405E-08
 2.27250E+01   2.27750E+17   1.67840E+09   1.98097E+02   2.98938E-02   3.15725E-08
 2.27750E+01   2.27160E+17   1.67893E+09   1.97863E+02   2.98996E-02   3.16018E-08
 2.28250E+01   2.26648E+17   1.67947E+09   1.97674E+02   2.99072E-02   3.16283E-08
 2.28750E+01   2.26214E+17   1.70293E+09   1.97528E+02   2.99166E-02   3.16518E-08
 2.29250E+01   2.25861E+17   1.76788E+09   1.97427E+02   2.99276E-02   3.16722E-08
 2.29750E+01   2.25588E+17   1.86253E+09   1.97370E+02   2.99402E-02   3.16895E-08
 2.30250E+01   2.25396E+17   1.98023E+09   1.97357E+02   2.99543E-02   3.17034E-08
 2.30750E+01   2.25285E+17   2.11569E+09   1.97387E+02   2.99699E-02   3.17141E-08
 2.31250E+01   2.25254E+17   2.26546E+09   1.97460E+02   2.99867E-02   3.17215E-08
 2.31750E+01   2.25303E+17   2.42760E+09   1.97575E+02   3.00047E-02   3.17255E-08
 2.32250E+01   2.25430E+17   2.60130E+09   1.97730E+02   3.00237E-02   3.17263E-08
 2.32750E+01   2.25632E+17   2.78658E+09   1.97924E+02   3.00438E-02   3.17238E-08
 2.33250E+01   2.25909E+17   2.98409E+09   1.98155E+02   3.00646E-02   3.17182E-08
 2.33750E+01   2.26257E+17   3.19484E+09   1.98422E+02   3.00862E-02   3.17095E-08
 2.34250E+01   2.26674E+17   3.42007E+09   1.98723E+02   3.01084E-02   3.16979E-08
 2.34750E+01   2.27157E+17   3.66110E+09   1.99055E+02   3.01310E-02   3.16833E-08
 2.35250E+01   2.27701E+17   3.91921E+09   1.99417E+02   3.01540E-02   3.16661E-08
 2.35750E+01   2.28303E+17   4.19561E+09   1.99805E+02   3.01771E-02   3.16464E-08
 2.36250E+01   2.28958E+17   4.49135E+09   2.00218E+02   3.02004E-02   3.16242E-08
 2.36750E+01   2.29664E+17   4.80729E+09   2.00653E+02   3.02236E-02   3.15999E-08
 2.37250E+01   2.30415E+17   5.14411E+09   2.01108E+02   3.02466E-02   3.15736E-08
 2.37750E+01   2.31207E+17   5.50223E+09   2.01579E+02   3.02694E-02   3.15454E-08
 2.38250E+01   2.32034E+17   5.88184E+09   2.02064E+02   3.02917E-02   3.15156E-08
 2.38750E+01   2.32892E+17   6.28276E+09   2.02560E+02   3.03135E-02   3.14844E-08
 2.39250E+01   2.33777E+17   6.70448E+09   2.03065E+02   3.03347E-02   3.14520E-08
 2.39750E+01   2.34682E+17   7.14597E+09   2.03575E+02   3.03552E-02   3.14185E-08
 2.40250E+01   2.35603E+17   7.60565E+09   2.04088E+02   3.03748E-02   3.13843E-08
 2.40750E+01   2.36535E+17   8.08125E+09   2.04601E+02   3.03935E-02   3.13495E-08
 2.41250E+01   2.37472E+17   8.56972E+09   2.05111E+02   3.04112E-02   3.13143E-08
 2.41750E+01   2.38410E+17   9.06721E+09   2.05616E+02   3.04279E-02   3.12788E-08
 2.42250E+01   2.39343E+17   9.56901E+09   2.06113E+02   3.04433E-02   3.12434E-08
 2.42750E+01   2.40267E+17   1.00697E+10   2.06599E+02   3.04576E-02   3.12082E-08
 2.43250E+01   2.41178E+17   1.05630E+10   2.07073E+02   3.04705E-02   3.11733E-08
 2.43750E+01   2.42070E+17   1.10426E+10   2.07531E+02   3.04822E-02   3.11389E-08
 2.44250E+01   2.42939E+17   1.15016E+10   2.07972E+02   3.04924E-02   3.11052E-08
 2.44750E+01   2.43780E+17   1.19334E+10   2.08394E+02   3.05013E-02   3.10724E-08
 2.45250E+01   2.44591E+17   1.23319E+10   2.08794E+02   3.05087E-02   3.10405E-08
 2.45750E+01   2.45366E+17   1.26918E+10   2.09171E+02   3.05147E-02   3.10098E-08
 2.46250E+01   2.46103E+17   1.30089E+10   2.09523E+02   3.05192E-02   3.09804E-08
 2.46750E+01   2.46798E+17   1.32802E+10   2.09849E+02   3.05222E-02   3.09523E-08
 2.47250E+01   2.47448E+17   1.35043E+10   2.10147E+02   3.05238E-02   3.09257E-08
 2.47750E+01   2.48050E+17   1.36811E+10   2.10416E+02   3.05238E-02   3.09007E-08
 2.48250E+01   2.48601E+17   1.38122E+10   2.10655E+02   3.05225E-02   3.08774E-08
 2.48750E+01   2.49101E+17   1.39000E+10   2.10864E+02   3.05198E-02   3.08558E-08
 2.49250E+01   2.49545E+17   1.39488E+10   2.11041E+02   3.05156E-02   3.08361E-08
 2.49750E+01   2.49934E+17   1.39602E+10   2.11186E+02   3.05102E-02   3.08182E-08
 2.50250E+01   2.50266E+17   1.39621E+10   2.11299E+02   3.05034E-02   3.08023E-08
 2.50750E+01   2.50540E+17   1.39640E+10   2.11380E+02   3.04955E-02   3.07884E-08
 2.51250E+01   2.50755E+17   1.39409E+10   2.11428E+02   3.04863E-02   3.07765E-08
 2.51750E+01   2.50912E+17   1.38105E+10   2.11445E+02   3.04761E-02   3.07667E-08
 2.52250E+01   2.51009E+17   1.35915E+10   2.11429E+02   3.04649E-02   3.07589E-08
 2.52750E+01   2.51048E+17   1.33040E+10   2.11383E+02   3.04526E-02   3.07532E-08
 2.53250E+01   2.51029E+17   1.29632E+10   2.11306E+02   3.04396E-02   3.07496E-08
 2.53750E+01   2.50953E+17   1.25812E+10   2.11200E+02   3.04257E-02   3.07481E-08
 2.54250E+01   2.50821E+17   1.21670E+10   2.11065E+02   3.04111E-02   3.07485E-08
 2.54750E+01   2.50634E+17   1.17274E+10   2.10902E+02   3.03958E-02   3.07510E-08
 2.55250E+01   2.50395E+17   1.12674E+10   2.10713E+02   3.03800E-02   3.07555E-08
 2.55750E+01   2.50105E+17   1.07908E+10   2.10499E+02   3.03638E-02   3.07619E-08
 2.56250E+01   2.49766E+17   1.03006E+10   2.10261E+02   3.03472E-02   3.07702E-08
 2.56750E+01   2.49382E+17   9.79977E+09   2.10001E+02   3.03303E-02   3.07803E-08
 2.57250E+01   2.48954E+17   9.29099E+09   2.09721E+02   3.03133E-02   3.07921E-08
 2.57750E+01   2.48486E+17   8.77714E+09   2.09423E+02   3.02961E-02   3.08056E-08
 2.58250E+01   2.47980E+17   8.26125E+09   2.09108E+02   3.02790E-02   3.08208E-08
 2.58750E+01   2.47439E+17   7.74646E+09   2.08778E+02   3.02620E-02   3.08374E-08
 2.59250E+01   2.46868E+17   7.23606E+09   2.08435E+02   3.02452E-02   3.08554E-08
 2.59750E+01   2.46269E+17   6.73336E+09   2.08081E+02   3.02286E-02   3.08748E-08
 2.60250E+01   2.45646E+17   6.24171E+09   2.07718E+02   3.02124E-02   3.08954E-08
 2.60750E+01   2.45002E+17   5.76435E+09   2.07348E+02   3.01966E-02   3.09170E-08
 2.61250E+01   2.44342E+17   5.30440E+09   2.06973E+02   3.01813E-02   3.09396E-08
 2.61750E+01   2.43668E+17   4.86482E+09   2.06595E+02   3.01666E-02   3.09631E-08
 2.62250E+01   2.42985E+17   4.44831E+09   2.06217E+02   3.01525E-02   3.09873E-08
 2.62750E+01   2.42295E+17   4.05734E+09   2.05839E+02   3.01392E-02   3.10120E-08
 2.63250E+01   2.41604E+17   3.69401E+09   2.05465E+02   3.01266E-02   3.10373E-08
 2.63750E+01   2.40914E+17   3.36013E+09   2.05095E+02   3.01148E-02   3.10628E-08
 2.64250E+01   2.40230E+17   3.05705E+09   2.04733E+02   3.01039E-02   3.10885E-08
 2.64750E+01   2.39554E+17   2.78575E+09   2.04379E+02   3.00940E-02   3.11143E-08
 2.65250E+01   2.38890E+17   2.54670E+09   2.04036E+02   3.00850E-02   3.11400E-08
 2.65750E+01   2.38242E+17   2.33989E+09   2.03704E+02   3.00771E-02   3.11655E-08
 2.66250E+01   2.37612E+17   2.16483E+09   2.03387E+02   3.00701E-02   3.11906E-08
 2.66750E+01   2.37004E+17   2.02048E+09   2.03084E+02   3.00642E-02   3.12152E-08
 2.67250E+01   2.36421E+17   1.90534E+09   2.02798E+02   3.00594E-02   3.12392E-08
 2.67750E+01   2.35865E+17   1.81743E+09   2.02530E+02   3.00556E-02   3.12624E-08
 2.68250E+01   2.35338E+17   1.75440E+09   2.02280E+02   3.00529E-02   3.12848E-08
 2.68750E+01   2.34844E+17   1.71364E+09   2.02051E+02   3.00514E-02   3.13061E-08
 2.69250E+01   2.34385E+17   1.69199E+09   2.01843E+02   3.00508E-02   3.13264E-08
 2.69750E+01   2.33961E+17   1.68782E+09   2.01656E+02   3.00514E-02   3.13455E-08
 2.70250E+01   2.33576E+17   1.68776E+09   2.01492E+02   3.00530E-02   3.13633E-08
 2.70750E+01   2.33230E+17   1.68771E+09   2.01351E+02   3.00556E-02   3.13797E-08
 2.71250E+01   2.32925E+17   1.69907E+09   2.01233E+02   3.00593E-02   3.13946E-08
 2.71750E+01   2.32663E+17   1.75188E+09   2.01139E+02   3.00638E-02   3.14080E-08
 2.72250E+01   2.32442E+17   1.83686E+09   2.01069E+02   3.00694E-02   3.14199E-08
 2.72750E+01   2.32265E+17   1.94648E+09   2.01023E+02   3.00758E-02   3.14301E-08
 2.73250E+01   2.32132E+17   2.07550E+09   2.01001E+02   3.00830E-02   3.14386E-08
 2.73750E+01   2.32043E+17   2.22014E+09   2.01002E+02   3.00911E-02   3.14454E-08
 2.74250E+01   2.31998E+17   2.37804E+09   2.01027E+02   3.00999E-02   3.14506E-08
 2.74750E+01   2.31996E+17   2.54800E+09   2.01075E+02   3.01093E-02   3.14540E-08
 2.75250E+01   2.32036E+17   2.72969E+09   2.01145E+02   3.01194E-02   3.14556E-08
 2.75750E+01   2.32119E+17   2.92343E+09   2.01237E+02   3.01301E-02   3.14556E-08
 2.76250E+01   2.32243E+17   3.13001E+09   2.01350E+02   3.01413E-02   3.14539E-08
 2.76750E+01   2.32407E+17   3.35049E+09   2.01483E+02   3.01529E-02   3.14506E-08
 2.77250E+01   2.32609E+17   3.58613E+09   2.01635E+02   3.01649E-02   3.14456E-08
 2.77750E+01   2.32848E+17   3.83819E+09   2.01805E+02   3.01772E-02   3.14391E-08
 2.78250E+01   2.33122E+17   4.10795E+09   2.01992E+02   3.01897E-02   3.14311E-08
 2.78750E+01   2.33430E+17   4.39657E+09   2.02195E+02   3.02023E-02   3.14217E-08
 2.79250E+01   2.33769E+17   4.70512E+09   2.02412E+02   3.02151E-02   3.14109E-08
 2.79750E+01   2.34137E+17   5.03447E+09   2.02643E+02   3.02279E-02   3.13989E-08
 2.80250E+01   2.34532E+17   5.38528E+09   2.02885E+02   3.02407E-02   3.13857E-08
 2.80750E+01   2.34951E+17   5.75793E+09   2.03137E+02   3.02534E-02   3.13714E-08
 2.81250E+01   2.35392E+17   6.15245E+09   2.03399E+02   3.02659E-02   3.13561E-08
 2.81750E+01   2.35852E+17   6.56844E+09   2.03668E+02   3.02782E-02   3.13399E-08
 2.82250E+01   2.36329E+17   7.00495E+09   2.03943E+02   3.02901E-02   3.13230E-08
 2.82750E+01   2.36820E+17   7.46042E+09   2.04222E+02   3.03018E-02   3.13053E-08
 2.83250E+01   2.37322E+17   7.93255E+09   2.04504E+02   3.03130E-02   3.12871E-08
 2.83750E+01   2.37832E+17   8.41829E+09   2.04787E+02   3.03238E-02   3.12684E-08
 2.84250E+01   2.38348E+17   8.91374E+09   2.05071E+02   3.03340E-02   3.12493E-08
 2.84750E+01   2.38867E+17   9.41426E+09   2.05352E+02   3.03437E-02   3.12300E-08
 2.85250E+01   2.39386E+17   9.91448E+09   2.05631E+02   3.03528E-02   3.12106E-08
 2.85750E+01   2.39902E+17   1.04084E+10   2.05905E+02   3.03613E-02   3.11911E-08
 2.86250E+01   2.40413E+17   1.08897E+10   2.06173E+02   3.03691E-02   3.11716E-08
 2.86750E+01   2.40916E+17   1.13518E+10   2.06434E+02   3.03761E-02   3.11523E-08
 2.87250E+01   2.41409E+17   1.17883E+10   2.06687E+02   3.03825E-02   3.11333E-08
 2.87750E+01   2.41889E+17   1.21932E+10   2.06930E+02   3.03881E-02   3.11146E-08
 2.88250E+01   2.42354E+17   1.25614E+10   2.07162E+02   3.03929E-02   3.10963E-08
 2.88750E+01   2.42801E+17   1.28886E+10   2.07382E+02   3.03969E-02   3.10786E-08
 2.89250E+01   2.43229E+17   1.31720E+10   2.07589E+02   3.04001E-02   3.10614E-08
 2.89750E+01   2.43635E+17   1.34098E+10   2.07782E+02   3.04025E-02   3.10450E-08
 2.90250E+01   2.44018E+17   1.36019E+10   2.07961E+02   3.04041E-02   3.10293E-08
 2.90750E+01   2.44376E+17   1.37491E+10   2.08125E+02   3.04048E-02   3.10144E-08
 2.91250E+01   2.44707E+17   1.38537E+10   2.08272E+02   3.04048E-02   3.10004E-08
 2.91750E+01   2.45010E+17   1.39187E+10   2.08403E+02   3.04040E-02   3.09873E-08
 2.92250E+01   2.45284E+17   1.39485E+10   2.08517E+02   3.04024E-02   3.09752E-08
 2.92750E+01   2.45528E+17   1.39497E+10   2.08613E+02   3.04000E-02   3.09641E-08
 2.93250E+01   2.45741E+17   1.39486E+10   2.08692E+02   3.03969E-02   3.09542E-08
 2.93750E+01   2.45922E+17   1.39475E+10   2.08753E+02   3.03931E-02   3.09453E-08
 2.94250E+01   2.46071E+17   1.38789E+10   2.08796E+02   3.03886E-02   3.09375E-08
 2.94750E+01   2.46187E+17   1.36999E+10   2.08820E+02   3.03835E-02   3.09309E-08
 2.95250E+01   2.46270E+17   1.34398E+10   2.08827E+02   3.03777E-02   3.09255E-08
 2.95750E+01   2.46320E+17   1.31165E+10   2.08817E+02   3.03714E-02   3.09212E-08
 2.96250E+01   2.46338E+17   1.27451E+10   2.08789E+02   3.03646E-02   3.09181E-08
 2.96750E+01   2.46324E+17   1.23369E+10   2.08744E+02   3.03572E-02   3.09162E-08
 2.97250E+01   2.46278E+17   1.19003E+10   2.08683E+02   3.03495E-02   3.09155E-08
 2.97750E+01   2.46201E+17   1.14414E+10   2.08606E+02   3.03413E-02   3.09160E-08
 2.98250E+01   2.46093E+17   1.09647E+10   2.08513E+02   3.03328E-02   3.09176E-08
 2.98750E+01   2.45956E+17   1.04739E+10   2.08406E+02   3.03240E-02   3.09203E-08
 2.99250E+01   2.45792E+17   9.97182E+09   2.08285E+02   3.03149E-02   3.09242E-08
 2.99750E+01   2.45600E+17   9.46144E+09   2.08151E+02   3.03056E-02   3.09291E-08
 3.00250E+01   2.45382E+17   8.94557E+09   2.08005E+02   3.02962E-02   3.09350E-08
 3.00750E+01   2.45141E+17   8.42715E+09   2.07848E+02   3.02867E-02   3.09419E-08
 3.01250E+01   2.44877E+17   7.90923E+09   2.07680E+02   3.02772E-02   3.09498E-08
 3.01750E+01   2.44593E+17   7.39499E+09   2.07503E+02   3.02677E-02   3.09585E-08
 3.02250E+01   2.44289E+17   6.88771E+09   2.07318E+02   3.02582E-02   3.09681E-08
 3.02750E+01   2.43969E+17   6.39067E+09   2.07126E+02   3.02488E-02   3.09785E-08
 3.03250E+01   2.43633E+17   5.90715E+09   2.06928E+02   3.02396E-02   3.09895E-08
 3.03750E+01   2.43284E+17   5.44034E+09   2.06726E+02   3.02306E-02   3.10013E-08
 3.04250E+01   2.42924E+17   4.99327E+09   2.06519E+02   3.02219E-02   3.10136E-08
 3.04750E+01   2.42554E+17   4.56880E+09   2.06310E+02   3.02134E-02   3.10264E-08
 3.05250E+01   2.42178E+17   4.16950E+09   2.06099E+02   3.02053E-02   3.10397E-08
 3.05750E+01   2.41797E+17   3.79767E+09   2.05889E+02   3.01976E-02   3.10534E-08
 3.06250E+01   2.41413E+17   3.45521E+09   2.05679E+02   3.01902E-02   3.10673E-08
 3.06750E+01   2.41028E+17   3.14362E+09   2.05471E+02   3.01833E-02   3.10815E-08
 3.07250E+01   2.40644E+17   2.86391E+09   2.05265E+02   3.01769E-02   3.10958E-08
 3.07750E+01   2.40264E+17   2.61662E+09   2.05064E+02   3.01709E-02   3.11101E-08
 3.08250E+01   2.39888E+17   2.40176E+09   2.04869E+02   3.01655E-02   3.11245E-08
 3.08750E+01   2.39520E+17   2.21883E+09   2.04679E+02   3.01606E-02   3.11387E-08
 3.09250E+01   2.39162E+17   2.06682E+09   2.04496E+02   3.01563E-02   3.11528E-08
 3.09750E+01   2.38814E+17   1.94428E+09   2.04320E+02   3.01526E-02   3.11666E-08
 3.10250E+01   2.38478E+17   1.84934E+09   2.04154E+02   3.01494E-02   3.11802E-08
 3.10750E+01   2.38157E+17   1.77974E+09   2.03997E+02   3.01469E-02   3.11933E-08
 3.11250E+01   2.37851E+17   1.73289E+09   2.03850E+02   3.01450E-02   3.12060E-08
 3.11750E+01   2.37562E+17   1.70591E+09   2.03714E+02   3.01437E-02   3.12182E-08
 3.12250E+01   2.37292E+17   1.69668E+09   2.03590E+02   3.01429E-02   3.12298E-08
 3.12750E+01   2.37042E+17   1.69637E+09   2.03477E+02   3.01428E-02   3.12407E-08
 3.13250E+01   2.36812E+17   1.69613E+09   2.03376E+02   3.01433E-02   3.12510E-08
 3.13750E+01   2.36604E+17   1.69919E+09   2.03289E+02   3.01444E-02   3.12605E-08
 3.14250E+01   2.36418E+17   1.73928E+09   2.03214E+02   3.01461E-02   3.12693E-08
 3.14750E+01   2.36256E+17   1.81544E+09   2.03153E+02   3.01483E-02   3.12772E-08
 3.15250E+01   2.36118E+17   1.91953E+09   2.03105E+02   3.01510E-02   3.12843E-08
 3.15750E+01   2.36003E+17   2.04519E+09   2.03071E+02   3.01543E-02   3.12905E-08
 3.16250E+01   2.35913E+17   2.18816E+09   2.03050E+02   3.01581E-02   3.12957E-08
 3.16750E+01   2.35848E+17   2.34564E+09   2.03042E+02   3.01623E-02   3.13001E-08
 3.17250E+01   2.35808E+17   2.51602E+09   2.03048E+02   3.01670E-02   3.13035E-08
 3.17750E+01   2.35792E+17   2.69868E+09   2.03067E+02   3.01720E-02   3.13059E-08
 3.18250E+01   2.35800E+17   2.89372E+09   2.03098E+02   3.01775E-02   3.13075E-08
 3.18750E+01   2.35833E+17   3.10178E+09   2.03142E+02   3.01833E-02   3.13080E-08
 3.19250E+01   2.35889E+17   3.32387E+09   2.03199E+02   3.01894E-02   3.13076E-08
 3.19750E+01   2.35968E+17   3.56122E+09   2.03267E+02   3.01957E-02   3.13064E-08
 3.20250E+01   2.36069E+17   3.81520E+09   2.03346E+02   3.02023E-02   3.13042E-08
 3.20750E+01   2.36192E+17   4.08718E+09   2.03435E+02   3.02091E-02   3.13011E-08
 3.21250E+01   2.36335E+17   4.37848E+09   2.03535E+02   3.02160E-02   3.12972E-08
 3.21750E+01   2.36497E+17   4.69031E+09   2.03644E+02   3.02231E-02   3.12924E-08
 3.22250E+01   2.36678E+17   5.02370E+09   2.03761E+02   3.02302E-02   3.12869E-08
 3.22750E+01   2.36877E+17   5.37940E+09   2.03887E+02   3.02374E-02   3.12806E-08
 3.23250E+01   2.37091E+17   5.75787E+09   2.04019E+02   3.02446E-02   3.12737E-08
 3.23750E+01   2.37319E+17   6.15912E+09   2.04158E+02   3.02518E-02   3.12661E-08
 3.24250E+01   2.37561E+17   6.58263E+09   2.04302E+02   3.02588E-02   3.12579E-08
 3.24750E+01   2.37815E+17   7.02724E+09   2.04451E+02   3.02658E-02   3.12492E-08
 3.25250E+01   2.38079E+17   7.49112E+09   2.04604E+02   3.02726E-02   3.12400E-08
 3.25750E+01   2.38351E+17   7.97159E+09   2.04760E+02   3.02792E-02   3.12304E-08
 3.26250E+01   2.38631E+17   8.46519E+09   2.04918E+02   3.02856E-02   3.12204E-08
 3.26750E+01   2.38916E+17   8.96759E+09   2.05077E+02   3.02918E-02   3.12101E-08
 3.27250E+01   2.39205E+17   9.47370E+09   2.05236E+02   3.02977E-02   3.11995E-08
 3.27750E+01   2.39497E+17   9.97776E+09   2.05395E+02   3.03033E-02   3.11888E-08
 3.28250E+01   2.39790E+17   1.04735E+10   2.05553E+02   3.03086E-02   3.11779E-08
 3.28750E+01   2.40081E+17   1.09546E+10   2.05708E+02   3.03135E-02   3.11669E-08
 3.29250E+01   2.40371E+17   1.14143E+10   2.05860E+02   3.03180E-02   3.11560E-08
 3.29750E+01   2.40656E+17   1.18467E+10   2.06009E+02   3.03222E-02   3.11451E-08
 3.30250E+01   2.40936E+17   1.22460E+10   2.06153E+02   3.03259E-02   3.11343E-08
 3.30750E+01   2.41210E+17   1.26074E+10   2.06292E+02   3.03292E-02   3.11236E-08
 3.31250E+01   2.41475E+17   1.29269E+10   2.06425E+02   3.03321E-02   3.11132E-08
 3.31750E+01   2.41732E+17   1.32018E+10   2.06552E+02   3.03345E-02   3.11030E-08
 3.32250E+01   2.41977E+17   1.34308E+10   2.06671E+02   3.03365E-02   3.10932E-08
 3.32750E+01   2.42211E+17   1.36140E+10   2.06783E+02   3.03380E-02   3.10837E-08
 3.33250E+01   2.42432E+17   1.37532E+10   2.06887E+02   3.03391E-02   3.10746E-08
 3.33750E+01   2.42639E+17   1.38512E+10   2.06982E+02   3.03396E-02   3.10660E-08
 3.34250E+01   2.42831E+17   1.39115E+10   2.07068E+02   3.03398E-02   3.10578E-08
 3.34750E+01   2.43007E+17   1.39387E+10   2.07145E+02   3.03395E-02   3.10502E-08
 3.35250E+01   2.43167E+17   1.39385E+10   2.07212E+02   3.03387E-02   3.10431E-08
 3.35750E+01   2.43310E+17   1.39363E+10   2.07269E+02   3.03375E-02   3.10366E-08
 3.36250E+01   2.43435E+17   1.39342E+10   2.07316E+02   3.03359E-02   3.10308E-08
 3.36750E+01   2.43543E+17   1.38459E+10   2.07353E+02   3.03338E-02   3.10255E-08
 3.37250E+01   2.43632E+17   1.36466E+10   2.07380E+02   3.03314E-02   3.10209E-08
 3.37750E+01   2.43702E+17   1.33644E+10   2.07397E+02   3.03286E-02   3.10169E-08
 3.38250E+01   2.43754E+17   1.30205E+10   2.07403E+02   3.03255E-02   3.10137E-08
 3.38750E+01   2.43787E+17   1.26304E+10   2.07400E+02   3.03220E-02   3.10111E-08
 3.39250E+01   2.43802E+17   1.22050E+10   2.07386E+02   3.03182E-02   3.10092E-08
 3.39750E+01   2.43798E+17   1.17519E+10   2.07363E+02   3.03141E-02   3.10080E-08
 3.40250E+01   2.43776E+17   1.12772E+10   2.07330E+02   3.03098E-02   3.10074E-08
 3.40750E+01   2.43736E+17   1.07855E+10   2.07288E+02   3.03052E-02   3.10076E-08
 3.41250E+01   2.43678E+17   1.02806E+10   2.07238E+02   3.03005E-02   3.10084E-08
 3.41750E+01   2.43604E+17   9.76590E+09   2.07179E+02   3.02955E-02   3.10098E-08
 3.42250E+01   2.43514E+17   9.24454E+09   2.07112E+02   3.02905E-02   3.10119E-08
 3.42750E+01   2.43408E+17   8.71950E+09   2.07037E+02   3.02853E-02   3.10146E-08
 3.43250E+01   2.43288E+17   8.19382E+09   2.06956E+02   3.02800E-02   3.10180E-08
 3.43750E+01   2.43154E+17   7.67061E+09   2.06868E+02   3.02747E-02   3.10218E-08
 3.44250E+01   2.43007E+17   7.15311E+09   2.06774E+02   3.02693E-02   3.10263E-08
 3.44750E+01   2.42848E+17   6.64464E+09   2.06675E+02   3.02639E-02   3.10312E-08
 3.45250E+01   2.42678E+17   6.14854E+09   2.06571E+02   3.02586E-02   3.10366E-08
 3.45750E+01   2.42498E+17   5.66816E+09   2.06463E+02   3.02533E-02   3.10425E-08
 3.46250E+01   2.42310E+17   5.20670E+09   2.06352E+02   3.02482E-02   3.10488E-08
 3.46750E+01   2.42114E+17   4.76722E+09   2.06238E+02   3.02431E-02   3.10554E-08
 3.47250E+01   2.41912E+17   4.35249E+09   2.06122E+02   3.02382E-02   3.10624E-08
 3.47750E+01   2.41704E+17   3.96501E+09   2.06004E+02   3.02335E-02   3.10696E-08
 3.48250E+01   2.41493E+17   3.60686E+09   2.05886E+02   3.02289E-02   3.10771E-08
 3.48750E+01   2.41278E+17   3.27974E+09   2.05767E+02   3.02246E-02   3.10848E-08
 3.49250E+01   2.41063E+17   2.98483E+09   2.05649E+02   3.02205E-02   3.10927E-08
 3.49750E+01   2.40847E+17   2.72284E+09   2.05532E+02   3.02166E-02   3.11007E-08
 3.50250E+01   2.40631E+17   2.49392E+09   2.05417E+02   3.02130E-02   3.11087E-08
 3.50750E+01   2.40418E+17   2.29769E+09   2.05304E+02   3.02097E-02   3.11168E-08
 3.51250E+01   2.40208E+17   2.13323E+09   2.05195E+02   3.02067E-02   3.11248E-08
 3.51750E+01   2.40002E+17   1.99909E+09   2.05089E+02   3.02040E-02   3.11328E-08
 3.52250E+01   2.39802E+17   1.89334E+09   2.04986E+02   3.02017E-02   3.11407E-08
 3.52750E+01   2.39607E+17   1.81371E+09   2.04889E+02   3.01996E-02   3.11484E-08
 3.53250E+01   2.39420E+17   1.75763E+09   2.04796E+02   3.01979E-02   3.11559E-08
 3.53750E+01   2.39242E+17   1.72253E+09   2.04709E+02   3.01966E-02   3.11632E-08
 3.54250E+01   2.39072E+17   1.70546E+09   2.04627E+02   3.01956E-02   3.11702E-08
 3.54750E+01   2.38912E+17   1.70375E+09   2.04552E+02   3.01949E-02   3.11769E-08
 3.55250E+01   2.38764E+17   1.70399E+09   2.04484E+02   3.01946E-02   3.11833E-08
 3.55750E+01   2.38626E+17   1.70424E+09   2.04422E+02   3.01946E-02   3.11893E-08
 3.56250E+01   2.38500E+17   1.72391E+09   2.04367E+02   3.01949E-02   3.11949E-08
 3.56750E+01   2.38387E+17   1.78707E+09   2.04320E+02   3.01956E-02   3.12001E-08
 3.57250E+01   2.38286E+17   1.88179E+09   2.04280E+02   3.01966E-02   3.12048E-08
 3.57750E+01   2.38199E+17   2.00132E+09   2.04247E+02   3.01979E-02   3.12091E-08
 3.58250E+01   2.38125E+17   2.14040E+09   2.04222E+02   3.01995E-02   3.12128E-08
 3.58750E+01   2.38066E+17   2.29538E+09   2.04205E+02   3.02015E-02   3.12161E-08
 3.59250E+01   2.38020E+17   2.46411E+09   2.04196E+02   3.02036E-02   3.12189E-08
 3.59750E+01   2.37988E+17   2.64553E+09   2.04194E+02   3.02061E-02   3.12211E-08
 3.60250E+01   2.37970E+17   2.83949E+09   2.04199E+02   3.02088E-02   3.12228E-08
 3.60750E+01   2.37966E+17   3.04642E+09   2.04212E+02   3.02117E-02   3.12240E-08
 3.61250E+01   2.37975E+17   3.26724E+09   2.04232E+02   3.02148E-02   3.12246E-08
 3.61750E+01   2.37999E+17   3.50313E+09   2.04259E+02   3.02181E-02   3.12248E-08
 3.62250E+01   2.38035E+17   3.75545E+09   2.04293E+02   3.02215E-02   3.12244E-08
 3.62750E+01   2.38084E+17   4.02565E+09   2.04333E+02   3.02251E-02   3.12235E-08
 3.63250E+01   2.38146E+17   4.31512E+09   2.04380E+02   3.02289E-02   3.12220E-08
 3.63750E+01   2.38219E+17   4.62519E+09   2.04432E+02   3.02327E-02   3.12202E-08
 3.64250E+01   2.38304E+17   4.95696E+09   2.04490E+02   3.02366E-02   3.12178E-08
 3.64750E+01   2.38399E+17   5.31128E+09   2.04553E+02   3.02406E-02   3.12150E-08
 3.65250E+01   2.38505E+17   5.68862E+09   2.04620E+02   3.02446E-02   3.12118E-08
 3.65750E+01   2.38620E+17   6.08896E+09   2.04692E+02   3.02486E-02   3.12081E-08
 3.66250E+01   2.38743E+17   6.51172E+09   2.04767E+02   3.02526E-02   3.12041E-08
 3.66750E+01   2.38875E+17   6.95568E+09   2.04846E+02   3.02566E-02   3.11998E-08
 3.67250E+01   2.39013E+17   7.41885E+09   2.04928E+02   3.02605E-02   3.11951E-08
 3.67750E+01   2.39158E+17   7.89844E+09   2.05012E+02   3.02644E-02   3.11901E-08
 3.68250E+01   2.39308E+17   8.39087E+09   2.05098E+02   3.02681E-02   3.11849E-08
 3.68750E+01   2.39462E+17   8.89179E+09   2.05186E+02   3.02718E-02   3.11795E-08
 3.69250E+01   2.39620E+17   9.39609E+09   2.05275E+02   3.02753E-02   3.11738E-08
 3.69750E+01   2.39781E+17   9.89813E+09   2.05364E+02   3.02787E-02   3.11680E-08
 3.70250E+01   2.39944E+17   1.03918E+10   2.05453E+02   3.02820E-02   3.11621E-08
 3.70750E+01   2.40108E+17   1.08709E+10   2.05541E+02   3.02850E-02   3.11560E-08
 3.71250E+01   2.40271E+17   1.13291E+10   2.05629E+02   3.02879E-02   3.11499E-08
 3.71750E+01   2.40434E+17   1.17605E+10   2.05715E+02   3.02906E-02   3.11438E-08
 3.72250E+01   2.40596E+17   1.21599E+10   2.05799E+02   3.02930E-02   3.11377E-08
 3.72750E+01   2.40755E+17   1.25226E+10   2.05882E+02   3.02953E-02   3.11316E-08
 3.73250E+01   2.40910E+17   1.28450E+10   2.05961E+02   3.02973E-02   3.11256E-08
 3.73750E+01   2.41062E+17   1.31249E+10   2.06038E+02   3.02991E-02   3.11197E-08
 3.74250E+01   2.41209E+17   1.33608E+10   2.06111E+02   3.03006E-02   3.11139E-08
 3.74750E+01   2.41350E+17   1.35528E+10   2.06180E+02   3.03018E-02   3.11082E-08
 3.75250E+01   2.41486E+17   1.37019E+10   2.06245E+02   3.03029E-02   3.11028E-08
 3.75750E+01   2.41614E+17   1.38101E+10   2.06306E+02   3.03036E-02   3.10975E-08
 3.76250E+01   2.41736E+17   1.38801E+10   2.06363E+02   3.03042E-02   3.10925E-08
 3.76750E+01   2.41850E+17   1.39161E+10   2.06415E+02   3.03045E-02   3.10877E-08
 3.77250E+01   2.41955E+17   1.39228E+10   2.06461E+02   3.03045E-02   3.10832E-08
 3.77750E+01   2.42051E+17   1.39259E+10   2.06503E+02   3.03043E-02   3.10790E-08
 3.78250E+01   2.42138E+17   1.39289E+10   2.06539E+02   3.03038E-02   3.10751E-08
 3.78750E+01   2.42216E+17   1.38860E+10   2.06570E+02   3.03031E-02   3.10715E-08
 3.79250E+01   2.42284E+17   1.37271E+10   2.06595E+02   3.03021E-02   3.10683E-08
 3.79750E+01   2.42343E+17   1.34813E+10   2.06615E+02   3.03010E-02   3.10654E-08
 3.80250E+01   2.42391E+17   1.31667E+10   2.06629E+02   3.02996E-02   3.10629E-08
 3.80750E+01   2.42429E+17   1.27986E+10   2.06637E+02   3.02981E-02   3.10607E-08
 3.81250E+01   2.42457E+17   1.23895E+10   2.06640E+02   3.02963E-02   3.10589E-08
 3.81750E+01   2.42475E+17   1.19492E+10   2.06637E+02   3.02944E-02   3.10575E-08
 3.82250E+01   2.42482E+17   1.14851E+10   2.06629E+02   3.02923E-02   3.10565E-08
 3.82750E+01   2.42480E+17   1.10028E+10   2.06616E+02   3.02900E-02   3.10558E-08
 3.83250E+01   2.42467E+17   1.05067E+10   2.06598E+02   3.02876E-02   3.10555E-08
 3.83750E+01   2.42445E+17   1.00004E+10   2.06575E+02   3.02851E-02   3.10556E-08
 3.84250E+01   2.42414E+17   9.48687E+09   2.06547E+02   3.02825E-02   3.10561E-08
 3.84750E+01   2.42373E+17   8.96907E+09   2.06514E+02   3.02798E-02   3.10569E-08
 3.85250E+01   2.42324E+17   8.44982E+09   2.06477E+02   3.02770E-02   3.10580E-08
 3.85750E+01   2.42267E+17   7.93203E+09   2.06437E+02   3.02742E-02   3.10595E-08
 3.86250E+01   2.42201E+17   7.41868E+09   2.06392E+02   3.02713E-02   3.10613E-08
 3.86750E+01   2.42129E+17   6.91286E+09   2.06344E+02   3.02684E-02   3.10634E-08
 3.87250E+01   2.42049E+17   6.41771E+09   2.06293E+02   3.02655E-02   3.10658E-08
 3.87750E+01   2.41963E+17   5.93637E+09   2.06239E+02   3.02626E-02   3.10685E-08
 3.88250E+01   2.41870E+17   5.47193E+09   2.06182E+02   3.02596E-02   3.10715E-08
 3.88750E+01   2.41773E+17   5.02734E+09   2.06123E+02   3.02568E-02   3.10747E-08
 3.89250E+01   2.41671E+17   4.60539E+09   2.06063E+02   3.02540E-02   3.10781E-08
 3.89750E+01   2.41565E+17   4.20858E+09   2.06001E+02   3.02512E-02   3.10817E-08
 3.90250E+01   2.41456E+17   3.83908E+09   2.05937E+02   3.02485E-02   3.10855E-08
 3.90750E+01   2.41343E+17   3.49870E+09   2.05873E+02   3.02459E-02   3.10894E-08
 3.91250E+01   2.41229E+17   3.18881E+09   2.05809E+02   3.02434E-02   3.10934E-08
 3.91750E+01   2.41112E+17   2.91030E+09   2.05744E+02   3.02410E-02   3.10976E-08
 3.92250E+01   2.40995E+17   2.66360E+09   2.05680E+02   3.02388E-02   3.11019E-08
 3.92750E+01   2.40878E+17   2.44862E+09   2.05616E+02   3.02367E-02   3.11062E-08
 3.93250E+01   2.40761E+17   2.26479E+09   2.05553E+02   3.02347E-02   3.11105E-08
 3.93750E+01   2.40645E+17   2.11105E+09   2.05492E+02   3.02328E-02   3.11149E-08
 3.94250E+01   2.40531E+17   1.98590E+09   2.05432E+02   3.02312E-02   3.11193E-08
 3.94750E+01   2.40419E+17   1.88746E+09   2.05373E+02   3.02297E-02   3.11236E-08
 3.95250E+01   2.40310E+17   1.81351E+09   2.05317E+02   3.02284E-02   3.11279E-08
 3.95750E+01   2.40204E+17   1.76157E+09   2.05264E+02   3.02272E-02   3.11320E-08
 3.96250E+01   2.40102E+17   1.72908E+09   2.05213E+02   3.02262E-02   3.11361E-08
 3.96750E+01   2.40004E+17   1.71312E+09   2.05164E+02   3.02255E-02   3.11401E-08
 3.97250E+01   2.39911E+17   1.71120E+09   2.05119E+02   3.02249E-02   3.11439E-08
 3.97750E+01   2.39823E+17   1.71121E+09   2.05078E+02   3.02244E-02   3.11476E-08
 3.98250E+01   2.39741E+17   1.71121E+09   2.05039E+02   3.02242E-02   3.11510E-08
 3.98750E+01   2.39664E+17   1.72943E+09   2.05004E+02   3.02242E-02   3.11543E-08
 3.99250E+01   2.39595E+17   1.79061E+09   2.04974E+02   3.02243E-02   3.11574E-08
 3.99750E+01   2.39531E+17   1.88312E+09   2.04947E+02   3.02246E-02   3.11603E-08
 4.00250E+01   2.39475E+17   2.00036E+09   2.04924E+02   3.02251E-02   3.11629E-08
 4.00750E+01   2.39426E+17   2.13726E+09   2.04905E+02   3.02258E-02   3.11652E-08
 4.01250E+01   2.39384E+17   2.29024E+09   2.04890E+02   3.02266E-02   3.11674E-08
 4.01750E+01   2.39349E+17   2.45713E+09   2.04879E+02   3.02276E-02   3.11692E-08
 4.02250E+01   2.39322E+17   2.63678E+09   2.04872E+02   3.02287E-02   3.11708E-08
 4.02750E+01   2.39302E+17   2.82893E+09   2.04870E+02   3.02300E-02   3.11721E-08
 4.03250E+01   2.39290E+17   3.03394E+09   2.04871E+02   3.02314E-02   3.11731E-08
 4.03750E+01   2.39285E+17   3.25265E+09   2.04877E+02   3.02329E-02   3.11738E-08
 4.04250E+01   2.39288E+17   3.48622E+09   2.04886E+02   3.02346E-02   3.11742E-08
 4.04750E+01   2.39298E+17   3.73603E+09   2.04899E+02   3.02363E-02   3.11744E-08
 4.05250E+01   2.39316E+17   4.00354E+09   2.04916E+02   3.02382E-02   3.11743E-08
 4.05750E+01   2.39341E+17   4.29020E+09   2.04937E+02   3.02402E-02   3.11739E-08
 4.06250E+01   2.39372E+17   4.59737E+09   2.04961E+02   3.02422E-02   3.11732E-08
 4.06750E+01   2.39410E+17   4.92619E+09   2.04988E+02   3.02442E-02   3.11723E-08
 4.07250E+01   2.39454E+17   5.27753E+09   2.05019E+02   3.02464E-02   3.11711E-08
 4.07750E+01   2.39505E+17   5.65185E+09   2.05052E+02   3.02485E-02   3.11696E-08
 4.08250E+01   2.39561E+17   6.04912E+09   2.05088E+02   3.02507E-02   3.11679E-08
 4.08750E+01   2.39622E+17   6.46872E+09   2.05126E+02   3.02529E-02   3.11660E-08
 4.09250E+01   2.39688E+17   6.90936E+09   2.05167E+02   3.02551E-02   3.11639E-08
 4.09750E+01   2.39759E+17   7.36901E+09   2.05209E+02   3.02573E-02   3.11616E-08
 4.10250E+01   2.39834E+17   7.84485E+09   2.05254E+02   3.02595E-02   3.11591E-08
 4.10750E+01   2.39913E+17   8.33331E+09   2.05300E+02   3.02616E-02   3.11564E-08
 4.11250E+01   2.39995E+17   8.83009E+09   2.05347E+02   3.02637E-02   3.11536E-08
 4.11750E+01   2.40080E+17   9.33022E+09   2.05395E+02   3.02658E-02   3.11506E-08
 4.12250E+01   2.40167E+17   9.82823E+09   2.05443E+02   3.02678E-02   3.11476E-08
 4.12750E+01   2.40255E+17   1.03183E+10   2.05493E+02   3.02697E-02   3.11444E-08
 4.13250E+01   2.40346E+17   1.07943E+10   2.05542E+02   3.02715E-02   3.11411E-08
 4.13750E+01   2.40437E+17   1.12505E+10   2.05591E+02   3.02733E-02   3.11378E-08
 4.14250E+01   2.40528E+17   1.16810E+10   2.05640E+02   3.02750E-02   3.11344E-08
 4.14750E+01   2.40620E+17   1.20807E+10   2.05689E+02   3.02765E-02   3.11310E-08
 4.15250E+01   2.40711E+17   1.24452E+10   2.05736E+02   3.02780E-02   3.11276E-08
 4.15750E+01   2.40801E+17   1.27710E+10   2.05783E+02   3.02793E-02   3.11241E-08
 4.16250E+01   2.40889E+17   1.30557E+10   2.05828E+02   3.02805E-02   3.11207E-08
 4.16750E+01   2.40976E+17   1.32980E+10   2.05872E+02   3.02816E-02   3.11174E-08
 4.17250E+01   2.41060E+17   1.34978E+10   2.05914E+02   3.02825E-02   3.11141E-08
 4.17750E+01   2.41142E+17   1.36557E+10   2.05954E+02   3.02833E-02   3.11109E-08
 4.18250E+01   2.41220E+17   1.37737E+10   2.05992E+02   3.02840E-02   3.11077E-08
 4.18750E+01   2.41295E+17   1.38543E+10   2.06028E+02   3.02845E-02   3.11047E-08
 4.19250E+01   2.41367E+17   1.39011E+10   2.06061E+02   3.02849E-02   3.11017E-08
 4.19750E+01   2.41434E+17   1.39164E+10   2.06092E+02   3.02852E-02   3.10989E-08
 4.20250E+01   2.41497E+17   1.39158E+10   2.06121E+02   3.02853E-02   3.10963E-08
 4.20750E+01   2.41555E+17   1.39151E+10   2.06146E+02   3.02853E-02   3.10938E-08
 4.21250E+01   2.41609E+17   1.39050E+10   2.06169E+02   3.02851E-02   3.10914E-08
 4.21750E+01   2.41657E+17   1.37909E+10   2.06188E+02   3.02848E-02   3.10892E-08
 4.22250E+01   2.41700E+17   1.35749E+10   2.06205E+02   3.02844E-02   3.10873E-08
 4.22750E+01   2.41738E+17   1.32798E+10   2.06218E+02   3.02839E-02   3.10854E-08
 4.23250E+01   2.41770E+17   1.29249E+10   2.06229E+02   3.02832E-02   3.10838E-08
 4.23750E+01   2.41797E+17   1.25242E+10   2.06236E+02   3.02824E-02   3.10824E-08
 4.24250E+01   2.41818E+17   1.20891E+10   2.06241E+02   3.02815E-02   3.10812E-08
 4.24750E+01   2.41833E+17   1.16278E+10   2.06242E+02   3.02805E-02   3.10802E-08
 4.25250E+01   2.41843E+17   1.11468E+10   2.06240E+02   3.02794E-02   3.10794E-08
 4.25750E+01   2.41848E+17   1.06509E+10   2.06236E+02   3.02783E-02   3.10788E-08
 4.26250E+01   2.41846E+17   1.01439E+10   2.06228E+02   3.02770E-02   3.10785E-08
 4.26750E+01   2.41840E+17   9.62916E+09   2.06218E+02   3.02757E-02   3.10783E-08
 4.27250E+01   2.41828E+17   9.10965E+09   2.06205E+02   3.02743E-02   3.10783E-08
 4.27750E+01   2.41810E+17   8.58830E+09   2.06189E+02   3.02729E-02   3.10786E-08
 4.28250E+01   2.41788E+17   8.06803E+09   2.06171E+02   3.02714E-02   3.10790E-08
 4.28750E+01   2.41761E+17   7.55180E+09   2.06150E+02   3.02698E-02   3.10796E-08
 4.29250E+01   2.41729E+17   7.04268E+09   2.06127E+02   3.02682E-02   3.10805E-08
 4.29750E+01   2.41694E+17   6.54376E+09   2.06103E+02   3.02666E-02   3.10814E-08
 4.30250E+01   2.41654E+17   6.05817E+09   2.06076E+02   3.02650E-02   3.10826E-08
 4.30750E+01   2.41610E+17   5.58898E+09   2.06047E+02   3.02634E-02   3.10839E-08
 4.31250E+01   2.41563E+17   5.13915E+09   2.06018E+02   3.02618E-02   3.10854E-08
 4.31750E+01   2.41512E+17   4.71150E+09   2.05986E+02   3.02602E-02   3.10870E-08
 4.32250E+01   2.41459E+17   4.30859E+09   2.05954E+02   3.02586E-02   3.10888E-08
 4.32750E+01   2.41403E+17   3.93265E+09   2.05920E+02   3.02570E-02   3.10906E-08
 4.33250E+01   2.41345E+17   3.58558E+09   2.05886E+02   3.02555E-02   3.10926E-08
 4.33750E+01   2.41285E+17   3.26881E+09   2.05851E+02   3.02540E-02   3.10947E-08
 4.34250E+01   2.41223E+17   2.98333E+09   2.05816E+02   3.02526E-02   3.10968E-08
 4.34750E+01   2.41161E+17   2.72961E+09   2.05780E+02   3.02512E-02   3.10990E-08
 4.35250E+01   2.41097E+17   2.50761E+09   2.05745E+02   3.02499E-02   3.11013E-08
 4.35750E+01   2.41034E+17   2.31681E+09   2.05709E+02   3.02487E-02   3.11036E-08
 4.36250E+01   2.40970E+17   2.15621E+09   2.05674E+02   3.02476E-02   3.11060E-08
 4.36750E+01   2.40906E+17   2.02438E+09   2.05640E+02   3.02465E-02   3.11084E-08
 4.37250E+01   2.40844E+17   1.91953E+09   2.05606E+02   3.02455E-02   3.11107E-08
 4.37750E+01   2.40782E+17   1.83953E+09   2.05574E+02   3.02446E-02   3.11131E-08
 4.38250E+01   2.40721E+17   1.78201E+09   2.05542E+02   3.02438E-02   3.11154E-08
 4.38750E+01   2.40662E+17   1.74443E+09   2.05511E+02   3.02431E-02   3.11177E-08
 4.39250E+01   2.40605E+17   1.72387E+09   2.05482E+02   3.02425E-02   3.11200E-08
 4.39750E+01   2.40550E+17   1.71887E+09   2.05455E+02   3.02420E-02   3.11222E-08
 4.40250E+01   2.40498E+17   1.71864E+09   2.05429E+02   3.02416E-02   3.11243E-08
 4.40750E+01   2.40449E+17   1.71841E+09   2.05405E+02   3.02413E-02   3.11263E-08
 4.41250E+01   2.40402E+17   1.72621E+09   2.05383E+02   3.02412E-02   3.11283E-08
 4.41750E+01   2.40359E+17   1.77585E+09   2.05362E+02   3.02411E-02   3.11301E-08
 4.42250E+01   2.40319E+17   1.86084E+09   2.05344E+02   3.02411E-02   3.11318E-08
 4.42750E+01   2.40282E+17   1.97300E+09   2.05328E+02   3.02412E-02   3.11334E-08
 4.43250E+01   2.40250E+17   2.10668E+09   2.05314E+02   3.02414E-02   3.11349E-08
 4.43750E+01   2.40221E+17   2.25786E+09   2.05302E+02   3.02417E-02   3.11363E-08
 4.44250E+01   2.40196E+17   2.42392E+09   2.05292E+02   3.02421E-02   3.11375E-08
 4.44750E+01   2.40175E+17   2.60344E+09   2.05285E+02   3.02426E-02   3.11386E-08
 4.45250E+01   2.40159E+17   2.79590E+09   2.05281E+02   3.02432E-02   3.11395E-08
 4.45750E+01   2.40147E+17   3.00157E+09   2.05278E+02   3.02438E-02   3.11402E-08
 4.46250E+01   2.40139E+17   3.22121E+09   2.05278E+02   3.02446E-02   3.11408E-08
 4.46750E+01   2.40135E+17   3.45603E+09   2.05280E+02   3.02454E-02   3.11413E-08
 4.47250E+01   2.40135E+17   3.70745E+09   2.05284E+02   3.02463E-02   3.11415E-08
 4.47750E+01   2.40140E+17   3.97701E+09   2.05291E+02   3.02472E-02   3.11417E-08
 4.48250E+01   2.40149E+17   4.26627E+09   2.05299E+02   3.02482E-02   3.11416E-08
 4.48750E+01   2.40162E+17   4.57666E+09   2.05310E+02   3.02493E-02   3.11414E-08
 4.49250E+01   2.40178E+17   4.90940E+09   2.05323E+02   3.02504E-02   3.11411E-08
 4.49750E+01   2.40199E+17   5.26536E+09   2.05337E+02   3.02515E-02   3.11406E-08
 4.50250E+01   2.40223E+17   5.64496E+09   2.05354E+02   3.02527E-02   3.11399E-08
 4.50750E+01   2.40251E+17   6.04808E+09   2.05372E+02   3.02539E-02   3.11392E-08
 4.51250E+01   2.40282E+17   6.47395E+09   2.05391E+02   3.02551E-02   3.11382E-08
 4.51750E+01   2.40316E+17   6.92108E+09   2.05413E+02   3.02563E-02   3.11372E-08
 4.52250E+01   2.40353E+17   7.38722E+09   2.05435E+02   3.02576E-02   3.11360E-08
 4.52750E+01   2.40393E+17   7.86930E+09   2.05459E+02   3.02588E-02   3.11347E-08
 4.53250E+01   2.40435E+17   8.36348E+09   2.05483E+02   3.02600E-02   3.11333E-08
 4.53750E+01   2.40480E+17   8.86520E+09   2.05509E+02   3.02613E-02   3.11318E-08
 4.54250E+01   2.40526E+17   9.36925E+09   2.05535E+02   3.02625E-02   3.11302E-08
 4.54750E+01   2.40574E+17   9.86997E+09   2.05562E+02   3.02636E-02   3.11286E-08
 4.55250E+01   2.40624E+17   1.03614E+10   2.05590E+02   3.02647E-02   3.11268E-08
 4.55750E+01   2.40674E+17   1.08376E+10   2.05617E+02   3.02658E-02   3.11250E-08
 4.56250E+01   2.40726E+17   1.12925E+10   2.05645E+02   3.02669E-02   3.11231E-08
 4.56750E+01   2.40778E+17   1.17207E+10   2.05673E+02   3.02679E-02   3.11212E-08
 4.57250E+01   2.40831E+17   1.21173E+10   2.05701E+02   3.02688E-02   3.11193E-08
 4.57750E+01   2.40883E+17   1.24779E+10   2.05729E+02   3.02697E-02   3.11173E-08
 4.58250E+01   2.40936E+17   1.27992E+10   2.05756E+02   3.02706E-02   3.11153E-08
 4.58750E+01   2.40988E+17   1.30789E+10   2.05783E+02   3.02713E-02   3.11134E-08
 4.59250E+01   2.41040E+17   1.33158E+10   2.05809E+02   3.02721E-02   3.11114E-08
 4.59750E+01   2.41090E+17   1.35100E+10   2.05834E+02   3.02727E-02   3.11094E-08
 4.60250E+01   2.41139E+17   1.36626E+10   2.05859E+02   3.02733E-02   3.11075E-08
 4.60750E+01   2.41187E+17   1.37761E+10   2.05882E+02   3.02738E-02   3.11056E-08
 4.61250E+01   2.41234E+17   1.38532E+10   2.05904E+02   3.02742E-02   3.11038E-08
 4.61750E+01   2.41278E+17   1.38976E+10   2.05926E+02   3.02745E-02   3.11020E-08
 4.62250E+01   2.41320E+17   1.39111E+10   2.05945E+02   3.02748E-02   3.11003E-08
 4.62750E+01   2.41360E+17   1.39095E+10   2.05964E+02   3.02750E-02   3.10986E-08
 4.63250E+01   2.41398E+17   1.39077E+10   2.05980E+02   3.02751E-02   3.10970E-08
 4.63750E+01   2.41433E+17   1.38920E+10   2.05995E+02   3.02751E-02   3.10955E-08
 4.64250E+01   2.41466E+17   1.37622E+10   2.06009E+02   3.02750E-02   3.10941E-08
 4.64750E+01   2.41495E+17   1.35276E+10   2.06021E+02   3.02749E-02   3.10928E-08
 4.65250E+01   2.41522E+17   1.32143E+10   2.06031E+02   3.02747E-02   3.10916E-08
 4.65750E+01   2.41545E+17   1.28423E+10   2.06040E+02   3.02744E-02   3.10905E-08
 4.66250E+01   2.41565E+17   1.24260E+10   2.06046E+02   3.02741E-02   3.10895E-08
 4.66750E+01   2.41583E+17   1.19764E+10   2.06051E+02   3.02736E-02   3.10886E-08
 4.67250E+01   2.41597E+17   1.15015E+10   2.06055E+02   3.02732E-02   3.10878E-08
 4.67750E+01   2.41608E+17   1.10075E+10   2.06056E+02   3.02726E-02   3.10872E-08
 4.68250E+01   2.41615E+17   1.04992E+10   2.06056E+02   3.02720E-02   3.10866E-08
 4.68750E+01   2.41620E+17   9.98077E+09   2.06054E+02   3.02714E-02   3.10862E-08
 4.69250E+01   2.41621E+17   9.45577E+09   2.06051E+02   3.02707E-02   3.10859E-08
 4.69750E+01   2.41620E+17   8.92743E+09   2.06046E+02   3.02700E-02   3.10858E-08
 4.70250E+01   2.41615E+17   8.39880E+09   2.06039E+02   3.02692E-02   3.10857E-08
 4.70750E+01   2.41607E+17   7.87294E+09   2.06031E+02   3.02684E-02   3.10858E-08
 4.71250E+01   2.41597E+17   7.35289E+09   2.06022E+02   3.02676E-02   3.10859E-08
 4.71750E+01   2.41584E+17   6.84179E+09   2.06011E+02   3.02668E-02   3.10862E-08
 4.72250E+01   2.41568E+17   6.34280E+09   2.05998E+02   3.02659E-02   3.10866E-08
 4.72750E+01   2.41549E+17   5.85909E+09   2.05985E+02   3.02650E-02   3.10871E-08
 4.73250E+01   2.41529E+17   5.39374E+09   2.05971E+02   3.02641E-02   3.10876E-08
 4.73750E+01   2.41506E+17   4.94971E+09   2.05955E+02   3.02632E-02   3.10883E-08
 4.74250E+01   2.41481E+17   4.52973E+09   2.05939E+02   3.02623E-02   3.10891E-08
 4.74750E+01   2.41454E+17   4.13623E+09   2.05922E+02   3.02614E-02   3.10899E-08
 4.75250E+01   2.41426E+17   3.77130E+09   2.05904E+02   3.02605E-02   3.10908E-08
 4.75750E+01   2.41396E+17   3.43659E+09   2.05886E+02   3.02597E-02   3.10918E-08
 4.76250E+01   2.41365E+17   3.13329E+09   2.05867E+02   3.02588E-02   3.10929E-08
 4.76750E+01   2.41333E+17   2.86210E+09   2.05848E+02   3.02580E-02   3.10940E-08
 4.77250E+01   2.41300E+17   2.62318E+09   2.05829E+02   3.02572E-02   3.10951E-08
 4.77750E+01   2.41267E+17   2.41622E+09   2.05809E+02   3.02565E-02   3.10963E-08
 4.78250E+01   2.41233E+17   2.24035E+09   2.05790E+02   3.02558E-02   3.10975E-08
 4.78750E+01   2.41199E+17   2.09426E+09   2.05770E+02   3.02551E-02   3.10987E-08
 4.79250E+01   2.41164E+17   1.97620E+09   2.05751E+02   3.02544E-02   3.11000E-08
 4.79750E+01   2.41130E+17   1.88407E+09   2.05732E+02   3.02539E-02   3.11013E-08
 4.80250E+01   2.41096E+17   1.81553E+09   2.05714E+02   3.02533E-02   3.11025E-08
 4.80750E+01   2.41063E+17   1.76807E+09   2.05696E+02   3.02528E-02   3.11038E-08
 4.81250E+01   2.41031E+17   1.73924E+09   2.05679E+02   3.02524E-02   3.11050E-08
 4.81750E+01   2.40999E+17   1.72650E+09   2.05662E+02   3.02520E-02   3.11062E-08
 4.82250E+01   2.40969E+17   1.72586E+09   2.05646E+02   3.02517E-02   3.11074E-08
 4.82750E+01   2.40940E+17   1.72607E+09   2.05631E+02   3.02514E-02   3.11086E-08
 4.83250E+01   2.40912E+17   1.72634E+09   2.05617E+02   3.02511E-02   3.11097E-08
 4.83750E+01   2.40886E+17   1.75361E+09   2.05604E+02   3.02510E-02   3.11108E-08
 4.84250E+01   2.40861E+17   1.82326E+09   2.05592E+02   3.02509E-02   3.11118E-08
 4.84750E+01   2.40839E+17   1.92455E+09   2.05581E+02   3.02508E-02   3.11127E-08
 4.85250E+01   2.40818E+17   2.05091E+09   2.05571E+02   3.02509E-02   3.11136E-08
 4.85750E+01   2.40800E+17   2.19680E+09   2.05563E+02   3.02509E-02   3.11145E-08
 4.86250E+01   2.40784E+17   2.35904E+09   2.05556E+02   3.02511E-02   3.11152E-08
 4.86750E+01   2.40770E+17   2.53910E+09   2.05550E+02   3.02513E-02   3.11159E-08
 4.87250E+01   2.40758E+17   2.73248E+09   2.05546E+02   3.02516E-02   3.11165E-08
 4.87750E+01   2.40749E+17   2.90491E+09   2.05542E+02   3.02519E-02   3.11170E-08
 4.88250E+01   2.40741E+17   3.11009E+09   2.05540E+02   3.02522E-02   3.11174E-08
 4.88750E+01   2.40736E+17   3.68007E+09   2.05539E+02   3.02525E-02   3.11178E-08
 4.89250E+01   2.40732E+17   3.90220E+09   2.05538E+02   3.02529E-02   3.11181E-08
 4.89750E+01   2.40730E+17   4.06015E+09   2.05538E+02   3.02531E-02   3.11182E-08
