      xx/10.        Omega0        Omega1        Omega2           C_l         r_avg
         [-]       [kg^-1]     [m kg^-1]   [m^2 kg^-1]           [-]           [m]
 1.02500E+00   8.37915E+17   1.85619E+09   8.28158E+00   2.38192E-04   4.08486E-09
 1.07500E+00   1.15686E+18   2.75725E+09   1.37511E+01   4.12282E-04   4.40459E-09
 1.12500E+00   1.37756E+18   3.27768E+09   2.02863E+01   6.43535E-04   4.82046E-09
 1.17500E+00   1.51808E+18   4.57933E+09   2.84780E+01   9.36999E-04   5.28952E-09
 1.22500E+00   1.59689E+18   6.04572E+09   3.81609E+01   1.29373E-03   5.79150E-09
 1.27500E+00   1.62995E+18   7.47739E+09   4.89119E+01   1.70912E-03   6.31153E-09
 1.32500E+00   1.62966E+18   8.77517E+09   6.02099E+01   2.17306E-03   6.83796E-09
 1.37500E+00   1.60353E+18   9.90437E+09   7.15254E+01   2.67086E-03   7.36422E-09
 1.42500E+00   1.55709E+18   1.08937E+10   8.23418E+01   3.18447E-03   7.88575E-09
 1.47500E+00   1.49459E+18   1.17422E+10   9.20967E+01   3.69388E-03   8.39953E-09
 1.52500E+00   1.41954E+18   1.19113E+10   1.00120E+02   4.17935E-03   8.90407E-09
 1.57500E+00   1.33500E+18   1.19334E+10   1.06361E+02   4.62447E-03   9.40002E-09
 1.62500E+00   1.24378E+18   1.19314E+10   1.10808E+02   5.01661E-03   9.88912E-09
 1.67500E+00   1.14846E+18   1.16454E+10   1.13327E+02   5.34671E-03   1.03735E-08
 1.72500E+00   1.05138E+18   1.11637E+10   1.13956E+02   5.60999E-03   1.08560E-08
 1.77500E+00   9.54627E+17   1.05359E+10   1.12835E+02   5.80613E-03   1.13402E-08
 1.82500E+00   8.59990E+17   9.79878E+09   1.10172E+02   5.93924E-03   1.18308E-08
 1.87500E+00   7.68969E+17   8.99185E+09   1.06233E+02   6.01741E-03   1.23339E-08
 1.92500E+00   6.82765E+17   8.15149E+09   1.01313E+02   6.05216E-03   1.28572E-08
 1.97500E+00   6.02289E+17   7.30867E+09   9.57144E+01   6.05772E-03   1.34102E-08
 2.02500E+00   5.28176E+17   6.48868E+09   8.97360E+01   6.05041E-03   1.40046E-08
 2.07500E+00   4.60814E+17   5.71083E+09   8.36578E+01   6.04793E-03   1.46542E-08
 2.12500E+00   4.00371E+17   4.98908E+09   7.77354E+01   6.06878E-03   1.53750E-08
 2.17500E+00   3.46835E+17   4.33304E+09   7.21970E+01   6.13163E-03   1.61840E-08
 2.22500E+00   3.00042E+17   3.74867E+09   6.72412E+01   6.25480E-03   1.70980E-08
 2.27500E+00   2.59720E+17   3.23907E+09   6.30379E+01   6.45570E-03   1.81307E-08
 2.32500E+00   2.25519E+17   2.80510E+09   5.97294E+01   6.75033E-03   1.92893E-08
 2.37500E+00   1.97042E+17   2.44626E+09   5.74315E+01   7.15269E-03   2.05702E-08
 2.42500E+00   1.73875E+17   2.16116E+09   5.62350E+01   7.67424E-03   2.19551E-08
 2.47500E+00   1.55604E+17   1.94792E+09   5.62063E+01   8.32335E-03   2.34078E-08
 2.52500E+00   1.41837E+17   1.80428E+09   5.73881E+01   9.10481E-03   2.48749E-08
 2.57500E+00   1.32212E+17   1.72515E+09   5.97985E+01   1.00194E-02   2.62901E-08
 2.62500E+00   1.26405E+17   1.71645E+09   6.34348E+01   1.10636E-02   2.75832E-08
 2.67500E+00   1.24138E+17   1.72484E+09   6.82670E+01   1.22293E-02   2.86924E-08
 2.72500E+00   1.25173E+17   1.73355E+09   7.42845E+01   1.35043E-02   2.95748E-08
 2.77500E+00   1.29317E+17   1.84150E+09   8.15010E+01   1.48719E-02   3.02115E-08
 2.82500E+00   1.36416E+17   2.03900E+09   8.98604E+01   1.63117E-02   3.06064E-08
 2.87500E+00   1.46348E+17   2.28298E+09   9.92585E+01   1.78000E-02   3.07808E-08
 2.92500E+00   1.59019E+17   2.56188E+09   1.09583E+02   1.93116E-02   3.07650E-08
 2.97500E+00   1.74360E+17   2.87744E+09   1.20720E+02   2.08205E-02   3.05926E-08
 3.02500E+00   1.92313E+17   3.23355E+09   1.32555E+02   2.23017E-02   3.02955E-08
 3.07500E+00   2.12829E+17   3.63206E+09   1.44973E+02   2.37323E-02   2.99023E-08
 3.12500E+00   2.35862E+17   4.07308E+09   1.57857E+02   2.50925E-02   2.94372E-08
 3.17500E+00   2.61358E+17   4.55636E+09   1.71093E+02   2.63660E-02   2.89204E-08
 3.22500E+00   2.89253E+17   5.08229E+09   1.84576E+02   2.75410E-02   2.83685E-08
 3.27500E+00   3.19466E+17   5.65231E+09   1.98203E+02   2.86099E-02   2.77949E-08
 3.32500E+00   3.51893E+17   6.26907E+09   2.11885E+02   2.95688E-02   2.72109E-08
 3.37500E+00   3.86407E+17   6.93651E+09   2.25535E+02   3.04177E-02   2.66254E-08
 3.42500E+00   4.22849E+17   7.65994E+09   2.39077E+02   3.11594E-02   2.60457E-08
 3.47500E+00   4.61030E+17   8.44579E+09   2.52438E+02   3.17988E-02   2.54778E-08
 3.52500E+00   5.00731E+17   9.30113E+09   2.65548E+02   3.23428E-02   2.49264E-08
 3.57500E+00   5.41697E+17   1.02326E+10   2.78342E+02   3.27987E-02   2.43950E-08
 3.62500E+00   5.83645E+17   1.12452E+10   2.90755E+02   3.31746E-02   2.38866E-08
 3.67500E+00   6.26262E+17   1.23405E+10   3.02725E+02   3.34786E-02   2.34030E-08
 3.72500E+00   6.69211E+17   1.35166E+10   3.14190E+02   3.37184E-02   2.29458E-08
 3.77500E+00   7.12130E+17   1.47679E+10   3.25091E+02   3.39011E-02   2.25157E-08
 3.82500E+00   7.54642E+17   1.60867E+10   3.35372E+02   3.40331E-02   2.21134E-08
 3.87500E+00   7.96362E+17   1.74648E+10   3.44979E+02   3.41204E-02   2.17388E-08
 3.92500E+00   8.36896E+17   1.88934E+10   3.53859E+02   3.41679E-02   2.13920E-08
 3.97500E+00   8.75855E+17   2.03622E+10   3.61967E+02   3.41800E-02   2.10724E-08
 4.02500E+00   9.12861E+17   2.18546E+10   3.69258E+02   3.41604E-02   2.07798E-08
 4.07500E+00   9.47549E+17   2.33432E+10   3.75693E+02   3.41124E-02   2.05134E-08
 4.12500E+00   9.79582E+17   2.47865E+10   3.81240E+02   3.40387E-02   2.02727E-08
 4.17500E+00   1.00865E+18   2.61293E+10   3.85871E+02   3.39418E-02   2.00570E-08
 4.22500E+00   1.03448E+18   2.73092E+10   3.89569E+02   3.38237E-02   1.98656E-08
 4.27500E+00   1.05685E+18   2.82670E+10   3.92322E+02   3.36867E-02   1.96977E-08
 4.32500E+00   1.07558E+18   2.89587E+10   3.94127E+02   3.35324E-02   1.95528E-08
 4.37500E+00   1.09055E+18   2.93691E+10   3.94992E+02   3.33628E-02   1.94301E-08
 4.42500E+00   1.10167E+18   2.94842E+10   3.94932E+02   3.31798E-02   1.93290E-08
 4.47500E+00   1.10893E+18   2.94840E+10   3.93974E+02   3.29852E-02   1.92489E-08
 4.52500E+00   1.11239E+18   2.94837E+10   3.92152E+02   3.27811E-02   1.91892E-08
 4.57500E+00   1.11214E+18   2.93717E+10   3.89511E+02   3.25696E-02   1.91493E-08
 4.62500E+00   1.10834E+18   2.88200E+10   3.86104E+02   3.23527E-02   1.91285E-08
 4.67500E+00   1.10121E+18   2.79359E+10   3.81994E+02   3.21329E-02   1.91262E-08
 4.72500E+00   1.09101E+18   2.68151E+10   3.77252E+02   3.19125E-02   1.91416E-08
 4.77500E+00   1.07804E+18   2.55201E+10   3.71959E+02   3.16939E-02   1.91741E-08
 4.82500E+00   1.06267E+18   2.40961E+10   3.66200E+02   3.14796E-02   1.92226E-08
 4.87500E+00   1.04528E+18   2.25776E+10   3.60068E+02   3.12720E-02   1.92860E-08
 4.92500E+00   1.02629E+18   2.09950E+10   3.53660E+02   3.10738E-02   1.93632E-08
 4.97500E+00   1.00614E+18   1.93779E+10   3.47076E+02   3.08873E-02   1.94525E-08
 5.02500E+00   9.85278E+17   1.77565E+10   3.40419E+02   3.07147E-02   1.95523E-08
 5.07500E+00   9.64176E+17   1.61606E+10   3.33792E+02   3.05583E-02   1.96604E-08
 5.12500E+00   9.43299E+17   1.46186E+10   3.27295E+02   3.04200E-02   1.97745E-08
 5.17500E+00   9.23110E+17   1.31567E+10   3.21030E+02   3.03016E-02   1.98917E-08
 5.22500E+00   9.04057E+17   1.17974E+10   3.15090E+02   3.02045E-02   2.00091E-08
 5.27500E+00   8.86576E+17   1.05602E+10   3.09566E+02   3.01299E-02   2.01231E-08
 5.32500E+00   8.71077E+17   9.46135E+09   3.04540E+02   3.00786E-02   2.02303E-08
 5.37500E+00   8.57942E+17   8.51371E+09   3.00088E+02   3.00512E-02   2.03268E-08
 5.42500E+00   8.47521E+17   7.72699E+09   2.96275E+02   3.00477E-02   2.04090E-08
 5.47500E+00   8.40130E+17   7.10693E+09   2.93159E+02   3.00680E-02   2.04733E-08
 5.52500E+00   8.36040E+17   6.65416E+09   2.90783E+02   3.01114E-02   2.05165E-08
 5.57500E+00   8.35485E+17   6.36437E+09   2.89182E+02   3.01770E-02   2.05359E-08
 5.62500E+00   8.38651E+17   6.22498E+09   2.88380E+02   3.02634E-02   2.05296E-08
 5.67500E+00   8.45681E+17   6.21322E+09   2.88387E+02   3.03692E-02   2.04964E-08
 5.72500E+00   8.56667E+17   6.21268E+09   2.89203E+02   3.04924E-02   2.04359E-08
 5.77500E+00   8.71657E+17   6.21214E+09   2.90819E+02   3.06309E-02   2.03488E-08
 5.82500E+00   8.90652E+17   6.36745E+09   2.93214E+02   3.07824E-02   2.02364E-08
 5.87500E+00   9.13604E+17   6.73021E+09   2.96357E+02   3.09446E-02   2.01007E-08
 5.92500E+00   9.40422E+17   7.24058E+09   3.00209E+02   3.11150E-02   1.99442E-08
 5.97500E+00   9.70971E+17   7.86123E+09   3.04721E+02   3.12909E-02   1.97699E-08
 6.02500E+00   1.00507E+18   8.57021E+09   3.09838E+02   3.14699E-02   1.95810E-08
 6.07500E+00   1.04251E+18   9.36204E+09   3.15500E+02   3.16495E-02   1.93804E-08
 6.12500E+00   1.08304E+18   1.02432E+10   3.21639E+02   3.18274E-02   1.91714E-08
 6.17500E+00   1.12637E+18   1.12283E+10   3.28187E+02   3.20015E-02   1.89568E-08
 6.22500E+00   1.17219E+18   1.23365E+10   3.35071E+02   3.21697E-02   1.87392E-08
 6.27500E+00   1.22015E+18   1.35887E+10   3.42218E+02   3.23304E-02   1.85211E-08
 6.32500E+00   1.26991E+18   1.50070E+10   3.49553E+02   3.24823E-02   1.83046E-08
 6.37500E+00   1.32107E+18   1.66140E+10   3.57006E+02   3.26242E-02   1.80914E-08
 6.42500E+00   1.37326E+18   1.84323E+10   3.64507E+02   3.27557E-02   1.78832E-08
 6.47500E+00   1.42608E+18   2.04834E+10   3.71993E+02   3.28767E-02   1.76814E-08
 6.52500E+00   1.47912E+18   2.27827E+10   3.79405E+02   3.29871E-02   1.74870E-08
 6.57500E+00   1.53200E+18   2.53345E+10   3.86675E+02   3.30859E-02   1.73007E-08
 6.62500E+00   1.58432E+18   2.81259E+10   3.93741E+02   3.31725E-02   1.71230E-08
 6.67500E+00   1.63571E+18   3.11209E+10   4.00546E+02   3.32463E-02   1.69543E-08
 6.72500E+00   1.68581E+18   3.42556E+10   4.07036E+02   3.33069E-02   1.67949E-08
 6.77500E+00   1.73429E+18   3.74376E+10   4.13168E+02   3.33541E-02   1.66448E-08
 6.82500E+00   1.78083E+18   4.05509E+10   4.18899E+02   3.33883E-02   1.65041E-08
 6.87500E+00   1.82516E+18   4.34660E+10   4.24197E+02   3.34096E-02   1.63729E-08
 6.92500E+00   1.86704E+18   4.60540E+10   4.29037E+02   3.34186E-02   1.62510E-08
 6.97500E+00   1.90625E+18   4.82025E+10   4.33399E+02   3.34161E-02   1.61384E-08
 7.02500E+00   1.94263E+18   4.98302E+10   4.37272E+02   3.34028E-02   1.60349E-08
 7.07500E+00   1.97605E+18   5.08925E+10   4.40651E+02   3.33799E-02   1.59403E-08
 7.12500E+00   2.00643E+18   5.13952E+10   4.43538E+02   3.33484E-02   1.58545E-08
 7.17500E+00   2.03374E+18   5.14245E+10   4.45943E+02   3.33097E-02   1.57771E-08
 7.22500E+00   2.05797E+18   5.14236E+10   4.47879E+02   3.32649E-02   1.57079E-08
 7.27500E+00   2.07918E+18   5.14165E+10   4.49369E+02   3.32154E-02   1.56465E-08
 7.32500E+00   2.09745E+18   5.04973E+10   4.50440E+02   3.31625E-02   1.55927E-08
 7.37500E+00   2.11293E+18   4.86163E+10   4.51121E+02   3.31077E-02   1.55459E-08
 7.42500E+00   2.12577E+18   4.60236E+10   4.51450E+02   3.30523E-02   1.55059E-08
 7.47500E+00   2.13618E+18   4.29721E+10   4.51466E+02   3.29975E-02   1.54721E-08
 7.52500E+00   2.14440E+18   3.96486E+10   4.51210E+02   3.29446E-02   1.54440E-08
 7.57500E+00   2.15069E+18   3.61958E+10   4.50727E+02   3.28947E-02   1.54212E-08
 7.62500E+00   2.15531E+18   3.27253E+10   4.50062E+02   3.28488E-02   1.54030E-08
 7.67500E+00   2.15858E+18   2.93273E+10   4.49263E+02   3.28081E-02   1.53888E-08
 7.72500E+00   2.16081E+18   2.60785E+10   4.48374E+02   3.27732E-02   1.53781E-08
 7.77500E+00   2.16230E+18   2.30461E+10   4.47444E+02   3.27449E-02   1.53701E-08
 7.82500E+00   2.16337E+18   2.02898E+10   4.46514E+02   3.27239E-02   1.53643E-08
 7.87500E+00   2.16434E+18   1.78600E+10   4.45629E+02   3.27106E-02   1.53599E-08
 7.92500E+00   2.16550E+18   1.57958E+10   4.44826E+02   3.27053E-02   1.53564E-08
 7.97500E+00   2.16713E+18   1.41222E+10   4.44144E+02   3.27083E-02   1.53530E-08
 8.02500E+00   2.16952E+18   1.28475E+10   4.43614E+02   3.27196E-02   1.53491E-08
 8.07500E+00   2.17290E+18   1.19614E+10   4.43265E+02   3.27392E-02   1.53442E-08
 8.12500E+00   2.17748E+18   1.14368E+10   4.43121E+02   3.27669E-02   1.53377E-08
 8.17500E+00   2.18346E+18   1.12441E+10   4.43202E+02   3.28024E-02   1.53293E-08
 8.22500E+00   2.19099E+18   1.12399E+10   4.43522E+02   3.28454E-02   1.53184E-08
 8.27500E+00   2.20019E+18   1.12393E+10   4.44092E+02   3.28953E-02   1.53047E-08
 8.32500E+00   2.21114E+18   1.12805E+10   4.44916E+02   3.29516E-02   1.52882E-08
 8.37500E+00   2.22389E+18   1.18067E+10   4.45995E+02   3.30136E-02   1.52685E-08
 8.42500E+00   2.23844E+18   1.28018E+10   4.47323E+02   3.30807E-02   1.52456E-08
 8.47500E+00   2.25478E+18   1.41598E+10   4.48892E+02   3.31519E-02   1.52196E-08
 8.52500E+00   2.27284E+18   1.58129E+10   4.50690E+02   3.32267E-02   1.51906E-08
 8.57500E+00   2.29254E+18   1.77358E+10   4.52698E+02   3.33041E-02   1.51587E-08
 8.62500E+00   2.31375E+18   1.99326E+10   4.54897E+02   3.33834E-02   1.51242E-08
 8.67500E+00   2.33632E+18   2.24267E+10   4.57265E+02   3.34637E-02   1.50874E-08
 8.72500E+00   2.36008E+18   2.52481E+10   4.59776E+02   3.35443E-02   1.50487E-08
 8.77500E+00   2.38483E+18   2.84188E+10   4.62402E+02   3.36243E-02   1.50084E-08
 8.82500E+00   2.41036E+18   3.19403E+10   4.65115E+02   3.37032E-02   1.49669E-08
 8.87500E+00   2.43646E+18   3.57823E+10   4.67887E+02   3.37802E-02   1.49246E-08
 8.92500E+00   2.46289E+18   3.98760E+10   4.70687E+02   3.38547E-02   1.48819E-08
 8.97500E+00   2.48942E+18   4.41127E+10   4.73488E+02   3.39262E-02   1.48393E-08
 9.02500E+00   2.51580E+18   4.83492E+10   4.76260E+02   3.39944E-02   1.47972E-08
 9.07500E+00   2.54183E+18   5.24194E+10   4.78976E+02   3.40587E-02   1.47558E-08
 9.12500E+00   2.56726E+18   5.61511E+10   4.81612E+02   3.41190E-02   1.47156E-08
 9.17500E+00   2.59190E+18   5.93854E+10   4.84145E+02   3.41750E-02   1.46768E-08
 9.22500E+00   2.61554E+18   6.19956E+10   4.86553E+02   3.42266E-02   1.46398E-08
 9.27500E+00   2.63801E+18   6.39016E+10   4.88819E+02   3.42738E-02   1.46048E-08
 9.32500E+00   2.65917E+18   6.50754E+10   4.90927E+02   3.43166E-02   1.45721E-08
 9.37500E+00   2.67886E+18   6.55068E+10   4.92865E+02   3.43552E-02   1.45417E-08
 9.42500E+00   2.69699E+18   6.55080E+10   4.94626E+02   3.43897E-02   1.45139E-08
 9.47500E+00   2.71348E+18   6.55010E+10   4.96202E+02   3.44205E-02   1.44888E-08
 9.52500E+00   2.72828E+18   6.52803E+10   4.97593E+02   3.44478E-02   1.44664E-08
 9.57500E+00   2.74134E+18   6.35369E+10   4.98799E+02   3.44719E-02   1.44467E-08
 9.62500E+00   2.75267E+18   6.04965E+10   4.99823E+02   3.44934E-02   1.44299E-08
 9.67500E+00   2.76231E+18   5.65920E+10   5.00672E+02   3.45125E-02   1.44157E-08
 9.72500E+00   2.77028E+18   5.21606E+10   5.01356E+02   3.45298E-02   1.44043E-08
 9.77500E+00   2.77667E+18   4.74600E+10   5.01886E+02   3.45457E-02   1.43954E-08
 9.82500E+00   2.78156E+18   4.26912E+10   5.02275E+02   3.45607E-02   1.43891E-08
 9.87500E+00   2.78507E+18   3.80121E+10   5.02540E+02   3.45752E-02   1.43850E-08
 9.92500E+00   2.78733E+18   3.35489E+10   5.02695E+02   3.45896E-02   1.43832E-08
 9.97500E+00   2.78847E+18   2.94041E+10   5.02759E+02   3.46044E-02   1.43832E-08
 1.00250E+01   2.78864E+18   2.56596E+10   5.02750E+02   3.46199E-02   1.43851E-08
 1.00750E+01   2.78801E+18   2.23781E+10   5.02686E+02   3.46365E-02   1.43885E-08
 1.01250E+01   2.78673E+18   1.96020E+10   5.02586E+02   3.46544E-02   1.43932E-08
 1.01750E+01   2.78496E+18   1.73522E+10   5.02467E+02   3.46739E-02   1.43989E-08
 1.02250E+01   2.78287E+18   1.56285E+10   5.02346E+02   3.46952E-02   1.44055E-08
 1.02750E+01   2.78061E+18   1.44096E+10   5.02240E+02   3.47185E-02   1.44126E-08
 1.03250E+01   2.77834E+18   1.36590E+10   5.02162E+02   3.47439E-02   1.44200E-08
 1.03750E+01   2.77619E+18   1.33259E+10   5.02127E+02   3.47713E-02   1.44275E-08
 1.04250E+01   2.77428E+18   1.33075E+10   5.02145E+02   3.48008E-02   1.44349E-08
 1.04750E+01   2.77274E+18   1.33090E+10   5.02227E+02   3.48324E-02   1.44420E-08
 1.05250E+01   2.77166E+18   1.33107E+10   5.02380E+02   3.48659E-02   1.44485E-08
 1.05750E+01   2.77113E+18   1.37980E+10   5.02609E+02   3.49012E-02   1.44543E-08
 1.06250E+01   2.77121E+18   1.49397E+10   5.02919E+02   3.49382E-02   1.44592E-08
 1.06750E+01   2.77195E+18   1.65891E+10   5.03311E+02   3.49765E-02   1.44632E-08
 1.07250E+01   2.77338E+18   1.86593E+10   5.03784E+02   3.50161E-02   1.44662E-08
 1.07750E+01   2.77551E+18   2.11034E+10   5.04336E+02   3.50566E-02   1.44681E-08
 1.08250E+01   2.77834E+18   2.39077E+10   5.04964E+02   3.50978E-02   1.44688E-08
 1.08750E+01   2.78184E+18   2.70716E+10   5.05661E+02   3.51394E-02   1.44685E-08
 1.09250E+01   2.78599E+18   3.05913E+10   5.06421E+02   3.51810E-02   1.44670E-08
 1.09750E+01   2.79073E+18   3.44444E+10   5.07236E+02   3.52225E-02   1.44645E-08
 1.10250E+01   2.79601E+18   3.85787E+10   5.08097E+02   3.52636E-02   1.44610E-08
 1.10750E+01   2.80175E+18   4.29070E+10   5.08993E+02   3.53039E-02   1.44566E-08
 1.11250E+01   2.80787E+18   4.73084E+10   5.09914E+02   3.53433E-02   1.44514E-08
 1.11750E+01   2.81430E+18   5.16353E+10   5.10851E+02   3.53815E-02   1.44456E-08
 1.12250E+01   2.82093E+18   5.57263E+10   5.11791E+02   3.54183E-02   1.44393E-08
 1.12750E+01   2.82768E+18   5.94217E+10   5.12724E+02   3.54536E-02   1.44326E-08
 1.13250E+01   2.83445E+18   6.25793E+10   5.13641E+02   3.54872E-02   1.44257E-08
 1.13750E+01   2.84116E+18   6.50889E+10   5.14532E+02   3.55191E-02   1.44186E-08
 1.14250E+01   2.84772E+18   6.68836E+10   5.15387E+02   3.55491E-02   1.44116E-08
 1.14750E+01   2.85404E+18   6.79554E+10   5.16199E+02   3.55772E-02   1.44047E-08
 1.15250E+01   2.86005E+18   6.82880E+10   5.16961E+02   3.56034E-02   1.43982E-08
 1.15750E+01   2.86569E+18   6.83186E+10   5.17667E+02   3.56278E-02   1.43920E-08
 1.16250E+01   2.87088E+18   6.83494E+10   5.18312E+02   3.56503E-02   1.43864E-08
 1.16750E+01   2.87559E+18   6.80037E+10   5.18893E+02   3.56710E-02   1.43813E-08
 1.17250E+01   2.87977E+18   6.60273E+10   5.19408E+02   3.56902E-02   1.43769E-08
 1.17750E+01   2.88340E+18   6.27996E+10   5.19855E+02   3.57077E-02   1.43732E-08
 1.18250E+01   2.88645E+18   5.87246E+10   5.20236E+02   3.57239E-02   1.43703E-08
 1.18750E+01   2.88891E+18   5.41155E+10   5.20550E+02   3.57388E-02   1.43682E-08
 1.19250E+01   2.89080E+18   4.92328E+10   5.20801E+02   3.57527E-02   1.43670E-08
 1.19750E+01   2.89213E+18   4.42881E+10   5.20993E+02   3.57656E-02   1.43665E-08
 1.20250E+01   2.89290E+18   3.94503E+10   5.21128E+02   3.57779E-02   1.43669E-08
 1.20750E+01   2.89317E+18   3.48529E+10   5.21214E+02   3.57895E-02   1.43680E-08
 1.21250E+01   2.89296E+18   3.05997E+10   5.21256E+02   3.58008E-02   1.43698E-08
 1.21750E+01   2.89233E+18   2.67699E+10   5.21258E+02   3.58119E-02   1.43724E-08
 1.22250E+01   2.89131E+18   2.34202E+10   5.21230E+02   3.58229E-02   1.43755E-08
 1.22750E+01   2.88997E+18   2.05862E+10   5.21176E+02   3.58340E-02   1.43792E-08
 1.23250E+01   2.88837E+18   1.82827E+10   5.21105E+02   3.58453E-02   1.43834E-08
 1.23750E+01   2.88656E+18   1.65034E+10   5.21022E+02   3.58569E-02   1.43880E-08
 1.24250E+01   2.88460E+18   1.52223E+10   5.20935E+02   3.58690E-02   1.43928E-08
 1.24750E+01   2.88255E+18   1.43978E+10   5.20850E+02   3.58815E-02   1.43979E-08
 1.25250E+01   2.88047E+18   1.39681E+10   5.20772E+02   3.58946E-02   1.44031E-08
 1.25750E+01   2.87842E+18   1.38960E+10   5.20708E+02   3.59083E-02   1.44084E-08
 1.26250E+01   2.87645E+18   1.39006E+10   5.20662E+02   3.59225E-02   1.44136E-08
 1.26750E+01   2.87461E+18   1.39049E+10   5.20638E+02   3.59374E-02   1.44186E-08
 1.27250E+01   2.87293E+18   1.41358E+10   5.20639E+02   3.59529E-02   1.44235E-08
 1.27750E+01   2.87146E+18   1.51296E+10   5.20669E+02   3.59689E-02   1.44281E-08
 1.28250E+01   2.87022E+18   1.67120E+10   5.20729E+02   3.59854E-02   1.44324E-08
 1.28750E+01   2.86924E+18   1.87698E+10   5.20820E+02   3.60024E-02   1.44363E-08
 1.29250E+01   2.86854E+18   2.12420E+10   5.20943E+02   3.60197E-02   1.44398E-08
 1.29750E+01   2.86813E+18   2.40953E+10   5.21098E+02   3.60373E-02   1.44428E-08
 1.30250E+01   2.86802E+18   2.73115E+10   5.21284E+02   3.60551E-02   1.44454E-08
 1.30750E+01   2.86819E+18   3.08705E+10   5.21499E+02   3.60730E-02   1.44475E-08
 1.31250E+01   2.86866E+18   3.47376E+10   5.21741E+02   3.60910E-02   1.44491E-08
 1.31750E+01   2.86940E+18   3.88537E+10   5.22008E+02   3.61088E-02   1.44503E-08
 1.32250E+01   2.87039E+18   4.31316E+10   5.22296E+02   3.61264E-02   1.44509E-08
 1.32750E+01   2.87161E+18   4.74572E+10   5.22601E+02   3.61437E-02   1.44512E-08
 1.33250E+01   2.87304E+18   5.16961E+10   5.22920E+02   3.61607E-02   1.44511E-08
 1.33750E+01   2.87464E+18   5.57036E+10   5.23250E+02   3.61772E-02   1.44506E-08
 1.34250E+01   2.87639E+18   5.93378E+10   5.23585E+02   3.61931E-02   1.44498E-08
 1.34750E+01   2.87825E+18   6.24726E+10   5.23922E+02   3.62085E-02   1.44487E-08
 1.35250E+01   2.88018E+18   6.50094E+10   5.24258E+02   3.62231E-02   1.44474E-08
 1.35750E+01   2.88215E+18   6.68874E+10   5.24587E+02   3.62371E-02   1.44460E-08
 1.36250E+01   2.88412E+18   6.80830E+10   5.24906E+02   3.62502E-02   1.44444E-08
 1.36750E+01   2.88607E+18   6.86094E+10   5.25213E+02   3.62627E-02   1.44428E-08
 1.37250E+01   2.88796E+18   6.86376E+10   5.25503E+02   3.62743E-02   1.44412E-08
 1.37750E+01   2.88976E+18   6.86423E+10   5.25774E+02   3.62851E-02   1.44397E-08
 1.38250E+01   2.89144E+18   6.85878E+10   5.26025E+02   3.62952E-02   1.44382E-08
 1.38750E+01   2.89298E+18   6.71891E+10   5.26252E+02   3.63044E-02   1.44369E-08
 1.39250E+01   2.89435E+18   6.44204E+10   5.26455E+02   3.63130E-02   1.44357E-08
 1.39750E+01   2.89555E+18   6.06487E+10   5.26633E+02   3.63209E-02   1.44348E-08
 1.40250E+01   2.89656E+18   5.62304E+10   5.26785E+02   3.63281E-02   1.44340E-08
 1.40750E+01   2.89738E+18   5.14474E+10   5.26911E+02   3.63347E-02   1.44336E-08
 1.41250E+01   2.89798E+18   4.65291E+10   5.27012E+02   3.63409E-02   1.44334E-08
 1.41750E+01   2.89839E+18   4.16601E+10   5.27089E+02   3.63465E-02   1.44335E-08
 1.42250E+01   2.89859E+18   3.69865E+10   5.27142E+02   3.63518E-02   1.44338E-08
 1.42750E+01   2.89860E+18   3.26215E+10   5.27174E+02   3.63567E-02   1.44345E-08
 1.43250E+01   2.89842E+18   2.86511E+10   5.27187E+02   3.63614E-02   1.44354E-08
 1.43750E+01   2.89808E+18   2.51370E+10   5.27182E+02   3.63659E-02   1.44365E-08
 1.44250E+01   2.89758E+18   2.21189E+10   5.27162E+02   3.63703E-02   1.44379E-08
 1.44750E+01   2.89694E+18   1.96153E+10   5.27129E+02   3.63746E-02   1.44396E-08
 1.45250E+01   2.89618E+18   1.76252E+10   5.27087E+02   3.63790E-02   1.44414E-08
 1.45750E+01   2.89533E+18   1.61286E+10   5.27038E+02   3.63834E-02   1.44434E-08
 1.46250E+01   2.89441E+18   1.50887E+10   5.26985E+02   3.63879E-02   1.44455E-08
 1.46750E+01   2.89343E+18   1.44580E+10   5.26930E+02   3.63926E-02   1.44478E-08
 1.47250E+01   2.89242E+18   1.41803E+10   5.26875E+02   3.63974E-02   1.44501E-08
 1.47750E+01   2.89141E+18   1.41628E+10   5.26824E+02   3.64025E-02   1.44525E-08
 1.48250E+01   2.89041E+18   1.41620E+10   5.26778E+02   3.64078E-02   1.44548E-08
 1.48750E+01   2.88945E+18   1.41611E+10   5.26740E+02   3.64134E-02   1.44572E-08
 1.49250E+01   2.88854E+18   1.46541E+10   5.26710E+02   3.64193E-02   1.44595E-08
 1.49750E+01   2.88770E+18   1.59104E+10   5.26691E+02   3.64254E-02   1.44617E-08
 1.50250E+01   2.88694E+18   1.77497E+10   5.26684E+02   3.64317E-02   1.44638E-08
 1.50750E+01   2.88628E+18   2.00788E+10   5.26690E+02   3.64383E-02   1.44658E-08
 1.51250E+01   2.88573E+18   2.28329E+10   5.26708E+02   3.64450E-02   1.44676E-08
 1.51750E+01   2.88529E+18   2.59731E+10   5.26740E+02   3.64520E-02   1.44692E-08
 1.52250E+01   2.88497E+18   2.94667E+10   5.26786E+02   3.64592E-02   1.44707E-08
 1.52750E+01   2.88477E+18   3.32735E+10   5.26844E+02   3.64664E-02   1.44720E-08
 1.53250E+01   2.88470E+18   3.73355E+10   5.26915E+02   3.64738E-02   1.44731E-08
 1.53750E+01   2.88474E+18   4.15715E+10   5.26998E+02   3.64812E-02   1.44740E-08
 1.54250E+01   2.88489E+18   4.58763E+10   5.27092E+02   3.64886E-02   1.44747E-08
 1.54750E+01   2.88516E+18   5.01259E+10   5.27195E+02   3.64961E-02   1.44753E-08
 1.55250E+01   2.88552E+18   5.41850E+10   5.27307E+02   3.65034E-02   1.44757E-08
 1.55750E+01   2.88597E+18   5.79185E+10   5.27425E+02   3.65106E-02   1.44759E-08
 1.56250E+01   2.88649E+18   6.12032E+10   5.27548E+02   3.65177E-02   1.44759E-08
 1.56750E+01   2.88708E+18   6.39382E+10   5.27675E+02   3.65247E-02   1.44758E-08
 1.57250E+01   2.88772E+18   6.60538E+10   5.27803E+02   3.65314E-02   1.44757E-08
 1.57750E+01   2.88840E+18   6.75151E+10   5.27932E+02   3.65379E-02   1.44754E-08
 1.58250E+01   2.88911E+18   6.83402E+10   5.28060E+02   3.65442E-02   1.44750E-08
 1.58750E+01   2.88982E+18   6.85113E+10   5.28184E+02   3.65502E-02   1.44746E-08
 1.59250E+01   2.89052E+18   6.85014E+10   5.28304E+02   3.65559E-02   1.44742E-08
 1.59750E+01   2.89121E+18   6.84913E+10   5.28418E+02   3.65613E-02   1.44738E-08
 1.60250E+01   2.89187E+18   6.79573E+10   5.28525E+02   3.65665E-02   1.44734E-08
 1.60750E+01   2.89249E+18   6.57772E+10   5.28625E+02   3.65713E-02   1.44730E-08
 1.61250E+01   2.89306E+18   6.24188E+10   5.28716E+02   3.65759E-02   1.44726E-08
 1.61750E+01   2.89357E+18   5.82586E+10   5.28797E+02   3.65801E-02   1.44723E-08
 1.62250E+01   2.89401E+18   5.36041E+10   5.28869E+02   3.65841E-02   1.44721E-08
 1.62750E+01   2.89438E+18   4.87155E+10   5.28930E+02   3.65879E-02   1.44720E-08
 1.63250E+01   2.89468E+18   4.38018E+10   5.28982E+02   3.65914E-02   1.44720E-08
 1.63750E+01   2.89490E+18   3.90290E+10   5.29023E+02   3.65946E-02   1.44720E-08
 1.64250E+01   2.89503E+18   3.45267E+10   5.29055E+02   3.65977E-02   1.44722E-08
 1.64750E+01   2.89509E+18   3.03934E+10   5.29077E+02   3.66006E-02   1.44725E-08
 1.65250E+01   2.89507E+18   2.67003E+10   5.29091E+02   3.66034E-02   1.44729E-08
 1.65750E+01   2.89499E+18   2.34936E+10   5.29096E+02   3.66060E-02   1.44734E-08
 1.66250E+01   2.89483E+18   2.07971E+10   5.29095E+02   3.66086E-02   1.44740E-08
 1.66750E+01   2.89461E+18   1.86135E+10   5.29087E+02   3.66110E-02   1.44747E-08
 1.67250E+01   2.89434E+18   1.69269E+10   5.29073E+02   3.66135E-02   1.44755E-08
 1.67750E+01   2.89401E+18   1.57055E+10   5.29056E+02   3.66158E-02   1.44763E-08
 1.68250E+01   2.89365E+18   1.49052E+10   5.29035E+02   3.66182E-02   1.44772E-08
 1.68750E+01   2.89326E+18   1.44674E+10   5.29012E+02   3.66206E-02   1.44782E-08
 1.69250E+01   2.89285E+18   1.43591E+10   5.28988E+02   3.66231E-02   1.44792E-08
 1.69750E+01   2.89243E+18   1.43560E+10   5.28965E+02   3.66256E-02   1.44802E-08
 1.70250E+01   2.89200E+18   1.43529E+10   5.28942E+02   3.66281E-02   1.44813E-08
 1.70750E+01   2.89158E+18   1.44823E+10   5.28922E+02   3.66308E-02   1.44823E-08
 1.71250E+01   2.89118E+18   1.54206E+10   5.28904E+02   3.66335E-02   1.44834E-08
 1.71750E+01   2.89079E+18   1.70737E+10   5.28890E+02   3.66363E-02   1.44844E-08
 1.72250E+01   2.89043E+18   1.92964E+10   5.28879E+02   3.66392E-02   1.44854E-08
 1.72750E+01   2.89010E+18   2.19985E+10   5.28874E+02   3.66422E-02   1.44863E-08
 1.73250E+01   2.88982E+18   2.51192E+10   5.28874E+02   3.66453E-02   1.44872E-08
 1.73750E+01   2.88958E+18   2.86100E+10   5.28879E+02   3.66484E-02   1.44880E-08
 1.74250E+01   2.88938E+18   3.24202E+10   5.28890E+02   3.66517E-02   1.44888E-08
 1.74750E+01   2.88923E+18   3.64868E+10   5.28906E+02   3.66550E-02   1.44894E-08
 1.75250E+01   2.88913E+18   4.07272E+10   5.28928E+02   3.66583E-02   1.44901E-08
 1.75750E+01   2.88908E+18   4.50389E+10   5.28956E+02   3.66617E-02   1.44906E-08
 1.76250E+01   2.88908E+18   4.93017E+10   5.28988E+02   3.66651E-02   1.44910E-08
 1.76750E+01   2.88912E+18   5.33849E+10   5.29024E+02   3.66685E-02   1.44914E-08
 1.77250E+01   2.88921E+18   5.71569E+10   5.29065E+02   3.66720E-02   1.44917E-08
 1.77750E+01   2.88934E+18   6.04961E+10   5.29110E+02   3.66754E-02   1.44919E-08
 1.78250E+01   2.88951E+18   6.33016E+10   5.29158E+02   3.66788E-02   1.44921E-08
 1.78750E+01   2.88971E+18   6.55027E+10   5.29208E+02   3.66821E-02   1.44922E-08
 1.79250E+01   2.88993E+18   6.70645E+10   5.29260E+02   3.66854E-02   1.44923E-08
 1.79750E+01   2.89018E+18   6.79927E+10   5.29312E+02   3.66886E-02   1.44923E-08
 1.80250E+01   2.89044E+18   6.82849E+10   5.29366E+02   3.66918E-02   1.44923E-08
 1.80750E+01   2.89071E+18   6.82733E+10   5.29419E+02   3.66949E-02   1.44922E-08
 1.81250E+01   2.89098E+18   6.82607E+10   5.29471E+02   3.66979E-02   1.44922E-08
 1.81750E+01   2.89126E+18   6.79539E+10   5.29522E+02   3.67007E-02   1.44921E-08
 1.82250E+01   2.89152E+18   6.60475E+10   5.29571E+02   3.67035E-02   1.44920E-08
 1.82750E+01   2.89178E+18   6.28467E+10   5.29617E+02   3.67062E-02   1.44919E-08
 1.83250E+01   2.89202E+18   5.87748E+10   5.29661E+02   3.67088E-02   1.44919E-08
 1.83750E+01   2.89224E+18   5.41624E+10   5.29701E+02   3.67113E-02   1.44918E-08
 1.84250E+01   2.89244E+18   4.92793E+10   5.29738E+02   3.67137E-02   1.44918E-08
 1.84750E+01   2.89261E+18   4.43450E+10   5.29771E+02   3.67160E-02   1.44918E-08
 1.85250E+01   2.89275E+18   3.95354E+10   5.29801E+02   3.67182E-02   1.44919E-08
 1.85750E+01   2.89286E+18   3.49889E+10   5.29827E+02   3.67203E-02   1.44920E-08
 1.86250E+01   2.89294E+18   3.08109E+10   5.29849E+02   3.67224E-02   1.44921E-08
 1.86750E+01   2.89299E+18   2.70767E+10   5.29867E+02   3.67244E-02   1.44923E-08
 1.87250E+01   2.89301E+18   2.38343E+10   5.29881E+02   3.67263E-02   1.44925E-08
 1.87750E+01   2.89300E+18   2.11068E+10   5.29893E+02   3.67281E-02   1.44928E-08
 1.88250E+01   2.89296E+18   1.88951E+10   5.29901E+02   3.67299E-02   1.44931E-08
 1.88750E+01   2.89289E+18   1.71806E+10   5.29906E+02   3.67317E-02   1.44934E-08
 1.89250E+01   2.89280E+18   1.59293E+10   5.29909E+02   3.67334E-02   1.44938E-08
 1.89750E+01   2.89268E+18   1.50954E+10   5.29910E+02   3.67351E-02   1.44942E-08
 1.90250E+01   2.89255E+18   1.46240E+10   5.29909E+02   3.67368E-02   1.44947E-08
 1.90750E+01   2.89240E+18   1.44787E+10   5.29908E+02   3.67385E-02   1.44951E-08
 1.91250E+01   2.89225E+18   1.44789E+10   5.29906E+02   3.67402E-02   1.44956E-08
 1.91750E+01   2.89208E+18   1.44793E+10   5.29903E+02   3.67418E-02   1.44961E-08
 1.92250E+01   2.89191E+18   1.45598E+10   5.29900E+02   3.67435E-02   1.44966E-08
 1.92750E+01   2.89174E+18   1.54436E+10   5.29899E+02   3.67452E-02   1.44971E-08
 1.93250E+01   2.89158E+18   1.71060E+10   5.29897E+02   3.67469E-02   1.44976E-08
 1.93750E+01   2.89142E+18   1.93891E+10   5.29898E+02   3.67487E-02   1.44981E-08
 1.94250E+01   2.89127E+18   2.21787E+10   5.29899E+02   3.67504E-02   1.44986E-08
 1.94750E+01   2.89113E+18   2.53968E+10   5.29903E+02   3.67522E-02   1.44991E-08
 1.95250E+01   2.89100E+18   2.89797E+10   5.29908E+02   3.67539E-02   1.44995E-08
 1.95750E+01   2.89089E+18   3.28645E+10   5.29915E+02   3.67557E-02   1.44999E-08
 1.96250E+01   2.89080E+18   3.69787E+10   5.29925E+02   3.67575E-02   1.45003E-08
 1.96750E+01   2.89073E+18   4.12342E+10   5.29936E+02   3.67593E-02   1.45007E-08
 1.97250E+01   2.89068E+18   4.55255E+10   5.29950E+02   3.67611E-02   1.45010E-08
 1.97750E+01   2.89064E+18   4.97343E+10   5.29966E+02   3.67629E-02   1.45013E-08
 1.98250E+01   2.89063E+18   5.37356E+10   5.29984E+02   3.67648E-02   1.45016E-08
 1.98750E+01   2.89063E+18   5.74069E+10   5.30005E+02   3.67666E-02   1.45018E-08
 1.99250E+01   2.89066E+18   6.06370E+10   5.30026E+02   3.67683E-02   1.45020E-08
 1.99750E+01   2.89070E+18   6.33354E+10   5.30050E+02   3.67701E-02   1.45022E-08
 2.00250E+01   2.89075E+18   6.54383E+10   5.30075E+02   3.67719E-02   1.45023E-08
 2.00750E+01   2.89082E+18   6.69141E+10   5.30101E+02   3.67736E-02   1.45024E-08
 2.01250E+01   2.89090E+18   6.77772E+10   5.30128E+02   3.67753E-02   1.45025E-08
 2.01750E+01   2.89100E+18   6.80134E+10   5.30156E+02   3.67770E-02   1.45026E-08
 2.02250E+01   2.89110E+18   6.80270E+10   5.30185E+02   3.67787E-02   1.45026E-08
 2.02750E+01   2.89120E+18   6.80407E+10   5.30213E+02   3.67802E-02   1.45026E-08
 2.03250E+01   2.89131E+18   6.76629E+10   5.30242E+02   3.67818E-02   1.45027E-08
 2.03750E+01   2.89142E+18   6.56892E+10   5.30270E+02   3.67834E-02   1.45027E-08
 2.04250E+01   2.89153E+18   6.24932E+10   5.30298E+02   3.67849E-02   1.45027E-08
 2.04750E+01   2.89163E+18   5.84560E+10   5.30325E+02   3.67863E-02   1.45027E-08
 2.05250E+01   2.89173E+18   5.38846E+10   5.30351E+02   3.67878E-02   1.45027E-08
 2.05750E+01   2.89183E+18   4.90445E+10   5.30376E+02   3.67891E-02   1.45028E-08
 2.06250E+01   2.89191E+18   4.41564E+10   5.30400E+02   3.67905E-02   1.45028E-08
 2.06750E+01   2.89199E+18   3.93974E+10   5.30422E+02   3.67918E-02   1.45028E-08
 2.07250E+01   2.89205E+18   3.49055E+10   5.30444E+02   3.67931E-02   1.45029E-08
 2.07750E+01   2.89211E+18   3.07832E+10   5.30464E+02   3.67944E-02   1.45030E-08
 2.08250E+01   2.89215E+18   2.71017E+10   5.30482E+02   3.67956E-02   1.45031E-08
 2.08750E+01   2.89218E+18   2.39050E+10   5.30499E+02   3.67968E-02   1.45032E-08
 2.09250E+01   2.89220E+18   2.12130E+10   5.30515E+02   3.67979E-02   1.45033E-08
 2.09750E+01   2.89220E+18   1.90246E+10   5.30529E+02   3.67991E-02   1.45034E-08
 2.10250E+01   2.89219E+18   1.73206E+10   5.30542E+02   3.68002E-02   1.45036E-08
 2.10750E+01   2.89218E+18   1.60672E+10   5.30554E+02   3.68013E-02   1.45038E-08
 2.11250E+01   2.89215E+18   1.52191E+10   5.30565E+02   3.68024E-02   1.45040E-08
 2.11750E+01   2.89211E+18   1.47245E+10   5.30576E+02   3.68035E-02   1.45042E-08
 2.12250E+01   2.89206E+18   1.45368E+10   5.30585E+02   3.68046E-02   1.45044E-08
 2.12750E+01   2.89201E+18   1.45336E+10   5.30594E+02   3.68057E-02   1.45046E-08
 2.13250E+01   2.89196E+18   1.45347E+10   5.30603E+02   3.68068E-02   1.45049E-08
 2.13750E+01   2.89189E+18   1.45565E+10   5.30611E+02   3.68079E-02   1.45051E-08
 2.14250E+01   2.89183E+18   1.53329E+10   5.30620E+02   3.68090E-02   1.45054E-08
 2.14750E+01   2.89176E+18   1.69345E+10   5.30628E+02   3.68101E-02   1.45056E-08
 2.15250E+01   2.89170E+18   1.92090E+10   5.30636E+02   3.68112E-02   1.45059E-08
 2.15750E+01   2.89163E+18   2.20170E+10   5.30645E+02   3.68123E-02   1.45061E-08
 2.16250E+01   2.89157E+18   2.52634E+10   5.30654E+02   3.68134E-02   1.45064E-08
 2.16750E+01   2.89151E+18   2.88720E+10   5.30664E+02   3.68145E-02   1.45066E-08
 2.17250E+01   2.89146E+18   3.27705E+10   5.30674E+02   3.68156E-02   1.45069E-08
 2.17750E+01   2.89141E+18   3.68809E+10   5.30684E+02   3.68167E-02   1.45071E-08
 2.18250E+01   2.89137E+18   4.11134E+10   5.30696E+02   3.68178E-02   1.45073E-08
 2.18750E+01   2.89133E+18   4.53656E+10   5.30708E+02   3.68189E-02   1.45075E-08
 2.19250E+01   2.89130E+18   4.95245E+10   5.30721E+02   3.68200E-02   1.45077E-08
 2.19750E+01   2.89128E+18   5.34724E+10   5.30734E+02   3.68211E-02   1.45079E-08
 2.20250E+01   2.89127E+18   5.70950E+10   5.30748E+02   3.68222E-02   1.45080E-08
 2.20750E+01   2.89127E+18   6.02893E+10   5.30763E+02   3.68232E-02   1.45082E-08
 2.21250E+01   2.89127E+18   6.29716E+10   5.30779E+02   3.68243E-02   1.45083E-08
 2.21750E+01   2.89128E+18   6.50829E+10   5.30795E+02   3.68253E-02   1.45084E-08
 2.22250E+01   2.89129E+18   6.65938E+10   5.30811E+02   3.68263E-02   1.45085E-08
 2.22750E+01   2.89131E+18   6.75068E+10   5.30828E+02   3.68273E-02   1.45086E-08
 2.23250E+01   2.89134E+18   6.78230E+10   5.30845E+02   3.68283E-02   1.45087E-08
 2.23750E+01   2.89137E+18   6.78190E+10   5.30863E+02   3.68293E-02   1.45088E-08
 2.24250E+01   2.89141E+18   6.78112E+10   5.30880E+02   3.68302E-02   1.45089E-08
 2.24750E+01   2.89145E+18   6.76016E+10   5.30898E+02   3.68312E-02   1.45089E-08
 2.25250E+01   2.89149E+18   6.59181E+10   5.30915E+02   3.68321E-02   1.45090E-08
 2.25750E+01   2.89153E+18   6.29336E+10   5.30932E+02   3.68329E-02   1.45090E-08
 2.26250E+01   2.89157E+18   5.90389E+10   5.30950E+02   3.68338E-02   1.45091E-08
 2.26750E+01   2.89161E+18   5.45630E+10   5.30966E+02   3.68346E-02   1.45091E-08
 2.27250E+01   2.89166E+18   4.97796E+10   5.30983E+02   3.68355E-02   1.45091E-08
 2.27750E+01   2.89169E+18   4.49161E+10   5.30998E+02   3.68362E-02   1.45092E-08
 2.28250E+01   2.89173E+18   4.01552E+10   5.31014E+02   3.68370E-02   1.45092E-08
 2.28750E+01   2.89176E+18   3.56393E+10   5.31028E+02   3.68378E-02   1.45093E-08
 2.29250E+01   2.89179E+18   3.14755E+10   5.31042E+02   3.68385E-02   1.45093E-08
 2.29750E+01   2.89181E+18   2.77393E+10   5.31056E+02   3.68392E-02   1.45094E-08
 2.30250E+01   2.89183E+18   2.44783E+10   5.31069E+02   3.68399E-02   1.45094E-08
 2.30750E+01   2.89184E+18   2.17151E+10   5.31081E+02   3.68406E-02   1.45095E-08
 2.31250E+01   2.89185E+18   1.94507E+10   5.31092E+02   3.68413E-02   1.45096E-08
 2.31750E+01   2.89186E+18   1.76685E+10   5.31103E+02   3.68419E-02   1.45096E-08
 2.32250E+01   2.89185E+18   1.63375E+10   5.31113E+02   3.68425E-02   1.45097E-08
 2.32750E+01   2.89185E+18   1.54157E+10   5.31123E+02   3.68432E-02   1.45098E-08
 2.33250E+01   2.89184E+18   1.48556E+10   5.31132E+02   3.68438E-02   1.45099E-08
 2.33750E+01   2.89182E+18   1.46038E+10   5.31141E+02   3.68445E-02   1.45100E-08
 2.34250E+01   2.89181E+18   1.45845E+10   5.31149E+02   3.68451E-02   1.45101E-08
 2.34750E+01   2.89178E+18   1.45814E+10   5.31157E+02   3.68457E-02   1.45103E-08
 2.35250E+01   2.89176E+18   1.45783E+10   5.31165E+02   3.68463E-02   1.45104E-08
 2.35750E+01   2.89173E+18   1.51365E+10   5.31172E+02   3.68469E-02   1.45105E-08
 2.36250E+01   2.89171E+18   1.66611E+10   5.31180E+02   3.68475E-02   1.45106E-08
 2.36750E+01   2.89168E+18   1.89046E+10   5.31187E+02   3.68482E-02   1.45108E-08
 2.37250E+01   2.89165E+18   2.17305E+10   5.31194E+02   3.68488E-02   1.45109E-08
 2.37750E+01   2.89162E+18   2.50226E+10   5.31201E+02   3.68494E-02   1.45110E-08
 2.38250E+01   2.89159E+18   2.86880E+10   5.31208E+02   3.68500E-02   1.45112E-08
 2.38750E+01   2.89156E+18   3.26418E+10   5.31216E+02   3.68506E-02   1.45113E-08
 2.39250E+01   2.89153E+18   3.67973E+10   5.31223E+02   3.68512E-02   1.45114E-08
 2.39750E+01   2.89150E+18   4.10603E+10   5.31230E+02   3.68518E-02   1.45115E-08
 2.40250E+01   2.89148E+18   4.53270E+10   5.31238E+02   3.68524E-02   1.45117E-08
 2.40750E+01   2.89146E+18   4.94858E+10   5.31246E+02   3.68531E-02   1.45118E-08
 2.41250E+01   2.89144E+18   5.34217E+10   5.31254E+02   3.68537E-02   1.45119E-08
 2.41750E+01   2.89142E+18   5.70236E+10   5.31263E+02   3.68543E-02   1.45120E-08
 2.42250E+01   2.89141E+18   6.01913E+10   5.31271E+02   3.68549E-02   1.45121E-08
 2.42750E+01   2.89140E+18   6.28443E+10   5.31280E+02   3.68555E-02   1.45122E-08
 2.43250E+01   2.89139E+18   6.49272E+10   5.31289E+02   3.68561E-02   1.45123E-08
 2.43750E+01   2.89139E+18   6.64151E+10   5.31297E+02   3.68566E-02   1.45124E-08
 2.44250E+01   2.89139E+18   6.73139E+10   5.31306E+02   3.68572E-02   1.45124E-08
 2.44750E+01   2.89139E+18   6.76298E+10   5.31315E+02   3.68578E-02   1.45125E-08
 2.45250E+01   2.89139E+18   6.76216E+10   5.31324E+02   3.68583E-02   1.45126E-08
 2.45750E+01   2.89139E+18   6.76090E+10   5.31333E+02   3.68588E-02   1.45126E-08
 2.46250E+01   2.89140E+18   6.73905E+10   5.31342E+02   3.68594E-02   1.45127E-08
 2.46750E+01   2.89141E+18   6.56674E+10   5.31351E+02   3.68598E-02   1.45127E-08
 2.47250E+01   2.89141E+18   6.26327E+10   5.31359E+02   3.68603E-02   1.45128E-08
 2.47750E+01   2.89142E+18   5.86950E+10   5.31367E+02   3.68608E-02   1.45128E-08
 2.48250E+01   2.89143E+18   5.41894E+10   5.31375E+02   3.68612E-02   1.45129E-08
 2.48750E+01   2.89144E+18   4.93890E+10   5.31383E+02   3.68617E-02   1.45129E-08
 2.49250E+01   2.89145E+18   4.45197E+10   5.31391E+02   3.68621E-02   1.45130E-08
 2.49750E+01   2.89145E+18   3.97638E+10   5.31398E+02   3.68625E-02   1.45130E-08
 2.50250E+01   2.89146E+18   3.52639E+10   5.31404E+02   3.68629E-02   1.45131E-08
 2.50750E+01   2.89147E+18   3.11273E+10   5.31411E+02   3.68633E-02   1.45131E-08
 2.51250E+01   2.89147E+18   2.74286E+10   5.31417E+02   3.68636E-02   1.45131E-08
 2.51750E+01   2.89147E+18   2.42132E+10   5.31422E+02   3.68640E-02   1.45132E-08
 2.52250E+01   2.89147E+18   2.15006E+10   5.31427E+02   3.68643E-02   1.45132E-08
 2.52750E+01   2.89147E+18   1.92882E+10   5.31431E+02   3.68646E-02   1.45133E-08
 2.53250E+01   2.89146E+18   1.75557E+10   5.31435E+02   3.68649E-02   1.45133E-08
 2.53750E+01   2.89145E+18   1.62691E+10   5.31439E+02   3.68651E-02   1.45134E-08
 2.54250E+01   2.89144E+18   1.53847E+10   5.31442E+02   3.68654E-02   1.45134E-08
 2.54750E+01   2.89143E+18   1.48550E+10   5.31445E+02   3.68657E-02   1.45135E-08
 2.55250E+01   2.89141E+18   1.46332E+10   5.31447E+02   3.68659E-02   1.45135E-08
 2.55750E+01   2.89140E+18   1.46241E+10   5.31450E+02   3.68662E-02   1.45136E-08
 2.56250E+01   2.89138E+18   1.46238E+10   5.31452E+02   3.68665E-02   1.45137E-08
 2.56750E+01   2.89137E+18   1.46253E+10   5.31455E+02   3.68667E-02   1.45137E-08
 2.57250E+01   2.89135E+18   1.53529E+10   5.31457E+02   3.68670E-02   1.45138E-08
 2.57750E+01   2.89134E+18   1.70285E+10   5.31459E+02   3.68673E-02   1.45138E-08
 2.58250E+01   2.89132E+18   1.94486E+10   5.31461E+02   3.68676E-02   1.45139E-08
 2.58750E+01   2.89130E+18   2.24524E+10   5.31463E+02   3.68679E-02   1.45140E-08
 2.59250E+01   2.89128E+18   2.59123E+10   5.31465E+02   3.68681E-02   1.45140E-08
 2.59750E+01   2.89126E+18   2.97241E+10   5.31466E+02   3.68684E-02   1.45141E-08
 2.60250E+01   2.89124E+18   3.37923E+10   5.31467E+02   3.68686E-02   1.45142E-08
 2.60750E+01   2.89121E+18   3.80210E+10   5.31468E+02   3.68688E-02   1.45143E-08
 2.61250E+01   2.89119E+18   4.23096E+10   5.31470E+02   3.68691E-02   1.45143E-08
 2.61750E+01   2.89117E+18   4.65512E+10   5.31471E+02   3.68693E-02   1.45144E-08
 2.62250E+01   2.89115E+18   5.06348E+10   5.31473E+02   3.68696E-02   1.45144E-08
 2.62750E+01   2.89114E+18   5.44506E+10   5.31474E+02   3.68698E-02   1.45145E-08
 2.63250E+01   2.89112E+18   5.78958E+10   5.31476E+02   3.68701E-02   1.45146E-08
 2.63750E+01   2.89111E+18   6.08812E+10   5.31478E+02   3.68704E-02   1.45146E-08
 2.64250E+01   2.89109E+18   6.33371E+10   5.31481E+02   3.68706E-02   1.45147E-08
 2.64750E+01   2.89108E+18   6.52185E+10   5.31483E+02   3.68709E-02   1.45147E-08
 2.65250E+01   2.89107E+18   6.65077E+10   5.31485E+02   3.68712E-02   1.45148E-08
 2.65750E+01   2.89106E+18   6.72304E+10   5.31486E+02   3.68714E-02   1.45148E-08
 2.66250E+01   2.89105E+18   6.73841E+10   5.31488E+02   3.68716E-02   1.45149E-08
 2.66750E+01   2.89103E+18   6.73937E+10   5.31490E+02   3.68718E-02   1.45149E-08
 2.67250E+01   2.89103E+18   6.74035E+10   5.31492E+02   3.68720E-02   1.45150E-08
 2.67750E+01   2.89102E+18   6.68652E+10   5.31494E+02   3.68722E-02   1.45150E-08
 2.68250E+01   2.89101E+18   6.47277E+10   5.31496E+02   3.68725E-02   1.45151E-08
 2.68750E+01   2.89101E+18   6.14520E+10   5.31498E+02   3.68727E-02   1.45151E-08
 2.69250E+01   2.89101E+18   5.73877E+10   5.31501E+02   3.68730E-02   1.45151E-08
 2.69750E+01   2.89100E+18   5.28311E+10   5.31503E+02   3.68732E-02   1.45152E-08
 2.70250E+01   2.89100E+18   4.80407E+10   5.31505E+02   3.68734E-02   1.45152E-08
 2.70750E+01   2.89100E+18   4.32302E+10   5.31507E+02   3.68736E-02   1.45152E-08
 2.71250E+01   2.89099E+18   3.85713E+10   5.31509E+02   3.68738E-02   1.45153E-08
 2.71750E+01   2.89099E+18   3.41968E+10   5.31511E+02   3.68740E-02   1.45153E-08
 2.72250E+01   2.89098E+18   3.02031E+10   5.31513E+02   3.68742E-02   1.45153E-08
 2.72750E+01   2.89098E+18   2.66549E+10   5.31514E+02   3.68743E-02   1.45154E-08
 2.73250E+01   2.89097E+18   2.35885E+10   5.31515E+02   3.68745E-02   1.45154E-08
 2.73750E+01   2.89096E+18   2.10168E+10   5.31515E+02   3.68746E-02   1.45154E-08
 2.74250E+01   2.89094E+18   1.89326E+10   5.31515E+02   3.68746E-02   1.45155E-08
 2.74750E+01   2.89093E+18   1.73127E+10   5.31515E+02   3.68747E-02   1.45155E-08
 2.75250E+01   2.89092E+18   1.61218E+10   5.31515E+02   3.68748E-02   1.45155E-08
 2.75750E+01   2.89091E+18   1.53154E+10   5.31516E+02   3.68750E-02   1.45156E-08
 2.76250E+01   2.89090E+18   1.48450E+10   5.31516E+02   3.68751E-02   1.45156E-08
 2.76750E+01   2.89089E+18   1.46689E+10   5.31517E+02   3.68753E-02   1.45156E-08
 2.77250E+01   2.89088E+18   1.46666E+10   5.31518E+02   3.68754E-02   1.45157E-08
 2.77750E+01   2.89087E+18   1.46679E+10   5.31518E+02   3.68756E-02   1.45157E-08
 2.78250E+01   2.89086E+18   1.47040E+10   5.31519E+02   3.68758E-02   1.45157E-08
 2.78750E+01   2.89085E+18   1.56070E+10   5.31520E+02   3.68759E-02   1.45158E-08
 2.79250E+01   2.89084E+18   1.74346E+10   5.31521E+02   3.68761E-02   1.45158E-08
 2.79750E+01   2.89083E+18   2.00003E+10   5.31521E+02   3.68763E-02   1.45159E-08
 2.80250E+01   2.89082E+18   2.31309E+10   5.31522E+02   3.68764E-02   1.45159E-08
 2.80750E+01   2.89081E+18   2.66967E+10   5.31523E+02   3.68766E-02   1.45159E-08
 2.81250E+01   2.89080E+18   3.05882E+10   5.31523E+02   3.68768E-02   1.45160E-08
 2.81750E+01   2.89079E+18   3.47044E+10   5.31524E+02   3.68769E-02   1.45160E-08
 2.82250E+01   2.89078E+18   3.89452E+10   5.31524E+02   3.68771E-02   1.45161E-08
 2.82750E+01   2.89077E+18   4.32083E+10   5.31524E+02   3.68772E-02   1.45161E-08
 2.83250E+01   2.89075E+18   4.73876E+10   5.31524E+02   3.68774E-02   1.45161E-08
 2.83750E+01   2.89074E+18   5.13760E+10   5.31524E+02   3.68775E-02   1.45162E-08
 2.84250E+01   2.89072E+18   5.50701E+10   5.31524E+02   3.68776E-02   1.45162E-08
 2.84750E+01   2.89071E+18   5.83754E+10   5.31523E+02   3.68776E-02   1.45163E-08
 2.85250E+01   2.89069E+18   6.12129E+10   5.31522E+02   3.68777E-02   1.45163E-08
 2.85750E+01   2.89066E+18   6.35237E+10   5.31520E+02   3.68777E-02   1.45163E-08
 2.86250E+01   2.89064E+18   6.52727E+10   5.31519E+02   3.68777E-02   1.45164E-08
 2.86750E+01   2.89062E+18   6.64483E+10   5.31517E+02   3.68777E-02   1.45164E-08
 2.87250E+01   2.89060E+18   6.70778E+10   5.31516E+02   3.68777E-02   1.45164E-08
 2.87750E+01   2.89058E+18   6.71718E+10   5.31515E+02   3.68777E-02   1.45165E-08
 2.88250E+01   2.89057E+18   6.71674E+10   5.31513E+02   3.68777E-02   1.45165E-08
 2.88750E+01   2.89055E+18   6.71624E+10   5.31512E+02   3.68777E-02   1.45165E-08
 2.89250E+01   2.89053E+18   6.64780E+10   5.31511E+02   3.68777E-02   1.45166E-08
 2.89750E+01   2.89051E+18   6.42246E+10   5.31510E+02   3.68777E-02   1.45166E-08
 2.90250E+01   2.89049E+18   6.08874E+10   5.31508E+02   3.68777E-02   1.45166E-08
 2.90750E+01   2.89048E+18   5.67950E+10   5.31507E+02   3.68777E-02   1.45166E-08
 2.91250E+01   2.89046E+18   5.22433E+10   5.31506E+02   3.68777E-02   1.45167E-08
 2.91750E+01   2.89044E+18   4.74846E+10   5.31505E+02   3.68777E-02   1.45167E-08
 2.92250E+01   2.89043E+18   4.27248E+10   5.31504E+02   3.68777E-02   1.45167E-08
 2.92750E+01   2.89041E+18   3.81285E+10   5.31503E+02   3.68777E-02   1.45168E-08
 2.93250E+01   2.89040E+18   3.38220E+10   5.31502E+02   3.68777E-02   1.45168E-08
 2.93750E+01   2.89038E+18   2.98971E+10   5.31501E+02   3.68777E-02   1.45168E-08
 2.94250E+01   2.89037E+18   2.64151E+10   5.31500E+02   3.68777E-02   1.45168E-08
 2.94750E+01   2.89036E+18   2.34099E+10   5.31499E+02   3.68777E-02   1.45169E-08
 2.95250E+01   2.89034E+18   2.08924E+10   5.31499E+02   3.68778E-02   1.45169E-08
 2.95750E+01   2.89033E+18   1.88541E+10   5.31499E+02   3.68778E-02   1.45169E-08
 2.96250E+01   2.89033E+18   1.72716E+10   5.31499E+02   3.68779E-02   1.45169E-08
 2.96750E+01   2.89032E+18   1.61103E+10   5.31499E+02   3.68780E-02   1.45170E-08
 2.97250E+01   2.89031E+18   1.53280E+10   5.31499E+02   3.68781E-02   1.45170E-08
 2.97750E+01   2.89030E+18   1.48769E+10   5.31500E+02   3.68782E-02   1.45170E-08
 2.98250E+01   2.89030E+18   1.47208E+10   5.31500E+02   3.68783E-02   1.45170E-08
 2.98750E+01   2.89029E+18   1.47170E+10   5.31501E+02   3.68785E-02   1.45171E-08
 2.99250E+01   2.89028E+18   1.47147E+10   5.31502E+02   3.68786E-02   1.45171E-08
 2.99750E+01   2.89027E+18   1.47787E+10   5.31502E+02   3.68787E-02   1.45171E-08
 3.00250E+01   2.89027E+18   1.57764E+10   5.31502E+02   3.68788E-02   1.45171E-08
 3.00750E+01   2.89026E+18   1.77171E+10   5.31503E+02   3.68790E-02   1.45172E-08
 3.01250E+01   2.89025E+18   2.03975E+10   5.31503E+02   3.68791E-02   1.45172E-08
 3.01750E+01   2.89024E+18   2.36420E+10   5.31503E+02   3.68792E-02   1.45172E-08
 3.02250E+01   2.89023E+18   2.73143E+10   5.31504E+02   3.68793E-02   1.45173E-08
 3.02750E+01   2.89022E+18   3.12957E+10   5.31504E+02   3.68794E-02   1.45173E-08
 3.03250E+01   2.89022E+18   3.54775E+10   5.31504E+02   3.68795E-02   1.45173E-08
 3.03750E+01   2.89021E+18   3.97538E+10   5.31504E+02   3.68796E-02   1.45174E-08
 3.04250E+01   2.89020E+18   4.40190E+10   5.31505E+02   3.68797E-02   1.45174E-08
 3.04750E+01   2.89019E+18   4.81667E+10   5.31505E+02   3.68799E-02   1.45174E-08
 3.05250E+01   2.89018E+18   5.20920E+10   5.31506E+02   3.68800E-02   1.45174E-08
 3.05750E+01   2.89017E+18   5.56953E+10   5.31506E+02   3.68801E-02   1.45175E-08
 3.06250E+01   2.89016E+18   5.88874E+10   5.31506E+02   3.68802E-02   1.45175E-08
 3.06750E+01   2.89015E+18   6.15952E+10   5.31507E+02   3.68803E-02   1.45175E-08
 3.07250E+01   2.89014E+18   6.37669E+10   5.31507E+02   3.68804E-02   1.45176E-08
 3.07750E+01   2.89013E+18   6.53762E+10   5.31507E+02   3.68805E-02   1.45176E-08
 3.08250E+01   2.89012E+18   6.64193E+10   5.31506E+02   3.68806E-02   1.45176E-08
 3.08750E+01   2.89011E+18   6.69290E+10   5.31506E+02   3.68806E-02   1.45176E-08
 3.09250E+01   2.89009E+18   6.69646E+10   5.31505E+02   3.68806E-02   1.45177E-08
 3.09750E+01   2.89007E+18   6.69564E+10   5.31504E+02   3.68806E-02   1.45177E-08
 3.10250E+01   2.89006E+18   6.69486E+10   5.31503E+02   3.68806E-02   1.45177E-08
 3.10750E+01   2.89004E+18   6.58738E+10   5.31502E+02   3.68806E-02   1.45178E-08
 3.11250E+01   2.89002E+18   6.33530E+10   5.31500E+02   3.68806E-02   1.45178E-08
 3.11750E+01   2.89001E+18   5.98164E+10   5.31499E+02   3.68806E-02   1.45178E-08
 3.12250E+01   2.88999E+18   5.55965E+10   5.31498E+02   3.68806E-02   1.45178E-08
 3.12750E+01   2.88998E+18   5.09857E+10   5.31497E+02   3.68806E-02   1.45179E-08
 3.13250E+01   2.88996E+18   4.62214E+10   5.31496E+02   3.68806E-02   1.45179E-08
 3.13750E+01   2.88994E+18   4.14984E+10   5.31495E+02   3.68806E-02   1.45179E-08
 3.14250E+01   2.88993E+18   3.69724E+10   5.31494E+02   3.68806E-02   1.45180E-08
 3.14750E+01   2.88991E+18   3.27619E+10   5.31493E+02   3.68806E-02   1.45180E-08
 3.15250E+01   2.88990E+18   2.89518E+10   5.31492E+02   3.68806E-02   1.45180E-08
 3.15750E+01   2.88988E+18   2.55965E+10   5.31490E+02   3.68806E-02   1.45180E-08
 3.16250E+01   2.88986E+18   2.27236E+10   5.31489E+02   3.68806E-02   1.45181E-08
 3.16750E+01   2.88985E+18   2.03381E+10   5.31488E+02   3.68806E-02   1.45181E-08
 3.17250E+01   2.88983E+18   1.84266E+10   5.31487E+02   3.68806E-02   1.45181E-08
 3.17750E+01   2.88982E+18   1.69617E+10   5.31486E+02   3.68807E-02   1.45181E-08
 3.18250E+01   2.88980E+18   1.59061E+10   5.31485E+02   3.68806E-02   1.45182E-08
 3.18750E+01   2.88978E+18   1.52171E+10   5.31484E+02   3.68806E-02   1.45182E-08
 3.19250E+01   2.88977E+18   1.48431E+10   5.31483E+02   3.68806E-02   1.45182E-08
 3.19750E+01   2.88975E+18   1.47620E+10   5.31482E+02   3.68806E-02   1.45183E-08
 3.20250E+01   2.88973E+18   1.47623E+10   5.31480E+02   3.68806E-02   1.45183E-08
 3.20750E+01   2.88971E+18   1.47627E+10   5.31479E+02   3.68806E-02   1.45183E-08
 3.21250E+01   2.88970E+18   1.49995E+10   5.31478E+02   3.68806E-02   1.45183E-08
 3.21750E+01   2.88968E+18   1.63358E+10   5.31477E+02   3.68806E-02   1.45184E-08
 3.22250E+01   2.88966E+18   1.85778E+10   5.31476E+02   3.68806E-02   1.45184E-08
 3.22750E+01   2.88964E+18   2.15087E+10   5.31474E+02   3.68806E-02   1.45184E-08
 3.23250E+01   2.88963E+18   2.49643E+10   5.31473E+02   3.68806E-02   1.45185E-08
 3.23750E+01   2.88961E+18   2.88049E+10   5.31472E+02   3.68806E-02   1.45185E-08
 3.24250E+01   2.88959E+18   3.29075E+10   5.31471E+02   3.68806E-02   1.45185E-08
 3.24750E+01   2.88957E+18   3.71591E+10   5.31469E+02   3.68806E-02   1.45186E-08
 3.25250E+01   2.88955E+18   4.14505E+10   5.31468E+02   3.68806E-02   1.45186E-08
 3.25750E+01   2.88953E+18   4.56744E+10   5.31467E+02   3.68806E-02   1.45186E-08
 3.26250E+01   2.88952E+18   4.97258E+10   5.31466E+02   3.68806E-02   1.45186E-08
 3.26750E+01   2.88950E+18   5.35045E+10   5.31464E+02   3.68806E-02   1.45187E-08
 3.27250E+01   2.88948E+18   5.69188E+10   5.31463E+02   3.68806E-02   1.45187E-08
 3.27750E+01   2.88946E+18   5.98904E+10   5.31462E+02   3.68807E-02   1.45187E-08
 3.28250E+01   2.88944E+18   6.23581E+10   5.31460E+02   3.68806E-02   1.45188E-08
 3.28750E+01   2.88942E+18   6.42816E+10   5.31459E+02   3.68806E-02   1.45188E-08
 3.29250E+01   2.88940E+18   6.56454E+10   5.31458E+02   3.68806E-02   1.45188E-08
 3.29750E+01   2.88939E+18   6.64621E+10   5.31456E+02   3.68806E-02   1.45189E-08
 3.30250E+01   2.88937E+18   6.67399E+10   5.31455E+02   3.68806E-02   1.45189E-08
 3.30750E+01   2.88935E+18   6.67506E+10   5.31454E+02   3.68806E-02   1.45189E-08
 3.31250E+01   2.88933E+18   6.67596E+10   5.31452E+02   3.68806E-02   1.45190E-08
 3.31750E+01   2.88931E+18   6.65410E+10   5.31451E+02   3.68806E-02   1.45190E-08
 3.32250E+01   2.88929E+18   6.48775E+10   5.31450E+02   3.68806E-02   1.45190E-08
 3.32750E+01   2.88927E+18   6.19764E+10   5.31449E+02   3.68806E-02   1.45191E-08
 3.33250E+01   2.88925E+18   5.82067E+10   5.31448E+02   3.68806E-02   1.45191E-08
 3.33750E+01   2.88924E+18   5.38739E+10   5.31446E+02   3.68806E-02   1.45191E-08
 3.34250E+01   2.88922E+18   4.92382E+10   5.31445E+02   3.68806E-02   1.45191E-08
 3.34750E+01   2.88920E+18   4.45197E+10   5.31444E+02   3.68806E-02   1.45192E-08
 3.35250E+01   2.88918E+18   3.98978E+10   5.31443E+02   3.68806E-02   1.45192E-08
 3.35750E+01   2.88916E+18   3.55132E+10   5.31441E+02   3.68806E-02   1.45192E-08
 3.36250E+01   2.88914E+18   3.14705E+10   5.31440E+02   3.68806E-02   1.45193E-08
 3.36750E+01   2.88912E+18   2.78416E+10   5.31439E+02   3.68806E-02   1.45193E-08
 3.37250E+01   2.88911E+18   2.46702E+10   5.31438E+02   3.68806E-02   1.45193E-08
 3.37750E+01   2.88909E+18   2.19755E+10   5.31437E+02   3.68806E-02   1.45194E-08
 3.38250E+01   2.88907E+18   1.97565E+10   5.31436E+02   3.68806E-02   1.45194E-08
 3.38750E+01   2.88905E+18   1.79962E+10   5.31434E+02   3.68806E-02   1.45194E-08
 3.39250E+01   2.88903E+18   1.66654E+10   5.31433E+02   3.68806E-02   1.45195E-08
 3.39750E+01   2.88901E+18   1.57255E+10   5.31432E+02   3.68806E-02   1.45195E-08
 3.40250E+01   2.88900E+18   1.51345E+10   5.31431E+02   3.68807E-02   1.45195E-08
 3.40750E+01   2.88898E+18   1.48419E+10   5.31429E+02   3.68807E-02   1.45195E-08
 3.41250E+01   2.88896E+18   1.48064E+10   5.31428E+02   3.68807E-02   1.45196E-08
 3.41750E+01   2.88894E+18   1.48076E+10   5.31427E+02   3.68807E-02   1.45196E-08
 3.42250E+01   2.88892E+18   1.48087E+10   5.31425E+02   3.68806E-02   1.45196E-08
 3.42750E+01   2.88890E+18   1.52827E+10   5.31424E+02   3.68806E-02   1.45197E-08
 3.43250E+01   2.88888E+18   1.69033E+10   5.31423E+02   3.68806E-02   1.45197E-08
 3.43750E+01   2.88886E+18   1.93601E+10   5.31421E+02   3.68806E-02   1.45197E-08
 3.44250E+01   2.88883E+18   2.24632E+10   5.31418E+02   3.68805E-02   1.45198E-08
 3.44750E+01   2.88881E+18   2.60503E+10   5.31416E+02   3.68804E-02   1.45198E-08
 3.45250E+01   2.88878E+18   2.99814E+10   5.31413E+02   3.68803E-02   1.45198E-08
 3.45750E+01   2.88875E+18   3.41340E+10   5.31410E+02   3.68802E-02   1.45199E-08
 3.46250E+01   2.88873E+18   3.83941E+10   5.31407E+02   3.68801E-02   1.45199E-08
 3.46750E+01   2.88870E+18   4.26528E+10   5.31404E+02   3.68800E-02   1.45199E-08
 3.47250E+01   2.88867E+18   4.68047E+10   5.31401E+02   3.68798E-02   1.45200E-08
 3.47750E+01   2.88864E+18   5.07483E+10   5.31398E+02   3.68797E-02   1.45200E-08
 3.48250E+01   2.88861E+18   5.43892E+10   5.31394E+02   3.68796E-02   1.45200E-08
 3.48750E+01   2.88858E+18   5.76433E+10   5.31391E+02   3.68794E-02   1.45201E-08
 3.49250E+01   2.88855E+18   6.04413E+10   5.31388E+02   3.68793E-02   1.45201E-08
 3.49750E+01   2.88852E+18   6.27323E+10   5.31385E+02   3.68792E-02   1.45201E-08
 3.50250E+01   2.88849E+18   6.44864E+10   5.31382E+02   3.68790E-02   1.45202E-08
 3.50750E+01   2.88846E+18   6.56954E+10   5.31379E+02   3.68789E-02   1.45202E-08
 3.51250E+01   2.88843E+18   6.63839E+10   5.31375E+02   3.68788E-02   1.45202E-08
 3.51750E+01   2.88840E+18   6.65448E+10   5.31372E+02   3.68786E-02   1.45202E-08
 3.52250E+01   2.88837E+18   6.65412E+10   5.31369E+02   3.68785E-02   1.45203E-08
 3.52750E+01   2.88834E+18   6.65372E+10   5.31366E+02   3.68784E-02   1.45203E-08
 3.53250E+01   2.88831E+18   6.61252E+10   5.31363E+02   3.68782E-02   1.45203E-08
 3.53750E+01   2.88828E+18   6.41978E+10   5.31360E+02   3.68781E-02   1.45204E-08
 3.54250E+01   2.88826E+18   6.11255E+10   5.31357E+02   3.68780E-02   1.45204E-08
 3.54750E+01   2.88823E+18   5.72592E+10   5.31354E+02   3.68779E-02   1.45204E-08
 3.55250E+01   2.88820E+18   5.28880E+10   5.31352E+02   3.68778E-02   1.45205E-08
 3.55750E+01   2.88818E+18   4.82635E+10   5.31350E+02   3.68777E-02   1.45205E-08
 3.56250E+01   2.88816E+18   4.35940E+10   5.31348E+02   3.68777E-02   1.45205E-08
 3.56750E+01   2.88814E+18   3.90472E+10   5.31346E+02   3.68777E-02   1.45206E-08
 3.57250E+01   2.88812E+18   3.47539E+10   5.31345E+02   3.68777E-02   1.45206E-08
 3.57750E+01   2.88810E+18   3.08107E+10   5.31344E+02   3.68777E-02   1.45206E-08
 3.58250E+01   2.88808E+18   2.72840E+10   5.31343E+02   3.68777E-02   1.45207E-08
 3.58750E+01   2.88807E+18   2.42127E+10   5.31341E+02   3.68777E-02   1.45207E-08
 3.59250E+01   2.88805E+18   2.16128E+10   5.31340E+02   3.68777E-02   1.45207E-08
 3.59750E+01   2.88803E+18   1.94808E+10   5.31339E+02   3.68777E-02   1.45207E-08
 3.60250E+01   2.88801E+18   1.77985E+10   5.31338E+02   3.68777E-02   1.45208E-08
 3.60750E+01   2.88799E+18   1.65361E+10   5.31337E+02   3.68777E-02   1.45208E-08
 3.61250E+01   2.88798E+18   1.56561E+10   5.31336E+02   3.68777E-02   1.45208E-08
 3.61750E+01   2.88796E+18   1.51176E+10   5.31335E+02   3.68777E-02   1.45209E-08
 3.62250E+01   2.88794E+18   1.48754E+10   5.31333E+02   3.68777E-02   1.45209E-08
 3.62750E+01   2.88792E+18   1.48585E+10   5.31332E+02   3.68777E-02   1.45209E-08
 3.63250E+01   2.88790E+18   1.48567E+10   5.31331E+02   3.68777E-02   1.45210E-08
 3.63750E+01   2.88789E+18   1.48549E+10   5.31330E+02   3.68777E-02   1.45210E-08
 3.64250E+01   2.88787E+18   1.55662E+10   5.31329E+02   3.68777E-02   1.45210E-08
 3.64750E+01   2.88785E+18   1.73737E+10   5.31328E+02   3.68777E-02   1.45210E-08
 3.65250E+01   2.88783E+18   1.99959E+10   5.31326E+02   3.68777E-02   1.45211E-08
 3.65750E+01   2.88782E+18   2.32450E+10   5.31325E+02   3.68777E-02   1.45211E-08
 3.66250E+01   2.88780E+18   2.69515E+10   5.31324E+02   3.68777E-02   1.45211E-08
 3.66750E+01   2.88778E+18   3.09742E+10   5.31323E+02   3.68777E-02   1.45212E-08
 3.67250E+01   2.88776E+18   3.51864E+10   5.31322E+02   3.68777E-02   1.45212E-08
 3.67750E+01   2.88774E+18   3.94711E+10   5.31321E+02   3.68777E-02   1.45212E-08
 3.68250E+01   2.88773E+18   4.37179E+10   5.31320E+02   3.68777E-02   1.45212E-08
 3.68750E+01   2.88771E+18   4.78215E+10   5.31319E+02   3.68777E-02   1.45213E-08
 3.69250E+01   2.88769E+18   5.16832E+10   5.31318E+02   3.68777E-02   1.45213E-08
 3.69750E+01   2.88768E+18   5.52121E+10   5.31317E+02   3.68777E-02   1.45213E-08
 3.70250E+01   2.88766E+18   5.83298E+10   5.31315E+02   3.68777E-02   1.45214E-08
 3.70750E+01   2.88764E+18   6.09731E+10   5.31314E+02   3.68777E-02   1.45214E-08
 3.71250E+01   2.88762E+18   6.30985E+10   5.31313E+02   3.68777E-02   1.45214E-08
 3.71750E+01   2.88761E+18   6.46851E+10   5.31312E+02   3.68777E-02   1.45215E-08
 3.72250E+01   2.88759E+18   6.57329E+10   5.31311E+02   3.68777E-02   1.45215E-08
 3.72750E+01   2.88757E+18   6.62766E+10   5.31310E+02   3.68777E-02   1.45215E-08
 3.73250E+01   2.88755E+18   6.63421E+10   5.31309E+02   3.68777E-02   1.45215E-08
 3.73750E+01   2.88754E+18   6.63374E+10   5.31308E+02   3.68777E-02   1.45216E-08
 3.74250E+01   2.88752E+18   6.63329E+10   5.31307E+02   3.68777E-02   1.45216E-08
 3.74750E+01   2.88750E+18   6.55369E+10   5.31305E+02   3.68777E-02   1.45216E-08
 3.75250E+01   2.88749E+18   6.32381E+10   5.31304E+02   3.68777E-02   1.45217E-08
 3.75750E+01   2.88747E+18   5.99229E+10   5.31303E+02   3.68777E-02   1.45217E-08
 3.76250E+01   2.88745E+18   5.59012E+10   5.31302E+02   3.68777E-02   1.45217E-08
 3.76750E+01   2.88743E+18   5.14555E+10   5.31301E+02   3.68777E-02   1.45217E-08
 3.77250E+01   2.88742E+18   4.68213E+10   5.31300E+02   3.68777E-02   1.45218E-08
 3.77750E+01   2.88740E+18   4.21924E+10   5.31299E+02   3.68777E-02   1.45218E-08
 3.78250E+01   2.88738E+18   3.77251E+10   5.31298E+02   3.68777E-02   1.45218E-08
 3.78750E+01   2.88737E+18   3.35402E+10   5.31297E+02   3.68777E-02   1.45219E-08
 3.79250E+01   2.88735E+18   2.97257E+10   5.31295E+02   3.68777E-02   1.45219E-08
 3.79750E+01   2.88733E+18   2.63400E+10   5.31294E+02   3.68777E-02   1.45219E-08
 3.80250E+01   2.88732E+18   2.34150E+10   5.31293E+02   3.68777E-02   1.45219E-08
 3.80750E+01   2.88730E+18   2.09609E+10   5.31292E+02   3.68777E-02   1.45220E-08
 3.81250E+01   2.88728E+18   1.89696E+10   5.31291E+02   3.68777E-02   1.45220E-08
 3.81750E+01   2.88727E+18   1.74188E+10   5.31290E+02   3.68777E-02   1.45220E-08
 3.82250E+01   2.88725E+18   1.62766E+10   5.31289E+02   3.68777E-02   1.45220E-08
 3.82750E+01   2.88724E+18   1.55040E+10   5.31288E+02   3.68777E-02   1.45221E-08
 3.83250E+01   2.88722E+18   1.50578E+10   5.31287E+02   3.68777E-02   1.45221E-08
 3.83750E+01   2.88720E+18   1.49077E+10   5.31286E+02   3.68777E-02   1.45221E-08
 3.84250E+01   2.88719E+18   1.49071E+10   5.31285E+02   3.68777E-02   1.45222E-08
 3.84750E+01   2.88717E+18   1.49079E+10   5.31284E+02   3.68777E-02   1.45222E-08
 3.85250E+01   2.88715E+18   1.50028E+10   5.31283E+02   3.68777E-02   1.45222E-08
 3.85750E+01   2.88714E+18   1.61262E+10   5.31282E+02   3.68777E-02   1.45222E-08
 3.86250E+01   2.88712E+18   1.82497E+10   5.31281E+02   3.68777E-02   1.45223E-08
 3.86750E+01   2.88711E+18   2.11397E+10   5.31279E+02   3.68777E-02   1.45223E-08
 3.87250E+01   2.88709E+18   2.45960E+10   5.31278E+02   3.68777E-02   1.45223E-08
 3.87750E+01   2.88707E+18   2.84568E+10   5.31277E+02   3.68777E-02   1.45223E-08
 3.88250E+01   2.88706E+18   3.25810E+10   5.31276E+02   3.68777E-02   1.45224E-08
 3.88750E+01   2.88704E+18   3.68418E+10   5.31275E+02   3.68777E-02   1.45224E-08
 3.89250E+01   2.88703E+18   4.11226E+10   5.31274E+02   3.68777E-02   1.45224E-08
 3.89750E+01   2.88701E+18   4.53141E+10   5.31273E+02   3.68777E-02   1.45225E-08
 3.90250E+01   2.88699E+18   4.93140E+10   5.31272E+02   3.68777E-02   1.45225E-08
 3.90750E+01   2.88698E+18   5.30284E+10   5.31271E+02   3.68777E-02   1.45225E-08
 3.91250E+01   2.88696E+18   5.63745E+10   5.31270E+02   3.68777E-02   1.45225E-08
 3.91750E+01   2.88695E+18   5.92831E+10   5.31269E+02   3.68777E-02   1.45226E-08
 3.92250E+01   2.88693E+18   6.17020E+10   5.31268E+02   3.68777E-02   1.45226E-08
 3.92750E+01   2.88691E+18   6.35978E+10   5.31267E+02   3.68777E-02   1.45226E-08
 3.93250E+01   2.88690E+18   6.49594E+10   5.31266E+02   3.68777E-02   1.45226E-08
 3.93750E+01   2.88688E+18   6.57972E+10   5.31266E+02   3.68777E-02   1.45227E-08
 3.94250E+01   2.88687E+18   6.61295E+10   5.31264E+02   3.68777E-02   1.45227E-08
 3.94750E+01   2.88685E+18   6.61451E+10   5.31263E+02   3.68777E-02   1.45227E-08
 3.95250E+01   2.88684E+18   6.61524E+10   5.31262E+02   3.68777E-02   1.45227E-08
 3.95750E+01   2.88682E+18   6.60497E+10   5.31261E+02   3.68777E-02   1.45228E-08
 3.96250E+01   2.88681E+18   6.46513E+10   5.31260E+02   3.68777E-02   1.45228E-08
 3.96750E+01   2.88679E+18   6.20071E+10   5.31259E+02   3.68777E-02   1.45228E-08
 3.97250E+01   2.88677E+18   5.84592E+10   5.31258E+02   3.68777E-02   1.45228E-08
 3.97750E+01   2.88676E+18   5.43172E+10   5.31257E+02   3.68777E-02   1.45229E-08
 3.98250E+01   2.88674E+18   4.98370E+10   5.31256E+02   3.68777E-02   1.45229E-08
 3.98750E+01   2.88673E+18   4.52361E+10   5.31255E+02   3.68777E-02   1.45229E-08
 3.99250E+01   2.88671E+18   4.06935E+10   5.31254E+02   3.68777E-02   1.45229E-08
 3.99750E+01   2.88670E+18   3.63512E+10   5.31253E+02   3.68777E-02   1.45230E-08
 4.00250E+01   2.88668E+18   3.23166E+10   5.31252E+02   3.68777E-02   1.45230E-08
 4.00750E+01   2.88667E+18   2.86660E+10   5.31251E+02   3.68777E-02   1.45230E-08
 4.01250E+01   2.88665E+18   2.54477E+10   5.31250E+02   3.68777E-02   1.45230E-08
 4.01750E+01   2.88664E+18   2.26863E+10   5.31249E+02   3.68777E-02   1.45231E-08
 4.02250E+01   2.88662E+18   2.03865E+10   5.31248E+02   3.68777E-02   1.45231E-08
 4.02750E+01   2.88661E+18   1.85370E+10   5.31247E+02   3.68777E-02   1.45231E-08
 4.03250E+01   2.88659E+18   1.71140E+10   5.31246E+02   3.68777E-02   1.45231E-08
 4.03750E+01   2.88658E+18   1.60845E+10   5.31245E+02   3.68777E-02   1.45232E-08
 4.04250E+01   2.88656E+18   1.54101E+10   5.31244E+02   3.68777E-02   1.45232E-08
 4.04750E+01   2.88655E+18   1.50425E+10   5.31243E+02   3.68777E-02   1.45232E-08
 4.05250E+01   2.88653E+18   1.49618E+10   5.31242E+02   3.68777E-02   1.45233E-08
 4.05750E+01   2.88652E+18   1.49625E+10   5.31242E+02   3.68777E-02   1.45233E-08
 4.06250E+01   2.88650E+18   1.49632E+10   5.31241E+02   3.68777E-02   1.45233E-08
 4.06750E+01   2.88649E+18   1.52273E+10   5.31240E+02   3.68777E-02   1.45233E-08
 4.07250E+01   2.88648E+18   1.66504E+10   5.31239E+02   3.68777E-02   1.45233E-08
 4.07750E+01   2.88646E+18   1.90109E+10   5.31238E+02   3.68777E-02   1.45234E-08
 4.08250E+01   2.88645E+18   2.20734E+10   5.31237E+02   3.68777E-02   1.45234E-08
 4.08750E+01   2.88643E+18   2.56555E+10   5.31236E+02   3.68777E-02   1.45234E-08
 4.09250E+01   2.88642E+18   2.95989E+10   5.31235E+02   3.68777E-02   1.45234E-08
 4.09750E+01   2.88640E+18   3.37647E+10   5.31234E+02   3.68777E-02   1.45235E-08
 4.10250E+01   2.88639E+18   3.80280E+10   5.31233E+02   3.68777E-02   1.45235E-08
 4.10750E+01   2.88637E+18   4.22739E+10   5.31232E+02   3.68777E-02   1.45235E-08
 4.11250E+01   2.88636E+18   4.63957E+10   5.31231E+02   3.68777E-02   1.45235E-08
 4.11750E+01   2.88635E+18   5.02948E+10   5.31231E+02   3.68777E-02   1.45236E-08
 4.12250E+01   2.88633E+18   5.38824E+10   5.31230E+02   3.68777E-02   1.45236E-08
 4.12750E+01   2.88632E+18   5.70816E+10   5.31229E+02   3.68777E-02   1.45236E-08
 4.13250E+01   2.88630E+18   5.98309E+10   5.31228E+02   3.68777E-02   1.45236E-08
 4.13750E+01   2.88629E+18   6.20863E+10   5.31227E+02   3.68777E-02   1.45237E-08
 4.14250E+01   2.88628E+18   6.38230E+10   5.31226E+02   3.68777E-02   1.45237E-08
 4.14750E+01   2.88626E+18   6.50371E+10   5.31225E+02   3.68777E-02   1.45237E-08
 4.15250E+01   2.88625E+18   6.57501E+10   5.31224E+02   3.68777E-02   1.45237E-08
 4.15750E+01   2.88623E+18   6.59625E+10   5.31224E+02   3.68777E-02   1.45238E-08
 4.16250E+01   2.88622E+18   6.59588E+10   5.31223E+02   3.68777E-02   1.45238E-08
 4.16750E+01   2.88621E+18   6.59549E+10   5.31222E+02   3.68777E-02   1.45238E-08
 4.17250E+01   2.88619E+18   6.56908E+10   5.31221E+02   3.68777E-02   1.45238E-08
 4.17750E+01   2.88618E+18   6.40128E+10   5.31220E+02   3.68777E-02   1.45238E-08
 4.18250E+01   2.88616E+18   6.11636E+10   5.31219E+02   3.68777E-02   1.45239E-08
 4.18750E+01   2.88615E+18   5.74955E+10   5.31218E+02   3.68777E-02   1.45239E-08
 4.19250E+01   2.88614E+18   5.32963E+10   5.31217E+02   3.68777E-02   1.45239E-08
 4.19750E+01   2.88612E+18   4.88114E+10   5.31216E+02   3.68777E-02   1.45239E-08
 4.20250E+01   2.88611E+18   4.42469E+10   5.31215E+02   3.68777E-02   1.45240E-08
 4.20750E+01   2.88610E+18   3.97702E+10   5.31214E+02   3.68777E-02   1.45240E-08
 4.21250E+01   2.88608E+18   3.55133E+10   5.31214E+02   3.68777E-02   1.45240E-08
 4.21750E+01   2.88607E+18   3.15758E+10   5.31213E+02   3.68777E-02   1.45240E-08
 4.22250E+01   2.88606E+18   2.80276E+10   5.31212E+02   3.68777E-02   1.45241E-08
 4.22750E+01   2.88604E+18   2.49126E+10   5.31211E+02   3.68777E-02   1.45241E-08
 4.23250E+01   2.88603E+18   2.22516E+10   5.31210E+02   3.68777E-02   1.45241E-08
 4.23750E+01   2.88601E+18   2.00467E+10   5.31209E+02   3.68777E-02   1.45241E-08
 4.24250E+01   2.88600E+18   1.82848E+10   5.31208E+02   3.68777E-02   1.45241E-08
 4.24750E+01   2.88599E+18   1.69413E+10   5.31208E+02   3.68777E-02   1.45242E-08
 4.25250E+01   2.88598E+18   1.59832E+10   5.31207E+02   3.68777E-02   1.45242E-08
 4.25750E+01   2.88596E+18   1.53736E+10   5.31206E+02   3.68777E-02   1.45242E-08
 4.26250E+01   2.88595E+18   1.50660E+10   5.31205E+02   3.68777E-02   1.45242E-08
 4.26750E+01   2.88594E+18   1.50244E+10   5.31204E+02   3.68777E-02   1.45243E-08
 4.27250E+01   2.88592E+18   1.50230E+10   5.31203E+02   3.68777E-02   1.45243E-08
 4.27750E+01   2.88591E+18   1.50216E+10   5.31203E+02   3.68777E-02   1.45243E-08
 4.28250E+01   2.88590E+18   1.54986E+10   5.31202E+02   3.68777E-02   1.45243E-08
 4.28750E+01   2.88588E+18   1.71779E+10   5.31201E+02   3.68777E-02   1.45243E-08
 4.29250E+01   2.88587E+18   1.97334E+10   5.31200E+02   3.68777E-02   1.45244E-08
 4.29750E+01   2.88586E+18   2.29555E+10   5.31199E+02   3.68777E-02   1.45244E-08
 4.30250E+01   2.88585E+18   2.66622E+10   5.31198E+02   3.68777E-02   1.45244E-08
 4.30750E+01   2.88583E+18   3.06942E+10   5.31198E+02   3.68777E-02   1.45244E-08
 4.31250E+01   2.88582E+18   3.49122E+10   5.31197E+02   3.68777E-02   1.45244E-08
 4.31750E+01   2.88581E+18   3.91908E+10   5.31196E+02   3.68777E-02   1.45245E-08
 4.32250E+01   2.88580E+18   4.34150E+10   5.31195E+02   3.68777E-02   1.45245E-08
 4.32750E+01   2.88578E+18   4.74796E+10   5.31194E+02   3.68777E-02   1.45245E-08
 4.33250E+01   2.88577E+18   5.12891E+10   5.31193E+02   3.68777E-02   1.45245E-08
 4.33750E+01   2.88576E+18   5.47590E+10   5.31192E+02   3.68777E-02   1.45246E-08
 4.34250E+01   2.88575E+18   5.78179E+10   5.31192E+02   3.68777E-02   1.45246E-08
 4.34750E+01   2.88573E+18   6.04102E+10   5.31191E+02   3.68777E-02   1.45246E-08
 4.35250E+01   2.88572E+18   6.24986E+10   5.31190E+02   3.68777E-02   1.45246E-08
 4.35750E+01   2.88571E+18   6.40664E+10   5.31189E+02   3.68777E-02   1.45246E-08
 4.36250E+01   2.88570E+18   6.51167E+10   5.31188E+02   3.68777E-02   1.45247E-08
 4.36750E+01   2.88568E+18   6.56853E+10   5.31187E+02   3.68777E-02   1.45247E-08
 4.37250E+01   2.88567E+18   6.57795E+10   5.31186E+02   3.68777E-02   1.45247E-08
 4.37750E+01   2.88566E+18   6.57769E+10   5.31186E+02   3.68777E-02   1.45247E-08
 4.38250E+01   2.88565E+18   6.57745E+10   5.31185E+02   3.68777E-02   1.45247E-08
 4.38750E+01   2.88564E+18   6.51779E+10   5.31184E+02   3.68777E-02   1.45248E-08
 4.39250E+01   2.88562E+18   6.30934E+10   5.31183E+02   3.68777E-02   1.45248E-08
 4.39750E+01   2.88561E+18   5.99775E+10   5.31182E+02   3.68777E-02   1.45248E-08
 4.40250E+01   2.88560E+18   5.61417E+10   5.31181E+02   3.68776E-02   1.45248E-08
 4.40750E+01   2.88558E+18   5.18556E+10   5.31179E+02   3.68776E-02   1.45248E-08
 4.41250E+01   2.88556E+18   4.73509E+10   5.31177E+02   3.68775E-02   1.45249E-08
 4.41750E+01   2.88554E+18   4.28192E+10   5.31175E+02   3.68774E-02   1.45249E-08
 4.42250E+01   2.88552E+18   3.84160E+10   5.31173E+02   3.68773E-02   1.45249E-08
 4.42750E+01   2.88550E+18   3.42634E+10   5.31170E+02   3.68772E-02   1.45249E-08
 4.43250E+01   2.88547E+18   3.04518E+10   5.31167E+02   3.68770E-02   1.45249E-08
 4.43750E+01   2.88545E+18   2.70432E+10   5.31164E+02   3.68768E-02   1.45250E-08
 4.44250E+01   2.88543E+18   2.40742E+10   5.31161E+02   3.68767E-02   1.45250E-08
 4.44750E+01   2.88540E+18   2.15599E+10   5.31157E+02   3.68765E-02   1.45250E-08
 4.45250E+01   2.88538E+18   1.94978E+10   5.31154E+02   3.68763E-02   1.45250E-08
 4.45750E+01   2.88535E+18   1.78711E+10   5.31151E+02   3.68762E-02   1.45250E-08
 4.46250E+01   2.88533E+18   1.66527E+10   5.31148E+02   3.68760E-02   1.45251E-08
 4.46750E+01   2.88530E+18   1.58077E+10   5.31144E+02   3.68758E-02   1.45251E-08
 4.47250E+01   2.88528E+18   1.52985E+10   5.31141E+02   3.68756E-02   1.45251E-08
 4.47750E+01   2.88525E+18   1.50867E+10   5.31138E+02   3.68755E-02   1.45251E-08
 4.48250E+01   2.88523E+18   1.50794E+10   5.31135E+02   3.68753E-02   1.45251E-08
 4.48750E+01   2.88520E+18   1.50803E+10   5.31132E+02   3.68752E-02   1.45252E-08
 4.49250E+01   2.88518E+18   1.50919E+10   5.31129E+02   3.68750E-02   1.45252E-08
 4.49750E+01   2.88516E+18   1.60356E+10   5.31126E+02   3.68749E-02   1.45252E-08
 4.50250E+01   2.88514E+18   1.80216E+10   5.31124E+02   3.68748E-02   1.45252E-08
 4.50750E+01   2.88513E+18   2.08391E+10   5.31122E+02   3.68747E-02   1.45252E-08
 4.51250E+01   2.88511E+18   2.42611E+10   5.31121E+02   3.68747E-02   1.45252E-08
 4.51750E+01   2.88510E+18   2.81074E+10   5.31120E+02   3.68746E-02   1.45253E-08
 4.52250E+01   2.88509E+18   3.22240E+10   5.31119E+02   3.68746E-02   1.45253E-08
 4.52750E+01   2.88508E+18   3.64746E+10   5.31118E+02   3.68746E-02   1.45253E-08
 4.53250E+01   2.88507E+18   4.07362E+10   5.31117E+02   3.68746E-02   1.45253E-08
 4.53750E+01   2.88506E+18   4.48974E+10   5.31117E+02   3.68746E-02   1.45253E-08
 4.54250E+01   2.88505E+18   4.88568E+10   5.31116E+02   3.68746E-02   1.45253E-08
 4.54750E+01   2.88504E+18   5.25243E+10   5.31115E+02   3.68746E-02   1.45254E-08
 4.55250E+01   2.88503E+18   5.58225E+10   5.31115E+02   3.68746E-02   1.45254E-08
 4.55750E+01   2.88501E+18   5.86884E+10   5.31114E+02   3.68746E-02   1.45254E-08
 4.56250E+01   2.88500E+18   6.10760E+10   5.31113E+02   3.68746E-02   1.45254E-08
 4.56750E+01   2.88499E+18   6.29568E+10   5.31112E+02   3.68746E-02   1.45254E-08
 4.57250E+01   2.88498E+18   6.43228E+10   5.31112E+02   3.68746E-02   1.45254E-08
 4.57750E+01   2.88498E+18   6.51830E+10   5.31111E+02   3.68746E-02   1.45255E-08
 4.58250E+01   2.88497E+18   6.55667E+10   5.31111E+02   3.68746E-02   1.45255E-08
 4.58750E+01   2.88496E+18   6.55902E+10   5.31110E+02   3.68746E-02   1.45255E-08
 4.59250E+01   2.88495E+18   6.55958E+10   5.31109E+02   3.68746E-02   1.45255E-08
 4.59750E+01   2.88494E+18   6.55761E+10   5.31109E+02   3.68746E-02   1.45255E-08
 4.60250E+01   2.88493E+18   6.44064E+10   5.31108E+02   3.68746E-02   1.45255E-08
 4.60750E+01   2.88492E+18   6.20061E+10   5.31107E+02   3.68746E-02   1.45256E-08
 4.61250E+01   2.88491E+18   5.86711E+10   5.31107E+02   3.68746E-02   1.45256E-08
 4.61750E+01   2.88490E+18   5.47129E+10   5.31106E+02   3.68746E-02   1.45256E-08
 4.62250E+01   2.88489E+18   5.03856E+10   5.31106E+02   3.68746E-02   1.45256E-08
 4.62750E+01   2.88488E+18   4.59032E+10   5.31105E+02   3.68746E-02   1.45256E-08
 4.63250E+01   2.88487E+18   4.14433E+10   5.31104E+02   3.68746E-02   1.45256E-08
 4.63750E+01   2.88486E+18   3.71483E+10   5.31104E+02   3.68746E-02   1.45257E-08
 4.64250E+01   2.88486E+18   3.31280E+10   5.31103E+02   3.68746E-02   1.45257E-08
 4.64750E+01   2.88485E+18   2.94621E+10   5.31103E+02   3.68746E-02   1.45257E-08
 4.65250E+01   2.88484E+18   2.62037E+10   5.31102E+02   3.68746E-02   1.45257E-08
 4.65750E+01   2.88483E+18   2.33827E+10   5.31101E+02   3.68746E-02   1.45257E-08
 4.66250E+01   2.88482E+18   2.10095E+10   5.31101E+02   3.68746E-02   1.45257E-08
 4.66750E+01   2.88481E+18   1.90784E+10   5.31100E+02   3.68746E-02   1.45257E-08
 4.67250E+01   2.88480E+18   1.75710E+10   5.31100E+02   3.68746E-02   1.45258E-08
 4.67750E+01   2.88479E+18   1.64597E+10   5.31099E+02   3.68746E-02   1.45258E-08
 4.68250E+01   2.88478E+18   1.57095E+10   5.31099E+02   3.68746E-02   1.45258E-08
 4.68750E+01   2.88477E+18   1.52790E+10   5.31098E+02   3.68746E-02   1.45258E-08
 4.69250E+01   2.88477E+18   1.51431E+10   5.31097E+02   3.68746E-02   1.45258E-08
 4.69750E+01   2.88476E+18   1.51431E+10   5.31097E+02   3.68746E-02   1.45258E-08
 4.70250E+01   2.88475E+18   1.51434E+10   5.31096E+02   3.68746E-02   1.45258E-08
 4.70750E+01   2.88474E+18   1.52778E+10   5.31096E+02   3.68746E-02   1.45259E-08
 4.71250E+01   2.88473E+18   1.65066E+10   5.31095E+02   3.68746E-02   1.45259E-08
 4.71750E+01   2.88473E+18   1.87439E+10   5.31095E+02   3.68746E-02   1.45259E-08
 4.72250E+01   2.88472E+18   2.17391E+10   5.31094E+02   3.68746E-02   1.45259E-08
 4.72750E+01   2.88471E+18   2.52859E+10   5.31094E+02   3.68746E-02   1.45259E-08
 4.73250E+01   2.88470E+18   2.92124E+10   5.31093E+02   3.68746E-02   1.45259E-08
 4.73750E+01   2.88469E+18   3.33683E+10   5.31093E+02   3.68746E-02   1.45259E-08
 4.74250E+01   2.88469E+18   3.76198E+10   5.31092E+02   3.68746E-02   1.45259E-08
 4.74750E+01   2.88468E+18   4.18470E+10   5.31092E+02   3.68746E-02   1.45260E-08
 4.75250E+01   2.88467E+18   4.59415E+10   5.31091E+02   3.68746E-02   1.45260E-08
 4.75750E+01   2.88466E+18   4.98059E+10   5.31091E+02   3.68746E-02   1.45260E-08
 4.76250E+01   2.88466E+18   5.33548E+10   5.31090E+02   3.68746E-02   1.45260E-08
 4.76750E+01   2.88465E+18   5.65163E+10   5.31090E+02   3.68746E-02   1.45260E-08
 4.77250E+01   2.88464E+18   5.92338E+10   5.31089E+02   3.68746E-02   1.45260E-08
 4.77750E+01   2.88463E+18   6.14682E+10   5.31089E+02   3.68746E-02   1.45260E-08
 4.78250E+01   2.88463E+18   6.31987E+10   5.31088E+02   3.68746E-02   1.45261E-08
 4.78750E+01   2.88462E+18   6.44239E+10   5.31088E+02   3.68746E-02   1.45261E-08
 4.79250E+01   2.88461E+18   6.51612E+10   5.31087E+02   3.68746E-02   1.45261E-08
 4.79750E+01   2.88460E+18   6.54244E+10   5.31087E+02   3.68746E-02   1.45261E-08
 4.80250E+01   2.88460E+18   6.54266E+10   5.31086E+02   3.68746E-02   1.45261E-08
 4.80750E+01   2.88459E+18   6.54259E+10   5.31086E+02   3.68746E-02   1.45261E-08
 4.81250E+01   2.88459E+18   6.52709E+10   5.31086E+02   3.68746E-02   1.45261E-08
 4.81750E+01   2.88458E+18   6.38223E+10   5.31085E+02   3.68746E-02   1.45261E-08
 4.82250E+01   2.88457E+18   6.11942E+10   5.31085E+02   3.68746E-02   1.45261E-08
 4.82750E+01   2.88457E+18   5.77224E+10   5.31084E+02   3.68746E-02   1.45262E-08
 4.83250E+01   2.88456E+18   5.36954E+10   5.31084E+02   3.68746E-02   1.45262E-08
 4.83750E+01   2.88455E+18   4.93540E+10   5.31083E+02   3.68746E-02   1.45262E-08
 4.84250E+01   2.88455E+18   4.49014E+10   5.31083E+02   3.68746E-02   1.45262E-08
 4.84750E+01   2.88454E+18   4.05041E+10   5.31083E+02   3.68746E-02   1.45262E-08
 4.85250E+01   2.88453E+18   3.62938E+10   5.31083E+02   3.68746E-02   1.45262E-08
 4.85750E+01   2.88453E+18   3.23710E+10   5.31082E+02   3.68746E-02   1.45262E-08
 4.86250E+01   2.88452E+18   2.88131E+10   5.31082E+02   3.68746E-02   1.45262E-08
 4.86750E+01   2.88452E+18   2.56814E+10   5.31082E+02   3.68746E-02   1.45262E-08
 4.87250E+01   2.88451E+18   2.29971E+10   5.31081E+02   3.68746E-02   1.45262E-08
 4.87750E+01   2.88450E+18   2.07052E+10   5.31081E+02   3.68746E-02   1.45263E-08
 4.88250E+01   2.88450E+18   1.87415E+10   5.31081E+02   3.68746E-02   1.45263E-08
 4.88750E+01   2.88449E+18   1.71783E+10   5.31080E+02   3.68746E-02   1.45263E-08
 4.89250E+01   2.88449E+18   1.61446E+10   5.31080E+02   3.68746E-02   1.45263E-08
 4.89750E+01   2.88448E+18   1.60222E+10   5.31080E+02   3.68746E-02   1.45263E-08
