      xx/10.        Omega0        Omega1        Omega2           C_l         r_avg
         [-]       [kg^-1]     [m kg^-1]   [m^2 kg^-1]           [-]           [m]
 1.02500E+00   2.42464E+20   8.10955E+10   3.31620E+01   5.11486E-05   3.34464E-10
 1.07500E+00   3.82945E+20   1.20815E+11   5.24041E+01   8.08491E-05   3.15488E-10
 1.12500E+00   5.21233E+20   1.42193E+11   7.13728E+01   1.10149E-04   2.72801E-10
 1.17500E+00   6.57402E+20   1.87467E+11   9.00771E+01   1.39060E-04   2.85164E-10
 1.22500E+00   7.91521E+20   2.36836E+11   1.08525E+02   1.67594E-04   2.99216E-10
 1.27500E+00   9.23648E+20   2.86428E+11   1.26723E+02   1.95762E-04   3.10105E-10
 1.32500E+00   1.05384E+21   3.35498E+11   1.44679E+02   2.23571E-04   3.18357E-10
 1.37500E+00   1.18215E+21   3.83914E+11   1.62397E+02   2.51033E-04   3.24759E-10
 1.42500E+00   1.30862E+21   4.31665E+11   1.79886E+02   2.78154E-04   3.29862E-10
 1.47500E+00   1.43331E+21   4.78763E+11   1.97148E+02   3.04943E-04   3.34025E-10
 1.52500E+00   1.55626E+21   5.25223E+11   2.14191E+02   3.31407E-04   3.37491E-10
 1.57500E+00   1.67751E+21   5.71063E+11   2.31020E+02   3.57554E-04   3.40423E-10
 1.62500E+00   1.79710E+21   6.16299E+11   2.47639E+02   3.83391E-04   3.42940E-10
 1.67500E+00   1.91508E+21   6.60945E+11   2.64053E+02   4.08926E-04   3.45126E-10
 1.72500E+00   2.03149E+21   7.05014E+11   2.80267E+02   4.34164E-04   3.47043E-10
 1.77500E+00   2.14635E+21   7.48521E+11   2.96285E+02   4.59112E-04   3.48741E-10
 1.82500E+00   2.25971E+21   7.91477E+11   3.12112E+02   4.83775E-04   3.50256E-10
 1.87500E+00   2.37159E+21   8.33894E+11   3.27751E+02   5.08160E-04   3.51617E-10
 1.92500E+00   2.48204E+21   8.75783E+11   3.43206E+02   5.32272E-04   3.52848E-10
 1.97500E+00   2.59108E+21   9.17155E+11   3.58481E+02   5.56117E-04   3.53966E-10
 2.02500E+00   2.69874E+21   9.58021E+11   3.73580E+02   5.79700E-04   3.54988E-10
 2.07500E+00   2.80506E+21   9.98392E+11   3.88507E+02   6.03027E-04   3.55925E-10
 2.12500E+00   2.91007E+21   1.03828E+12   4.03265E+02   6.26102E-04   3.56789E-10
 2.17500E+00   3.01378E+21   1.07769E+12   4.17858E+02   6.48931E-04   3.57587E-10
 2.22500E+00   3.11624E+21   1.11663E+12   4.32288E+02   6.71518E-04   3.58328E-10
 2.27500E+00   3.21746E+21   1.15513E+12   4.46560E+02   6.93868E-04   3.59019E-10
 2.32500E+00   3.31747E+21   1.19317E+12   4.60676E+02   7.15985E-04   3.59664E-10
 2.37500E+00   3.41630E+21   1.23079E+12   4.74639E+02   7.37875E-04   3.60269E-10
 2.42500E+00   3.51398E+21   1.26798E+12   4.88452E+02   7.59541E-04   3.60838E-10
 2.47500E+00   3.61052E+21   1.30475E+12   5.02119E+02   7.80987E-04   3.61375E-10
 2.52500E+00   3.70594E+21   1.34111E+12   5.15642E+02   8.02218E-04   3.61882E-10
 2.57500E+00   3.80028E+21   1.37708E+12   5.29023E+02   8.23236E-04   3.62362E-10
 2.62500E+00   3.89356E+21   1.41265E+12   5.42265E+02   8.44048E-04   3.62818E-10
 2.67500E+00   3.98578E+21   1.44784E+12   5.55372E+02   8.64656E-04   3.63252E-10
 2.72500E+00   4.07699E+21   1.48265E+12   5.68346E+02   8.85063E-04   3.63664E-10
 2.77500E+00   4.16719E+21   1.51709E+12   5.81188E+02   9.05275E-04   3.64057E-10
 2.82500E+00   4.25640E+21   1.55117E+12   5.93902E+02   9.25293E-04   3.64431E-10
 2.87500E+00   4.34465E+21   1.58488E+12   6.06490E+02   9.45122E-04   3.64789E-10
 2.92500E+00   4.43195E+21   1.61824E+12   6.18954E+02   9.64763E-04   3.65130E-10
 2.97500E+00   4.51832E+21   1.65125E+12   6.31296E+02   9.84222E-04   3.65457E-10
 3.02500E+00   4.60378E+21   1.68393E+12   6.43518E+02   1.00350E-03   3.65770E-10
 3.07500E+00   4.68834E+21   1.71627E+12   6.55622E+02   1.02260E-03   3.66071E-10
 3.12500E+00   4.77202E+21   1.74828E+12   6.67611E+02   1.04153E-03   3.66361E-10
 3.17500E+00   4.85483E+21   1.77998E+12   6.79486E+02   1.06028E-03   3.66640E-10
 3.22500E+00   4.93680E+21   1.81136E+12   6.91249E+02   1.07887E-03   3.66911E-10
 3.27500E+00   5.01793E+21   1.84244E+12   7.02902E+02   1.09729E-03   3.67172E-10
 3.32500E+00   5.09824E+21   1.87322E+12   7.14448E+02   1.11555E-03   3.67425E-10
 3.37500E+00   5.17775E+21   1.90371E+12   7.25887E+02   1.13365E-03   3.67670E-10
 3.42500E+00   5.25647E+21   1.93390E+12   7.37222E+02   1.15159E-03   3.67908E-10
 3.47500E+00   5.33441E+21   1.96380E+12   7.48454E+02   1.16937E-03   3.68138E-10
 3.52500E+00   5.41159E+21   1.99342E+12   7.59583E+02   1.18700E-03   3.68361E-10
 3.57500E+00   5.48800E+21   2.02276E+12   7.70613E+02   1.20448E-03   3.68578E-10
 3.62500E+00   5.56368E+21   2.05182E+12   7.81544E+02   1.22181E-03   3.68789E-10
 3.67500E+00   5.63863E+21   2.08062E+12   7.92379E+02   1.23899E-03   3.68994E-10
 3.72500E+00   5.71286E+21   2.10915E+12   8.03118E+02   1.25603E-03   3.69193E-10
 3.77500E+00   5.78638E+21   2.13741E+12   8.13762E+02   1.27292E-03   3.69387E-10
 3.82500E+00   5.85921E+21   2.16543E+12   8.24314E+02   1.28968E-03   3.69577E-10
 3.87500E+00   5.93135E+21   2.19319E+12   8.34775E+02   1.30629E-03   3.69762E-10
 3.92500E+00   6.00281E+21   2.22071E+12   8.45145E+02   1.32277E-03   3.69944E-10
 3.97500E+00   6.07361E+21   2.24798E+12   8.55426E+02   1.33911E-03   3.70122E-10
 4.02500E+00   6.14374E+21   2.27501E+12   8.65618E+02   1.35532E-03   3.70297E-10
 4.07500E+00   6.21322E+21   2.30180E+12   8.75723E+02   1.37139E-03   3.70468E-10
 4.12500E+00   6.28205E+21   2.32835E+12   8.85741E+02   1.38734E-03   3.70636E-10
 4.17500E+00   6.35023E+21   2.35467E+12   8.95672E+02   1.40315E-03   3.70801E-10
 4.22500E+00   6.41778E+21   2.38076E+12   9.05518E+02   1.41882E-03   3.70964E-10
 4.27500E+00   6.48468E+21   2.40662E+12   9.15277E+02   1.43437E-03   3.71124E-10
 4.32500E+00   6.55095E+21   2.43225E+12   9.24952E+02   1.44979E-03   3.71282E-10
 4.37500E+00   6.61659E+21   2.45766E+12   9.34541E+02   1.46508E-03   3.71438E-10
 4.42500E+00   6.68160E+21   2.48284E+12   9.44047E+02   1.48024E-03   3.71593E-10
 4.47500E+00   6.74599E+21   2.50780E+12   9.53467E+02   1.49527E-03   3.71747E-10
 4.52500E+00   6.80974E+21   2.53254E+12   9.62802E+02   1.51018E-03   3.71900E-10
 4.57500E+00   6.87286E+21   2.55706E+12   9.72053E+02   1.52495E-03   3.72052E-10
 4.62500E+00   6.93535E+21   2.58136E+12   9.81218E+02   1.53959E-03   3.72204E-10
 4.67500E+00   6.99719E+21   2.60544E+12   9.90296E+02   1.55410E-03   3.72355E-10
 4.72500E+00   7.05839E+21   2.62930E+12   9.99288E+02   1.56848E-03   3.72507E-10
 4.77500E+00   7.11895E+21   2.65294E+12   1.00819E+03   1.58272E-03   3.72659E-10
 4.82500E+00   7.17884E+21   2.67635E+12   1.01701E+03   1.59683E-03   3.72811E-10
 4.87500E+00   7.23806E+21   2.69955E+12   1.02573E+03   1.61080E-03   3.72965E-10
 4.92500E+00   7.29660E+21   2.72252E+12   1.03436E+03   1.62463E-03   3.73122E-10
 4.97500E+00   7.35445E+21   2.74527E+12   1.04290E+03   1.63831E-03   3.73281E-10
 5.02500E+00   7.41158E+21   2.76781E+12   1.05135E+03   1.65185E-03   3.73444E-10
 5.07500E+00   7.46798E+21   2.79011E+12   1.05969E+03   1.66524E-03   3.73610E-10
 5.12500E+00   7.52362E+21   2.81220E+12   1.06793E+03   1.67847E-03   3.73782E-10
 5.17500E+00   7.57848E+21   2.83405E+12   1.07607E+03   1.69154E-03   3.73960E-10
 5.22500E+00   7.63254E+21   2.85568E+12   1.08409E+03   1.70444E-03   3.74145E-10
 5.27500E+00   7.68576E+21   2.87706E+12   1.09201E+03   1.71718E-03   3.74337E-10
 5.32500E+00   7.73809E+21   2.89820E+12   1.09980E+03   1.72972E-03   3.74536E-10
 5.37500E+00   7.78951E+21   2.91907E+12   1.10747E+03   1.74208E-03   3.74744E-10
 5.42500E+00   7.83995E+21   2.93968E+12   1.11501E+03   1.75424E-03   3.74962E-10
 5.47500E+00   7.88939E+21   2.96001E+12   1.12242E+03   1.76619E-03   3.75189E-10
 5.52500E+00   7.93775E+21   2.98005E+12   1.12967E+03   1.77792E-03   3.75428E-10
 5.57500E+00   7.98499E+21   2.99979E+12   1.13678E+03   1.78942E-03   3.75679E-10
 5.62500E+00   8.03104E+21   3.01922E+12   1.14373E+03   1.80066E-03   3.75945E-10
 5.67500E+00   8.07581E+21   3.03833E+12   1.15050E+03   1.81165E-03   3.76226E-10
 5.72500E+00   8.11924E+21   3.05709E+12   1.15709E+03   1.82236E-03   3.76525E-10
 5.77500E+00   8.16124E+21   3.07550E+12   1.16349E+03   1.83277E-03   3.76842E-10
 5.82500E+00   8.20173E+21   3.09353E+12   1.16968E+03   1.84287E-03   3.77180E-10
 5.87500E+00   8.24059E+21   3.11116E+12   1.17565E+03   1.85263E-03   3.77541E-10
 5.92500E+00   8.27772E+21   3.12838E+12   1.18139E+03   1.86203E-03   3.77927E-10
 5.97500E+00   8.31300E+21   3.14514E+12   1.18688E+03   1.87105E-03   3.78340E-10
 6.02500E+00   8.34632E+21   3.16143E+12   1.19210E+03   1.87966E-03   3.78781E-10
 6.07500E+00   8.37754E+21   3.17721E+12   1.19703E+03   1.88783E-03   3.79253E-10
 6.12500E+00   8.40652E+21   3.19245E+12   1.20166E+03   1.89553E-03   3.79759E-10
 6.17500E+00   8.43311E+21   3.20711E+12   1.20596E+03   1.90273E-03   3.80300E-10
 6.22500E+00   8.45715E+21   3.22115E+12   1.20992E+03   1.90940E-03   3.80879E-10
 6.27500E+00   8.47847E+21   3.23452E+12   1.21350E+03   1.91549E-03   3.81498E-10
 6.32500E+00   8.49690E+21   3.24719E+12   1.21669E+03   1.92097E-03   3.82162E-10
 6.37500E+00   8.51225E+21   3.25912E+12   1.21945E+03   1.92580E-03   3.82875E-10
 6.42500E+00   8.52432E+21   3.27025E+12   1.22176E+03   1.92994E-03   3.83637E-10
 6.47500E+00   8.53293E+21   3.28043E+12   1.22360E+03   1.93334E-03   3.84444E-10
 6.52500E+00   8.53786E+21   3.28954E+12   1.22493E+03   1.93596E-03   3.85288E-10
 6.57500E+00   8.53890E+21   3.29759E+12   1.22572E+03   1.93774E-03   3.86185E-10
 6.62500E+00   8.53583E+21   3.30490E+12   1.22594E+03   1.93864E-03   3.87179E-10
 6.67500E+00   8.52844E+21   3.31176E+12   1.22555E+03   1.93860E-03   3.88319E-10
 6.72500E+00   8.51650E+21   3.31773E+12   1.22454E+03   1.93758E-03   3.89565E-10
 6.77500E+00   8.49980E+21   3.32040E+12   1.22286E+03   1.93553E-03   3.90645E-10
 6.82500E+00   8.47812E+21   3.32100E+12   1.22048E+03   1.93238E-03   3.91714E-10
 6.87500E+00   8.45125E+21   3.32163E+12   1.21737E+03   1.92810E-03   3.93035E-10
 6.92500E+00   8.41897E+21   3.32099E+12   1.21350E+03   1.92262E-03   3.94465E-10
 6.97500E+00   8.38110E+21   3.31838E+12   1.20883E+03   1.91591E-03   3.95935E-10
 7.02500E+00   8.33745E+21   3.31390E+12   1.20335E+03   1.90790E-03   3.97471E-10
 7.07500E+00   8.28786E+21   3.30749E+12   1.19701E+03   1.89856E-03   3.99077E-10
 7.12500E+00   8.23218E+21   3.29907E+12   1.18981E+03   1.88785E-03   4.00752E-10
 7.17500E+00   8.17029E+21   3.28851E+12   1.18171E+03   1.87572E-03   4.02496E-10
 7.22500E+00   8.10209E+21   3.27571E+12   1.17270E+03   1.86216E-03   4.04305E-10
 7.27500E+00   8.02750E+21   3.26057E+12   1.16276E+03   1.84711E-03   4.06175E-10
 7.32500E+00   7.94648E+21   3.24296E+12   1.15188E+03   1.83058E-03   4.08101E-10
 7.37500E+00   7.85903E+21   3.22280E+12   1.14006E+03   1.81255E-03   4.10076E-10
 7.42500E+00   7.76519E+21   3.19998E+12   1.12730E+03   1.79300E-03   4.12094E-10
 7.47500E+00   7.66501E+21   3.17442E+12   1.11360E+03   1.77195E-03   4.14145E-10
 7.52500E+00   7.55861E+21   3.14603E+12   1.09896E+03   1.74940E-03   4.16218E-10
 7.57500E+00   7.44613E+21   3.11473E+12   1.08342E+03   1.72537E-03   4.18302E-10
 7.62500E+00   7.32778E+21   3.08046E+12   1.06699E+03   1.69991E-03   4.20382E-10
 7.67500E+00   7.20376E+21   3.04318E+12   1.04969E+03   1.67304E-03   4.22443E-10
 7.72500E+00   7.07437E+21   3.00285E+12   1.03157E+03   1.64481E-03   4.24469E-10
 7.77500E+00   6.93991E+21   2.95946E+12   1.01266E+03   1.61530E-03   4.26440E-10
 7.82500E+00   6.80072E+21   2.91300E+12   9.93006E+02   1.58457E-03   4.28337E-10
 7.87500E+00   6.65717E+21   2.86351E+12   9.72667E+02   1.55269E-03   4.30139E-10
 7.92500E+00   6.50967E+21   2.81102E+12   9.51695E+02   1.51975E-03   4.31822E-10
 7.97500E+00   6.35864E+21   2.75560E+12   9.30150E+02   1.48585E-03   4.33363E-10
 8.02500E+00   6.20453E+21   2.69735E+12   9.08097E+02   1.45109E-03   4.34739E-10
 8.07500E+00   6.04780E+21   2.63638E+12   8.85602E+02   1.41557E-03   4.35924E-10
 8.12500E+00   5.88891E+21   2.57282E+12   8.62733E+02   1.37940E-03   4.36893E-10
 8.17500E+00   5.72831E+21   2.50684E+12   8.39560E+02   1.34270E-03   4.37623E-10
 8.22500E+00   5.56648E+21   2.43862E+12   8.16152E+02   1.30557E-03   4.38090E-10
 8.27500E+00   5.40384E+21   2.36835E+12   7.92578E+02   1.26814E-03   4.38271E-10
 8.32500E+00   5.24085E+21   2.29625E+12   7.68904E+02   1.23049E-03   4.38145E-10
 8.37500E+00   5.07790E+21   2.22256E+12   7.45195E+02   1.19276E-03   4.37693E-10
 8.42500E+00   4.91538E+21   2.14752E+12   7.21513E+02   1.15503E-03   4.36897E-10
 8.47500E+00   4.75367E+21   2.07136E+12   6.97916E+02   1.11740E-03   4.35739E-10
 8.52500E+00   4.59309E+21   1.99435E+12   6.74456E+02   1.07996E-03   4.34206E-10
 8.57500E+00   4.43394E+21   1.91672E+12   6.51184E+02   1.04280E-03   4.32284E-10
 8.62500E+00   4.27650E+21   1.83872E+12   6.28144E+02   1.00599E-03   4.29960E-10
 8.67500E+00   4.12101E+21   1.76058E+12   6.05376E+02   9.69604E-04   4.27222E-10
 8.72500E+00   3.96769E+21   1.68253E+12   5.82916E+02   9.33695E-04   4.24057E-10
 8.77500E+00   3.81674E+21   1.60476E+12   5.60795E+02   8.98319E-04   4.20453E-10
 8.82500E+00   3.66832E+21   1.52748E+12   5.39041E+02   8.63523E-04   4.16397E-10
 8.87500E+00   3.52258E+21   1.45086E+12   5.17676E+02   8.29346E-04   4.11874E-10
 8.92500E+00   3.37964E+21   1.37507E+12   4.96722E+02   7.95823E-04   4.06868E-10
 8.97500E+00   3.23962E+21   1.30025E+12   4.76195E+02   7.62983E-04   4.01359E-10
 9.02500E+00   3.10260E+21   1.22652E+12   4.56110E+02   7.30850E-04   3.95320E-10
 9.07500E+00   2.96868E+21   1.15398E+12   4.36480E+02   6.99446E-04   3.88719E-10
 9.12500E+00   2.83793E+21   1.08271E+12   4.17316E+02   6.68787E-04   3.81512E-10
 9.17500E+00   2.71041E+21   1.01273E+12   3.98627E+02   6.38888E-04   3.73645E-10
 9.22500E+00   2.58617E+21   9.44090E+11   3.80419E+02   6.09761E-04   3.65053E-10
 9.27500E+00   2.46526E+21   8.76784E+11   3.62700E+02   5.81416E-04   3.55655E-10
 9.32500E+00   2.34772E+21   8.10816E+11   3.45475E+02   5.53861E-04   3.45364E-10
 9.37500E+00   2.23356E+21   7.46198E+11   3.28746E+02   5.27101E-04   3.34084E-10
 9.42500E+00   2.12283E+21   6.82963E+11   3.12519E+02   5.01142E-04   3.21723E-10
 9.47500E+00   2.01553E+21   6.21184E+11   2.96794E+02   4.75987E-04   3.08198E-10
 9.52500E+00   1.91168E+21   5.60984E+11   2.81574E+02   4.51637E-04   2.93451E-10
 9.57500E+00   1.81128E+21   5.02545E+11   2.66857E+02   4.28092E-04   2.77453E-10
 9.62500E+00   1.71432E+21   4.46112E+11   2.52643E+02   4.05351E-04   2.60227E-10
 9.67500E+00   1.62080E+21   3.91984E+11   2.38932E+02   3.83411E-04   2.41846E-10
 9.72500E+00   1.53070E+21   3.40504E+11   2.25720E+02   3.62268E-04   2.22450E-10
 9.77500E+00   1.44399E+21   2.92035E+11   2.13003E+02   3.41917E-04   2.02241E-10
 9.82500E+00   1.36066E+21   2.46936E+11   2.00778E+02   3.22350E-04   1.81483E-10
 9.87500E+00   1.28066E+21   2.05532E+11   1.89040E+02   3.03560E-04   1.60489E-10
 9.92500E+00   1.20396E+21   1.68088E+11   1.77783E+02   2.85538E-04   1.39613E-10
 9.97500E+00   1.13051E+21   1.34783E+11   1.67001E+02   2.68274E-04   1.19223E-10
 1.00250E+01   1.06027E+21   1.05696E+11   1.56686E+02   2.51756E-04   9.96877E-11
 1.00750E+01   9.93187E+20   8.07978E+10   1.46831E+02   2.35972E-04   8.13521E-11
 1.01250E+01   9.29195E+20   5.99505E+10   1.37428E+02   2.20908E-04   6.45188E-11
 1.01750E+01   8.68237E+20   4.29201E+10   1.28468E+02   2.06551E-04   4.94336E-11
 1.02250E+01   8.10246E+20   2.93930E+10   1.19940E+02   1.92885E-04   3.62766E-11
 1.02750E+01   7.55153E+20   1.89981E+10   1.11836E+02   1.79895E-04   2.51580E-11
 1.03250E+01   7.02885E+20   1.13315E+10   1.04144E+02   1.67563E-04   1.61214E-11
 1.03750E+01   6.53368E+20   5.98011E+09   9.68533E+01   1.55872E-04   9.15275E-12
 1.04250E+01   6.06521E+20   2.54326E+09   8.99532E+01   1.44805E-04   4.19319E-12
 1.04750E+01   5.62267E+20   6.46406E+08   8.34319E+01   1.34343E-04   1.14964E-12
 1.05250E+01   5.20521E+20   7.43394E+06   7.72773E+01   1.24466E-04   1.42817E-14
 1.05750E+01   4.81199E+20   1.40537E+02   7.14774E+01   1.15156E-04   2.92056E-19
 1.06250E+01   4.44217E+20   1.34430E+02   6.60197E+01   1.06394E-04   3.02623E-19
 1.06750E+01   4.09488E+20   1.27141E+02   6.08919E+01   9.81585E-05   3.10489E-19
 1.07250E+01   3.76924E+20   1.20212E+02   5.60811E+01   9.04302E-05   3.18930E-19
 1.07750E+01   3.46438E+20   1.13669E+02   5.15749E+01   8.31891E-05   3.28108E-19
 1.08250E+01   3.17942E+20   1.07495E+02   4.73605E+01   7.64148E-05   3.38095E-19
 1.08750E+01   2.91349E+20   1.01625E+02   4.34252E+01   7.00873E-05   3.48808E-19
 1.09250E+01   2.66572E+20   9.60056E+01   3.97564E+01   6.41864E-05   3.60149E-19
 1.09750E+01   2.43525E+20   9.06031E+01   3.63417E+01   5.86924E-05   3.72049E-19
 1.10250E+01   2.22122E+20   8.53996E+01   3.31685E+01   5.35855E-05   3.84472E-19
 1.10750E+01   2.02278E+20   8.03873E+01   3.02248E+01   4.88462E-05   3.97409E-19
 1.11250E+01   1.83913E+20   7.55638E+01   2.74986E+01   4.44555E-05   4.10867E-19
 1.11750E+01   1.66944E+20   7.09296E+01   2.49779E+01   4.03946E-05   4.24870E-19
 1.12250E+01   1.51293E+20   6.64857E+01   2.26515E+01   3.66451E-05   4.39451E-19
 1.12750E+01   1.36882E+20   6.22328E+01   2.05079E+01   3.31891E-05   4.54645E-19
 1.13250E+01   1.23637E+20   5.81702E+01   1.85363E+01   3.00093E-05   4.70492E-19
 1.13750E+01   1.11485E+20   5.42965E+01   1.67262E+01   2.70888E-05   4.87030E-19
 1.14250E+01   1.00356E+20   5.06093E+01   1.50672E+01   2.44112E-05   5.04298E-19
 1.14750E+01   9.01822E+19   4.71053E+01   1.35496E+01   2.19607E-05   5.22334E-19
 1.15250E+01   8.08991E+19   4.37808E+01   1.21637E+01   1.97221E-05   5.41177E-19
 1.15750E+01   7.24443E+19   4.06316E+01   1.09006E+01   1.76809E-05   5.60867E-19
 1.16250E+01   6.47583E+19   3.76533E+01   9.75142E+00   1.58232E-05   5.81443E-19
 1.16750E+01   5.77845E+19   3.48409E+01   8.70791E+00   1.41355E-05   6.02946E-19
 1.17250E+01   5.14688E+19   3.21896E+01   7.76214E+00   1.26054E-05   6.25420E-19
 1.17750E+01   4.57603E+19   2.96942E+01   6.90659E+00   1.12206E-05   6.48907E-19
 1.18250E+01   4.06104E+19   2.73493E+01   6.13416E+00   9.96976E-06   6.73455E-19
 1.18750E+01   3.59737E+19   2.51496E+01   5.43812E+00   8.84219E-06   6.99109E-19
 1.19250E+01   3.18073E+19   2.30895E+01   4.81215E+00   7.82767E-06   7.25920E-19
 1.19750E+01   2.80707E+19   2.11636E+01   4.25030E+00   6.91669E-06   7.53937E-19
 1.20250E+01   2.47265E+19   1.93661E+01   3.74701E+00   6.10029E-06   7.83215E-19
 1.20750E+01   2.17393E+19   1.76916E+01   3.29708E+00   5.37012E-06   8.13808E-19
 1.21250E+01   1.90766E+19   1.61345E+01   2.89566E+00   4.71837E-06   8.45775E-19
 1.21750E+01   1.67078E+19   1.46891E+01   2.53825E+00   4.13781E-06   8.79176E-19
 1.22250E+01   1.46049E+19   1.33499E+01   2.22067E+00   3.62172E-06   9.14073E-19
 1.22750E+01   1.27418E+19   1.21115E+01   1.93906E+00   3.16386E-06   9.50531E-19
 1.23250E+01   1.10947E+19   1.09684E+01   1.68987E+00   2.75852E-06   9.88620E-19
 1.23750E+01   9.64146E+18   9.91537E+00   1.46981E+00   2.40041E-06   1.02841E-18
 1.24250E+01   8.36205E+18   8.94717E+00   1.27590E+00   2.08468E-06   1.06997E-18
 1.24750E+01   7.23800E+18   8.05871E+00   1.10537E+00   1.80690E-06   1.11339E-18
 1.25250E+01   6.25255E+18   7.24506E+00   9.55736E-01   1.56303E-06   1.15874E-18
 1.25750E+01   5.39044E+18   6.50139E+00   8.24704E-01   1.34938E-06   1.20610E-18
 1.26250E+01   4.63784E+18   5.82308E+00   7.10209E-01   1.16260E-06   1.25556E-18
 1.26750E+01   3.98224E+18   5.20563E+00   6.10377E-01   9.99654E-07   1.30721E-18
 1.27250E+01   3.41238E+18   4.64475E+00   5.23516E-01   8.57812E-07   1.36115E-18
 1.27750E+01   2.91810E+18   4.13631E+00   4.48104E-01   7.34602E-07   1.41746E-18
 1.28250E+01   2.49032E+18   3.67636E+00   3.82773E-01   6.27810E-07   1.47626E-18
 1.28750E+01   2.12089E+18   3.26116E+00   3.26298E-01   5.35446E-07   1.53764E-18
 1.29250E+01   1.80254E+18   2.88716E+00   2.77585E-01   4.55735E-07   1.60172E-18
 1.29750E+01   1.52881E+18   2.55097E+00   2.35657E-01   3.87093E-07   1.66860E-18
 1.30250E+01   1.29396E+18   2.24944E+00   1.99650E-01   3.28111E-07   1.73841E-18
 1.30750E+01   1.09292E+18   1.97956E+00   1.68794E-01   2.77542E-07   1.81126E-18
 1.31250E+01   9.21185E+17   1.73854E+00   1.42410E-01   2.34279E-07   1.88729E-18
 1.31750E+01   7.74817E+17   1.52377E+00   1.19900E-01   1.97349E-07   1.96663E-18
 1.32250E+01   6.50341E+17   1.33281E+00   1.00737E-01   1.65894E-07   2.04940E-18
 1.32750E+01   5.44718E+17   1.16339E+00   8.44604E-02   1.39161E-07   2.13577E-18
 1.33250E+01   4.55290E+17   1.01342E+00   7.06650E-02   1.16492E-07   2.22587E-18
 1.33750E+01   3.79743E+17   8.80952E-01   5.89987E-02   9.73110E-08   2.31986E-18
 1.34250E+01   3.16064E+17   7.64213E-01   4.91549E-02   8.11176E-08   2.41791E-18
 1.34750E+01   2.62507E+17   6.61564E-01   4.08672E-02   6.74766E-08   2.52017E-18
 1.35250E+01   2.17565E+17   5.71507E-01   3.39052E-02   5.60113E-08   2.62684E-18
 1.35750E+01   1.79935E+17   4.92676E-01   2.80698E-02   4.63960E-08   2.73808E-18
 1.36250E+01   1.48498E+17   4.23826E-01   2.31895E-02   3.83501E-08   2.85409E-18
 1.36750E+01   1.22293E+17   3.63830E-01   1.91172E-02   3.16325E-08   2.97506E-18
 1.37250E+01   1.00498E+17   3.11667E-01   1.57266E-02   2.60363E-08   3.10121E-18
 1.37750E+01   8.24123E+16   2.66418E-01   1.29099E-02   2.13847E-08   3.23275E-18
 1.38250E+01   6.74370E+16   2.27255E-01   1.05751E-02   1.75269E-08   3.36989E-18
 1.38750E+01   5.50653E+16   1.93438E-01   8.64418E-03   1.43345E-08   3.51288E-18
 1.39250E+01   4.48673E+16   1.64302E-01   7.05078E-03   1.16986E-08   3.66196E-18
 1.39750E+01   3.64800E+16   1.39258E-01   5.73885E-03   9.52716E-09   3.81737E-18
 1.40250E+01   2.95973E+16   1.17779E-01   4.66108E-03   7.74224E-09   3.97939E-18
 1.40750E+01   2.39618E+16   9.94003E-02   3.77765E-03   6.27834E-09   4.14828E-18
 1.41250E+01   1.93579E+16   8.37102E-02   3.05513E-03   5.08038E-09   4.32433E-18
 1.41750E+01   1.56052E+16   7.03458E-02   2.46554E-03   4.10225E-09   4.50784E-18
 1.42250E+01   1.25531E+16   5.89885E-02   1.98548E-03   3.30538E-09   4.69912E-18
 1.42750E+01   1.00763E+16   4.93588E-02   1.59548E-03   2.65763E-09   4.89848E-18
 1.43250E+01   8.07098E+15   4.12126E-02   1.27935E-03   2.13227E-09   5.10627E-18
 1.43750E+01   6.45089E+15   3.43371E-02   1.02368E-03   1.70711E-09   5.32284E-18
 1.44250E+01   5.14499E+15   2.85472E-02   8.17348E-04   1.36381E-09   5.54854E-18
 1.44750E+01   4.09468E+15   2.36826E-02   6.51214E-04   1.08723E-09   5.78376E-18
 1.45250E+01   3.25182E+15   1.96049E-02   5.17742E-04   8.64892E-10   6.02889E-18
 1.45750E+01   2.57694E+15   1.61944E-02   4.10748E-04   6.86556E-10   6.28434E-18
 1.46250E+01   2.03777E+15   1.33485E-02   3.25171E-04   5.43831E-10   6.55053E-18
 1.46750E+01   1.60796E+15   1.09790E-02   2.56874E-04   4.29859E-10   6.82792E-18
 1.47250E+01   1.26611E+15   9.01082E-03   2.02489E-04   3.39049E-10   7.11696E-18
 1.47750E+01   9.94801E+14   7.37957E-03   1.59279E-04   2.66853E-10   7.41814E-18
 1.48250E+01   7.79966E+14   6.03065E-03   1.25022E-04   2.09584E-10   7.73194E-18
 1.48750E+01   6.10223E+14   4.91773E-03   9.79247E-05   1.64255E-10   8.05890E-18
 1.49250E+01   4.76405E+14   4.00158E-03   7.65369E-05   1.28456E-10   8.39955E-18
 1.49750E+01   3.71140E+14   3.24913E-03   5.96932E-05   1.00246E-10   8.75444E-18
 1.50250E+01   2.88520E+14   2.63250E-03   4.64573E-05   7.80647E-11   9.12416E-18
 1.50750E+01   2.23816E+14   2.12833E-03   3.60794E-05   6.06623E-11   9.50930E-18
 1.51250E+01   1.73254E+14   1.71703E-03   2.79602E-05   4.70392E-11   9.91047E-18
 1.51750E+01   1.33831E+14   1.38224E-03   2.16221E-05   3.63980E-11   1.03283E-17
 1.52250E+01   1.03159E+14   1.11035E-03   1.66852E-05   2.81043E-11   1.07634E-17
 1.52750E+01   7.93497E+13   8.90029E-04   1.28482E-05   2.16544E-11   1.12165E-17
 1.53250E+01   6.09072E+13   7.11898E-04   9.87258E-06   1.66494E-11   1.16882E-17
 1.53750E+01   4.66533E+13   5.68200E-04   7.57003E-06   1.27740E-11   1.21792E-17
 1.54250E+01   3.56608E+13   4.52538E-04   5.79218E-06   9.77995E-12   1.26901E-17
 1.54750E+01   2.72021E+13   3.59649E-04   4.42248E-06   7.47179E-12   1.32213E-17
 1.55250E+01   2.07074E+13   2.85216E-04   3.36952E-06   5.69630E-12   1.37736E-17
 1.55750E+01   1.57316E+13   2.25704E-04   2.56183E-06   4.33352E-12   1.43472E-17
 1.56250E+01   1.19277E+13   1.78228E-04   1.94363E-06   3.28979E-12   1.49424E-17
 1.56750E+01   9.02616E+12   1.40438E-04   1.47148E-06   2.49217E-12   1.55590E-17
 1.57250E+01   6.81771E+12   1.10425E-04   1.11167E-06   1.88394E-12   1.61967E-17
 1.57750E+01   5.14044E+12   8.66401E-05   8.38071E-07   1.42115E-12   1.68546E-17
 1.58250E+01   3.86928E+12   6.78335E-05   6.30472E-07   1.06978E-12   1.75313E-17
 1.58750E+01   2.90795E+12   5.29960E-05   4.73295E-07   8.03580E-13   1.82245E-17
 1.59250E+01   2.18245E+12   4.13157E-05   3.54553E-07   6.02348E-13   1.89309E-17
 1.59750E+01   1.63553E+12   3.21411E-05   2.65040E-07   4.50556E-13   1.96518E-17
 1.60250E+01   1.22152E+12   2.49505E-05   1.97708E-07   3.36305E-13   2.04259E-17
 1.60750E+01   9.06238E+11   1.93274E-05   1.47171E-07   2.50496E-13   2.13270E-17
 1.61250E+01   5.23896E+11   1.49396E-05   1.09320E-07   1.86188E-13   2.85164E-17
 1.61750E+01   1.70563E+11   1.15234E-05   8.10332E-08   1.38098E-13   6.75613E-17
 1.62250E+01   5.34442E+09   8.86949E-06   5.99390E-08   1.02213E-13   1.65958E-15
 1.62750E+01   0.00000E+00   6.81223E-06   4.42425E-08   7.54936E-14      Infinity
 1.63250E+01   2.94288E-01   5.22103E-06   3.25878E-08   5.56415E-14   1.77412E-05
 1.63750E+01   3.78138E-01   3.99298E-06   2.39527E-08   4.09235E-14   1.05596E-05
 1.64250E+01   3.78650E-01   3.04729E-06   1.75687E-08   3.00353E-14   8.04778E-06
 1.64750E+01   3.28271E-01   2.32063E-06   1.28590E-08   2.19976E-14   7.06925E-06
 1.65250E+01   2.61489E-01   1.76350E-06   9.39208E-09   1.60770E-14   6.74406E-06
 1.65750E+01   1.98070E-01   1.33727E-06   6.84544E-09   1.17252E-14   6.75149E-06
 1.66250E+01   1.45496E-01   1.01190E-06   4.97882E-09   8.53343E-15   6.95483E-06
 1.66750E+01   1.04803E-01   7.64070E-07   3.61358E-09   6.19743E-15   7.29054E-06
 1.67250E+01   7.44961E-02   5.75711E-07   2.61719E-09   4.49144E-15   7.72807E-06
 1.67750E+01   5.24484E-02   4.32865E-07   1.89155E-09   3.24823E-15   8.25315E-06
 1.68250E+01   3.66514E-02   3.24770E-07   1.36423E-09   2.34420E-15   8.86106E-06
 1.68750E+01   2.54494E-02   2.43151E-07   9.81844E-10   1.68822E-15   9.55427E-06
 1.69250E+01   1.75659E-02   1.81657E-07   7.05155E-10   1.21325E-15   1.03415E-05
 1.69750E+01   1.20524E-02   1.35427E-07   5.05375E-10   8.70079E-16   1.12365E-05
 1.70250E+01   8.21955E-03   1.00747E-07   3.61435E-10   6.22665E-16   1.22570E-05
 1.70750E+01   5.57184E-03   7.47889E-08   2.57948E-10   4.44670E-16   1.34226E-05
 1.71250E+01   3.75514E-03   5.54011E-08   1.83706E-10   3.16890E-16   1.47534E-05
 1.71750E+01   2.51735E-03   4.09520E-08   1.30557E-10   2.25355E-16   1.62679E-05
 1.72250E+01   1.67987E-03   3.02071E-08   9.25903E-11   1.59924E-16   1.79818E-05
 1.72750E+01   1.11696E-03   2.22341E-08   6.55266E-11   1.13252E-16   1.99059E-05
 1.73250E+01   7.40809E-04   1.63307E-08   4.62761E-11   8.00328E-17   2.20444E-05
 1.73750E+01   4.90699E-04   1.19692E-08   3.26125E-11   5.64387E-17   2.43922E-05
 1.74250E+01   3.25027E-04   8.75395E-09   2.29350E-11   3.97168E-17   2.69330E-05
 1.74750E+01   2.15568E-04   6.38878E-09   1.60954E-11   2.78907E-17   2.96370E-05
 1.75250E+01   1.43338E-04   4.65273E-09   1.12718E-11   1.95449E-17   3.24597E-05
 1.75750E+01   9.56702E-05   3.38122E-09   7.87717E-12   1.36677E-17   3.53424E-05
 1.76250E+01   6.41642E-05   2.45196E-09   5.49334E-12   9.53773E-18   3.82139E-05
 1.76750E+01   4.32815E-05   1.77432E-09   3.82288E-12   6.64176E-18   4.09948E-05
 1.77250E+01   2.93830E-05   1.28122E-09   2.65481E-12   4.61541E-18   4.36040E-05
 1.77750E+01   2.00842E-05   9.23191E-10   1.83977E-12   3.20055E-18   4.59659E-05
 1.78250E+01   1.38241E-05   6.63796E-10   1.27228E-12   2.21477E-18   4.80173E-05
 1.78750E+01   9.58033E-06   4.76270E-10   8.77989E-13   1.52940E-18   4.97133E-05
 1.79250E+01   6.68221E-06   3.40994E-10   6.04622E-13   1.05390E-18   5.10302E-05
 1.79750E+01   4.68814E-06   2.43622E-10   4.15497E-13   7.24719E-19   5.19655E-05
 1.80250E+01   3.30601E-06   1.73684E-10   2.84931E-13   4.97310E-19   5.25359E-05
 1.80750E+01   2.34140E-06   1.23560E-10   1.94984E-13   3.40544E-19   5.27720E-05
 1.81250E+01   1.66398E-06   8.77148E-11   1.33152E-13   2.32707E-19   5.27138E-05
 1.81750E+01   1.18567E-06   6.21357E-11   9.07374E-14   1.58684E-19   5.24056E-05
 1.82250E+01   8.46415E-07   4.39222E-11   6.17038E-14   1.07980E-19   5.18920E-05
 1.82750E+01   6.04935E-07   3.09814E-11   4.18723E-14   7.33241E-20   5.12145E-05
 1.83250E+01   4.32591E-07   2.18069E-11   2.83550E-14   4.96863E-20   5.04099E-05
 1.83750E+01   3.09364E-07   1.53165E-11   1.91611E-14   3.35982E-20   4.95096E-05
 1.84250E+01   2.21161E-07   1.07349E-11   1.29212E-14   2.26717E-20   4.85390E-05
 1.84750E+01   1.57999E-07   7.50783E-12   8.69503E-15   1.52666E-20   4.75181E-05
 1.85250E+01   1.12773E-07   5.23966E-12   5.83888E-15   1.02586E-20   4.64619E-05
 1.85750E+01   8.04060E-08   3.64893E-12   3.91270E-15   6.87896E-21   4.53813E-05
 1.86250E+01   5.72611E-08   2.53572E-12   2.61645E-15   4.60306E-21   4.42835E-05
 1.86750E+01   4.07283E-08   1.75837E-12   1.74597E-15   3.07369E-21   4.31732E-05
 1.87250E+01   2.89333E-08   1.21673E-12   1.16265E-15   2.04815E-21   4.20530E-05
 1.87750E+01   2.05293E-08   8.40140E-13   7.72597E-16   1.36193E-21   4.09240E-05
 1.88250E+01   1.45496E-08   5.78871E-13   5.12324E-16   9.03720E-22   3.97862E-05
 1.88750E+01   1.03005E-08   3.98002E-13   3.39020E-16   5.98417E-22   3.86391E-05
 1.89250E+01   7.28517E-09   2.73063E-13   2.23870E-16   3.95424E-22   3.74820E-05
 1.89750E+01   5.14796E-09   1.86944E-13   1.47521E-16   2.60742E-22   3.63143E-05
 1.90250E+01   3.63486E-09   1.27713E-13   9.70069E-17   1.71573E-22   3.51356E-05
 1.90750E+01   2.56472E-09   8.70625E-14   6.36561E-17   1.12662E-22   3.39462E-05
 1.91250E+01   1.80856E-09   5.92243E-14   4.16837E-17   7.38233E-23   3.27467E-05
 1.91750E+01   1.27468E-09   4.02014E-14   2.72385E-17   4.82725E-23   3.15384E-05
 1.92250E+01   8.98003E-10   2.72305E-14   1.77619E-17   3.14989E-23   3.03234E-05
 1.92750E+01   6.32391E-10   1.84053E-14   1.15580E-17   2.05107E-23   2.91043E-05
 1.93250E+01   4.45189E-10   1.24137E-14   7.50531E-18   1.33277E-23   2.78842E-05
 1.93750E+01   3.13302E-10   8.35476E-15   4.86343E-18   8.64213E-24   2.66668E-05
 1.94250E+01   2.20419E-10   5.61098E-15   3.14490E-18   5.59210E-24   2.54560E-05
 1.94750E+01   1.55023E-10   3.76024E-15   2.02936E-18   3.61093E-24   2.42560E-05
 1.95250E+01   1.08992E-10   2.51457E-15   1.30678E-18   2.32677E-24   2.30711E-05
 1.95750E+01   7.66006E-11   1.67797E-15   8.39721E-19   1.49615E-24   2.19055E-05
 1.96250E+01   5.38127E-11   1.11732E-15   5.38464E-19   9.60041E-25   2.07631E-05
 1.96750E+01   3.77856E-11   7.42407E-16   3.44563E-19   6.14742E-25   1.96479E-05
 1.97250E+01   2.65173E-11   4.92242E-16   2.20024E-19   3.92813E-25   1.85631E-05
 1.97750E+01   1.85977E-11   3.25677E-16   1.40205E-19   2.50477E-25   1.75117E-05
 1.98250E+01   1.30341E-11   2.15015E-16   8.91546E-20   1.59383E-25   1.64964E-05
 1.98750E+01   9.12759E-12   1.41651E-16   5.65738E-20   1.01206E-25   1.55190E-05
 1.99250E+01   6.38631E-12   9.31203E-17   3.58243E-20   6.41295E-26   1.45812E-05
 1.99750E+01   4.46399E-12   6.10858E-17   2.26375E-20   4.05510E-26   1.36841E-05
 2.00250E+01   3.11702E-12   3.99860E-17   1.42748E-20   2.55880E-26   1.28283E-05
 2.00750E+01   2.17401E-12   2.61185E-17   8.98264E-21   1.61124E-26   1.20140E-05
 2.01250E+01   1.51444E-12   1.70239E-17   5.64062E-21   1.01245E-26   1.12410E-05
 2.01750E+01   1.05361E-12   1.10724E-17   3.53460E-21   6.34863E-27   1.05090E-05
 2.02250E+01   7.32003E-13   7.18614E-18   2.21027E-21   3.97261E-27   9.81708E-06
 2.02750E+01   5.07831E-13   4.65395E-18   1.37924E-21   2.48064E-27   9.16436E-06
 2.03250E+01   3.51780E-13   3.00759E-18   8.58864E-22   1.54575E-27   8.54963E-06
 2.03750E+01   2.43301E-13   1.93949E-18   5.33704E-22   9.61188E-28   7.97158E-06
 2.04250E+01   1.68000E-13   1.24804E-18   3.30954E-22   5.96441E-28   7.42879E-06
 2.04750E+01   1.15811E-13   8.01383E-19   2.04798E-22   3.69332E-28   6.91975E-06
 2.05250E+01   7.96970E-14   5.13480E-19   1.26466E-22   2.28222E-28   6.44290E-06
 2.05750E+01   5.47480E-14   3.28305E-19   7.79315E-23   1.40731E-28   5.99666E-06
 2.06250E+01   3.75415E-14   2.09461E-19   4.79230E-23   8.65990E-29   5.57946E-06
 2.06750E+01   2.56955E-14   1.33352E-19   2.94080E-23   5.31773E-29   5.18972E-06
 2.07250E+01   1.75546E-14   8.47168E-20   1.80085E-23   3.25860E-29   4.82590E-06
 2.07750E+01   1.19702E-14   5.37043E-20   1.10048E-23   1.99263E-29   4.48651E-06
 2.08250E+01   8.14657E-15   3.39719E-20   6.71083E-24   1.21595E-29   4.17009E-06
 2.08750E+01   5.53356E-15   2.14438E-20   4.08378E-24   7.40445E-30   3.87524E-06
 2.09250E+01   3.75129E-15   1.35069E-20   2.47993E-24   4.49949E-30   3.60061E-06
 2.09750E+01   2.53802E-15   8.48947E-21   1.50283E-24   2.72850E-30   3.34493E-06
 2.10250E+01   1.71372E-15   5.32448E-21   9.08803E-25   1.65112E-30   3.10697E-06
 2.10750E+01   1.15481E-15   3.33230E-21   5.48431E-25   9.97064E-31   2.88558E-06
 2.11250E+01   7.76608E-16   2.08106E-21   3.30268E-25   6.00842E-31   2.67967E-06
 2.11750E+01   5.21204E-16   1.29686E-21   1.98474E-25   3.61318E-31   2.48821E-06
 2.12250E+01   3.49079E-16   8.06449E-22   1.19023E-25   2.16826E-31   2.31022E-06
 2.12750E+01   2.33318E-16   5.00415E-22   7.12284E-26   1.29846E-31   2.14478E-06
 2.13250E+01   1.55623E-16   3.09853E-22   4.25370E-26   7.75956E-32   1.99105E-06
 2.13750E+01   1.03586E-16   1.91449E-22   2.53497E-26   4.62744E-32   1.84822E-06
 2.14250E+01   6.88056E-17   1.18038E-22   1.50755E-26   2.75386E-32   1.71553E-06
 2.14750E+01   4.56081E-17   7.26208E-23   8.94666E-27   1.63548E-32   1.59228E-06
 2.15250E+01   3.01684E-17   4.45833E-23   5.29839E-27   9.69290E-33   1.47782E-06
 2.15750E+01   1.99138E-17   2.73121E-23   3.13126E-27   5.73301E-33   1.37152E-06
 2.16250E+01   1.31173E-17   1.66959E-23   1.84666E-27   3.38418E-33   1.27282E-06
 2.16750E+01   8.62222E-18   1.01844E-23   1.08680E-27   1.99390E-33   1.18118E-06
 2.17250E+01   5.65562E-18   6.19916E-24   6.38267E-28   1.17275E-33   1.09611E-06
 2.17750E+01   3.70190E-18   3.76532E-24   3.74066E-28   6.88781E-34   1.01713E-06
 2.18250E+01   2.41797E-18   2.28214E-24   2.18770E-28   4.04169E-34   9.43822E-07
 2.18750E+01   1.57601E-18   1.38023E-24   1.27679E-28   2.37170E-34   8.75778E-07
 2.19250E+01   1.02505E-18   8.32982E-25   7.43607E-29   1.39412E-34   8.12624E-07
 2.19750E+01   6.65290E-19   5.01637E-25   4.32176E-29   8.23315E-35   7.54012E-07
 2.20250E+01   4.30877E-19   3.01450E-25   2.50652E-29   4.90954E-35   6.99619E-07
 2.20750E+01   2.78465E-19   1.80764E-25   1.45069E-29   2.98065E-35   6.49144E-07
 2.21250E+01   1.79582E-19   1.08163E-25   8.37858E-30   1.86805E-35   6.02305E-07
 2.21750E+01   1.15565E-19   6.45830E-26   4.82902E-30   1.23491E-35   5.58844E-07
 2.22250E+01   7.42105E-20   3.84794E-26   2.77742E-30   8.58927E-36   5.18517E-07
 2.22750E+01   4.75525E-20   2.28776E-26   1.59410E-30   5.45511E-36   4.81102E-07
 2.23250E+01   3.04054E-20   1.35726E-26   9.13027E-31   2.50223E-36   4.46387E-07
 2.23750E+01   1.93998E-20   8.03501E-27   5.21849E-31   3.14681E-37   4.14181E-07
 2.24250E+01   1.23512E-20   4.74659E-27   2.97645E-31   0.00000E+00   3.84301E-07
 2.24750E+01   7.84672E-21   2.79800E-27   1.69413E-31   0.00000E+00   3.56582E-07
 2.25250E+01   4.97429E-21   1.64583E-27   9.62250E-32   0.00000E+00   3.30868E-07
 2.25750E+01   3.14657E-21   9.66039E-28   5.45410E-32   0.00000E+00   3.07013E-07
 2.26250E+01   1.98612E-21   5.65816E-28   3.08499E-32   0.00000E+00   2.84886E-07
 2.26750E+01   1.25093E-21   3.30695E-28   1.74132E-32   0.00000E+00   2.64359E-07
 2.27250E+01   7.86175E-22   1.92864E-28   9.80850E-33   0.00000E+00   2.45319E-07
 2.27750E+01   4.93018E-22   1.12239E-28   5.51351E-33   0.00000E+00   2.27658E-07
 2.28250E+01   3.08504E-22   6.51796E-29   3.09288E-33   0.00000E+00   2.11276E-07
 2.28750E+01   1.92625E-22   3.77703E-29   1.73150E-33   0.00000E+00   1.96082E-07
 2.29250E+01   1.20010E-22   2.18403E-29   9.67470E-34   0.00000E+00   1.81988E-07
 2.29750E+01   7.46055E-23   1.26020E-29   5.39593E-34   0.00000E+00   1.68915E-07
 2.30250E+01   4.62778E-23   7.25592E-30   3.00489E-34   0.00000E+00   1.56790E-07
 2.30750E+01   2.86432E-23   4.16885E-30   1.67171E-34   0.00000E+00   1.45544E-07
 2.31250E+01   1.76894E-23   2.39008E-30   9.30113E-35   0.00000E+00   1.35113E-07
 2.31750E+01   1.09005E-23   1.36735E-30   5.18648E-35   0.00000E+00   1.25439E-07
 2.32250E+01   6.70225E-24   7.80580E-31   2.90997E-35   0.00000E+00   1.16465E-07
 2.32750E+01   4.11179E-24   4.44659E-31   1.65560E-35   0.00000E+00   1.08142E-07
 2.33250E+01   2.51696E-24   2.52760E-31   9.68568E-36   0.00000E+00   1.00423E-07
 2.33750E+01   1.53728E-24   1.43371E-31   5.99891E-36   0.00000E+00   9.32623E-08
 2.34250E+01   9.36831E-25   8.11490E-32   2.89714E-36   0.00000E+00   8.66208E-08
 2.34750E+01   5.69633E-25   4.58330E-32   3.72676E-37   0.00000E+00   8.04606E-08
 2.35250E+01   3.45583E-25   2.58312E-32   0.00000E+00   0.00000E+00   7.47467E-08
 2.35750E+01   2.09186E-25   1.45273E-32   0.00000E+00   0.00000E+00   6.94468E-08
 2.36250E+01   1.26336E-25   8.15264E-33   0.00000E+00   0.00000E+00   6.45312E-08
 2.36750E+01   7.61273E-26   4.56553E-33   0.00000E+00   0.00000E+00   5.99723E-08
 2.37250E+01   4.57682E-26   2.55135E-33   0.00000E+00   0.00000E+00   5.57451E-08
 2.37750E+01   2.74533E-26   1.42283E-33   0.00000E+00   0.00000E+00   5.18271E-08
 2.38250E+01   1.64298E-26   7.91896E-34   0.00000E+00   0.00000E+00   4.81988E-08
 2.38750E+01   9.81000E-27   4.39926E-34   0.00000E+00   0.00000E+00   4.48447E-08
 2.39250E+01   5.84391E-27   2.44011E-34   0.00000E+00   0.00000E+00   4.17547E-08
 2.39750E+01   3.47321E-27   1.35206E-34   0.00000E+00   0.00000E+00   3.89283E-08
 2.40250E+01   2.05943E-27   7.49229E-35   0.00000E+00   0.00000E+00   3.63804E-08
 2.40750E+01   1.21828E-27   4.16122E-35   0.00000E+00   0.00000E+00   3.41564E-08
 2.41250E+01   7.19000E-28   2.32687E-35   0.00000E+00   0.00000E+00   3.23626E-08
 2.41750E+01   4.23335E-28   1.31953E-35   0.00000E+00   0.00000E+00   3.11699E-08
 2.42250E+01   2.48662E-28   7.59946E-36   0.00000E+00   0.00000E+00   3.05614E-08
 2.42750E+01   1.45714E-28   4.32506E-36   0.00000E+00   0.00000E+00   2.96819E-08
 2.43250E+01   8.51824E-29   1.31494E-36   0.00000E+00   0.00000E+00   1.54368E-08
 2.43750E+01   4.96767E-29   0.00000E+00   0.00000E+00   0.00000E+00   0.00000E+00
 2.44250E+01   2.89003E-29   0.00000E+00   0.00000E+00   0.00000E+00   0.00000E+00
 2.44750E+01   1.67723E-29   0.00000E+00   0.00000E+00   0.00000E+00   0.00000E+00
 2.45250E+01   9.70998E-30   0.00000E+00   0.00000E+00   0.00000E+00   0.00000E+00
 2.45750E+01   5.60752E-30   0.00000E+00   0.00000E+00   0.00000E+00   0.00000E+00
 2.46250E+01   3.23030E-30   0.00000E+00   0.00000E+00   0.00000E+00   0.00000E+00
 2.46750E+01   1.85620E-30   0.00000E+00   0.00000E+00   0.00000E+00   0.00000E+00
 2.47250E+01   1.06393E-30   0.00000E+00   0.00000E+00   0.00000E+00   0.00000E+00
 2.47750E+01   6.08266E-31   0.00000E+00   0.00000E+00   0.00000E+00   0.00000E+00
 2.48250E+01   3.46865E-31   0.00000E+00   0.00000E+00   0.00000E+00   0.00000E+00
 2.48750E+01   1.97289E-31   0.00000E+00   0.00000E+00   0.00000E+00   0.00000E+00
 2.49250E+01   1.11920E-31   0.00000E+00   0.00000E+00   0.00000E+00   0.00000E+00
 2.49750E+01   6.33238E-32   0.00000E+00   0.00000E+00   0.00000E+00   0.00000E+00
 2.50250E+01   3.57328E-32   0.00000E+00   0.00000E+00   0.00000E+00   0.00000E+00
 2.50750E+01   2.01092E-32   0.00000E+00   0.00000E+00   0.00000E+00   0.00000E+00
 2.51250E+01   1.12859E-32   0.00000E+00   0.00000E+00   0.00000E+00   0.00000E+00
 2.51750E+01   6.31646E-33   0.00000E+00   0.00000E+00   0.00000E+00   0.00000E+00
 2.52250E+01   3.52529E-33   0.00000E+00   0.00000E+00   0.00000E+00   0.00000E+00
 2.52750E+01   1.96193E-33   0.00000E+00   0.00000E+00   0.00000E+00   0.00000E+00
 2.53250E+01   1.08874E-33   0.00000E+00   0.00000E+00   0.00000E+00   0.00000E+00
 2.53750E+01   6.02441E-34   0.00000E+00   0.00000E+00   0.00000E+00   0.00000E+00
 2.54250E+01   3.32399E-34   0.00000E+00   0.00000E+00   0.00000E+00   0.00000E+00
 2.54750E+01   1.82895E-34   0.00000E+00   0.00000E+00   0.00000E+00   0.00000E+00
 2.55250E+01   1.00383E-34   0.00000E+00   0.00000E+00   0.00000E+00   0.00000E+00
 2.55750E+01   5.49937E-35   0.00000E+00   0.00000E+00   0.00000E+00   0.00000E+00
 2.56250E+01   3.01215E-35   0.00000E+00   0.00000E+00   0.00000E+00   0.00000E+00
 2.56750E+01   1.65748E-35   0.00000E+00   0.00000E+00   0.00000E+00   0.00000E+00
 2.57250E+01   9.25015E-36   0.00000E+00   0.00000E+00   0.00000E+00   0.00000E+00
 2.57750E+01   5.22802E-36   0.00000E+00   0.00000E+00   0.00000E+00   0.00000E+00
 2.58250E+01   2.03433E-36   0.00000E+00   0.00000E+00   0.00000E+00   0.00000E+00
 2.58750E+01   2.72792E-37   0.00000E+00   0.00000E+00   0.00000E+00   0.00000E+00
 2.59250E+01   0.00000E+00   0.00000E+00   0.00000E+00   0.00000E+00           NaN
 2.59750E+01   0.00000E+00   0.00000E+00   0.00000E+00   0.00000E+00           NaN
 2.60250E+01   0.00000E+00   0.00000E+00   0.00000E+00   0.00000E+00           NaN
 2.60750E+01   0.00000E+00   0.00000E+00   0.00000E+00   0.00000E+00           NaN
 2.61250E+01   0.00000E+00   0.00000E+00   0.00000E+00   0.00000E+00           NaN
 2.61750E+01   0.00000E+00   0.00000E+00   0.00000E+00   0.00000E+00           NaN
 2.62250E+01   0.00000E+00   0.00000E+00   0.00000E+00   0.00000E+00           NaN
 2.62750E+01   0.00000E+00   0.00000E+00   0.00000E+00   0.00000E+00           NaN
 2.63250E+01   0.00000E+00   0.00000E+00   0.00000E+00   0.00000E+00           NaN
 2.63750E+01   0.00000E+00   0.00000E+00   0.00000E+00   0.00000E+00           NaN
 2.64250E+01   0.00000E+00   0.00000E+00   0.00000E+00   0.00000E+00           NaN
 2.64750E+01   0.00000E+00   0.00000E+00   0.00000E+00   0.00000E+00           NaN
 2.65250E+01   0.00000E+00   0.00000E+00   0.00000E+00   0.00000E+00           NaN
 2.65750E+01   0.00000E+00   0.00000E+00   0.00000E+00   0.00000E+00           NaN
 2.66250E+01   0.00000E+00   0.00000E+00   0.00000E+00   0.00000E+00           NaN
 2.66750E+01   0.00000E+00   0.00000E+00   0.00000E+00   0.00000E+00           NaN
 2.67250E+01   0.00000E+00   0.00000E+00   0.00000E+00   0.00000E+00           NaN
 2.67750E+01   0.00000E+00   0.00000E+00   0.00000E+00   0.00000E+00           NaN
 2.68250E+01   0.00000E+00   0.00000E+00   0.00000E+00   0.00000E+00           NaN
 2.68750E+01   0.00000E+00   0.00000E+00   0.00000E+00   0.00000E+00           NaN
 2.69250E+01   0.00000E+00   0.00000E+00   0.00000E+00   0.00000E+00           NaN
 2.69750E+01   0.00000E+00   0.00000E+00   0.00000E+00   0.00000E+00           NaN
 2.70250E+01   0.00000E+00   0.00000E+00   0.00000E+00   0.00000E+00           NaN
 2.70750E+01   0.00000E+00   0.00000E+00   0.00000E+00   0.00000E+00           NaN
 2.71250E+01   0.00000E+00   0.00000E+00   0.00000E+00   0.00000E+00           NaN
 2.71750E+01   0.00000E+00   0.00000E+00   0.00000E+00   0.00000E+00           NaN
 2.72250E+01   0.00000E+00   0.00000E+00   0.00000E+00   0.00000E+00           NaN
 2.72750E+01   0.00000E+00   0.00000E+00   0.00000E+00   0.00000E+00           NaN
 2.73250E+01   0.00000E+00   0.00000E+00   0.00000E+00   0.00000E+00           NaN
 2.73750E+01   0.00000E+00   0.00000E+00   0.00000E+00   0.00000E+00           NaN
 2.74250E+01   0.00000E+00   0.00000E+00   0.00000E+00   0.00000E+00           NaN
 2.74750E+01   0.00000E+00   0.00000E+00   0.00000E+00   0.00000E+00           NaN
 2.75250E+01   0.00000E+00   0.00000E+00   0.00000E+00   0.00000E+00           NaN
 2.75750E+01   0.00000E+00   0.00000E+00   0.00000E+00   0.00000E+00           NaN
 2.76250E+01   0.00000E+00   0.00000E+00   0.00000E+00   0.00000E+00           NaN
 2.76750E+01   0.00000E+00   0.00000E+00   0.00000E+00   0.00000E+00           NaN
 2.77250E+01   0.00000E+00   0.00000E+00   0.00000E+00   0.00000E+00           NaN
 2.77750E+01   0.00000E+00   0.00000E+00   0.00000E+00   0.00000E+00           NaN
 2.78250E+01   0.00000E+00   0.00000E+00   0.00000E+00   0.00000E+00           NaN
 2.78750E+01   0.00000E+00   0.00000E+00   0.00000E+00   0.00000E+00           NaN
 2.79250E+01   0.00000E+00   0.00000E+00   0.00000E+00   0.00000E+00           NaN
 2.79750E+01   0.00000E+00   0.00000E+00   0.00000E+00   0.00000E+00           NaN
 2.80250E+01   0.00000E+00   0.00000E+00   0.00000E+00   0.00000E+00           NaN
 2.80750E+01   0.00000E+00   0.00000E+00   0.00000E+00   0.00000E+00           NaN
 2.81250E+01   0.00000E+00   0.00000E+00   0.00000E+00   0.00000E+00           NaN
 2.81750E+01   0.00000E+00   0.00000E+00   0.00000E+00   0.00000E+00           NaN
 2.82250E+01   0.00000E+00   0.00000E+00   0.00000E+00   0.00000E+00           NaN
 2.82750E+01   0.00000E+00   0.00000E+00   0.00000E+00   0.00000E+00           NaN
 2.83250E+01   0.00000E+00   0.00000E+00   0.00000E+00   0.00000E+00           NaN
 2.83750E+01   0.00000E+00   0.00000E+00   0.00000E+00   0.00000E+00           NaN
 2.84250E+01   0.00000E+00   0.00000E+00   0.00000E+00   0.00000E+00           NaN
 2.84750E+01   0.00000E+00   0.00000E+00   0.00000E+00   0.00000E+00           NaN
 2.85250E+01   0.00000E+00   0.00000E+00   0.00000E+00   0.00000E+00           NaN
 2.85750E+01   0.00000E+00   0.00000E+00   0.00000E+00   0.00000E+00           NaN
 2.86250E+01   0.00000E+00   0.00000E+00   0.00000E+00   0.00000E+00           NaN
 2.86750E+01   0.00000E+00   0.00000E+00   0.00000E+00   0.00000E+00           NaN
 2.87250E+01   0.00000E+00   0.00000E+00   0.00000E+00   0.00000E+00           NaN
 2.87750E+01   0.00000E+00   0.00000E+00   0.00000E+00   0.00000E+00           NaN
 2.88250E+01   0.00000E+00   0.00000E+00   0.00000E+00   0.00000E+00           NaN
 2.88750E+01   0.00000E+00   0.00000E+00   0.00000E+00   0.00000E+00           NaN
 2.89250E+01   0.00000E+00   0.00000E+00   0.00000E+00   0.00000E+00           NaN
 2.89750E+01   0.00000E+00   0.00000E+00   0.00000E+00   0.00000E+00           NaN
 2.90250E+01   0.00000E+00   0.00000E+00   0.00000E+00   0.00000E+00           NaN
 2.90750E+01   0.00000E+00   0.00000E+00   0.00000E+00   0.00000E+00           NaN
 2.91250E+01   0.00000E+00   0.00000E+00   0.00000E+00   0.00000E+00           NaN
 2.91750E+01   0.00000E+00   0.00000E+00   0.00000E+00   0.00000E+00           NaN
 2.92250E+01   0.00000E+00   0.00000E+00   0.00000E+00   0.00000E+00           NaN
 2.92750E+01   0.00000E+00   0.00000E+00   0.00000E+00   0.00000E+00           NaN
 2.93250E+01   0.00000E+00   0.00000E+00   0.00000E+00   0.00000E+00           NaN
 2.93750E+01   0.00000E+00   0.00000E+00   0.00000E+00   0.00000E+00           NaN
 2.94250E+01   0.00000E+00   0.00000E+00   0.00000E+00   0.00000E+00           NaN
 2.94750E+01   0.00000E+00   0.00000E+00   0.00000E+00   0.00000E+00           NaN
 2.95250E+01   0.00000E+00   0.00000E+00   0.00000E+00   0.00000E+00           NaN
 2.95750E+01   0.00000E+00   0.00000E+00   0.00000E+00   0.00000E+00           NaN
 2.96250E+01   0.00000E+00   0.00000E+00   0.00000E+00   0.00000E+00           NaN
 2.96750E+01   0.00000E+00   0.00000E+00   0.00000E+00   0.00000E+00           NaN
 2.97250E+01   0.00000E+00   0.00000E+00   0.00000E+00   0.00000E+00           NaN
 2.97750E+01   0.00000E+00   0.00000E+00   0.00000E+00   0.00000E+00           NaN
 2.98250E+01   0.00000E+00   0.00000E+00   0.00000E+00   0.00000E+00           NaN
 2.98750E+01   0.00000E+00   0.00000E+00   0.00000E+00   0.00000E+00           NaN
 2.99250E+01   0.00000E+00   0.00000E+00   0.00000E+00   0.00000E+00           NaN
 2.99750E+01   0.00000E+00   0.00000E+00   0.00000E+00   0.00000E+00           NaN
 3.00250E+01   0.00000E+00   0.00000E+00   0.00000E+00   0.00000E+00           NaN
 3.00750E+01   0.00000E+00   0.00000E+00   0.00000E+00   0.00000E+00           NaN
 3.01250E+01   0.00000E+00   0.00000E+00   0.00000E+00   0.00000E+00           NaN
 3.01750E+01   0.00000E+00   0.00000E+00   0.00000E+00   0.00000E+00           NaN
 3.02250E+01   0.00000E+00   0.00000E+00   0.00000E+00   0.00000E+00           NaN
 3.02750E+01   0.00000E+00   0.00000E+00   0.00000E+00   0.00000E+00           NaN
 3.03250E+01   0.00000E+00   0.00000E+00   0.00000E+00   0.00000E+00           NaN
 3.03750E+01   0.00000E+00   0.00000E+00   0.00000E+00   0.00000E+00           NaN
 3.04250E+01   0.00000E+00   0.00000E+00   0.00000E+00   0.00000E+00           NaN
 3.04750E+01   0.00000E+00   0.00000E+00   0.00000E+00   0.00000E+00           NaN
 3.05250E+01   0.00000E+00   0.00000E+00   0.00000E+00   0.00000E+00           NaN
 3.05750E+01   0.00000E+00   0.00000E+00   0.00000E+00   0.00000E+00           NaN
 3.06250E+01   0.00000E+00   0.00000E+00   0.00000E+00   0.00000E+00           NaN
 3.06750E+01   0.00000E+00   0.00000E+00   0.00000E+00   0.00000E+00           NaN
 3.07250E+01   0.00000E+00   0.00000E+00   0.00000E+00   0.00000E+00           NaN
 3.07750E+01   0.00000E+00   0.00000E+00   0.00000E+00   0.00000E+00           NaN
 3.08250E+01   0.00000E+00   0.00000E+00   0.00000E+00   0.00000E+00           NaN
 3.08750E+01   0.00000E+00   0.00000E+00   0.00000E+00   0.00000E+00           NaN
 3.09250E+01   0.00000E+00   0.00000E+00   0.00000E+00   0.00000E+00           NaN
 3.09750E+01   0.00000E+00   0.00000E+00   0.00000E+00   0.00000E+00           NaN
 3.10250E+01   0.00000E+00   0.00000E+00   0.00000E+00   0.00000E+00           NaN
 3.10750E+01   0.00000E+00   0.00000E+00   0.00000E+00   0.00000E+00           NaN
 3.11250E+01   0.00000E+00   0.00000E+00   0.00000E+00   0.00000E+00           NaN
 3.11750E+01   0.00000E+00   0.00000E+00   0.00000E+00   0.00000E+00           NaN
 3.12250E+01   0.00000E+00   0.00000E+00   0.00000E+00   0.00000E+00           NaN
 3.12750E+01   0.00000E+00   0.00000E+00   0.00000E+00   0.00000E+00           NaN
 3.13250E+01   0.00000E+00   0.00000E+00   0.00000E+00   0.00000E+00           NaN
 3.13750E+01   0.00000E+00   0.00000E+00   0.00000E+00   0.00000E+00           NaN
 3.14250E+01   0.00000E+00   0.00000E+00   0.00000E+00   0.00000E+00           NaN
 3.14750E+01   0.00000E+00   0.00000E+00   0.00000E+00   0.00000E+00           NaN
 3.15250E+01   0.00000E+00   0.00000E+00   0.00000E+00   0.00000E+00           NaN
 3.15750E+01   0.00000E+00   0.00000E+00   0.00000E+00   0.00000E+00           NaN
 3.16250E+01   0.00000E+00   0.00000E+00   0.00000E+00   0.00000E+00           NaN
 3.16750E+01   0.00000E+00   0.00000E+00   0.00000E+00   0.00000E+00           NaN
 3.17250E+01   0.00000E+00   0.00000E+00   0.00000E+00   0.00000E+00           NaN
 3.17750E+01   0.00000E+00   0.00000E+00   0.00000E+00   0.00000E+00           NaN
 3.18250E+01   0.00000E+00   0.00000E+00   0.00000E+00   0.00000E+00           NaN
 3.18750E+01   0.00000E+00   0.00000E+00   0.00000E+00   0.00000E+00           NaN
 3.19250E+01   0.00000E+00   0.00000E+00   0.00000E+00   0.00000E+00           NaN
 3.19750E+01   0.00000E+00   0.00000E+00   0.00000E+00   0.00000E+00           NaN
 3.20250E+01   0.00000E+00   0.00000E+00   0.00000E+00   0.00000E+00           NaN
 3.20750E+01   0.00000E+00   0.00000E+00   0.00000E+00   0.00000E+00           NaN
 3.21250E+01   0.00000E+00   0.00000E+00   0.00000E+00   0.00000E+00           NaN
 3.21750E+01   0.00000E+00   0.00000E+00   0.00000E+00   0.00000E+00           NaN
 3.22250E+01   0.00000E+00   0.00000E+00   0.00000E+00   0.00000E+00           NaN
 3.22750E+01   0.00000E+00   0.00000E+00   0.00000E+00   0.00000E+00           NaN
 3.23250E+01   0.00000E+00   0.00000E+00   0.00000E+00   0.00000E+00           NaN
 3.23750E+01   0.00000E+00   0.00000E+00   0.00000E+00   0.00000E+00           NaN
 3.24250E+01   0.00000E+00   0.00000E+00   0.00000E+00   0.00000E+00           NaN
 3.24750E+01   0.00000E+00   0.00000E+00   0.00000E+00   0.00000E+00           NaN
 3.25250E+01   0.00000E+00   0.00000E+00   0.00000E+00   0.00000E+00           NaN
 3.25750E+01   0.00000E+00   0.00000E+00   0.00000E+00   0.00000E+00           NaN
 3.26250E+01   0.00000E+00   0.00000E+00   0.00000E+00   0.00000E+00           NaN
 3.26750E+01   0.00000E+00   0.00000E+00   0.00000E+00   0.00000E+00           NaN
 3.27250E+01   0.00000E+00   0.00000E+00   0.00000E+00   0.00000E+00           NaN
 3.27750E+01   0.00000E+00   0.00000E+00   0.00000E+00   0.00000E+00           NaN
 3.28250E+01   0.00000E+00   0.00000E+00   0.00000E+00   0.00000E+00           NaN
 3.28750E+01   0.00000E+00   0.00000E+00   0.00000E+00   0.00000E+00           NaN
 3.29250E+01   0.00000E+00   0.00000E+00   0.00000E+00   0.00000E+00           NaN
 3.29750E+01   0.00000E+00   0.00000E+00   0.00000E+00   0.00000E+00           NaN
 3.30250E+01   0.00000E+00   0.00000E+00   0.00000E+00   0.00000E+00           NaN
 3.30750E+01   0.00000E+00   0.00000E+00   0.00000E+00   0.00000E+00           NaN
 3.31250E+01   0.00000E+00   0.00000E+00   0.00000E+00   0.00000E+00           NaN
 3.31750E+01   0.00000E+00   0.00000E+00   0.00000E+00   0.00000E+00           NaN
 3.32250E+01   0.00000E+00   0.00000E+00   0.00000E+00   0.00000E+00           NaN
 3.32750E+01   0.00000E+00   0.00000E+00   0.00000E+00   0.00000E+00           NaN
 3.33250E+01   0.00000E+00   0.00000E+00   0.00000E+00   0.00000E+00           NaN
 3.33750E+01   0.00000E+00   0.00000E+00   0.00000E+00   0.00000E+00           NaN
 3.34250E+01   0.00000E+00   0.00000E+00   0.00000E+00   0.00000E+00           NaN
 3.34750E+01   0.00000E+00   0.00000E+00   0.00000E+00   0.00000E+00           NaN
 3.35250E+01   0.00000E+00   0.00000E+00   0.00000E+00   0.00000E+00           NaN
 3.35750E+01   0.00000E+00   0.00000E+00   0.00000E+00   0.00000E+00           NaN
 3.36250E+01   0.00000E+00   0.00000E+00   0.00000E+00   0.00000E+00           NaN
 3.36750E+01   0.00000E+00   0.00000E+00   0.00000E+00   0.00000E+00           NaN
 3.37250E+01   0.00000E+00   0.00000E+00   0.00000E+00   0.00000E+00           NaN
 3.37750E+01   0.00000E+00   0.00000E+00   0.00000E+00   0.00000E+00           NaN
 3.38250E+01   0.00000E+00   0.00000E+00   0.00000E+00   0.00000E+00           NaN
 3.38750E+01   0.00000E+00   0.00000E+00   0.00000E+00   0.00000E+00           NaN
 3.39250E+01   0.00000E+00   0.00000E+00   0.00000E+00   0.00000E+00           NaN
 3.39750E+01   0.00000E+00   0.00000E+00   0.00000E+00   0.00000E+00           NaN
 3.40250E+01   0.00000E+00   0.00000E+00   0.00000E+00   0.00000E+00           NaN
 3.40750E+01   0.00000E+00   0.00000E+00   0.00000E+00   0.00000E+00           NaN
 3.41250E+01   0.00000E+00   0.00000E+00   0.00000E+00   0.00000E+00           NaN
 3.41750E+01   0.00000E+00   0.00000E+00   0.00000E+00   0.00000E+00           NaN
 3.42250E+01   0.00000E+00   0.00000E+00   0.00000E+00   0.00000E+00           NaN
 3.42750E+01   0.00000E+00   0.00000E+00   0.00000E+00   0.00000E+00           NaN
 3.43250E+01   0.00000E+00   0.00000E+00   0.00000E+00   0.00000E+00           NaN
 3.43750E+01   0.00000E+00   0.00000E+00   0.00000E+00   0.00000E+00           NaN
 3.44250E+01   0.00000E+00   0.00000E+00   0.00000E+00   0.00000E+00           NaN
 3.44750E+01   0.00000E+00   0.00000E+00   0.00000E+00   0.00000E+00           NaN
 3.45250E+01   0.00000E+00   0.00000E+00   0.00000E+00   0.00000E+00           NaN
 3.45750E+01   0.00000E+00   0.00000E+00   0.00000E+00   0.00000E+00           NaN
 3.46250E+01   0.00000E+00   0.00000E+00   0.00000E+00   0.00000E+00           NaN
 3.46750E+01   0.00000E+00   0.00000E+00   0.00000E+00   0.00000E+00           NaN
 3.47250E+01   0.00000E+00   0.00000E+00   0.00000E+00   0.00000E+00           NaN
 3.47750E+01   0.00000E+00   0.00000E+00   0.00000E+00   0.00000E+00           NaN
 3.48250E+01   0.00000E+00   0.00000E+00   0.00000E+00   0.00000E+00           NaN
 3.48750E+01   0.00000E+00   0.00000E+00   0.00000E+00   0.00000E+00           NaN
 3.49250E+01   0.00000E+00   0.00000E+00   0.00000E+00   0.00000E+00           NaN
 3.49750E+01   0.00000E+00   0.00000E+00   0.00000E+00   0.00000E+00           NaN
 3.50250E+01   0.00000E+00   0.00000E+00   0.00000E+00   0.00000E+00           NaN
 3.50750E+01   0.00000E+00   0.00000E+00   0.00000E+00   0.00000E+00           NaN
 3.51250E+01   0.00000E+00   0.00000E+00   0.00000E+00   0.00000E+00           NaN
 3.51750E+01   0.00000E+00   0.00000E+00   0.00000E+00   0.00000E+00           NaN
 3.52250E+01   0.00000E+00   0.00000E+00   0.00000E+00   0.00000E+00           NaN
 3.52750E+01   0.00000E+00   0.00000E+00   0.00000E+00   0.00000E+00           NaN
 3.53250E+01   0.00000E+00   0.00000E+00   0.00000E+00   0.00000E+00           NaN
 3.53750E+01   0.00000E+00   0.00000E+00   0.00000E+00   0.00000E+00           NaN
 3.54250E+01   0.00000E+00   0.00000E+00   0.00000E+00   0.00000E+00           NaN
 3.54750E+01   0.00000E+00   0.00000E+00   0.00000E+00   0.00000E+00           NaN
 3.55250E+01   0.00000E+00   0.00000E+00   0.00000E+00   0.00000E+00           NaN
 3.55750E+01   0.00000E+00   0.00000E+00   0.00000E+00   0.00000E+00           NaN
 3.56250E+01   0.00000E+00   0.00000E+00   0.00000E+00   0.00000E+00           NaN
 3.56750E+01   0.00000E+00   0.00000E+00   0.00000E+00   0.00000E+00           NaN
 3.57250E+01   0.00000E+00   0.00000E+00   0.00000E+00   0.00000E+00           NaN
 3.57750E+01   0.00000E+00   0.00000E+00   0.00000E+00   0.00000E+00           NaN
 3.58250E+01   0.00000E+00   0.00000E+00   0.00000E+00   0.00000E+00           NaN
 3.58750E+01   0.00000E+00   0.00000E+00   0.00000E+00   0.00000E+00           NaN
 3.59250E+01   0.00000E+00   0.00000E+00   0.00000E+00   0.00000E+00           NaN
 3.59750E+01   0.00000E+00   0.00000E+00   0.00000E+00   0.00000E+00           NaN
 3.60250E+01   0.00000E+00   0.00000E+00   0.00000E+00   0.00000E+00           NaN
 3.60750E+01   0.00000E+00   0.00000E+00   0.00000E+00   0.00000E+00           NaN
 3.61250E+01   0.00000E+00   0.00000E+00   0.00000E+00   0.00000E+00           NaN
 3.61750E+01   0.00000E+00   0.00000E+00   0.00000E+00   0.00000E+00           NaN
 3.62250E+01   0.00000E+00   0.00000E+00   0.00000E+00   0.00000E+00           NaN
 3.62750E+01   0.00000E+00   0.00000E+00   0.00000E+00   0.00000E+00           NaN
 3.63250E+01   0.00000E+00   0.00000E+00   0.00000E+00   0.00000E+00           NaN
 3.63750E+01   0.00000E+00   0.00000E+00   0.00000E+00   0.00000E+00           NaN
 3.64250E+01   0.00000E+00   0.00000E+00   0.00000E+00   0.00000E+00           NaN
 3.64750E+01   0.00000E+00   0.00000E+00   0.00000E+00   0.00000E+00           NaN
 3.65250E+01   0.00000E+00   0.00000E+00   0.00000E+00   0.00000E+00           NaN
 3.65750E+01   0.00000E+00   0.00000E+00   0.00000E+00   0.00000E+00           NaN
 3.66250E+01   0.00000E+00   0.00000E+00   0.00000E+00   0.00000E+00           NaN
 3.66750E+01   0.00000E+00   0.00000E+00   0.00000E+00   0.00000E+00           NaN
 3.67250E+01   0.00000E+00   0.00000E+00   0.00000E+00   0.00000E+00           NaN
 3.67750E+01   0.00000E+00   0.00000E+00   0.00000E+00   0.00000E+00           NaN
 3.68250E+01   0.00000E+00   0.00000E+00   0.00000E+00   0.00000E+00           NaN
 3.68750E+01   0.00000E+00   0.00000E+00   0.00000E+00   0.00000E+00           NaN
 3.69250E+01   0.00000E+00   0.00000E+00   0.00000E+00   0.00000E+00           NaN
 3.69750E+01   0.00000E+00   0.00000E+00   0.00000E+00   0.00000E+00           NaN
 3.70250E+01   0.00000E+00   0.00000E+00   0.00000E+00   0.00000E+00           NaN
 3.70750E+01   0.00000E+00   0.00000E+00   0.00000E+00   0.00000E+00           NaN
 3.71250E+01   0.00000E+00   0.00000E+00   0.00000E+00   0.00000E+00           NaN
 3.71750E+01   0.00000E+00   0.00000E+00   0.00000E+00   0.00000E+00           NaN
 3.72250E+01   0.00000E+00   0.00000E+00   0.00000E+00   0.00000E+00           NaN
 3.72750E+01   0.00000E+00   0.00000E+00   0.00000E+00   0.00000E+00           NaN
 3.73250E+01   0.00000E+00   0.00000E+00   0.00000E+00   0.00000E+00           NaN
 3.73750E+01   0.00000E+00   0.00000E+00   0.00000E+00   0.00000E+00           NaN
 3.74250E+01   0.00000E+00   0.00000E+00   0.00000E+00   0.00000E+00           NaN
 3.74750E+01   0.00000E+00   0.00000E+00   0.00000E+00   0.00000E+00           NaN
 3.75250E+01   0.00000E+00   0.00000E+00   0.00000E+00   0.00000E+00           NaN
 3.75750E+01   0.00000E+00   0.00000E+00   0.00000E+00   0.00000E+00           NaN
 3.76250E+01   0.00000E+00   0.00000E+00   0.00000E+00   0.00000E+00           NaN
 3.76750E+01   0.00000E+00   0.00000E+00   0.00000E+00   0.00000E+00           NaN
 3.77250E+01   0.00000E+00   0.00000E+00   0.00000E+00   0.00000E+00           NaN
 3.77750E+01   0.00000E+00   0.00000E+00   0.00000E+00   0.00000E+00           NaN
 3.78250E+01   0.00000E+00   0.00000E+00   0.00000E+00   0.00000E+00           NaN
 3.78750E+01   0.00000E+00   0.00000E+00   0.00000E+00   0.00000E+00           NaN
 3.79250E+01   0.00000E+00   0.00000E+00   0.00000E+00   0.00000E+00           NaN
 3.79750E+01   0.00000E+00   0.00000E+00   0.00000E+00   0.00000E+00           NaN
 3.80250E+01   0.00000E+00   0.00000E+00   0.00000E+00   0.00000E+00           NaN
 3.80750E+01   0.00000E+00   0.00000E+00   0.00000E+00   0.00000E+00           NaN
 3.81250E+01   0.00000E+00   0.00000E+00   0.00000E+00   0.00000E+00           NaN
 3.81750E+01   0.00000E+00   0.00000E+00   0.00000E+00   0.00000E+00           NaN
 3.82250E+01   0.00000E+00   0.00000E+00   0.00000E+00   0.00000E+00           NaN
 3.82750E+01   0.00000E+00   0.00000E+00   0.00000E+00   0.00000E+00           NaN
 3.83250E+01   0.00000E+00   0.00000E+00   0.00000E+00   0.00000E+00           NaN
 3.83750E+01   0.00000E+00   0.00000E+00   0.00000E+00   0.00000E+00           NaN
 3.84250E+01   0.00000E+00   0.00000E+00   0.00000E+00   0.00000E+00           NaN
 3.84750E+01   0.00000E+00   0.00000E+00   0.00000E+00   0.00000E+00           NaN
 3.85250E+01   0.00000E+00   0.00000E+00   0.00000E+00   0.00000E+00           NaN
 3.85750E+01   0.00000E+00   0.00000E+00   0.00000E+00   0.00000E+00           NaN
 3.86250E+01   0.00000E+00   0.00000E+00   0.00000E+00   0.00000E+00           NaN
 3.86750E+01   0.00000E+00   0.00000E+00   0.00000E+00   0.00000E+00           NaN
 3.87250E+01   0.00000E+00   0.00000E+00   0.00000E+00   0.00000E+00           NaN
 3.87750E+01   0.00000E+00   0.00000E+00   0.00000E+00   0.00000E+00           NaN
 3.88250E+01   0.00000E+00   0.00000E+00   0.00000E+00   0.00000E+00           NaN
 3.88750E+01   0.00000E+00   0.00000E+00   0.00000E+00   0.00000E+00           NaN
 3.89250E+01   0.00000E+00   0.00000E+00   0.00000E+00   0.00000E+00           NaN
 3.89750E+01   0.00000E+00   0.00000E+00   0.00000E+00   0.00000E+00           NaN
 3.90250E+01   0.00000E+00   0.00000E+00   0.00000E+00   0.00000E+00           NaN
 3.90750E+01   0.00000E+00   0.00000E+00   0.00000E+00   0.00000E+00           NaN
 3.91250E+01   0.00000E+00   0.00000E+00   0.00000E+00   0.00000E+00           NaN
 3.91750E+01   0.00000E+00   0.00000E+00   0.00000E+00   0.00000E+00           NaN
 3.92250E+01   0.00000E+00   0.00000E+00   0.00000E+00   0.00000E+00           NaN
 3.92750E+01   0.00000E+00   0.00000E+00   0.00000E+00   0.00000E+00           NaN
 3.93250E+01   0.00000E+00   0.00000E+00   0.00000E+00   0.00000E+00           NaN
 3.93750E+01   0.00000E+00   0.00000E+00   0.00000E+00   0.00000E+00           NaN
 3.94250E+01   0.00000E+00   0.00000E+00   0.00000E+00   0.00000E+00           NaN
 3.94750E+01   0.00000E+00   0.00000E+00   0.00000E+00   0.00000E+00           NaN
 3.95250E+01   0.00000E+00   0.00000E+00   0.00000E+00   0.00000E+00           NaN
 3.95750E+01   0.00000E+00   0.00000E+00   0.00000E+00   0.00000E+00           NaN
 3.96250E+01   0.00000E+00   0.00000E+00   0.00000E+00   0.00000E+00           NaN
 3.96750E+01   0.00000E+00   0.00000E+00   0.00000E+00   0.00000E+00           NaN
 3.97250E+01   0.00000E+00   0.00000E+00   0.00000E+00   0.00000E+00           NaN
 3.97750E+01   0.00000E+00   0.00000E+00   0.00000E+00   0.00000E+00           NaN
 3.98250E+01   0.00000E+00   0.00000E+00   0.00000E+00   0.00000E+00           NaN
 3.98750E+01   0.00000E+00   0.00000E+00   0.00000E+00   0.00000E+00           NaN
 3.99250E+01   0.00000E+00   0.00000E+00   0.00000E+00   0.00000E+00           NaN
 3.99750E+01   0.00000E+00   0.00000E+00   0.00000E+00   0.00000E+00           NaN
 4.00250E+01   0.00000E+00   0.00000E+00   0.00000E+00   0.00000E+00           NaN
 4.00750E+01   0.00000E+00   0.00000E+00   0.00000E+00   0.00000E+00           NaN
 4.01250E+01   0.00000E+00   0.00000E+00   0.00000E+00   0.00000E+00           NaN
 4.01750E+01   0.00000E+00   0.00000E+00   0.00000E+00   0.00000E+00           NaN
 4.02250E+01   0.00000E+00   0.00000E+00   0.00000E+00   0.00000E+00           NaN
 4.02750E+01   0.00000E+00   0.00000E+00   0.00000E+00   0.00000E+00           NaN
 4.03250E+01   0.00000E+00   0.00000E+00   0.00000E+00   0.00000E+00           NaN
 4.03750E+01   0.00000E+00   0.00000E+00   0.00000E+00   0.00000E+00           NaN
 4.04250E+01   0.00000E+00   0.00000E+00   0.00000E+00   0.00000E+00           NaN
 4.04750E+01   0.00000E+00   0.00000E+00   0.00000E+00   0.00000E+00           NaN
 4.05250E+01   0.00000E+00   0.00000E+00   0.00000E+00   0.00000E+00           NaN
 4.05750E+01   0.00000E+00   0.00000E+00   0.00000E+00   0.00000E+00           NaN
 4.06250E+01   0.00000E+00   0.00000E+00   0.00000E+00   0.00000E+00           NaN
 4.06750E+01   0.00000E+00   0.00000E+00   0.00000E+00   0.00000E+00           NaN
 4.07250E+01   0.00000E+00   0.00000E+00   0.00000E+00   0.00000E+00           NaN
 4.07750E+01   0.00000E+00   0.00000E+00   0.00000E+00   0.00000E+00           NaN
 4.08250E+01   0.00000E+00   0.00000E+00   0.00000E+00   0.00000E+00           NaN
 4.08750E+01   0.00000E+00   0.00000E+00   0.00000E+00   0.00000E+00           NaN
 4.09250E+01   0.00000E+00   0.00000E+00   0.00000E+00   0.00000E+00           NaN
 4.09750E+01   0.00000E+00   0.00000E+00   0.00000E+00   0.00000E+00           NaN
 4.10250E+01   0.00000E+00   0.00000E+00   0.00000E+00   0.00000E+00           NaN
 4.10750E+01   0.00000E+00   0.00000E+00   0.00000E+00   0.00000E+00           NaN
 4.11250E+01   0.00000E+00   0.00000E+00   0.00000E+00   0.00000E+00           NaN
 4.11750E+01   0.00000E+00   0.00000E+00   0.00000E+00   0.00000E+00           NaN
 4.12250E+01   0.00000E+00   0.00000E+00   0.00000E+00   0.00000E+00           NaN
 4.12750E+01   0.00000E+00   0.00000E+00   0.00000E+00   0.00000E+00           NaN
 4.13250E+01   0.00000E+00   0.00000E+00   0.00000E+00   0.00000E+00           NaN
 4.13750E+01   0.00000E+00   0.00000E+00   0.00000E+00   0.00000E+00           NaN
 4.14250E+01   0.00000E+00   0.00000E+00   0.00000E+00   0.00000E+00           NaN
 4.14750E+01   0.00000E+00   0.00000E+00   0.00000E+00   0.00000E+00           NaN
 4.15250E+01   0.00000E+00   0.00000E+00   0.00000E+00   0.00000E+00           NaN
 4.15750E+01   0.00000E+00   0.00000E+00   0.00000E+00   0.00000E+00           NaN
 4.16250E+01   0.00000E+00   0.00000E+00   0.00000E+00   0.00000E+00           NaN
 4.16750E+01   0.00000E+00   0.00000E+00   0.00000E+00   0.00000E+00           NaN
 4.17250E+01   0.00000E+00   0.00000E+00   0.00000E+00   0.00000E+00           NaN
 4.17750E+01   0.00000E+00   0.00000E+00   0.00000E+00   0.00000E+00           NaN
 4.18250E+01   0.00000E+00   0.00000E+00   0.00000E+00   0.00000E+00           NaN
 4.18750E+01   0.00000E+00   0.00000E+00   0.00000E+00   0.00000E+00           NaN
 4.19250E+01   0.00000E+00   0.00000E+00   0.00000E+00   0.00000E+00           NaN
 4.19750E+01   0.00000E+00   0.00000E+00   0.00000E+00   0.00000E+00           NaN
 4.20250E+01   0.00000E+00   0.00000E+00   0.00000E+00   0.00000E+00           NaN
 4.20750E+01   0.00000E+00   0.00000E+00   0.00000E+00   0.00000E+00           NaN
 4.21250E+01   0.00000E+00   0.00000E+00   0.00000E+00   0.00000E+00           NaN
 4.21750E+01   0.00000E+00   0.00000E+00   0.00000E+00   0.00000E+00           NaN
 4.22250E+01   0.00000E+00   0.00000E+00   0.00000E+00   0.00000E+00           NaN
 4.22750E+01   0.00000E+00   0.00000E+00   0.00000E+00   0.00000E+00           NaN
 4.23250E+01   0.00000E+00   0.00000E+00   0.00000E+00   0.00000E+00           NaN
 4.23750E+01   0.00000E+00   0.00000E+00   0.00000E+00   0.00000E+00           NaN
 4.24250E+01   0.00000E+00   0.00000E+00   0.00000E+00   0.00000E+00           NaN
 4.24750E+01   0.00000E+00   0.00000E+00   0.00000E+00   0.00000E+00           NaN
 4.25250E+01   0.00000E+00   0.00000E+00   0.00000E+00   0.00000E+00           NaN
 4.25750E+01   0.00000E+00   0.00000E+00   0.00000E+00   0.00000E+00           NaN
 4.26250E+01   0.00000E+00   0.00000E+00   0.00000E+00   0.00000E+00           NaN
 4.26750E+01   0.00000E+00   0.00000E+00   0.00000E+00   0.00000E+00           NaN
 4.27250E+01   0.00000E+00   0.00000E+00   0.00000E+00   0.00000E+00           NaN
 4.27750E+01   0.00000E+00   0.00000E+00   0.00000E+00   0.00000E+00           NaN
 4.28250E+01   0.00000E+00   0.00000E+00   0.00000E+00   0.00000E+00           NaN
 4.28750E+01   0.00000E+00   0.00000E+00   0.00000E+00   0.00000E+00           NaN
 4.29250E+01   0.00000E+00   0.00000E+00   0.00000E+00   0.00000E+00           NaN
 4.29750E+01   0.00000E+00   0.00000E+00   0.00000E+00   0.00000E+00           NaN
 4.30250E+01   0.00000E+00   0.00000E+00   0.00000E+00   0.00000E+00           NaN
 4.30750E+01   0.00000E+00   0.00000E+00   0.00000E+00   0.00000E+00           NaN
 4.31250E+01   0.00000E+00   0.00000E+00   0.00000E+00   0.00000E+00           NaN
 4.31750E+01   0.00000E+00   0.00000E+00   0.00000E+00   0.00000E+00           NaN
 4.32250E+01   0.00000E+00   0.00000E+00   0.00000E+00   0.00000E+00           NaN
 4.32750E+01   0.00000E+00   0.00000E+00   0.00000E+00   0.00000E+00           NaN
 4.33250E+01   0.00000E+00   0.00000E+00   0.00000E+00   0.00000E+00           NaN
 4.33750E+01   0.00000E+00   0.00000E+00   0.00000E+00   0.00000E+00           NaN
 4.34250E+01   0.00000E+00   0.00000E+00   0.00000E+00   0.00000E+00           NaN
 4.34750E+01   0.00000E+00   0.00000E+00   0.00000E+00   0.00000E+00           NaN
 4.35250E+01   0.00000E+00   0.00000E+00   0.00000E+00   0.00000E+00           NaN
 4.35750E+01   0.00000E+00   0.00000E+00   0.00000E+00   0.00000E+00           NaN
 4.36250E+01   0.00000E+00   0.00000E+00   0.00000E+00   0.00000E+00           NaN
 4.36750E+01   0.00000E+00   0.00000E+00   0.00000E+00   0.00000E+00           NaN
 4.37250E+01   0.00000E+00   0.00000E+00   0.00000E+00   0.00000E+00           NaN
 4.37750E+01   0.00000E+00   0.00000E+00   0.00000E+00   0.00000E+00           NaN
 4.38250E+01   0.00000E+00   0.00000E+00   0.00000E+00   0.00000E+00           NaN
 4.38750E+01   0.00000E+00   0.00000E+00   0.00000E+00   0.00000E+00           NaN
 4.39250E+01   0.00000E+00   0.00000E+00   0.00000E+00   0.00000E+00           NaN
 4.39750E+01   0.00000E+00   0.00000E+00   0.00000E+00   0.00000E+00           NaN
 4.40250E+01   0.00000E+00   0.00000E+00   0.00000E+00   0.00000E+00           NaN
 4.40750E+01   0.00000E+00   0.00000E+00   0.00000E+00   0.00000E+00           NaN
 4.41250E+01   0.00000E+00   0.00000E+00   0.00000E+00   0.00000E+00           NaN
 4.41750E+01   0.00000E+00   0.00000E+00   0.00000E+00   0.00000E+00           NaN
 4.42250E+01   0.00000E+00   0.00000E+00   0.00000E+00   0.00000E+00           NaN
 4.42750E+01   0.00000E+00   0.00000E+00   0.00000E+00   0.00000E+00           NaN
 4.43250E+01   0.00000E+00   0.00000E+00   0.00000E+00   0.00000E+00           NaN
 4.43750E+01   0.00000E+00   0.00000E+00   0.00000E+00   0.00000E+00           NaN
 4.44250E+01   0.00000E+00   0.00000E+00   0.00000E+00   0.00000E+00           NaN
 4.44750E+01   0.00000E+00   0.00000E+00   0.00000E+00   0.00000E+00           NaN
 4.45250E+01   0.00000E+00   0.00000E+00   0.00000E+00   0.00000E+00           NaN
 4.45750E+01   0.00000E+00   0.00000E+00   0.00000E+00   0.00000E+00           NaN
 4.46250E+01   0.00000E+00   0.00000E+00   0.00000E+00   0.00000E+00           NaN
 4.46750E+01   0.00000E+00   0.00000E+00   0.00000E+00   0.00000E+00           NaN
 4.47250E+01   0.00000E+00   0.00000E+00   0.00000E+00   0.00000E+00           NaN
 4.47750E+01   0.00000E+00   0.00000E+00   0.00000E+00   0.00000E+00           NaN
 4.48250E+01   0.00000E+00   0.00000E+00   0.00000E+00   0.00000E+00           NaN
 4.48750E+01   0.00000E+00   0.00000E+00   0.00000E+00   0.00000E+00           NaN
 4.49250E+01   0.00000E+00   0.00000E+00   0.00000E+00   0.00000E+00           NaN
 4.49750E+01   0.00000E+00   0.00000E+00   0.00000E+00   0.00000E+00           NaN
 4.50250E+01   0.00000E+00   0.00000E+00   0.00000E+00   0.00000E+00           NaN
 4.50750E+01   0.00000E+00   0.00000E+00   0.00000E+00   0.00000E+00           NaN
 4.51250E+01   0.00000E+00   0.00000E+00   0.00000E+00   0.00000E+00           NaN
 4.51750E+01   0.00000E+00   0.00000E+00   0.00000E+00   0.00000E+00           NaN
 4.52250E+01   0.00000E+00   0.00000E+00   0.00000E+00   0.00000E+00           NaN
 4.52750E+01   0.00000E+00   0.00000E+00   0.00000E+00   0.00000E+00           NaN
 4.53250E+01   0.00000E+00   0.00000E+00   0.00000E+00   0.00000E+00           NaN
 4.53750E+01   0.00000E+00   0.00000E+00   0.00000E+00   0.00000E+00           NaN
 4.54250E+01   0.00000E+00   0.00000E+00   0.00000E+00   0.00000E+00           NaN
 4.54750E+01   0.00000E+00   0.00000E+00   0.00000E+00   0.00000E+00           NaN
 4.55250E+01   0.00000E+00   0.00000E+00   0.00000E+00   0.00000E+00           NaN
 4.55750E+01   0.00000E+00   0.00000E+00   0.00000E+00   0.00000E+00           NaN
 4.56250E+01   0.00000E+00   0.00000E+00   0.00000E+00   0.00000E+00           NaN
 4.56750E+01   0.00000E+00   0.00000E+00   0.00000E+00   0.00000E+00           NaN
 4.57250E+01   0.00000E+00   0.00000E+00   0.00000E+00   0.00000E+00           NaN
 4.57750E+01   0.00000E+00   0.00000E+00   0.00000E+00   0.00000E+00           NaN
 4.58250E+01   0.00000E+00   0.00000E+00   0.00000E+00   0.00000E+00           NaN
 4.58750E+01   0.00000E+00   0.00000E+00   0.00000E+00   0.00000E+00           NaN
 4.59250E+01   0.00000E+00   0.00000E+00   0.00000E+00   0.00000E+00           NaN
 4.59750E+01   0.00000E+00   0.00000E+00   0.00000E+00   0.00000E+00           NaN
 4.60250E+01   0.00000E+00   0.00000E+00   0.00000E+00   0.00000E+00           NaN
 4.60750E+01   0.00000E+00   0.00000E+00   0.00000E+00   0.00000E+00           NaN
 4.61250E+01   0.00000E+00   0.00000E+00   0.00000E+00   0.00000E+00           NaN
 4.61750E+01   0.00000E+00   0.00000E+00   0.00000E+00   0.00000E+00           NaN
 4.62250E+01   0.00000E+00   0.00000E+00   0.00000E+00   0.00000E+00           NaN
 4.62750E+01   0.00000E+00   0.00000E+00   0.00000E+00   0.00000E+00           NaN
 4.63250E+01   0.00000E+00   0.00000E+00   0.00000E+00   0.00000E+00           NaN
 4.63750E+01   0.00000E+00   0.00000E+00   0.00000E+00   0.00000E+00           NaN
 4.64250E+01   0.00000E+00   0.00000E+00   0.00000E+00   0.00000E+00           NaN
 4.64750E+01   0.00000E+00   0.00000E+00   0.00000E+00   0.00000E+00           NaN
 4.65250E+01   0.00000E+00   0.00000E+00   0.00000E+00   0.00000E+00           NaN
 4.65750E+01   0.00000E+00   0.00000E+00   0.00000E+00   0.00000E+00           NaN
 4.66250E+01   0.00000E+00   0.00000E+00   0.00000E+00   0.00000E+00           NaN
 4.66750E+01   0.00000E+00   0.00000E+00   0.00000E+00   0.00000E+00           NaN
 4.67250E+01   0.00000E+00   0.00000E+00   0.00000E+00   0.00000E+00           NaN
 4.67750E+01   0.00000E+00   0.00000E+00   0.00000E+00   0.00000E+00           NaN
 4.68250E+01   0.00000E+00   0.00000E+00   0.00000E+00   0.00000E+00           NaN
 4.68750E+01   0.00000E+00   0.00000E+00   0.00000E+00   0.00000E+00           NaN
 4.69250E+01   0.00000E+00   0.00000E+00   0.00000E+00   0.00000E+00           NaN
 4.69750E+01   0.00000E+00   0.00000E+00   0.00000E+00   0.00000E+00           NaN
 4.70250E+01   0.00000E+00   0.00000E+00   0.00000E+00   0.00000E+00           NaN
 4.70750E+01   0.00000E+00   0.00000E+00   0.00000E+00   0.00000E+00           NaN
 4.71250E+01   0.00000E+00   0.00000E+00   0.00000E+00   0.00000E+00           NaN
 4.71750E+01   0.00000E+00   0.00000E+00   0.00000E+00   0.00000E+00           NaN
 4.72250E+01   0.00000E+00   0.00000E+00   0.00000E+00   0.00000E+00           NaN
 4.72750E+01   0.00000E+00   0.00000E+00   0.00000E+00   0.00000E+00           NaN
 4.73250E+01   0.00000E+00   0.00000E+00   0.00000E+00   0.00000E+00           NaN
 4.73750E+01   0.00000E+00   0.00000E+00   0.00000E+00   0.00000E+00           NaN
 4.74250E+01   0.00000E+00   0.00000E+00   0.00000E+00   0.00000E+00           NaN
 4.74750E+01   0.00000E+00   0.00000E+00   0.00000E+00   0.00000E+00           NaN
 4.75250E+01   0.00000E+00   0.00000E+00   0.00000E+00   0.00000E+00           NaN
 4.75750E+01   0.00000E+00   0.00000E+00   0.00000E+00   0.00000E+00           NaN
 4.76250E+01   0.00000E+00   0.00000E+00   0.00000E+00   0.00000E+00           NaN
 4.76750E+01   0.00000E+00   0.00000E+00   0.00000E+00   0.00000E+00           NaN
 4.77250E+01   0.00000E+00   0.00000E+00   0.00000E+00   0.00000E+00           NaN
 4.77750E+01   0.00000E+00   0.00000E+00   0.00000E+00   0.00000E+00           NaN
 4.78250E+01   0.00000E+00   0.00000E+00   0.00000E+00   0.00000E+00           NaN
 4.78750E+01   0.00000E+00   0.00000E+00   0.00000E+00   0.00000E+00           NaN
 4.79250E+01   0.00000E+00   0.00000E+00   0.00000E+00   0.00000E+00           NaN
 4.79750E+01   0.00000E+00   0.00000E+00   0.00000E+00   0.00000E+00           NaN
 4.80250E+01   0.00000E+00   0.00000E+00   0.00000E+00   0.00000E+00           NaN
 4.80750E+01   0.00000E+00   0.00000E+00   0.00000E+00   0.00000E+00           NaN
 4.81250E+01   0.00000E+00   0.00000E+00   0.00000E+00   0.00000E+00           NaN
 4.81750E+01   0.00000E+00   0.00000E+00   0.00000E+00   0.00000E+00           NaN
 4.82250E+01   0.00000E+00   0.00000E+00   0.00000E+00   0.00000E+00           NaN
 4.82750E+01   0.00000E+00   0.00000E+00   0.00000E+00   0.00000E+00           NaN
 4.83250E+01   0.00000E+00   0.00000E+00   0.00000E+00   0.00000E+00           NaN
 4.83750E+01   0.00000E+00   0.00000E+00   0.00000E+00   0.00000E+00           NaN
 4.84250E+01   0.00000E+00   0.00000E+00   0.00000E+00   0.00000E+00           NaN
 4.84750E+01   0.00000E+00   0.00000E+00   0.00000E+00   0.00000E+00           NaN
 4.85250E+01   0.00000E+00   0.00000E+00   0.00000E+00   0.00000E+00           NaN
 4.85750E+01   0.00000E+00   0.00000E+00   0.00000E+00   0.00000E+00           NaN
 4.86250E+01   0.00000E+00   0.00000E+00   0.00000E+00   0.00000E+00           NaN
 4.86750E+01   0.00000E+00   0.00000E+00   0.00000E+00   0.00000E+00           NaN
 4.87250E+01   0.00000E+00   0.00000E+00   0.00000E+00   0.00000E+00           NaN
 4.87750E+01   0.00000E+00   0.00000E+00   0.00000E+00   0.00000E+00           NaN
 4.88250E+01   0.00000E+00   0.00000E+00   0.00000E+00   0.00000E+00           NaN
 4.88750E+01   0.00000E+00   0.00000E+00   0.00000E+00   0.00000E+00           NaN
 4.89250E+01   0.00000E+00   0.00000E+00   0.00000E+00   0.00000E+00           NaN
 4.89750E+01   0.00000E+00   0.00000E+00   0.00000E+00   0.00000E+00           NaN
