 1.0250  2.24198  0.87466  0.6194186  1.3887259
 1.0750  2.24064  0.87525  0.6195061  1.3880876
 1.1250  2.23898  0.87594  0.6196300  1.3873379
 1.1750  2.23698  0.87675  0.6197878  1.3864534
 1.2250  2.23461  0.87769  0.6199768  1.3854084
 1.2750  2.23184  0.87879  0.6201956  1.3841772
 1.3250  2.22862  0.88006  0.6204422  1.3827326
 1.3750  2.22493  0.88152  0.6207151  1.3810477
 1.4250  2.22072  0.88318  0.6210126  1.3790960
 1.4750  2.21596  0.88507  0.6213335  1.3768512
 1.5250  2.21062  0.88720  0.6216764  1.3742895
 1.5750  2.20466  0.88958  0.6220398  1.3713872
 1.6250  2.19807  0.89224  0.6224223  1.3681256
 1.6750  2.19081  0.89518  0.6228220  1.3644860
 1.7250  2.18289  0.89842  0.6232371  1.3604561
 1.7750  2.17428  0.90196  0.6236649  1.3560247
 1.8250  2.16500  0.90582  0.6241031  1.3511863
 1.8750  2.15506  0.90998  0.6245489  1.3459383
 1.9250  2.14446  0.91447  0.6249987  1.3402832
 1.9750  2.13323  0.91927  0.6254495  1.3342257
 2.0250  2.12140  0.92438  0.6258976  1.3277761
 2.0750  2.10900  0.92980  0.6263393  1.3209476
 2.1250  2.09607  0.93552  0.6267709  1.3137573
 2.1750  2.08267  0.94152  0.6271887  1.3062263
 2.2250  2.06883  0.94781  0.6275889  1.2983770
 2.2750  2.05462  0.95435  0.6279677  1.2902368
 2.3250  2.04009  0.96113  0.6283215  1.2818340
 2.3750  2.02530  0.96814  0.6286471  1.2732006
 2.4250  2.01031  0.97534  0.6289411  1.2643687
 2.4750  1.99519  0.98273  0.6292007  1.2553720
 2.5250  1.97998  0.99026  0.6294232  1.2462457
 2.5750  1.96476  0.99792  0.6296064  1.2370248
 2.6250  1.94958  1.00568  0.6297482  1.2277435
 2.6750  1.93450  1.01351  0.6298472  1.2184373
 2.7250  1.91957  1.02138  0.6299024  1.2091398
 2.7750  1.90484  1.02926  0.6299129  1.1998837
 2.8250  1.89037  1.03712  0.6298789  1.1907011
 2.8750  1.87618  1.04495  0.6298001  1.1816196
 2.9250  1.86233  1.05270  0.6296769  1.1726671
 2.9750  1.84885  1.06035  0.6295106  1.1638710
 3.0250  1.83577  1.06789  0.6293023  1.1552548
 3.0750  1.82312  1.07527  0.6290545  1.1468408
 3.1250  1.81092  1.08249  0.6287693  1.1386485
 3.1750  1.79918  1.08952  0.6284489  1.1306953
 3.2250  1.78794  1.09634  0.6280962  1.1229967
 3.2750  1.77719  1.10294  0.6277144  1.1155659
 3.3250  1.76694  1.10930  0.6273066  1.1084136
 3.3750  1.75720  1.11541  0.6268758  1.1015483
 3.4250  1.74798  1.12126  0.6264256  1.0949771
 3.4750  1.73926  1.12684  0.6259594  1.0887052
 3.5250  1.73105  1.13214  0.6254804  1.0827349
 3.5750  1.72333  1.13716  0.6249921  1.0770677
 3.6250  1.71610  1.14189  0.6244975  1.0717031
 3.6750  1.70936  1.14635  0.6239998  1.0666392
 3.7250  1.70308  1.15052  0.6235021  1.0618734
 3.7750  1.69725  1.15441  0.6230073  1.0574007
 3.8250  1.69186  1.15802  0.6225179  1.0532160
 3.8750  1.68690  1.16137  0.6220362  1.0493118
 3.9250  1.68234  1.16445  0.6215648  1.0456811
 3.9750  1.67816  1.16728  0.6211052  1.0423150
 4.0250  1.67436  1.16987  0.6206594  1.0392044
 4.0750  1.67090  1.17222  0.6202286  1.0363392
 4.1250  1.66777  1.17435  0.6198140  1.0337090
 4.1750  1.66496  1.17626  0.6194170  1.0313035
 4.2250  1.66244  1.17797  0.6190379  1.0291113
 4.2750  1.66019  1.17949  0.6186774  1.0271205
 4.3250  1.65819  1.18083  0.6183358  1.0253199
 4.3750  1.65643  1.18201  0.6180131  1.0236980
 4.4250  1.65489  1.18304  0.6177095  1.0222429
 4.4750  1.65355  1.18392  0.6174247  1.0209439
 4.5250  1.65239  1.18467  0.6171583  1.0197890
 4.5750  1.65140  1.18530  0.6169099  1.0187676
 4.6250  1.65057  1.18583  0.6166787  1.0178683
 4.6750  1.64986  1.18626  0.6164640  1.0170813
 4.7250  1.64928  1.18659  0.6162651  1.0163960
 4.7750  1.64881  1.18685  0.6160814  1.0158035
 4.8250  1.64844  1.18705  0.6159114  1.0152935
 4.8750  1.64815  1.18717  0.6157545  1.0148574
 4.9250  1.64794  1.18725  0.6156096  1.0144870
 4.9750  1.64779  1.18728  0.6154757  1.0141737
 5.0250  1.64769  1.18727  0.6153513  1.0139098
 5.0750  1.64764  1.18722  0.6152355  1.0136880
 5.1250  1.64763  1.18715  0.6151267  1.0135007
 5.1750  1.64764  1.18705  0.6150236  1.0133404
 5.2250  1.64768  1.18693  0.6149242  1.0132002
 5.2750  1.64774  1.18680  0.6148269  1.0130721
 5.3250  1.64779  1.18666  0.6147295  1.0129480
 5.3750  1.64785  1.18650  0.6146291  1.0128194
 5.4250  1.64791  1.18634  0.6145229  1.0126762
 5.4750  1.64794  1.18617  0.6144071  1.0125073
 5.5250  1.64795  1.18599  0.6142768  1.0122988
 5.5750  1.64793  1.18581  0.6141263  1.0120348
 5.6250  1.64785  1.18563  0.6139484  1.0116957
 5.6750  1.64771  1.18543  0.6137342  1.0112575
 5.7250  1.64749  1.18524  0.6134729  1.0106914
 5.7750  1.64717  1.18503  0.6131505  1.0099605
 5.8250  1.64671  1.18481  0.6127497  1.0090199
 5.8750  1.64609  1.18458  0.6122490  1.0078142
 5.9250  1.64526  1.18432  0.6116221  1.0062752
 5.9750  1.64417  1.18404  0.6108365  1.0043191
 6.0250  1.64277  1.18372  0.6098519  1.0018435
 6.0750  1.64097  1.18335  0.6086193  0.9987236
 6.1250  1.63868  1.18292  0.6070784  0.9948084
 6.1750  1.63580  1.18242  0.6051568  0.9899176
 6.2250  1.63220  1.18182  0.6027665  0.9838360
 6.2750  1.62772  1.18109  0.5998028  0.9763108
 6.3250  1.62218  1.18022  0.5961413  0.9670502
 6.3750  1.61539  1.17916  0.5916370  0.9557216
 6.4250  1.60710  1.17788  0.5861224  0.9419569
 6.4750  1.59708  1.17633  0.5794078  0.9253585
 6.5250  1.58506  1.17446  0.5712833  0.9055167
 6.5750  1.57078  1.17219  0.5615245  0.8820328
 6.6250  1.55401  1.16948  0.5498998  0.8545519
 6.6750  1.53456  1.16624  0.5361846  0.8228073
 6.7250  1.51230  1.16240  0.5201796  0.7866701
 6.7750  1.48724  1.15790  0.5017338  0.7462004
 6.8250  1.45951  1.15268  0.4807709  0.7016904
 6.8750  1.42940  1.14671  0.4573159  0.6536875
 6.9250  1.39737  1.13998  0.4315170  0.6029888
 6.9750  1.36402  1.13251  0.4036585  0.5505983
 7.0250  1.33006  1.12438  0.3741570  0.4976496
 7.0750  1.29622  1.11569  0.3435419  0.4453076
 7.1250  1.26325  1.10660  0.3124192  0.3946644
 7.1750  1.23178  1.09729  0.2814229  0.3466510
 7.2250  1.20232  1.08796  0.2511643  0.3019790
 7.2750  1.17522  1.07879  0.2221859  0.2611178
 7.3250  1.15070  1.06995  0.1949279  0.2243032
 7.3750  1.12881  1.06159  0.1697096  0.1915702
 7.4250  1.10951  1.05381  0.1467272  0.1627960
 7.4750  1.09268  1.04668  0.1260635  0.1377466
 7.5250  1.07811  1.04024  0.1077054  0.1161187
 7.5750  1.06561  1.03449  0.0915661  0.0975739
 7.6250  1.05495  1.02941  0.0775064  0.0817652
 7.6750  1.04590  1.02497  0.0653550  0.0683546
 7.7250  1.03825  1.02111  0.0549241  0.0570249
 7.7750  1.03181  1.01778  0.0460223  0.0474864
 7.8250  1.02641  1.01493  0.0384635  0.0394793
 7.8750  1.02189  1.01250  0.0320726  0.0327747
 7.9250  1.01811  1.01043  0.0266893  0.0271728
 7.9750  1.01497  1.00869  0.0221691  0.0225009
 8.0250  1.01235  1.00722  0.0183840  0.0186110
 8.0750  1.01018  1.00598  0.0152222  0.0153771
 8.1250  1.00837  1.00494  0.0125867  0.0126921
 8.1750  1.00688  1.00408  0.0103940  0.0104655
 8.2250  1.00565  1.00336  0.0085728  0.0086212
 8.2750  1.00462  1.00276  0.0070627  0.0070953
 8.3250  1.00378  1.00226  0.0058122  0.0058342
 8.3750  1.00309  1.00184  0.0047780  0.0047928
 8.4250  1.00251  1.00150  0.0039239  0.0039337
 8.4750  1.00204  1.00121  0.0032191  0.0032257
 8.5250  1.00166  1.00098  0.0026384  0.0026427
 8.5750  1.00134  1.00078  0.0021603  0.0021631
 8.6250  1.00108  1.00062  0.0017671  0.0017690
 8.6750  1.00086  1.00049  0.0014442  0.0014455
 8.7250  1.00069  1.00038  0.0011793  0.0011801
 8.7750  1.00054  1.00029  0.0009621  0.0009626
 8.8250  1.00043  1.00022  0.0007843  0.0007847
 8.8750  1.00033  1.00016  0.0006389  0.0006391
 8.9250  1.00025  1.00011  0.0005201  0.0005203
 8.9750  1.00019  1.00007  0.0004232  0.0004233
 9.0250  1.00014  1.00004  0.0003442  0.0003443
 9.0750  1.00010  1.00001  0.0002799  0.0002799
 9.1250  1.00006  0.99999  0.0002275  0.0002275
 9.1750  1.00003  0.99997  0.0001850  0.0001850
 9.2250  1.00001  0.99995  0.0001505  0.0001505
 9.2750  0.99999  0.99994  0.0001225  0.0001225
 9.3250  0.99998  0.99993  0.0000998  0.0000998
 9.3750  0.99997  0.99992  0.0000815  0.0000815
 9.4250  0.99996  0.99992  0.0000666  0.0000666
 9.4750  0.99995  0.99991  0.0000545  0.0000545
 9.5250  0.99994  0.99991  0.0000448  0.0000448
 9.5750  0.99994  0.99991  0.0000369  0.0000369
 9.6250  0.99993  0.99990  0.0000306  0.0000306
 9.6750  0.99993  0.99990  0.0000255  0.0000254
 9.7250  0.99993  0.99990  0.0000213  0.0000213
 9.7750  0.99992  0.99990  0.0000181  0.0000181
 9.8250  0.99992  0.99990  0.0000154  0.0000154
 9.8750  0.99992  0.99990  0.0000133  0.0000133
 9.9250  0.99992  0.99989  0.0000116  0.0000116
 9.9750  0.99992  0.99989  0.0000103  0.0000103
10.0250  0.99992  0.99989  0.0000091  0.0000091
10.0750  0.99992  0.99989  0.0000082  0.0000082
10.1250  0.99992  0.99989  0.0000075  0.0000075
10.1750  0.99992  0.99989  0.0000069  0.0000069
10.2250  0.99992  0.99989  0.0000065  0.0000065
10.2750  0.99991  0.99989  0.0000061  0.0000061
10.3250  0.99991  0.99989  0.0000058  0.0000058
10.3750  0.99991  0.99989  0.0000055  0.0000055
10.4250  0.99991  0.99989  0.0000052  0.0000052
10.4750  0.99991  0.99989  0.0000049  0.0000049
10.5250  0.99991  0.99989  0.0000046  0.0000046
10.5750  0.99991  0.99989  0.0000044  0.0000044
10.6250  0.99991  0.99989  0.0000042  0.0000042
10.6750  0.99991  0.99989  0.0000040  0.0000040
10.7250  0.99991  0.99989  0.0000038  0.0000038
10.7750  0.99991  0.99989  0.0000035  0.0000035
10.8250  0.99991  0.99989  0.0000033  0.0000033
10.8750  0.99991  0.99989  0.0000031  0.0000031
10.9250  0.99991  0.99989  0.0000029  0.0000029
10.9750  0.99991  0.99989  0.0000027  0.0000027
11.0250  0.99991  0.99989  0.0000025  0.0000025
11.0750  0.99991  0.99989  0.0000022  0.0000022
11.1250  0.99991  0.99989  0.0000020  0.0000020
11.1750  0.99991  0.99989  0.0000017  0.0000017
11.2250  0.99991  0.99989  0.0000015  0.0000015
11.2750  0.99991  0.99989  0.0000013  0.0000013
11.3250  0.99990  0.99989  0.0000011  0.0000011
11.3750  0.99990  0.99989  0.0000009  0.0000009
11.4250  0.99990  0.99989  0.0000007  0.0000007
11.4750  0.99990  0.99989  0.0000005  0.0000005
11.5250  0.99990  0.99989  0.0000003  0.0000003
11.5750  0.99990  0.99989  0.0000001  0.0000001
11.6250  0.99990  0.99989  0.0000001  0.0000001
11.6750  0.99990  0.99989  0.0000000  0.0000000
11.7250  0.99990  0.99989  0.0000000  0.0000000
11.7750  0.99990  0.99989  0.0000000  0.0000000
11.8250  0.99990  0.99989  0.0000000  0.0000000
11.8750  0.99990  0.99989  0.0000000  0.0000000
11.9250  0.99990  0.99989  0.0000000  0.0000000
11.9750  0.99990  0.99989  0.0000000  0.0000000
12.0250  0.99990  0.99989  0.0000000  0.0000000
12.0750  0.99990  0.99989  0.0000000  0.0000000
12.1250  0.99990  0.99989  0.0000000  0.0000000
12.1750  0.99990  0.99989  0.0000000  0.0000000
12.2250  0.99990  0.99989  0.0000000  0.0000000
12.2750  0.99990  0.99989  0.0000000  0.0000000
12.3250  0.99990  0.99989  0.0000000  0.0000000
12.3750  0.99990  0.99989  0.0000000  0.0000000
12.4250  0.99990  0.99989  0.0000000  0.0000000
12.4750  0.99990  0.99989  0.0000000  0.0000000
12.5250  0.99990  0.99989  0.0000000  0.0000000
12.5750  0.99990  0.99989  0.0000000  0.0000000
12.6250  0.99990  0.99989  0.0000000  0.0000000
12.6750  0.99990  0.99989  0.0000000  0.0000000
12.7250  0.99990  0.99989  0.0000000  0.0000000
12.7750  0.99990  0.99989  0.0000000  0.0000000
12.8250  0.99990  0.99989  0.0000000  0.0000000
12.8750  0.99990  0.99989  0.0000000  0.0000000
12.9250  0.99990  0.99989  0.0000000  0.0000000
12.9750  0.99990  0.99989  0.0000000  0.0000000
13.0250  0.99990  0.99989  0.0000000  0.0000000
13.0750  0.99990  0.99989  0.0000000  0.0000000
13.1250  0.99990  0.99989  0.0000000  0.0000000
13.1750  0.99990  0.99989  0.0000000  0.0000000
13.2250  0.99990  0.99989  0.0000000  0.0000000
13.2750  0.99990  0.99989  0.0000000  0.0000000
13.3250  0.99990  0.99989  0.0000000  0.0000000
13.3750  0.99990  0.99989  0.0000000  0.0000000
13.4250  0.99990  0.99989  0.0000000  0.0000000
13.4750  0.99990  0.99989  0.0000000  0.0000000
13.5250  0.99990  0.99989  0.0000000  0.0000000
13.5750  0.99990  0.99989  0.0000000  0.0000000
13.6250  0.99990  0.99989  0.0000000  0.0000000
13.6750  0.99990  0.99989  0.0000000  0.0000000
13.7250  0.99990  0.99989  0.0000000  0.0000000
13.7750  0.99990  0.99989  0.0000000  0.0000000
13.8250  0.99990  0.99989  0.0000000  0.0000000
13.8750  0.99990  0.99989  0.0000000  0.0000000
13.9250  0.99990  0.99989  0.0000000  0.0000000
13.9750  0.99990  0.99989  0.0000000  0.0000000
14.0250  0.99990  0.99989  0.0000000  0.0000000
14.0750  0.99990  0.99989  0.0000000  0.0000000
14.1250  0.99990  0.99989  0.0000000  0.0000000
14.1750  0.99990  0.99989  0.0000000  0.0000000
14.2250  0.99990  0.99989  0.0000000  0.0000000
14.2750  0.99990  0.99989  0.0000000  0.0000000
14.3250  0.99990  0.99989  0.0000000  0.0000000
14.3750  0.99990  0.99989  0.0000000  0.0000000
14.4250  0.99990  0.99989  0.0000000  0.0000000
14.4750  0.99990  0.99989  0.0000000  0.0000000
14.5250  0.99990  0.99989  0.0000000  0.0000000
14.5750  0.99990  0.99989  0.0000000  0.0000000
14.6250  0.99990  0.99989  0.0000000  0.0000000
14.6750  0.99990  0.99989  0.0000000  0.0000000
14.7250  0.99990  0.99989  0.0000000  0.0000000
14.7750  0.99990  0.99989  0.0000000  0.0000000
14.8250  0.99990  0.99989  0.0000000  0.0000000
14.8750  0.99990  0.99989  0.0000000  0.0000000
14.9250  0.99990  0.99989  0.0000000  0.0000000
14.9750  0.99990  0.99989  0.0000000  0.0000000
15.0250  0.99990  0.99989  0.0000000  0.0000000
15.0750  0.99990  0.99989  0.0000000  0.0000000
15.1250  0.99990  0.99989  0.0000000  0.0000000
15.1750  0.99990  0.99989  0.0000000  0.0000000
15.2250  0.99990  0.99989  0.0000000  0.0000000
15.2750  0.99990  0.99989  0.0000000  0.0000000
15.3250  0.99990  0.99989  0.0000000  0.0000000
15.3750  0.99990  0.99989  0.0000000  0.0000000
15.4250  0.99990  0.99989  0.0000000  0.0000000
15.4750  0.99990  0.99989  0.0000000  0.0000000
15.5250  0.99990  0.99989  0.0000000  0.0000000
15.5750  0.99990  0.99989  0.0000000  0.0000000
15.6250  0.99990  0.99989  0.0000000  0.0000000
15.6750  0.99990  0.99989  0.0000000  0.0000000
15.7250  0.99990  0.99989  0.0000000  0.0000000
15.7750  0.99990  0.99989  0.0000000  0.0000000
15.8250  0.99990  0.99989  0.0000000  0.0000000
15.8750  0.99990  0.99989  0.0000000  0.0000000
15.9250  0.99990  0.99989  0.0000000  0.0000000
15.9750  0.99990  0.99989  0.0000000  0.0000000
16.0250  0.99990  0.99989  0.0000000  0.0000000
16.0750  0.99990  0.99989  0.0000000  0.0000000
16.1250  0.99990  0.99989  0.0000000  0.0000000
16.1750  0.99990  0.99989  0.0000000  0.0000000
16.2250  0.99990  0.99989  0.0000000  0.0000000
16.2750  0.99990  0.99989  0.0000000  0.0000000
16.3250  0.99990  0.99989  0.0000000  0.0000000
16.3750  0.99990  0.99989  0.0000000  0.0000000
16.4250  0.99990  0.99989  0.0000000  0.0000000
16.4750  0.99990  0.99989  0.0000000  0.0000000
16.5250  0.99990  0.99989  0.0000000  0.0000000
16.5750  0.99990  0.99989  0.0000000  0.0000000
16.6250  0.99990  0.99989  0.0000000  0.0000000
16.6750  0.99990  0.99989  0.0000000  0.0000000
16.7250  0.99990  0.99989  0.0000000  0.0000000
16.7750  0.99990  0.99989  0.0000000  0.0000000
16.8250  0.99990  0.99989  0.0000000  0.0000000
16.8750  0.99990  0.99989  0.0000000  0.0000000
16.9250  0.99990  0.99989  0.0000000  0.0000000
16.9750  0.99990  0.99989  0.0000000  0.0000000
17.0250  0.99990  0.99989  0.0000000  0.0000000
17.0750  0.99990  0.99989  0.0000000  0.0000000
17.1250  0.99990  0.99989  0.0000000  0.0000000
17.1750  0.99990  0.99989  0.0000000  0.0000000
17.2250  0.99990  0.99989  0.0000000  0.0000000
17.2750  0.99990  0.99989  0.0000000  0.0000000
17.3250  0.99990  0.99989  0.0000000  0.0000000
17.3750  0.99990  0.99989  0.0000000  0.0000000
17.4250  0.99990  0.99989  0.0000000  0.0000000
17.4750  0.99990  0.99989  0.0000000  0.0000000
17.5250  0.99990  0.99989  0.0000000  0.0000000
17.5750  0.99990  0.99989  0.0000000  0.0000000
17.6250  0.99990  0.99989  0.0000000  0.0000000
17.6750  0.99990  0.99989  0.0000000  0.0000000
17.7250  0.99990  0.99989  0.0000000  0.0000000
17.7750  0.99990  0.99989  0.0000000  0.0000000
17.8250  0.99990  0.99989  0.0000000  0.0000000
17.8750  0.99990  0.99989  0.0000000  0.0000000
17.9250  0.99990  0.99989  0.0000000  0.0000000
17.9750  0.99990  0.99989  0.0000000  0.0000000
18.0250  0.99990  0.99989  0.0000000  0.0000000
18.0750  0.99990  0.99989  0.0000000  0.0000000
18.1250  0.99990  0.99989  0.0000000  0.0000000
18.1750  0.99990  0.99989  0.0000000  0.0000000
18.2250  0.99990  0.99989  0.0000000  0.0000000
18.2750  0.99990  0.99989  0.0000000  0.0000000
18.3250  0.99990  0.99989  0.0000000  0.0000000
18.3750  0.99990  0.99989  0.0000000  0.0000000
18.4250  0.99990  0.99989  0.0000000  0.0000000
18.4750  0.99990  0.99989  0.0000000  0.0000000
18.5250  0.99990  0.99989  0.0000000  0.0000000
18.5750  0.99990  0.99989  0.0000000  0.0000000
18.6250  0.99990  0.99989  0.0000000  0.0000000
18.6750  0.99990  0.99989  0.0000000  0.0000000
18.7250  0.99990  0.99989  0.0000000  0.0000000
18.7750  0.99990  0.99989  0.0000000  0.0000000
18.8250  0.99990  0.99989  0.0000000  0.0000000
18.8750  0.99990  0.99989  0.0000000  0.0000000
18.9250  0.99990  0.99989  0.0000000  0.0000000
18.9750  0.99990  0.99989  0.0000000  0.0000000
19.0250  0.99990  0.99989  0.0000000  0.0000000
19.0750  0.99990  0.99989  0.0000000  0.0000000
19.1250  0.99990  0.99989  0.0000000  0.0000000
19.1750  0.99990  0.99989  0.0000000  0.0000000
19.2250  0.99990  0.99989  0.0000000  0.0000000
19.2750  0.99990  0.99989  0.0000000  0.0000000
19.3250  0.99990  0.99989  0.0000000  0.0000000
19.3750  0.99990  0.99989  0.0000000  0.0000000
19.4250  0.99990  0.99989  0.0000000  0.0000000
19.4750  0.99990  0.99989  0.0000000  0.0000000
19.5250  0.99990  0.99989  0.0000000  0.0000000
19.5750  0.99990  0.99989  0.0000000  0.0000000
19.6250  0.99990  0.99989  0.0000000  0.0000000
19.6750  0.99990  0.99989  0.0000000  0.0000000
19.7250  0.99990  0.99989  0.0000000  0.0000000
19.7750  0.99990  0.99989  0.0000000  0.0000000
19.8250  0.99990  0.99989  0.0000000  0.0000000
19.8750  0.99990  0.99989  0.0000000  0.0000000
19.9250  0.99990  0.99989  0.0000000  0.0000000
19.9750  0.99990  0.99989  0.0000000  0.0000000
20.0250  0.99990  0.99989  0.0000000  0.0000000
20.0750  0.99990  0.99989  0.0000000  0.0000000
20.1250  0.99990  0.99989  0.0000000  0.0000000
20.1750  0.99990  0.99989  0.0000000  0.0000000
20.2250  0.99990  0.99989  0.0000000  0.0000000
20.2750  0.99990  0.99989  0.0000000  0.0000000
20.3250  0.99990  0.99989  0.0000000  0.0000000
20.3750  0.99990  0.99989  0.0000000  0.0000000
20.4250  0.99990  0.99989  0.0000000  0.0000000
20.4750  0.99990  0.99989  0.0000000  0.0000000
20.5250  0.99990  0.99989  0.0000000  0.0000000
20.5750  0.99990  0.99989  0.0000000  0.0000000
20.6250  0.99990  0.99989  0.0000000  0.0000000
20.6750  0.99990  0.99989  0.0000000  0.0000000
20.7250  0.99990  0.99989  0.0000000  0.0000000
20.7750  0.99990  0.99989  0.0000000  0.0000000
20.8250  0.99990  0.99989  0.0000000  0.0000000
20.8750  0.99990  0.99989  0.0000000  0.0000000
20.9250  0.99990  0.99989  0.0000000  0.0000000
20.9750  0.99990  0.99989  0.0000000  0.0000000
21.0250  0.99990  0.99989  0.0000000  0.0000000
21.0750  0.99990  0.99989  0.0000000  0.0000000
21.1250  0.99990  0.99989  0.0000000  0.0000000
21.1750  0.99990  0.99989  0.0000000  0.0000000
21.2250  0.99990  0.99989  0.0000000  0.0000000
21.2750  0.99990  0.99989  0.0000000  0.0000000
21.3250  0.99990  0.99989  0.0000000  0.0000000
21.3750  0.99990  0.99989  0.0000000  0.0000000
21.4250  0.99990  0.99989  0.0000000  0.0000000
21.4750  0.99990  0.99989  0.0000000  0.0000000
21.5250  0.99990  0.99989  0.0000000  0.0000000
21.5750  0.99990  0.99989  0.0000000  0.0000000
21.6250  0.99990  0.99989  0.0000000  0.0000000
21.6750  0.99990  0.99989  0.0000000  0.0000000
21.7250  0.99990  0.99989  0.0000000  0.0000000
21.7750  0.99990  0.99989  0.0000000  0.0000000
21.8250  0.99990  0.99989  0.0000000  0.0000000
21.8750  0.99990  0.99989  0.0000000  0.0000000
21.9250  0.99990  0.99989  0.0000000  0.0000000
21.9750  0.99990  0.99989  0.0000000  0.0000000
22.0250  0.99990  0.99989  0.0000000  0.0000000
22.0750  0.99990  0.99989  0.0000000  0.0000000
22.1250  0.99990  0.99989  0.0000000  0.0000000
22.1750  0.99990  0.99989  0.0000000  0.0000000
22.2250  0.99990  0.99989  0.0000000  0.0000000
22.2750  0.99990  0.99989  0.0000000  0.0000000
22.3250  0.99990  0.99989  0.0000000  0.0000000
22.3750  0.99990  0.99989  0.0000000  0.0000000
22.4250  0.99990  0.99989  0.0000000  0.0000000
22.4750  0.99990  0.99989  0.0000000  0.0000000
22.5250  0.99990  0.99989  0.0000000  0.0000000
22.5750  0.99990  0.99989  0.0000000  0.0000000
22.6250  0.99990  0.99989  0.0000000  0.0000000
22.6750  0.99990  0.99989  0.0000000  0.0000000
22.7250  0.99990  0.99989  0.0000000  0.0000000
22.7750  0.99990  0.99989  0.0000000  0.0000000
22.8250  0.99990  0.99989  0.0000000  0.0000000
22.8750  0.99990  0.99989  0.0000000  0.0000000
22.9250  0.99990  0.99989  0.0000000  0.0000000
22.9750  0.99990  0.99989  0.0000000  0.0000000
23.0250  0.99990  0.99989  0.0000000  0.0000000
23.0750  0.99990  0.99989  0.0000000  0.0000000
23.1250  0.99990  0.99989  0.0000000  0.0000000
23.1750  0.99990  0.99989  0.0000000  0.0000000
23.2250  0.99990  0.99989  0.0000000  0.0000000
23.2750  0.99990  0.99989  0.0000000  0.0000000
23.3250  0.99990  0.99989  0.0000000  0.0000000
23.3750  0.99990  0.99989  0.0000000  0.0000000
23.4250  0.99990  0.99989  0.0000000  0.0000000
23.4750  0.99990  0.99989  0.0000000  0.0000000
23.5250  0.99990  0.99989  0.0000000  0.0000000
23.5750  0.99990  0.99989  0.0000000  0.0000000
23.6250  0.99990  0.99989  0.0000000  0.0000000
23.6750  0.99990  0.99989  0.0000000  0.0000000
23.7250  0.99990  0.99989  0.0000000  0.0000000
23.7750  0.99990  0.99989  0.0000000  0.0000000
23.8250  0.99990  0.99989  0.0000000  0.0000000
23.8750  0.99990  0.99989  0.0000000  0.0000000
23.9250  0.99990  0.99989  0.0000000  0.0000000
23.9750  0.99990  0.99989  0.0000000  0.0000000
24.0250  0.99990  0.99989  0.0000000  0.0000000
24.0750  0.99990  0.99989  0.0000000  0.0000000
24.1250  0.99990  0.99989  0.0000000  0.0000000
24.1750  0.99990  0.99989  0.0000000  0.0000000
24.2250  0.99990  0.99989  0.0000000  0.0000000
24.2750  0.99990  0.99989  0.0000000  0.0000000
24.3250  0.99990  0.99989  0.0000000  0.0000000
24.3750  0.99990  0.99989  0.0000000  0.0000000
24.4250  0.99990  0.99989  0.0000000  0.0000000
24.4750  0.99990  0.99989  0.0000000  0.0000000
24.5250  0.99990  0.99989  0.0000000  0.0000000
24.5750  0.99990  0.99989  0.0000000  0.0000000
24.6250  0.99990  0.99989  0.0000000  0.0000000
24.6750  0.99990  0.99989  0.0000000  0.0000000
24.7250  0.99990  0.99989  0.0000000  0.0000000
24.7750  0.99990  0.99989  0.0000000  0.0000000
24.8250  0.99990  0.99989  0.0000000  0.0000000
24.8750  0.99990  0.99989  0.0000000  0.0000000
24.9250  0.99990  0.99989  0.0000000  0.0000000
24.9750  0.99990  0.99989  0.0000000  0.0000000
25.0250  0.99990  0.99989  0.0000000  0.0000000
25.0750  0.99990  0.99989  0.0000000  0.0000000
25.1250  0.99990  0.99989  0.0000000  0.0000000
25.1750  0.99990  0.99989  0.0000000  0.0000000
25.2250  0.99990  0.99989  0.0000000  0.0000000
25.2750  0.99990  0.99989  0.0000000  0.0000000
25.3250  0.99990  0.99989  0.0000000  0.0000000
25.3750  0.99990  0.99989  0.0000000  0.0000000
25.4250  0.99990  0.99989  0.0000000  0.0000000
25.4750  0.99990  0.99989  0.0000000  0.0000000
25.5250  0.99990  0.99989  0.0000000  0.0000000
25.5750  0.99990  0.99989  0.0000000  0.0000000
25.6250  0.99990  0.99989  0.0000000  0.0000000
25.6750  0.99990  0.99989  0.0000000  0.0000000
25.7250  0.99990  0.99989  0.0000000  0.0000000
25.7750  0.99990  0.99989  0.0000000  0.0000000
25.8250  0.99990  0.99989  0.0000000  0.0000000
25.8750  0.99990  0.99989  0.0000000  0.0000000
25.9250  0.99990  0.99989  0.0000000  0.0000000
25.9750  0.99990  0.99989  0.0000000  0.0000000
26.0250  0.99990  0.99989  0.0000000  0.0000000
26.0750  0.99990  0.99989  0.0000000  0.0000000
26.1250  0.99990  0.99989  0.0000000  0.0000000
26.1750  0.99990  0.99989  0.0000000  0.0000000
26.2250  0.99990  0.99989  0.0000000  0.0000000
26.2750  0.99990  0.99989  0.0000000  0.0000000
26.3250  0.99990  0.99989  0.0000000  0.0000000
26.3750  0.99990  0.99989  0.0000000  0.0000000
26.4250  0.99990  0.99989  0.0000000  0.0000000
26.4750  0.99990  0.99989  0.0000000  0.0000000
26.5250  0.99990  0.99989  0.0000000  0.0000000
26.5750  0.99990  0.99989  0.0000000  0.0000000
26.6250  0.99990  0.99989  0.0000000  0.0000000
26.6750  0.99990  0.99989  0.0000000  0.0000000
26.7250  0.99990  0.99989  0.0000000  0.0000000
26.7750  0.99990  0.99989  0.0000000  0.0000000
26.8250  0.99990  0.99989  0.0000000  0.0000000
26.8750  0.99990  0.99989  0.0000000  0.0000000
26.9250  0.99990  0.99989  0.0000000  0.0000000
26.9750  0.99990  0.99989  0.0000000  0.0000000
27.0250  0.99990  0.99989  0.0000000  0.0000000
27.0750  0.99990  0.99989  0.0000000  0.0000000
27.1250  0.99990  0.99989  0.0000000  0.0000000
27.1750  0.99990  0.99989  0.0000000  0.0000000
27.2250  0.99990  0.99989  0.0000000  0.0000000
27.2750  0.99990  0.99989  0.0000000  0.0000000
27.3250  0.99990  0.99989  0.0000000  0.0000000
27.3750  0.99990  0.99989  0.0000000  0.0000000
27.4250  0.99990  0.99989  0.0000000  0.0000000
27.4750  0.99990  0.99989  0.0000000  0.0000000
27.5250  0.99990  0.99989  0.0000000  0.0000000
27.5750  0.99990  0.99989  0.0000000  0.0000000
27.6250  0.99990  0.99989  0.0000000  0.0000000
27.6750  0.99990  0.99989  0.0000000  0.0000000
27.7250  0.99990  0.99989  0.0000000  0.0000000
27.7750  0.99990  0.99989  0.0000000  0.0000000
27.8250  0.99990  0.99989  0.0000000  0.0000000
27.8750  0.99990  0.99989  0.0000000  0.0000000
27.9250  0.99990  0.99989  0.0000000  0.0000000
27.9750  0.99990  0.99989  0.0000000  0.0000000
28.0250  0.99990  0.99989  0.0000000  0.0000000
28.0750  0.99990  0.99989  0.0000000  0.0000000
28.1250  0.99990  0.99989  0.0000000  0.0000000
28.1750  0.99990  0.99989  0.0000000  0.0000000
28.2250  0.99990  0.99989  0.0000000  0.0000000
28.2750  0.99990  0.99989  0.0000000  0.0000000
28.3250  0.99990  0.99989  0.0000000  0.0000000
28.3750  0.99990  0.99989  0.0000000  0.0000000
28.4250  0.99990  0.99989  0.0000000  0.0000000
28.4750  0.99990  0.99989  0.0000000  0.0000000
28.5250  0.99990  0.99989  0.0000000  0.0000000
28.5750  0.99990  0.99989  0.0000000  0.0000000
28.6250  0.99990  0.99989  0.0000000  0.0000000
28.6750  0.99990  0.99989  0.0000000  0.0000000
28.7250  0.99990  0.99989  0.0000000  0.0000000
28.7750  0.99990  0.99989  0.0000000  0.0000000
28.8250  0.99990  0.99989  0.0000000  0.0000000
28.8750  0.99990  0.99989  0.0000000  0.0000000
28.9250  0.99990  0.99989  0.0000000  0.0000000
28.9750  0.99990  0.99989  0.0000000  0.0000000
29.0250  0.99990  0.99989  0.0000000  0.0000000
29.0750  0.99990  0.99989  0.0000000  0.0000000
29.1250  0.99990  0.99989  0.0000000  0.0000000
29.1750  0.99990  0.99989  0.0000000  0.0000000
29.2250  0.99990  0.99989  0.0000000  0.0000000
29.2750  0.99990  0.99989  0.0000000  0.0000000
29.3250  0.99990  0.99989  0.0000000  0.0000000
29.3750  0.99990  0.99989  0.0000000  0.0000000
29.4250  0.99990  0.99989  0.0000000  0.0000000
29.4750  0.99990  0.99989  0.0000000  0.0000000
29.5250  0.99990  0.99989  0.0000000  0.0000000
29.5750  0.99990  0.99989  0.0000000  0.0000000
29.6250  0.99990  0.99989  0.0000000  0.0000000
29.6750  0.99990  0.99989  0.0000000  0.0000000
29.7250  0.99990  0.99989  0.0000000  0.0000000
29.7750  0.99990  0.99989  0.0000000  0.0000000
29.8250  0.99990  0.99989  0.0000000  0.0000000
29.8750  0.99990  0.99989  0.0000000  0.0000000
29.9250  0.99990  0.99989  0.0000000  0.0000000
29.9750  0.99990  0.99989  0.0000000  0.0000000
30.0250  0.99990  0.99989  0.0000000  0.0000000
30.0750  0.99990  0.99989  0.0000000  0.0000000
30.1250  0.99990  0.99989  0.0000000  0.0000000
30.1750  0.99990  0.99989  0.0000000  0.0000000
30.2250  0.99990  0.99989  0.0000000  0.0000000
30.2750  0.99990  0.99989  0.0000000  0.0000000
30.3250  0.99990  0.99989  0.0000000  0.0000000
30.3750  0.99990  0.99989  0.0000000  0.0000000
30.4250  0.99990  0.99989  0.0000000  0.0000000
30.4750  0.99990  0.99989  0.0000000  0.0000000
30.5250  0.99990  0.99989  0.0000000  0.0000000
30.5750  0.99990  0.99989  0.0000000  0.0000000
30.6250  0.99990  0.99989  0.0000000  0.0000000
30.6750  0.99990  0.99989  0.0000000  0.0000000
30.7250  0.99990  0.99989  0.0000000  0.0000000
30.7750  0.99990  0.99989  0.0000000  0.0000000
30.8250  0.99990  0.99989  0.0000000  0.0000000
30.8750  0.99990  0.99989  0.0000000  0.0000000
30.9250  0.99990  0.99989  0.0000000  0.0000000
30.9750  0.99990  0.99989  0.0000000  0.0000000
31.0250  0.99990  0.99989  0.0000000  0.0000000
31.0750  0.99990  0.99989  0.0000000  0.0000000
31.1250  0.99990  0.99989  0.0000000  0.0000000
31.1750  0.99990  0.99989  0.0000000  0.0000000
31.2250  0.99990  0.99989  0.0000000  0.0000000
31.2750  0.99990  0.99989  0.0000000  0.0000000
31.3250  0.99990  0.99989  0.0000000  0.0000000
31.3750  0.99990  0.99989  0.0000000  0.0000000
31.4250  0.99990  0.99989  0.0000000  0.0000000
31.4750  0.99990  0.99989  0.0000000  0.0000000
31.5250  0.99990  0.99989  0.0000000  0.0000000
31.5750  0.99990  0.99989  0.0000000  0.0000000
31.6250  0.99990  0.99989  0.0000000  0.0000000
31.6750  0.99990  0.99989  0.0000000  0.0000000
31.7250  0.99990  0.99989  0.0000000  0.0000000
31.7750  0.99990  0.99989  0.0000000  0.0000000
31.8250  0.99990  0.99989  0.0000000  0.0000000
31.8750  0.99990  0.99989  0.0000000  0.0000000
31.9250  0.99990  0.99989  0.0000000  0.0000000
31.9750  0.99990  0.99989  0.0000000  0.0000000
32.0250  0.99990  0.99989  0.0000000  0.0000000
32.0750  0.99990  0.99989  0.0000000  0.0000000
32.1250  0.99990  0.99989  0.0000000  0.0000000
32.1750  0.99990  0.99989  0.0000000  0.0000000
32.2250  0.99990  0.99989  0.0000000  0.0000000
32.2750  0.99990  0.99989  0.0000000  0.0000000
32.3250  0.99990  0.99989  0.0000000  0.0000000
32.3750  0.99990  0.99989  0.0000000  0.0000000
32.4250  0.99990  0.99989  0.0000000  0.0000000
32.4750  0.99990  0.99989  0.0000000  0.0000000
32.5250  0.99990  0.99989  0.0000000  0.0000000
32.5750  0.99990  0.99989  0.0000000  0.0000000
32.6250  0.99990  0.99989  0.0000000  0.0000000
32.6750  0.99990  0.99989  0.0000000  0.0000000
32.7250  0.99990  0.99989  0.0000000  0.0000000
32.7750  0.99990  0.99989  0.0000000  0.0000000
32.8250  0.99990  0.99989  0.0000000  0.0000000
32.8750  0.99990  0.99989  0.0000000  0.0000000
32.9250  0.99990  0.99989  0.0000000  0.0000000
32.9750  0.99990  0.99989  0.0000000  0.0000000
33.0250  0.99990  0.99989  0.0000000  0.0000000
33.0750  0.99990  0.99989  0.0000000  0.0000000
33.1250  0.99990  0.99989  0.0000000  0.0000000
33.1750  0.99990  0.99989  0.0000000  0.0000000
33.2250  0.99990  0.99989  0.0000000  0.0000000
33.2750  0.99990  0.99989  0.0000000  0.0000000
33.3250  0.99990  0.99989  0.0000000  0.0000000
33.3750  0.99990  0.99989  0.0000000  0.0000000
33.4250  0.99990  0.99989  0.0000000  0.0000000
33.4750  0.99990  0.99989  0.0000000  0.0000000
33.5250  0.99990  0.99989  0.0000000  0.0000000
33.5750  0.99990  0.99989  0.0000000  0.0000000
33.6250  0.99990  0.99989  0.0000000  0.0000000
33.6750  0.99990  0.99989  0.0000000  0.0000000
33.7250  0.99990  0.99989  0.0000000  0.0000000
33.7750  0.99990  0.99989  0.0000000  0.0000000
33.8250  0.99990  0.99989  0.0000000  0.0000000
33.8750  0.99990  0.99989  0.0000000  0.0000000
33.9250  0.99990  0.99989  0.0000000  0.0000000
33.9750  0.99990  0.99989  0.0000000  0.0000000
34.0250  0.99990  0.99989  0.0000000  0.0000000
34.0750  0.99990  0.99989  0.0000000  0.0000000
34.1250  0.99990  0.99989  0.0000000  0.0000000
34.1750  0.99990  0.99989  0.0000000  0.0000000
34.2250  0.99990  0.99989  0.0000000  0.0000000
34.2750  0.99990  0.99989  0.0000000  0.0000000
34.3250  0.99990  0.99989  0.0000000  0.0000000
34.3750  0.99990  0.99989  0.0000000  0.0000000
34.4250  0.99990  0.99989  0.0000000  0.0000000
34.4750  0.99990  0.99989  0.0000000  0.0000000
34.5250  0.99990  0.99989  0.0000000  0.0000000
34.5750  0.99990  0.99989  0.0000000  0.0000000
34.6250  0.99990  0.99989  0.0000000  0.0000000
34.6750  0.99990  0.99989  0.0000000  0.0000000
34.7250  0.99990  0.99989  0.0000000  0.0000000
34.7750  0.99990  0.99989  0.0000000  0.0000000
34.8250  0.99990  0.99989  0.0000000  0.0000000
34.8750  0.99990  0.99989  0.0000000  0.0000000
34.9250  0.99990  0.99989  0.0000000  0.0000000
34.9750  0.99990  0.99989  0.0000000  0.0000000
35.0250  0.99990  0.99989  0.0000000  0.0000000
35.0750  0.99990  0.99989  0.0000000  0.0000000
35.1250  0.99990  0.99989  0.0000000  0.0000000
35.1750  0.99990  0.99989  0.0000000  0.0000000
35.2250  0.99990  0.99989  0.0000000  0.0000000
35.2750  0.99990  0.99989  0.0000000  0.0000000
35.3250  0.99990  0.99989  0.0000000  0.0000000
35.3750  0.99990  0.99989  0.0000000  0.0000000
35.4250  0.99990  0.99989  0.0000000  0.0000000
35.4750  0.99990  0.99989  0.0000000  0.0000000
35.5250  0.99990  0.99989  0.0000000  0.0000000
35.5750  0.99990  0.99989  0.0000000  0.0000000
35.6250  0.99990  0.99989  0.0000000  0.0000000
35.6750  0.99990  0.99989  0.0000000  0.0000000
35.7250  0.99990  0.99989  0.0000000  0.0000000
35.7750  0.99990  0.99989  0.0000000  0.0000000
35.8250  0.99990  0.99989  0.0000000  0.0000000
35.8750  0.99990  0.99989  0.0000000  0.0000000
35.9250  0.99990  0.99989  0.0000000  0.0000000
35.9750  0.99990  0.99989  0.0000000  0.0000000
36.0250  0.99990  0.99989  0.0000000  0.0000000
36.0750  0.99990  0.99989  0.0000000  0.0000000
36.1250  0.99990  0.99989  0.0000000  0.0000000
36.1750  0.99990  0.99989  0.0000000  0.0000000
36.2250  0.99990  0.99989  0.0000000  0.0000000
36.2750  0.99990  0.99989  0.0000000  0.0000000
36.3250  0.99990  0.99989  0.0000000  0.0000000
36.3750  0.99990  0.99989  0.0000000  0.0000000
36.4250  0.99990  0.99989  0.0000000  0.0000000
36.4750  0.99990  0.99989  0.0000000  0.0000000
36.5250  0.99990  0.99989  0.0000000  0.0000000
36.5750  0.99990  0.99989  0.0000000  0.0000000
36.6250  0.99990  0.99989  0.0000000  0.0000000
36.6750  0.99990  0.99989  0.0000000  0.0000000
36.7250  0.99990  0.99989  0.0000000  0.0000000
36.7750  0.99990  0.99989  0.0000000  0.0000000
36.8250  0.99990  0.99989  0.0000000  0.0000000
36.8750  0.99990  0.99989  0.0000000  0.0000000
36.9250  0.99990  0.99989  0.0000000  0.0000000
36.9750  0.99990  0.99989  0.0000000  0.0000000
37.0250  0.99990  0.99989  0.0000000  0.0000000
37.0750  0.99990  0.99989  0.0000000  0.0000000
37.1250  0.99990  0.99989  0.0000000  0.0000000
37.1750  0.99990  0.99989  0.0000000  0.0000000
37.2250  0.99990  0.99989  0.0000000  0.0000000
37.2750  0.99990  0.99989  0.0000000  0.0000000
37.3250  0.99990  0.99989  0.0000000  0.0000000
37.3750  0.99990  0.99989  0.0000000  0.0000000
37.4250  0.99990  0.99989  0.0000000  0.0000000
37.4750  0.99990  0.99989  0.0000000  0.0000000
37.5250  0.99990  0.99989  0.0000000  0.0000000
37.5750  0.99990  0.99989  0.0000000  0.0000000
37.6250  0.99990  0.99989  0.0000000  0.0000000
37.6750  0.99990  0.99989  0.0000000  0.0000000
37.7250  0.99990  0.99989  0.0000000  0.0000000
37.7750  0.99990  0.99989  0.0000000  0.0000000
37.8250  0.99990  0.99989  0.0000000  0.0000000
37.8750  0.99990  0.99989  0.0000000  0.0000000
37.9250  0.99990  0.99989  0.0000000  0.0000000
37.9750  0.99990  0.99989  0.0000000  0.0000000
38.0250  0.99990  0.99989  0.0000000  0.0000000
38.0750  0.99990  0.99989  0.0000000  0.0000000
38.1250  0.99990  0.99989  0.0000000  0.0000000
38.1750  0.99990  0.99989  0.0000000  0.0000000
38.2250  0.99990  0.99989  0.0000000  0.0000000
38.2750  0.99990  0.99989  0.0000000  0.0000000
38.3250  0.99990  0.99989  0.0000000  0.0000000
38.3750  0.99990  0.99989  0.0000000  0.0000000
38.4250  0.99990  0.99989  0.0000000  0.0000000
38.4750  0.99990  0.99989  0.0000000  0.0000000
38.5250  0.99990  0.99989  0.0000000  0.0000000
38.5750  0.99990  0.99989  0.0000000  0.0000000
38.6250  0.99990  0.99989  0.0000000  0.0000000
38.6750  0.99990  0.99989  0.0000000  0.0000000
38.7250  0.99990  0.99989  0.0000000  0.0000000
38.7750  0.99990  0.99989  0.0000000  0.0000000
38.8250  0.99990  0.99989  0.0000000  0.0000000
38.8750  0.99990  0.99989  0.0000000  0.0000000
38.9250  0.99990  0.99989  0.0000000  0.0000000
38.9750  0.99990  0.99989  0.0000000  0.0000000
39.0250  0.99990  0.99989  0.0000000  0.0000000
39.0750  0.99990  0.99989  0.0000000  0.0000000
39.1250  0.99990  0.99989  0.0000000  0.0000000
39.1750  0.99990  0.99989  0.0000000  0.0000000
39.2250  0.99990  0.99989  0.0000000  0.0000000
39.2750  0.99990  0.99989  0.0000000  0.0000000
39.3250  0.99990  0.99989  0.0000000  0.0000000
39.3750  0.99990  0.99989  0.0000000  0.0000000
39.4250  0.99990  0.99989  0.0000000  0.0000000
39.4750  0.99990  0.99989  0.0000000  0.0000000
39.5250  0.99990  0.99989  0.0000000  0.0000000
39.5750  0.99990  0.99989  0.0000000  0.0000000
39.6250  0.99990  0.99989  0.0000000  0.0000000
39.6750  0.99990  0.99989  0.0000000  0.0000000
39.7250  0.99990  0.99989  0.0000000  0.0000000
39.7750  0.99990  0.99989  0.0000000  0.0000000
39.8250  0.99990  0.99989  0.0000000  0.0000000
39.8750  0.99990  0.99989  0.0000000  0.0000000
39.9250  0.99990  0.99989  0.0000000  0.0000000
39.9750  0.99990  0.99989  0.0000000  0.0000000
40.0250  0.99990  0.99989  0.0000000  0.0000000
40.0750  0.99990  0.99989  0.0000000  0.0000000
40.1250  0.99990  0.99989  0.0000000  0.0000000
40.1750  0.99990  0.99989  0.0000000  0.0000000
40.2250  0.99990  0.99989  0.0000001  0.0000001
40.2750  0.99990  0.99989  0.0000001  0.0000001
40.3250  0.99990  0.99989  0.0000001  0.0000001
40.3750  0.99990  0.99989  0.0000001  0.0000001
40.4250  0.99990  0.99989  0.0000002  0.0000002
40.4750  0.99990  0.99989  0.0000003  0.0000003
40.5250  0.99990  0.99989  0.0000003  0.0000003
40.5750  0.99990  0.99989  0.0000004  0.0000004
40.6250  0.99990  0.99989  0.0000004  0.0000004
40.6750  0.99990  0.99989  0.0000004  0.0000004
40.7250  0.99990  0.99989  0.0000004  0.0000004
40.7750  0.99990  0.99989  0.0000005  0.0000005
40.8250  0.99990  0.99989  0.0000005  0.0000005
40.8750  0.99990  0.99989  0.0000006  0.0000006
40.9250  0.99990  0.99989  0.0000006  0.0000006
40.9750  0.99990  0.99989  0.0000006  0.0000006
41.0250  0.99990  0.99989  0.0000006  0.0000006
41.0750  0.99990  0.99989  0.0000007  0.0000007
41.1250  0.99990  0.99989  0.0000007  0.0000007
41.1750  0.99990  0.99989  0.0000008  0.0000008
41.2250  0.99990  0.99989  0.0000008  0.0000008
41.2750  0.99990  0.99989  0.0000008  0.0000008
41.3250  0.99990  0.99989  0.0000008  0.0000008
41.3750  0.99990  0.99989  0.0000007  0.0000007
41.4250  0.99990  0.99989  0.0000007  0.0000007
41.4750  0.99990  0.99989  0.0000006  0.0000006
41.5250  0.99990  0.99989  0.0000006  0.0000006
41.5750  0.99990  0.99989  0.0000006  0.0000006
41.6250  0.99990  0.99989  0.0000008  0.0000008
41.6750  0.99990  0.99989  0.0000010  0.0000010
41.7250  0.99990  0.99989  0.0000012  0.0000012
41.7750  0.99990  0.99989  0.0000014  0.0000014
41.8250  0.99990  0.99989  0.0000017  0.0000017
41.8750  0.99990  0.99989  0.0000020  0.0000020
41.9250  0.99990  0.99989  0.0000024  0.0000024
41.9750  0.99990  0.99989  0.0000027  0.0000027
42.0250  0.99990  0.99989  0.0000031  0.0000031
42.0750  0.99990  0.99989  0.0000034  0.0000034
42.1250  0.99990  0.99989  0.0000038  0.0000038
42.1750  0.99990  0.99989  0.0000042  0.0000042
42.2250  0.99990  0.99989  0.0000045  0.0000045
42.2750  0.99989  0.99989  0.0000049  0.0000049
42.3250  0.99989  0.99989  0.0000053  0.0000053
42.3750  0.99989  0.99989  0.0000058  0.0000058
42.4250  0.99989  0.99989  0.0000062  0.0000062
42.4750  0.99989  0.99989  0.0000067  0.0000067
42.5250  0.99989  0.99989  0.0000071  0.0000071
42.5750  0.99989  0.99989  0.0000075  0.0000075
42.6250  0.99989  0.99989  0.0000079  0.0000079
42.6750  0.99989  0.99989  0.0000082  0.0000082
42.7250  0.99989  0.99989  0.0000086  0.0000086
42.7750  0.99989  0.99989  0.0000090  0.0000090
42.8250  0.99989  0.99989  0.0000093  0.0000093
42.8750  0.99989  0.99989  0.0000097  0.0000097
42.9250  0.99989  0.99989  0.0000101  0.0000101
42.9750  0.99989  0.99989  0.0000105  0.0000105
43.0250  0.99989  0.99989  0.0000110  0.0000110
43.0750  0.99989  0.99989  0.0000115  0.0000115
43.1250  0.99989  0.99989  0.0000120  0.0000120
43.1750  0.99989  0.99989  0.0000126  0.0000126
43.2250  0.99988  0.99989  0.0000132  0.0000132
43.2750  0.99988  0.99989  0.0000137  0.0000137
43.3250  0.99988  0.99989  0.0000143  0.0000143
43.3750  0.99988  0.99989  0.0000148  0.0000148
43.4250  0.99988  0.99989  0.0000154  0.0000154
43.4750  0.99988  0.99989  0.0000160  0.0000160
43.5250  0.99988  0.99989  0.0000166  0.0000166
43.5750  0.99988  0.99989  0.0000173  0.0000172
43.6250  0.99988  0.99989  0.0000179  0.0000179
43.6750  0.99988  0.99989  0.0000185  0.0000185
43.7250  0.99988  0.99989  0.0000192  0.0000192
43.7750  0.99988  0.99989  0.0000198  0.0000198
43.8250  0.99988  0.99989  0.0000205  0.0000205
43.8750  0.99988  0.99989  0.0000211  0.0000211
43.9250  0.99988  0.99989  0.0000217  0.0000217
43.9750  0.99988  0.99989  0.0000223  0.0000223
44.0250  0.99988  0.99989  0.0000229  0.0000229
44.0750  0.99988  0.99989  0.0000235  0.0000235
44.1250  0.99987  0.99989  0.0000240  0.0000240
44.1750  0.99987  0.99989  0.0000245  0.0000245
44.2250  0.99987  0.99989  0.0000250  0.0000250
44.2750  0.99987  0.99989  0.0000254  0.0000254
44.3250  0.99987  0.99989  0.0000257  0.0000257
44.3750  0.99987  0.99989  0.0000261  0.0000261
44.4250  0.99987  0.99989  0.0000264  0.0000264
44.4750  0.99987  0.99989  0.0000267  0.0000267
44.5250  0.99987  0.99989  0.0000270  0.0000270
44.5750  0.99987  0.99989  0.0000273  0.0000273
44.6250  0.99987  0.99989  0.0000276  0.0000276
44.6750  0.99987  0.99989  0.0000279  0.0000279
44.7250  0.99987  0.99989  0.0000282  0.0000282
44.7750  0.99987  0.99989  0.0000285  0.0000285
44.8250  0.99987  0.99989  0.0000288  0.0000288
44.8750  0.99987  0.99989  0.0000291  0.0000291
44.9250  0.99987  0.99989  0.0000293  0.0000293
44.9750  0.99987  0.99989  0.0000296  0.0000296
45.0250  0.99987  0.99989  0.0000298  0.0000298
45.0750  0.99987  0.99989  0.0000300  0.0000300
45.1250  0.99987  0.99989  0.0000300  0.0000300
45.1750  0.99987  0.99989  0.0000299  0.0000299
45.2250  0.99987  0.99989  0.0000296  0.0000296
45.2750  0.99987  0.99989  0.0000295  0.0000294
45.3250  0.99987  0.99989  0.0000293  0.0000293
45.3750  0.99987  0.99989  0.0000291  0.0000291
45.4250  0.99987  0.99989  0.0000290  0.0000290
45.4750  0.99987  0.99988  0.0000288  0.0000288
45.5250  0.99988  0.99988  0.0000287  0.0000287
45.5750  0.99988  0.99988  0.0000286  0.0000286
45.6250  0.99988  0.99988  0.0000284  0.0000284
45.6750  0.99988  0.99988  0.0000282  0.0000282
45.7250  0.99988  0.99988  0.0000280  0.0000280
45.7750  0.99988  0.99988  0.0000279  0.0000279
45.8250  0.99988  0.99988  0.0000277  0.0000277
45.8750  0.99988  0.99988  0.0000276  0.0000276
45.9250  0.99988  0.99988  0.0000274  0.0000274
45.9750  0.99988  0.99988  0.0000273  0.0000273
46.0250  0.99988  0.99988  0.0000271  0.0000271
46.0750  0.99988  0.99988  0.0000270  0.0000270
46.1250  0.99988  0.99988  0.0000269  0.0000269
46.1750  0.99988  0.99988  0.0000267  0.0000267
46.2250  0.99988  0.99988  0.0000265  0.0000265
46.2750  0.99988  0.99988  0.0000263  0.0000263
46.3250  0.99988  0.99988  0.0000261  0.0000261
46.3750  0.99989  0.99988  0.0000259  0.0000259
46.4250  0.99989  0.99988  0.0000257  0.0000257
46.4750  0.99989  0.99988  0.0000254  0.0000254
46.5250  0.99989  0.99988  0.0000252  0.0000252
46.5750  0.99989  0.99988  0.0000250  0.0000250
46.6250  0.99989  0.99987  0.0000247  0.0000247
46.6750  0.99989  0.99987  0.0000245  0.0000245
46.7250  0.99989  0.99987  0.0000242  0.0000242
46.7750  0.99989  0.99987  0.0000241  0.0000241
46.8250  0.99990  0.99987  0.0000239  0.0000239
46.8750  0.99990  0.99987  0.0000236  0.0000236
46.9250  0.99990  0.99987  0.0000234  0.0000234
46.9750  0.99990  0.99987  0.0000231  0.0000231
47.0250  0.99990  0.99986  0.0000229  0.0000229
47.0750  0.99991  0.99986  0.0000226  0.0000226
47.1250  0.99991  0.99986  0.0000223  0.0000223
47.1750  0.99991  0.99986  0.0000219  0.0000219
47.2250  0.99991  0.99985  0.0000213  0.0000213
47.2750  0.99992  0.99985  0.0000206  0.0000206
47.3250  0.99992  0.99985  0.0000199  0.0000199
47.3750  0.99992  0.99985  0.0000192  0.0000192
47.4250  0.99993  0.99984  0.0000184  0.0000184
47.4750  0.99993  0.99984  0.0000175  0.0000175
47.5250  0.99994  0.99983  0.0000167  0.0000167
47.5750  0.99994  0.99983  0.0000159  0.0000159
47.6250  0.99994  0.99983  0.0000150  0.0000150
47.6750  0.99995  0.99982  0.0000142  0.0000142
47.7250  0.99996  0.99982  0.0000134  0.0000134
47.7750  0.99996  0.99981  0.0000126  0.0000126
47.8250  0.99997  0.99980  0.0000117  0.0000117
47.8750  0.99997  0.99980  0.0000109  0.0000109
47.9250  0.99998  0.99979  0.0000100  0.0000100
47.9750  0.99999  0.99978  0.0000090  0.0000090
48.0250  0.99999  0.99978  0.0000079  0.0000079
48.0750  1.00000  0.99977  0.0000065  0.0000065
48.1250  1.00001  0.99976  0.0000050  0.0000050
48.1750  1.00002  0.99975  0.0000035  0.0000035
48.2250  1.00003  0.99974  0.0000019  0.0000019
48.2750  1.00004  0.99973  0.0000003  0.0000003
48.3250  1.00005  0.99972 -0.0000014 -0.0000014
48.3750  1.00006  0.99971 -0.0000032 -0.0000032
48.4250  1.00007  0.99970 -0.0000051 -0.0000051
48.4750  1.00008  0.99969 -0.0000071 -0.0000071
48.5250  1.00009  0.99968 -0.0000092 -0.0000092
48.5750  1.00011  0.99967 -0.0000114 -0.0000114
48.6250  1.00012  0.99965 -0.0000135 -0.0000135
48.6750  1.00013  0.99964 -0.0000156 -0.0000156
48.7250  1.00015  0.99963 -0.0000177 -0.0000177
48.7750  1.00017  0.99961 -0.0000195 -0.0000195
48.8250  1.00018  0.99960 -0.0000210 -0.0000210
48.8750  1.00020  0.99958 -0.0000218 -0.0000218
48.9250  1.00022  0.99956 -0.0000210 -0.0000210
48.9750  1.00025  0.99955 -0.0000169 -0.0000169
