      xx/10.        Omega0        Omega1        Omega2           C_l         r_avg
         [-]       [kg^-1]     [m kg^-1]   [m^2 kg^-1]           [-]           [m]
 1.02500E+00   1.93768E+20   6.91826E+10   2.69179E+01   4.18470E-05   3.57039E-10
 1.07500E+00   2.92124E+20   1.00997E+11   4.07578E+01   6.35016E-05   3.45733E-10
 1.12500E+00   3.72334E+20   1.17318E+11   5.22448E+01   8.16329E-05   3.15087E-10
 1.17500E+00   4.33111E+20   1.46806E+11   6.11765E+01   9.59106E-05   3.38957E-10
 1.22500E+00   4.73902E+20   1.75791E+11   6.74374E+01   1.06127E-04   3.70944E-10
 1.27500E+00   4.95032E+20   2.03167E+11   7.10209E+01   1.12233E-04   4.10413E-10
 1.32500E+00   4.97767E+20   2.07114E+11   7.20425E+01   1.14361E-04   4.16086E-10
 1.37500E+00   4.84270E+20   2.06960E+11   7.07411E+01   1.12832E-04   4.27365E-10
 1.42500E+00   4.57446E+20   2.04329E+11   6.74661E+01   1.08144E-04   4.46673E-10
 1.47500E+00   4.20686E+20   1.91966E+11   6.26491E+01   1.00932E-04   4.56316E-10
 1.52500E+00   3.77543E+20   1.74067E+11   5.67656E+01   9.19141E-05   4.61052E-10
 1.57500E+00   3.31399E+20   1.52125E+11   5.02899E+01   8.18273E-05   4.59039E-10
 1.62500E+00   2.85171E+20   1.27944E+11   4.36526E+01   7.13568E-05   4.48655E-10
 1.67500E+00   2.41118E+20   1.03390E+11   3.72062E+01   6.10802E-05   4.28796E-10
 1.72500E+00   2.00758E+20   8.00188E+10   3.12061E+01   5.14306E-05   3.98583E-10
 1.77500E+00   1.64921E+20   5.90569E+10   2.58082E+01   4.26863E-05   3.58093E-10
 1.82500E+00   1.33872E+20   4.13497E+10   2.10814E+01   3.49837E-05   3.08875E-10
 1.87500E+00   1.07486E+20   2.72908E+10   1.70292E+01   2.83484E-05   2.53901E-10
 1.92500E+00   8.54075E+19   1.68321E+10   1.36130E+01   2.27318E-05   1.97080E-10
 1.97500E+00   6.71745E+19   9.56998E+09   1.07723E+01   1.80446E-05   1.42464E-10
 2.02500E+00   5.22962E+19   4.88304E+09   8.43886E+00   1.41809E-05   9.33726E-11
 2.07500E+00   4.02946E+19   2.09116E+09   6.54386E+00   1.10324E-05   5.18967E-11
 2.12500E+00   3.07238E+19   6.04315E+08   5.02228E+00   8.49548E-06   1.96693E-11
 2.17500E+00   2.31791E+19   2.70045E+07   3.81437E+00   6.47426E-06   1.16503E-12
 2.22500E+00   1.73003E+19   8.90097E+01   2.86640E+00   4.88218E-06   5.14497E-18
 2.27500E+00   1.27729E+19   8.17814E+01   2.13101E+00   3.64249E-06   6.40271E-18
 2.32500E+00   9.32720E+18   7.38549E+01   1.56714E+00   2.68833E-06   7.91823E-18
 2.37500E+00   6.73570E+18   6.51770E+01   1.13985E+00   1.96249E-06   9.67635E-18
 2.42500E+00   4.80986E+18   5.71878E+01   8.19873E-01   1.41682E-06   1.18897E-17
 2.47500E+00   3.39586E+18   4.97739E+01   5.83115E-01   1.01146E-06   1.46573E-17
 2.52500E+00   2.37019E+18   4.30073E+01   4.10029E-01   7.13924E-07   1.81451E-17
 2.57500E+00   1.63525E+18   3.68994E+01   2.85021E-01   4.98167E-07   2.25650E-17
 2.62500E+00   1.11508E+18   3.14157E+01   1.95834E-01   3.43608E-07   2.81735E-17
 2.67500E+00   7.51450E+17   2.65185E+01   1.32985E-01   2.34242E-07   3.52898E-17
 2.72500E+00   5.00406E+17   2.21772E+01   8.92419E-02   1.57809E-07   4.43183E-17
 2.77500E+00   3.29253E+17   1.83643E+01   5.91755E-02   1.05055E-07   5.57757E-17
 2.82500E+00   2.14032E+17   1.50511E+01   3.87683E-02   6.90994E-08   7.03218E-17
 2.87500E+00   1.37445E+17   1.22048E+01   2.50917E-02   4.49013E-08   8.87978E-17
 2.92500E+00   8.71846E+16   9.78862E+00   1.60422E-02   2.88223E-08   1.12275E-16
 2.97500E+00   5.46232E+16   7.76265E+00   1.01306E-02   1.82745E-08   1.42113E-16
 3.02500E+00   3.37992E+16   6.08510E+00   6.31844E-03   1.14437E-08   1.80037E-16
 3.07500E+00   2.06535E+16   4.71378E+00   3.89182E-03   7.07727E-09   2.28232E-16
 3.12500E+00   1.24626E+16   3.60738E+00   2.36719E-03   4.32219E-09   2.89456E-16
 3.17500E+00   7.42550E+15   2.72657E+00   1.42175E-03   2.60647E-09   3.67189E-16
 3.22500E+00   4.36837E+15   2.03483E+00   8.43127E-04   1.55198E-09   4.65809E-16
 3.27500E+00   2.53727E+15   1.49906E+00   4.93653E-04   9.12387E-10   5.90814E-16
 3.32500E+00   1.45495E+15   1.08990E+00   2.85357E-04   5.29554E-10   7.49094E-16
 3.37500E+00   8.23664E+14   7.81877E-01   1.62845E-04   3.03432E-10   9.49267E-16
 3.42500E+00   4.60314E+14   5.53337E-01   9.17408E-05   1.71639E-10   1.20209E-15
 3.47500E+00   2.53953E+14   3.86246E-01   5.10203E-05   9.58431E-11   1.52094E-15
 3.52500E+00   1.38305E+14   2.65884E-01   2.80094E-05   5.28307E-11   1.92244E-15
 3.57500E+00   7.43549E+13   1.80474E-01   1.51788E-05   2.87464E-11   2.42719E-15
 3.62500E+00   3.94613E+13   1.20775E-01   8.11974E-06   1.54400E-11   3.06059E-15
 3.67500E+00   2.06751E+13   7.96776E-02   4.28757E-06   8.18611E-12   3.85381E-15
 3.72500E+00   1.06953E+13   5.18147E-02   2.23484E-06   4.28420E-12   4.84464E-15
 3.77500E+00   5.46446E+12   3.32120E-02   1.14987E-06   2.21324E-12   6.07782E-15
 3.82500E+00   2.75958E+12   2.09814E-02   5.84015E-07   1.12864E-12   7.60310E-15
 3.87500E+00   1.38067E+12   1.30632E-02   2.92804E-07   5.68147E-13   9.46145E-15
 3.92500E+00   6.81632E+11   8.01533E-03   1.44916E-07   2.82324E-13   1.17590E-14
 3.97500E+00   3.13724E+11   4.84660E-03   7.08025E-08   1.38493E-13   1.54486E-14
 4.02500E+00   1.91304E+10   2.88792E-03   3.41498E-08   6.70676E-14   1.50960E-13
 4.07500E+00   0.00000E+00   1.69574E-03   1.62610E-08   3.20637E-14      Infinity
 4.12500E+00   1.00572E+01   9.81187E-04   7.64429E-09   1.51336E-14   9.75605E-05
 4.17500E+00   1.23442E+01   5.59450E-04   3.54792E-09   7.05209E-15   4.53207E-05
 4.22500E+00   1.22650E+01   3.14330E-04   1.62582E-09   3.24453E-15   2.56282E-05
 4.27500E+00   1.09438E+01   1.74030E-04   7.35611E-10   1.47388E-15   1.59021E-05
 4.32500E+00   9.19608E+00   9.49470E-05   3.28639E-10   6.61098E-16   1.03247E-05
 4.37500E+00   7.45168E+00   5.10456E-05   1.44978E-10   2.92806E-16   6.85021E-06
 4.42500E+00   5.90092E+00   2.70432E-05   6.31561E-11   1.28063E-16   4.58288E-06
 4.47500E+00   4.60293E+00   1.41184E-05   2.71691E-11   5.53109E-17   3.06726E-06
 4.52500E+00   3.55290E+00   7.26349E-06   1.15425E-11   2.35919E-17   2.04439E-06
 4.57500E+00   2.72028E+00   3.68251E-06   4.84294E-12   9.93798E-18   1.35373E-06
 4.62500E+00   2.06815E+00   1.83986E-06   2.00687E-12   4.13460E-18   8.89619E-07
 4.67500E+00   1.56168E+00   9.05891E-07   8.21386E-13   1.69898E-18   5.80075E-07
 4.72500E+00   1.17102E+00   4.39564E-07   3.32057E-13   6.89569E-19   3.75370E-07
 4.77500E+00   8.71633E-01   2.10198E-07   1.32596E-13   2.76453E-19   2.41154E-07
 4.82500E+00   6.43767E-01   9.90611E-08   5.23023E-14   1.09480E-19   1.53877E-07
 4.87500E+00   4.71612E-01   4.60098E-08   2.03797E-14   4.28288E-20   9.75586E-08
 4.92500E+00   3.42583E-01   2.10608E-08   7.84472E-15   1.65516E-20   6.14765E-08
 4.97500E+00   2.46695E-01   9.50131E-09   2.98315E-15   6.31918E-21   3.85143E-08
 5.02500E+00   1.76068E-01   4.22454E-09   1.12074E-15   2.38350E-21   2.39939E-08
 5.07500E+00   1.24522E-01   1.85127E-09   4.15990E-16   8.88209E-22   1.48670E-08
 5.12500E+00   8.72549E-02   7.99565E-10   1.52553E-16   3.27020E-22   9.16356E-09
 5.17500E+00   6.05689E-02   3.40360E-10   5.52751E-17   1.18961E-22   5.61939E-09
 5.22500E+00   4.16448E-02   1.42799E-10   1.97889E-17   4.27579E-23   3.42898E-09
 5.27500E+00   2.83567E-02   5.90497E-11   7.00013E-18   1.51852E-23   2.08239E-09
 5.32500E+00   1.91190E-02   2.40665E-11   2.44676E-18   5.32871E-24   1.25878E-09
 5.37500E+00   1.27617E-02   9.66750E-12   8.45054E-19   1.84769E-24   7.57540E-10
 5.42500E+00   8.43151E-03   3.82752E-12   2.88396E-19   6.33063E-25   4.53954E-10
 5.47500E+00   5.51269E-03   1.49355E-12   9.72548E-20   2.14327E-25   2.70929E-10
 5.52500E+00   3.56602E-03   5.74400E-13   3.24076E-20   7.16998E-26   1.61076E-10
 5.57500E+00   2.28168E-03   2.17719E-13   1.06708E-20   2.37010E-26   9.54202E-11
 5.62500E+00   1.44364E-03   8.13298E-14   3.47177E-21   7.74136E-27   5.63366E-11
 5.67500E+00   9.02949E-04   2.99408E-14   1.11610E-21   2.49837E-27   3.31589E-11
 5.72500E+00   5.58114E-04   1.08621E-14   3.54512E-22   7.96653E-28   1.94622E-11
 5.77500E+00   3.40782E-04   3.88310E-15   1.11254E-22   2.50976E-28   1.13947E-11
 5.82500E+00   2.05469E-04   1.36780E-15   3.44929E-23   7.81111E-29   6.65697E-12
 5.87500E+00   1.22274E-04   4.74682E-16   1.05640E-23   2.40144E-29   3.88212E-12
 5.92500E+00   7.17826E-05   1.62281E-16   3.19570E-24   7.29222E-30   2.26072E-12
 5.97500E+00   4.15487E-05   5.46447E-17   9.54719E-25   2.18680E-30   1.31520E-12
 6.02500E+00   2.36958E-05   1.81202E-17   2.81629E-25   6.47502E-31   7.64699E-13
 6.07500E+00   1.33062E-05   5.91570E-18   8.20105E-26   1.89257E-31   4.44583E-13
 6.12500E+00   7.35117E-06   1.90087E-18   2.35683E-26   5.45901E-32   2.58581E-13
 6.17500E+00   3.99200E-06   6.00957E-19   6.68186E-27   1.55334E-32   1.50540E-13
 6.22500E+00   2.12871E-06   1.86847E-19   1.86805E-27   4.35816E-33   8.77747E-14
 6.27500E+00   1.11337E-06   5.71008E-20   5.14719E-28   1.20479E-33   5.12866E-14
 6.32500E+00   5.70429E-07   1.71406E-20   1.39687E-28   3.27725E-34   3.00487E-14
 6.37500E+00   2.85877E-07   5.05000E-21   3.73085E-29   8.74083E-35   1.76649E-14
 6.42500E+00   1.39917E-07   1.45888E-21   9.79735E-30   2.25888E-35   1.04267E-14
 6.47500E+00   6.67559E-08   4.12768E-22   2.52677E-30   5.45718E-36   6.18324E-15
 6.52500E+00   3.09859E-08   1.14225E-22   6.39134E-31   5.81630E-37   3.68637E-15
 6.57500E+00   1.39614E-08   3.08668E-23   1.58305E-31   0.00000E+00   2.21087E-15
 6.62500E+00   6.09152E-09   8.12988E-24   3.83234E-32   0.00000E+00   1.33462E-15
 6.67500E+00   2.56691E-09   2.08264E-24   9.04833E-33   0.00000E+00   8.11341E-16
 6.72500E+00   1.04175E-09   5.17653E-25   2.07832E-33   0.00000E+00   4.96907E-16
 6.77500E+00   4.05986E-10   1.24512E-25   4.62900E-34   0.00000E+00   3.06691E-16
 6.82500E+00   1.51482E-10   2.89003E-26   9.94172E-35   0.00000E+00   1.90784E-16
 6.87500E+00   5.39566E-11   6.45407E-27   2.02777E-35   0.00000E+00   1.19616E-16
 6.92500E+00   1.82971E-11   1.38273E-27   3.70396E-36   0.00000E+00   7.55705E-17
 6.97500E+00   5.89319E-12   2.83409E-28   3.16598E-37   0.00000E+00   4.80909E-17
 7.02500E+00   1.79949E-12   5.54391E-29   0.00000E+00   0.00000E+00   3.08083E-17
 7.07500E+00   5.20331E-13   1.03305E-29   0.00000E+00   0.00000E+00   1.98537E-17
 7.12500E+00   1.42429E-13   1.83145E-30   0.00000E+00   0.00000E+00   1.28587E-17
 7.17500E+00   3.69267E-14   3.08771E-31   0.00000E+00   0.00000E+00   8.36173E-18
 7.22500E+00   9.08106E-15   4.95224E-32   0.00000E+00   0.00000E+00   5.45338E-18
 7.27500E+00   2.12308E-15   7.56432E-33   0.00000E+00   0.00000E+00   3.56290E-18
 7.32500E+00   4.73279E-16   1.10207E-33   0.00000E+00   0.00000E+00   2.32859E-18
 7.37500E+00   1.00950E-16   1.53175E-34   0.00000E+00   0.00000E+00   1.51734E-18
 7.42500E+00   2.06822E-17   2.01176E-35   0.00000E+00   0.00000E+00   9.72701E-19
 7.47500E+00   4.08630E-18   2.15003E-36   0.00000E+00   0.00000E+00   5.26155E-19
 7.52500E+00   7.81711E-19   0.00000E+00   0.00000E+00   0.00000E+00   0.00000E+00
 7.57500E+00   1.45356E-19   0.00000E+00   0.00000E+00   0.00000E+00   0.00000E+00
 7.62500E+00   2.63681E-20   0.00000E+00   0.00000E+00   0.00000E+00   0.00000E+00
 7.67500E+00   4.68231E-21   0.00000E+00   0.00000E+00   0.00000E+00   0.00000E+00
 7.72500E+00   8.16410E-22   0.00000E+00   0.00000E+00   0.00000E+00   0.00000E+00
 7.77500E+00   1.40158E-22   0.00000E+00   0.00000E+00   0.00000E+00   0.00000E+00
 7.82500E+00   2.37489E-23   0.00000E+00   0.00000E+00   0.00000E+00   0.00000E+00
 7.87500E+00   3.98020E-24   0.00000E+00   0.00000E+00   0.00000E+00   0.00000E+00
 7.92500E+00   6.61005E-25   0.00000E+00   0.00000E+00   0.00000E+00   0.00000E+00
 7.97500E+00   1.08951E-25   0.00000E+00   0.00000E+00   0.00000E+00   0.00000E+00
 8.02500E+00   1.78474E-26   0.00000E+00   0.00000E+00   0.00000E+00   0.00000E+00
 8.07500E+00   2.90899E-27   0.00000E+00   0.00000E+00   0.00000E+00   0.00000E+00
 8.12500E+00   4.72243E-28   0.00000E+00   0.00000E+00   0.00000E+00   0.00000E+00
 8.17500E+00   7.64203E-29   0.00000E+00   0.00000E+00   0.00000E+00   0.00000E+00
 8.22500E+00   1.23363E-29   0.00000E+00   0.00000E+00   0.00000E+00   0.00000E+00
 8.27500E+00   1.98774E-30   0.00000E+00   0.00000E+00   0.00000E+00   0.00000E+00
 8.32500E+00   3.19858E-31   0.00000E+00   0.00000E+00   0.00000E+00   0.00000E+00
 8.37500E+00   5.14245E-32   0.00000E+00   0.00000E+00   0.00000E+00   0.00000E+00
 8.42500E+00   8.26306E-33   0.00000E+00   0.00000E+00   0.00000E+00   0.00000E+00
 8.47500E+00   1.32698E-33   0.00000E+00   0.00000E+00   0.00000E+00   0.00000E+00
 8.52500E+00   2.12571E-34   0.00000E+00   0.00000E+00   0.00000E+00   0.00000E+00
 8.57500E+00   3.34628E-35   0.00000E+00   0.00000E+00   0.00000E+00   0.00000E+00
 8.62500E+00   4.90947E-36   0.00000E+00   0.00000E+00   0.00000E+00   0.00000E+00
 8.67500E+00   0.00000E+00   0.00000E+00   0.00000E+00   0.00000E+00           NaN
 8.72500E+00   0.00000E+00   0.00000E+00   0.00000E+00   0.00000E+00           NaN
 8.77500E+00   0.00000E+00   0.00000E+00   0.00000E+00   0.00000E+00           NaN
 8.82500E+00   0.00000E+00   0.00000E+00   0.00000E+00   0.00000E+00           NaN
 8.87500E+00   0.00000E+00   0.00000E+00   0.00000E+00   0.00000E+00           NaN
 8.92500E+00   0.00000E+00   0.00000E+00   0.00000E+00   0.00000E+00           NaN
 8.97500E+00   0.00000E+00   0.00000E+00   0.00000E+00   0.00000E+00           NaN
 9.02500E+00   0.00000E+00   0.00000E+00   0.00000E+00   0.00000E+00           NaN
 9.07500E+00   0.00000E+00   0.00000E+00   0.00000E+00   0.00000E+00           NaN
 9.12500E+00   0.00000E+00   0.00000E+00   0.00000E+00   0.00000E+00           NaN
 9.17500E+00   0.00000E+00   0.00000E+00   0.00000E+00   0.00000E+00           NaN
 9.22500E+00   0.00000E+00   0.00000E+00   0.00000E+00   0.00000E+00           NaN
 9.27500E+00   0.00000E+00   0.00000E+00   0.00000E+00   0.00000E+00           NaN
 9.32500E+00   0.00000E+00   0.00000E+00   0.00000E+00   0.00000E+00           NaN
 9.37500E+00   0.00000E+00   0.00000E+00   0.00000E+00   0.00000E+00           NaN
 9.42500E+00   0.00000E+00   0.00000E+00   0.00000E+00   0.00000E+00           NaN
 9.47500E+00   0.00000E+00   0.00000E+00   0.00000E+00   0.00000E+00           NaN
 9.52500E+00   0.00000E+00   0.00000E+00   0.00000E+00   0.00000E+00           NaN
 9.57500E+00   0.00000E+00   0.00000E+00   0.00000E+00   0.00000E+00           NaN
 9.62500E+00   0.00000E+00   0.00000E+00   0.00000E+00   0.00000E+00           NaN
 9.67500E+00   0.00000E+00   0.00000E+00   0.00000E+00   0.00000E+00           NaN
 9.72500E+00   0.00000E+00   0.00000E+00   0.00000E+00   0.00000E+00           NaN
 9.77500E+00   0.00000E+00   0.00000E+00   0.00000E+00   0.00000E+00           NaN
 9.82500E+00   0.00000E+00   0.00000E+00   0.00000E+00   0.00000E+00           NaN
 9.87500E+00   0.00000E+00   0.00000E+00   0.00000E+00   0.00000E+00           NaN
 9.92500E+00   0.00000E+00   0.00000E+00   0.00000E+00   0.00000E+00           NaN
 9.97500E+00   0.00000E+00   0.00000E+00   0.00000E+00   0.00000E+00           NaN
 1.00250E+01   0.00000E+00   0.00000E+00   0.00000E+00   0.00000E+00           NaN
 1.00750E+01   0.00000E+00   0.00000E+00   0.00000E+00   0.00000E+00           NaN
 1.01250E+01   0.00000E+00   0.00000E+00   0.00000E+00   0.00000E+00           NaN
 1.01750E+01   0.00000E+00   0.00000E+00   0.00000E+00   0.00000E+00           NaN
 1.02250E+01   0.00000E+00   0.00000E+00   0.00000E+00   0.00000E+00           NaN
 1.02750E+01   0.00000E+00   0.00000E+00   0.00000E+00   0.00000E+00           NaN
 1.03250E+01   0.00000E+00   0.00000E+00   0.00000E+00   0.00000E+00           NaN
 1.03750E+01   0.00000E+00   0.00000E+00   0.00000E+00   0.00000E+00           NaN
 1.04250E+01   0.00000E+00   0.00000E+00   0.00000E+00   0.00000E+00           NaN
 1.04750E+01   0.00000E+00   0.00000E+00   0.00000E+00   0.00000E+00           NaN
 1.05250E+01   0.00000E+00   0.00000E+00   0.00000E+00   0.00000E+00           NaN
 1.05750E+01   0.00000E+00   0.00000E+00   0.00000E+00   0.00000E+00           NaN
 1.06250E+01   0.00000E+00   0.00000E+00   0.00000E+00   0.00000E+00           NaN
 1.06750E+01   0.00000E+00   0.00000E+00   0.00000E+00   0.00000E+00           NaN
 1.07250E+01   0.00000E+00   0.00000E+00   0.00000E+00   0.00000E+00           NaN
 1.07750E+01   0.00000E+00   0.00000E+00   0.00000E+00   0.00000E+00           NaN
 1.08250E+01   0.00000E+00   0.00000E+00   0.00000E+00   0.00000E+00           NaN
 1.08750E+01   0.00000E+00   0.00000E+00   0.00000E+00   0.00000E+00           NaN
 1.09250E+01   0.00000E+00   0.00000E+00   0.00000E+00   0.00000E+00           NaN
 1.09750E+01   0.00000E+00   0.00000E+00   0.00000E+00   0.00000E+00           NaN
 1.10250E+01   0.00000E+00   0.00000E+00   0.00000E+00   0.00000E+00           NaN
 1.10750E+01   0.00000E+00   0.00000E+00   0.00000E+00   0.00000E+00           NaN
 1.11250E+01   0.00000E+00   0.00000E+00   0.00000E+00   0.00000E+00           NaN
 1.11750E+01   0.00000E+00   0.00000E+00   0.00000E+00   0.00000E+00           NaN
 1.12250E+01   0.00000E+00   0.00000E+00   0.00000E+00   0.00000E+00           NaN
 1.12750E+01   0.00000E+00   0.00000E+00   0.00000E+00   0.00000E+00           NaN
 1.13250E+01   0.00000E+00   0.00000E+00   0.00000E+00   0.00000E+00           NaN
 1.13750E+01   0.00000E+00   0.00000E+00   0.00000E+00   0.00000E+00           NaN
 1.14250E+01   0.00000E+00   0.00000E+00   0.00000E+00   0.00000E+00           NaN
 1.14750E+01   0.00000E+00   0.00000E+00   0.00000E+00   0.00000E+00           NaN
 1.15250E+01   0.00000E+00   0.00000E+00   0.00000E+00   0.00000E+00           NaN
 1.15750E+01   0.00000E+00   0.00000E+00   0.00000E+00   0.00000E+00           NaN
 1.16250E+01   0.00000E+00   0.00000E+00   0.00000E+00   0.00000E+00           NaN
 1.16750E+01   0.00000E+00   0.00000E+00   0.00000E+00   0.00000E+00           NaN
 1.17250E+01   0.00000E+00   0.00000E+00   0.00000E+00   0.00000E+00           NaN
 1.17750E+01   0.00000E+00   0.00000E+00   0.00000E+00   0.00000E+00           NaN
 1.18250E+01   0.00000E+00   0.00000E+00   0.00000E+00   0.00000E+00           NaN
 1.18750E+01   0.00000E+00   0.00000E+00   0.00000E+00   0.00000E+00           NaN
 1.19250E+01   0.00000E+00   0.00000E+00   0.00000E+00   0.00000E+00           NaN
 1.19750E+01   0.00000E+00   0.00000E+00   0.00000E+00   0.00000E+00           NaN
 1.20250E+01   0.00000E+00   0.00000E+00   0.00000E+00   0.00000E+00           NaN
 1.20750E+01   0.00000E+00   0.00000E+00   0.00000E+00   0.00000E+00           NaN
 1.21250E+01   0.00000E+00   0.00000E+00   0.00000E+00   0.00000E+00           NaN
 1.21750E+01   0.00000E+00   0.00000E+00   0.00000E+00   0.00000E+00           NaN
 1.22250E+01   0.00000E+00   0.00000E+00   0.00000E+00   0.00000E+00           NaN
 1.22750E+01   0.00000E+00   0.00000E+00   0.00000E+00   0.00000E+00           NaN
 1.23250E+01   0.00000E+00   0.00000E+00   0.00000E+00   0.00000E+00           NaN
 1.23750E+01   0.00000E+00   0.00000E+00   0.00000E+00   0.00000E+00           NaN
 1.24250E+01   0.00000E+00   0.00000E+00   0.00000E+00   0.00000E+00           NaN
 1.24750E+01   0.00000E+00   0.00000E+00   0.00000E+00   0.00000E+00           NaN
 1.25250E+01   0.00000E+00   0.00000E+00   0.00000E+00   0.00000E+00           NaN
 1.25750E+01   0.00000E+00   0.00000E+00   0.00000E+00   0.00000E+00           NaN
 1.26250E+01   0.00000E+00   0.00000E+00   0.00000E+00   0.00000E+00           NaN
 1.26750E+01   0.00000E+00   0.00000E+00   0.00000E+00   0.00000E+00           NaN
 1.27250E+01   0.00000E+00   0.00000E+00   0.00000E+00   0.00000E+00           NaN
 1.27750E+01   0.00000E+00   0.00000E+00   0.00000E+00   0.00000E+00           NaN
 1.28250E+01   0.00000E+00   0.00000E+00   0.00000E+00   0.00000E+00           NaN
 1.28750E+01   0.00000E+00   0.00000E+00   0.00000E+00   0.00000E+00           NaN
 1.29250E+01   0.00000E+00   0.00000E+00   0.00000E+00   0.00000E+00           NaN
 1.29750E+01   0.00000E+00   0.00000E+00   0.00000E+00   0.00000E+00           NaN
 1.30250E+01   0.00000E+00   0.00000E+00   0.00000E+00   0.00000E+00           NaN
 1.30750E+01   0.00000E+00   0.00000E+00   0.00000E+00   0.00000E+00           NaN
 1.31250E+01   0.00000E+00   0.00000E+00   0.00000E+00   0.00000E+00           NaN
 1.31750E+01   0.00000E+00   0.00000E+00   0.00000E+00   0.00000E+00           NaN
 1.32250E+01   0.00000E+00   0.00000E+00   0.00000E+00   0.00000E+00           NaN
 1.32750E+01   0.00000E+00   0.00000E+00   0.00000E+00   0.00000E+00           NaN
 1.33250E+01   0.00000E+00   0.00000E+00   0.00000E+00   0.00000E+00           NaN
 1.33750E+01   0.00000E+00   0.00000E+00   0.00000E+00   0.00000E+00           NaN
 1.34250E+01   0.00000E+00   0.00000E+00   0.00000E+00   0.00000E+00           NaN
 1.34750E+01   0.00000E+00   0.00000E+00   0.00000E+00   0.00000E+00           NaN
 1.35250E+01   0.00000E+00   0.00000E+00   0.00000E+00   0.00000E+00           NaN
 1.35750E+01   0.00000E+00   0.00000E+00   0.00000E+00   0.00000E+00           NaN
 1.36250E+01   0.00000E+00   0.00000E+00   0.00000E+00   0.00000E+00           NaN
 1.36750E+01   0.00000E+00   0.00000E+00   0.00000E+00   0.00000E+00           NaN
 1.37250E+01   0.00000E+00   0.00000E+00   0.00000E+00   0.00000E+00           NaN
 1.37750E+01   0.00000E+00   0.00000E+00   0.00000E+00   0.00000E+00           NaN
 1.38250E+01   0.00000E+00   0.00000E+00   0.00000E+00   0.00000E+00           NaN
 1.38750E+01   0.00000E+00   0.00000E+00   0.00000E+00   0.00000E+00           NaN
 1.39250E+01   0.00000E+00   0.00000E+00   0.00000E+00   0.00000E+00           NaN
 1.39750E+01   0.00000E+00   0.00000E+00   0.00000E+00   0.00000E+00           NaN
 1.40250E+01   0.00000E+00   0.00000E+00   0.00000E+00   0.00000E+00           NaN
 1.40750E+01   0.00000E+00   0.00000E+00   0.00000E+00   0.00000E+00           NaN
 1.41250E+01   0.00000E+00   0.00000E+00   0.00000E+00   0.00000E+00           NaN
 1.41750E+01   0.00000E+00   0.00000E+00   0.00000E+00   0.00000E+00           NaN
 1.42250E+01   0.00000E+00   0.00000E+00   0.00000E+00   0.00000E+00           NaN
 1.42750E+01   0.00000E+00   0.00000E+00   0.00000E+00   0.00000E+00           NaN
 1.43250E+01   0.00000E+00   0.00000E+00   0.00000E+00   0.00000E+00           NaN
 1.43750E+01   0.00000E+00   0.00000E+00   0.00000E+00   0.00000E+00           NaN
 1.44250E+01   0.00000E+00   0.00000E+00   0.00000E+00   0.00000E+00           NaN
 1.44750E+01   0.00000E+00   0.00000E+00   0.00000E+00   0.00000E+00           NaN
 1.45250E+01   0.00000E+00   0.00000E+00   0.00000E+00   0.00000E+00           NaN
 1.45750E+01   0.00000E+00   0.00000E+00   0.00000E+00   0.00000E+00           NaN
 1.46250E+01   0.00000E+00   0.00000E+00   0.00000E+00   0.00000E+00           NaN
 1.46750E+01   0.00000E+00   0.00000E+00   0.00000E+00   0.00000E+00           NaN
 1.47250E+01   0.00000E+00   0.00000E+00   0.00000E+00   0.00000E+00           NaN
 1.47750E+01   0.00000E+00   0.00000E+00   0.00000E+00   0.00000E+00           NaN
 1.48250E+01   0.00000E+00   0.00000E+00   0.00000E+00   0.00000E+00           NaN
 1.48750E+01   0.00000E+00   0.00000E+00   0.00000E+00   0.00000E+00           NaN
 1.49250E+01   0.00000E+00   0.00000E+00   0.00000E+00   0.00000E+00           NaN
 1.49750E+01   0.00000E+00   0.00000E+00   0.00000E+00   0.00000E+00           NaN
 1.50250E+01   0.00000E+00   0.00000E+00   0.00000E+00   0.00000E+00           NaN
 1.50750E+01   0.00000E+00   0.00000E+00   0.00000E+00   0.00000E+00           NaN
 1.51250E+01   0.00000E+00   0.00000E+00   0.00000E+00   0.00000E+00           NaN
 1.51750E+01   0.00000E+00   0.00000E+00   0.00000E+00   0.00000E+00           NaN
 1.52250E+01   0.00000E+00   0.00000E+00   0.00000E+00   0.00000E+00           NaN
 1.52750E+01   0.00000E+00   0.00000E+00   0.00000E+00   0.00000E+00           NaN
 1.53250E+01   0.00000E+00   0.00000E+00   0.00000E+00   0.00000E+00           NaN
 1.53750E+01   0.00000E+00   0.00000E+00   0.00000E+00   0.00000E+00           NaN
 1.54250E+01   0.00000E+00   0.00000E+00   0.00000E+00   0.00000E+00           NaN
 1.54750E+01   0.00000E+00   0.00000E+00   0.00000E+00   0.00000E+00           NaN
 1.55250E+01   0.00000E+00   0.00000E+00   0.00000E+00   0.00000E+00           NaN
 1.55750E+01   0.00000E+00   0.00000E+00   0.00000E+00   0.00000E+00           NaN
 1.56250E+01   0.00000E+00   0.00000E+00   0.00000E+00   0.00000E+00           NaN
 1.56750E+01   0.00000E+00   0.00000E+00   0.00000E+00   0.00000E+00           NaN
 1.57250E+01   0.00000E+00   0.00000E+00   0.00000E+00   0.00000E+00           NaN
 1.57750E+01   0.00000E+00   0.00000E+00   0.00000E+00   0.00000E+00           NaN
 1.58250E+01   0.00000E+00   0.00000E+00   0.00000E+00   0.00000E+00           NaN
 1.58750E+01   0.00000E+00   0.00000E+00   0.00000E+00   0.00000E+00           NaN
 1.59250E+01   0.00000E+00   0.00000E+00   0.00000E+00   0.00000E+00           NaN
 1.59750E+01   0.00000E+00   0.00000E+00   0.00000E+00   0.00000E+00           NaN
 1.60250E+01   0.00000E+00   0.00000E+00   0.00000E+00   0.00000E+00           NaN
 1.60750E+01   0.00000E+00   0.00000E+00   0.00000E+00   0.00000E+00           NaN
 1.61250E+01   0.00000E+00   0.00000E+00   0.00000E+00   0.00000E+00           NaN
 1.61750E+01   0.00000E+00   0.00000E+00   0.00000E+00   0.00000E+00           NaN
 1.62250E+01   0.00000E+00   0.00000E+00   0.00000E+00   0.00000E+00           NaN
 1.62750E+01   0.00000E+00   0.00000E+00   0.00000E+00   0.00000E+00           NaN
 1.63250E+01   0.00000E+00   0.00000E+00   0.00000E+00   0.00000E+00           NaN
 1.63750E+01   0.00000E+00   0.00000E+00   0.00000E+00   0.00000E+00           NaN
 1.64250E+01   0.00000E+00   0.00000E+00   0.00000E+00   0.00000E+00           NaN
 1.64750E+01   0.00000E+00   0.00000E+00   0.00000E+00   0.00000E+00           NaN
 1.65250E+01   0.00000E+00   0.00000E+00   0.00000E+00   0.00000E+00           NaN
 1.65750E+01   0.00000E+00   0.00000E+00   0.00000E+00   0.00000E+00           NaN
 1.66250E+01   0.00000E+00   0.00000E+00   0.00000E+00   0.00000E+00           NaN
 1.66750E+01   0.00000E+00   0.00000E+00   0.00000E+00   0.00000E+00           NaN
 1.67250E+01   0.00000E+00   0.00000E+00   0.00000E+00   0.00000E+00           NaN
 1.67750E+01   0.00000E+00   0.00000E+00   0.00000E+00   0.00000E+00           NaN
 1.68250E+01   0.00000E+00   0.00000E+00   0.00000E+00   0.00000E+00           NaN
 1.68750E+01   0.00000E+00   0.00000E+00   0.00000E+00   0.00000E+00           NaN
 1.69250E+01   0.00000E+00   0.00000E+00   0.00000E+00   0.00000E+00           NaN
 1.69750E+01   0.00000E+00   0.00000E+00   0.00000E+00   0.00000E+00           NaN
 1.70250E+01   0.00000E+00   0.00000E+00   0.00000E+00   0.00000E+00           NaN
 1.70750E+01   0.00000E+00   0.00000E+00   0.00000E+00   0.00000E+00           NaN
 1.71250E+01   0.00000E+00   0.00000E+00   0.00000E+00   0.00000E+00           NaN
 1.71750E+01   0.00000E+00   0.00000E+00   0.00000E+00   0.00000E+00           NaN
 1.72250E+01   0.00000E+00   0.00000E+00   0.00000E+00   0.00000E+00           NaN
 1.72750E+01   0.00000E+00   0.00000E+00   0.00000E+00   0.00000E+00           NaN
 1.73250E+01   0.00000E+00   0.00000E+00   0.00000E+00   0.00000E+00           NaN
 1.73750E+01   0.00000E+00   0.00000E+00   0.00000E+00   0.00000E+00           NaN
 1.74250E+01   0.00000E+00   0.00000E+00   0.00000E+00   0.00000E+00           NaN
 1.74750E+01   0.00000E+00   0.00000E+00   0.00000E+00   0.00000E+00           NaN
 1.75250E+01   0.00000E+00   0.00000E+00   0.00000E+00   0.00000E+00           NaN
 1.75750E+01   0.00000E+00   0.00000E+00   0.00000E+00   0.00000E+00           NaN
 1.76250E+01   0.00000E+00   0.00000E+00   0.00000E+00   0.00000E+00           NaN
 1.76750E+01   0.00000E+00   0.00000E+00   0.00000E+00   0.00000E+00           NaN
 1.77250E+01   0.00000E+00   0.00000E+00   0.00000E+00   0.00000E+00           NaN
 1.77750E+01   0.00000E+00   0.00000E+00   0.00000E+00   0.00000E+00           NaN
 1.78250E+01   0.00000E+00   0.00000E+00   0.00000E+00   0.00000E+00           NaN
 1.78750E+01   0.00000E+00   0.00000E+00   0.00000E+00   0.00000E+00           NaN
 1.79250E+01   0.00000E+00   0.00000E+00   0.00000E+00   0.00000E+00           NaN
 1.79750E+01   0.00000E+00   0.00000E+00   0.00000E+00   0.00000E+00           NaN
 1.80250E+01   0.00000E+00   0.00000E+00   0.00000E+00   0.00000E+00           NaN
 1.80750E+01   0.00000E+00   0.00000E+00   0.00000E+00   0.00000E+00           NaN
 1.81250E+01   0.00000E+00   0.00000E+00   0.00000E+00   0.00000E+00           NaN
 1.81750E+01   0.00000E+00   0.00000E+00   0.00000E+00   0.00000E+00           NaN
 1.82250E+01   0.00000E+00   0.00000E+00   0.00000E+00   0.00000E+00           NaN
 1.82750E+01   0.00000E+00   0.00000E+00   0.00000E+00   0.00000E+00           NaN
 1.83250E+01   0.00000E+00   0.00000E+00   0.00000E+00   0.00000E+00           NaN
 1.83750E+01   0.00000E+00   0.00000E+00   0.00000E+00   0.00000E+00           NaN
 1.84250E+01   0.00000E+00   0.00000E+00   0.00000E+00   0.00000E+00           NaN
 1.84750E+01   0.00000E+00   0.00000E+00   0.00000E+00   0.00000E+00           NaN
 1.85250E+01   0.00000E+00   0.00000E+00   0.00000E+00   0.00000E+00           NaN
 1.85750E+01   0.00000E+00   0.00000E+00   0.00000E+00   0.00000E+00           NaN
 1.86250E+01   0.00000E+00   0.00000E+00   0.00000E+00   0.00000E+00           NaN
 1.86750E+01   0.00000E+00   0.00000E+00   0.00000E+00   0.00000E+00           NaN
 1.87250E+01   0.00000E+00   0.00000E+00   0.00000E+00   0.00000E+00           NaN
 1.87750E+01   0.00000E+00   0.00000E+00   0.00000E+00   0.00000E+00           NaN
 1.88250E+01   0.00000E+00   0.00000E+00   0.00000E+00   0.00000E+00           NaN
 1.88750E+01   0.00000E+00   0.00000E+00   0.00000E+00   0.00000E+00           NaN
 1.89250E+01   0.00000E+00   0.00000E+00   0.00000E+00   0.00000E+00           NaN
 1.89750E+01   0.00000E+00   0.00000E+00   0.00000E+00   0.00000E+00           NaN
 1.90250E+01   0.00000E+00   0.00000E+00   0.00000E+00   0.00000E+00           NaN
 1.90750E+01   0.00000E+00   0.00000E+00   0.00000E+00   0.00000E+00           NaN
 1.91250E+01   0.00000E+00   0.00000E+00   0.00000E+00   0.00000E+00           NaN
 1.91750E+01   0.00000E+00   0.00000E+00   0.00000E+00   0.00000E+00           NaN
 1.92250E+01   0.00000E+00   0.00000E+00   0.00000E+00   0.00000E+00           NaN
 1.92750E+01   0.00000E+00   0.00000E+00   0.00000E+00   0.00000E+00           NaN
 1.93250E+01   0.00000E+00   0.00000E+00   0.00000E+00   0.00000E+00           NaN
 1.93750E+01   0.00000E+00   0.00000E+00   0.00000E+00   0.00000E+00           NaN
 1.94250E+01   0.00000E+00   0.00000E+00   0.00000E+00   0.00000E+00           NaN
 1.94750E+01   0.00000E+00   0.00000E+00   0.00000E+00   0.00000E+00           NaN
 1.95250E+01   0.00000E+00   0.00000E+00   0.00000E+00   0.00000E+00           NaN
 1.95750E+01   0.00000E+00   0.00000E+00   0.00000E+00   0.00000E+00           NaN
 1.96250E+01   0.00000E+00   0.00000E+00   0.00000E+00   0.00000E+00           NaN
 1.96750E+01   0.00000E+00   0.00000E+00   0.00000E+00   0.00000E+00           NaN
 1.97250E+01   0.00000E+00   0.00000E+00   0.00000E+00   0.00000E+00           NaN
 1.97750E+01   0.00000E+00   0.00000E+00   0.00000E+00   0.00000E+00           NaN
 1.98250E+01   0.00000E+00   0.00000E+00   0.00000E+00   0.00000E+00           NaN
 1.98750E+01   0.00000E+00   0.00000E+00   0.00000E+00   0.00000E+00           NaN
 1.99250E+01   0.00000E+00   0.00000E+00   0.00000E+00   0.00000E+00           NaN
 1.99750E+01   0.00000E+00   0.00000E+00   0.00000E+00   0.00000E+00           NaN
 2.00250E+01   0.00000E+00   0.00000E+00   0.00000E+00   0.00000E+00           NaN
 2.00750E+01   0.00000E+00   0.00000E+00   0.00000E+00   0.00000E+00           NaN
 2.01250E+01   0.00000E+00   0.00000E+00   0.00000E+00   0.00000E+00           NaN
 2.01750E+01   0.00000E+00   0.00000E+00   0.00000E+00   0.00000E+00           NaN
 2.02250E+01   0.00000E+00   0.00000E+00   0.00000E+00   0.00000E+00           NaN
 2.02750E+01   0.00000E+00   0.00000E+00   0.00000E+00   0.00000E+00           NaN
 2.03250E+01   0.00000E+00   0.00000E+00   0.00000E+00   0.00000E+00           NaN
 2.03750E+01   0.00000E+00   0.00000E+00   0.00000E+00   0.00000E+00           NaN
 2.04250E+01   0.00000E+00   0.00000E+00   0.00000E+00   0.00000E+00           NaN
 2.04750E+01   0.00000E+00   0.00000E+00   0.00000E+00   0.00000E+00           NaN
 2.05250E+01   0.00000E+00   0.00000E+00   0.00000E+00   0.00000E+00           NaN
 2.05750E+01   0.00000E+00   0.00000E+00   0.00000E+00   0.00000E+00           NaN
 2.06250E+01   0.00000E+00   0.00000E+00   0.00000E+00   0.00000E+00           NaN
 2.06750E+01   0.00000E+00   0.00000E+00   0.00000E+00   0.00000E+00           NaN
 2.07250E+01   0.00000E+00   0.00000E+00   0.00000E+00   0.00000E+00           NaN
 2.07750E+01   0.00000E+00   0.00000E+00   0.00000E+00   0.00000E+00           NaN
 2.08250E+01   0.00000E+00   0.00000E+00   0.00000E+00   0.00000E+00           NaN
 2.08750E+01   0.00000E+00   0.00000E+00   0.00000E+00   0.00000E+00           NaN
 2.09250E+01   0.00000E+00   0.00000E+00   0.00000E+00   0.00000E+00           NaN
 2.09750E+01   0.00000E+00   0.00000E+00   0.00000E+00   0.00000E+00           NaN
 2.10250E+01   0.00000E+00   0.00000E+00   0.00000E+00   0.00000E+00           NaN
 2.10750E+01   0.00000E+00   0.00000E+00   0.00000E+00   0.00000E+00           NaN
 2.11250E+01   0.00000E+00   0.00000E+00   0.00000E+00   0.00000E+00           NaN
 2.11750E+01   0.00000E+00   0.00000E+00   0.00000E+00   0.00000E+00           NaN
 2.12250E+01   0.00000E+00   0.00000E+00   0.00000E+00   0.00000E+00           NaN
 2.12750E+01   0.00000E+00   0.00000E+00   0.00000E+00   0.00000E+00           NaN
 2.13250E+01   0.00000E+00   0.00000E+00   0.00000E+00   0.00000E+00           NaN
 2.13750E+01   0.00000E+00   0.00000E+00   0.00000E+00   0.00000E+00           NaN
 2.14250E+01   0.00000E+00   0.00000E+00   0.00000E+00   0.00000E+00           NaN
 2.14750E+01   0.00000E+00   0.00000E+00   0.00000E+00   0.00000E+00           NaN
 2.15250E+01   0.00000E+00   0.00000E+00   0.00000E+00   0.00000E+00           NaN
 2.15750E+01   0.00000E+00   0.00000E+00   0.00000E+00   0.00000E+00           NaN
 2.16250E+01   0.00000E+00   0.00000E+00   0.00000E+00   0.00000E+00           NaN
 2.16750E+01   0.00000E+00   0.00000E+00   0.00000E+00   0.00000E+00           NaN
 2.17250E+01   0.00000E+00   0.00000E+00   0.00000E+00   0.00000E+00           NaN
 2.17750E+01   0.00000E+00   0.00000E+00   0.00000E+00   0.00000E+00           NaN
 2.18250E+01   0.00000E+00   0.00000E+00   0.00000E+00   0.00000E+00           NaN
 2.18750E+01   0.00000E+00   0.00000E+00   0.00000E+00   0.00000E+00           NaN
 2.19250E+01   0.00000E+00   0.00000E+00   0.00000E+00   0.00000E+00           NaN
 2.19750E+01   0.00000E+00   0.00000E+00   0.00000E+00   0.00000E+00           NaN
 2.20250E+01   0.00000E+00   0.00000E+00   0.00000E+00   0.00000E+00           NaN
 2.20750E+01   0.00000E+00   0.00000E+00   0.00000E+00   0.00000E+00           NaN
 2.21250E+01   0.00000E+00   0.00000E+00   0.00000E+00   0.00000E+00           NaN
 2.21750E+01   0.00000E+00   0.00000E+00   0.00000E+00   0.00000E+00           NaN
 2.22250E+01   0.00000E+00   0.00000E+00   0.00000E+00   0.00000E+00           NaN
 2.22750E+01   0.00000E+00   0.00000E+00   0.00000E+00   0.00000E+00           NaN
 2.23250E+01   0.00000E+00   0.00000E+00   0.00000E+00   0.00000E+00           NaN
 2.23750E+01   0.00000E+00   0.00000E+00   0.00000E+00   0.00000E+00           NaN
 2.24250E+01   0.00000E+00   0.00000E+00   0.00000E+00   0.00000E+00           NaN
 2.24750E+01   0.00000E+00   0.00000E+00   0.00000E+00   0.00000E+00           NaN
 2.25250E+01   0.00000E+00   0.00000E+00   0.00000E+00   0.00000E+00           NaN
 2.25750E+01   0.00000E+00   0.00000E+00   0.00000E+00   0.00000E+00           NaN
 2.26250E+01   0.00000E+00   0.00000E+00   0.00000E+00   0.00000E+00           NaN
 2.26750E+01   0.00000E+00   0.00000E+00   0.00000E+00   0.00000E+00           NaN
 2.27250E+01   0.00000E+00   0.00000E+00   0.00000E+00   0.00000E+00           NaN
 2.27750E+01   0.00000E+00   0.00000E+00   0.00000E+00   0.00000E+00           NaN
 2.28250E+01   0.00000E+00   0.00000E+00   0.00000E+00   0.00000E+00           NaN
 2.28750E+01   0.00000E+00   0.00000E+00   0.00000E+00   0.00000E+00           NaN
 2.29250E+01   0.00000E+00   0.00000E+00   0.00000E+00   0.00000E+00           NaN
 2.29750E+01   0.00000E+00   0.00000E+00   0.00000E+00   0.00000E+00           NaN
 2.30250E+01   0.00000E+00   0.00000E+00   0.00000E+00   0.00000E+00           NaN
 2.30750E+01   0.00000E+00   0.00000E+00   0.00000E+00   0.00000E+00           NaN
 2.31250E+01   0.00000E+00   0.00000E+00   0.00000E+00   0.00000E+00           NaN
 2.31750E+01   0.00000E+00   0.00000E+00   0.00000E+00   0.00000E+00           NaN
 2.32250E+01   0.00000E+00   0.00000E+00   0.00000E+00   0.00000E+00           NaN
 2.32750E+01   0.00000E+00   0.00000E+00   0.00000E+00   0.00000E+00           NaN
 2.33250E+01   0.00000E+00   0.00000E+00   0.00000E+00   0.00000E+00           NaN
 2.33750E+01   0.00000E+00   0.00000E+00   0.00000E+00   0.00000E+00           NaN
 2.34250E+01   0.00000E+00   0.00000E+00   0.00000E+00   0.00000E+00           NaN
 2.34750E+01   0.00000E+00   0.00000E+00   0.00000E+00   0.00000E+00           NaN
 2.35250E+01   0.00000E+00   0.00000E+00   0.00000E+00   0.00000E+00           NaN
 2.35750E+01   0.00000E+00   0.00000E+00   0.00000E+00   0.00000E+00           NaN
 2.36250E+01   0.00000E+00   0.00000E+00   0.00000E+00   0.00000E+00           NaN
 2.36750E+01   0.00000E+00   0.00000E+00   0.00000E+00   0.00000E+00           NaN
 2.37250E+01   0.00000E+00   0.00000E+00   0.00000E+00   0.00000E+00           NaN
 2.37750E+01   0.00000E+00   0.00000E+00   0.00000E+00   0.00000E+00           NaN
 2.38250E+01   0.00000E+00   0.00000E+00   0.00000E+00   0.00000E+00           NaN
 2.38750E+01   0.00000E+00   0.00000E+00   0.00000E+00   0.00000E+00           NaN
 2.39250E+01   0.00000E+00   0.00000E+00   0.00000E+00   0.00000E+00           NaN
 2.39750E+01   0.00000E+00   0.00000E+00   0.00000E+00   0.00000E+00           NaN
 2.40250E+01   0.00000E+00   0.00000E+00   0.00000E+00   0.00000E+00           NaN
 2.40750E+01   0.00000E+00   0.00000E+00   0.00000E+00   0.00000E+00           NaN
 2.41250E+01   0.00000E+00   0.00000E+00   0.00000E+00   0.00000E+00           NaN
 2.41750E+01   0.00000E+00   0.00000E+00   0.00000E+00   0.00000E+00           NaN
 2.42250E+01   0.00000E+00   0.00000E+00   0.00000E+00   0.00000E+00           NaN
 2.42750E+01   0.00000E+00   0.00000E+00   0.00000E+00   0.00000E+00           NaN
 2.43250E+01   0.00000E+00   0.00000E+00   0.00000E+00   0.00000E+00           NaN
 2.43750E+01   0.00000E+00   0.00000E+00   0.00000E+00   0.00000E+00           NaN
 2.44250E+01   0.00000E+00   0.00000E+00   0.00000E+00   0.00000E+00           NaN
 2.44750E+01   0.00000E+00   0.00000E+00   0.00000E+00   0.00000E+00           NaN
 2.45250E+01   0.00000E+00   0.00000E+00   0.00000E+00   0.00000E+00           NaN
 2.45750E+01   0.00000E+00   0.00000E+00   0.00000E+00   0.00000E+00           NaN
 2.46250E+01   0.00000E+00   0.00000E+00   0.00000E+00   0.00000E+00           NaN
 2.46750E+01   0.00000E+00   0.00000E+00   0.00000E+00   0.00000E+00           NaN
 2.47250E+01   0.00000E+00   0.00000E+00   0.00000E+00   0.00000E+00           NaN
 2.47750E+01   0.00000E+00   0.00000E+00   0.00000E+00   0.00000E+00           NaN
 2.48250E+01   0.00000E+00   0.00000E+00   0.00000E+00   0.00000E+00           NaN
 2.48750E+01   0.00000E+00   0.00000E+00   0.00000E+00   0.00000E+00           NaN
 2.49250E+01   0.00000E+00   0.00000E+00   0.00000E+00   0.00000E+00           NaN
 2.49750E+01   0.00000E+00   0.00000E+00   0.00000E+00   0.00000E+00           NaN
 2.50250E+01   0.00000E+00   0.00000E+00   0.00000E+00   0.00000E+00           NaN
 2.50750E+01   0.00000E+00   0.00000E+00   0.00000E+00   0.00000E+00           NaN
 2.51250E+01   0.00000E+00   0.00000E+00   0.00000E+00   0.00000E+00           NaN
 2.51750E+01   0.00000E+00   0.00000E+00   0.00000E+00   0.00000E+00           NaN
 2.52250E+01   0.00000E+00   0.00000E+00   0.00000E+00   0.00000E+00           NaN
 2.52750E+01   0.00000E+00   0.00000E+00   0.00000E+00   0.00000E+00           NaN
 2.53250E+01   0.00000E+00   0.00000E+00   0.00000E+00   0.00000E+00           NaN
 2.53750E+01   0.00000E+00   0.00000E+00   0.00000E+00   0.00000E+00           NaN
 2.54250E+01   0.00000E+00   0.00000E+00   0.00000E+00   0.00000E+00           NaN
 2.54750E+01   0.00000E+00   0.00000E+00   0.00000E+00   0.00000E+00           NaN
 2.55250E+01   0.00000E+00   0.00000E+00   0.00000E+00   0.00000E+00           NaN
 2.55750E+01   0.00000E+00   0.00000E+00   0.00000E+00   0.00000E+00           NaN
 2.56250E+01   0.00000E+00   0.00000E+00   0.00000E+00   0.00000E+00           NaN
 2.56750E+01   0.00000E+00   0.00000E+00   0.00000E+00   0.00000E+00           NaN
 2.57250E+01   0.00000E+00   0.00000E+00   0.00000E+00   0.00000E+00           NaN
 2.57750E+01   0.00000E+00   0.00000E+00   0.00000E+00   0.00000E+00           NaN
 2.58250E+01   0.00000E+00   0.00000E+00   0.00000E+00   0.00000E+00           NaN
 2.58750E+01   0.00000E+00   0.00000E+00   0.00000E+00   0.00000E+00           NaN
 2.59250E+01   0.00000E+00   0.00000E+00   0.00000E+00   0.00000E+00           NaN
 2.59750E+01   0.00000E+00   0.00000E+00   0.00000E+00   0.00000E+00           NaN
 2.60250E+01   0.00000E+00   0.00000E+00   0.00000E+00   0.00000E+00           NaN
 2.60750E+01   0.00000E+00   0.00000E+00   0.00000E+00   0.00000E+00           NaN
 2.61250E+01   0.00000E+00   0.00000E+00   0.00000E+00   0.00000E+00           NaN
 2.61750E+01   0.00000E+00   0.00000E+00   0.00000E+00   0.00000E+00           NaN
 2.62250E+01   0.00000E+00   0.00000E+00   0.00000E+00   0.00000E+00           NaN
 2.62750E+01   0.00000E+00   0.00000E+00   0.00000E+00   0.00000E+00           NaN
 2.63250E+01   0.00000E+00   0.00000E+00   0.00000E+00   0.00000E+00           NaN
 2.63750E+01   0.00000E+00   0.00000E+00   0.00000E+00   0.00000E+00           NaN
 2.64250E+01   0.00000E+00   0.00000E+00   0.00000E+00   0.00000E+00           NaN
 2.64750E+01   0.00000E+00   0.00000E+00   0.00000E+00   0.00000E+00           NaN
 2.65250E+01   0.00000E+00   0.00000E+00   0.00000E+00   0.00000E+00           NaN
 2.65750E+01   0.00000E+00   0.00000E+00   0.00000E+00   0.00000E+00           NaN
 2.66250E+01   0.00000E+00   0.00000E+00   0.00000E+00   0.00000E+00           NaN
 2.66750E+01   0.00000E+00   0.00000E+00   0.00000E+00   0.00000E+00           NaN
 2.67250E+01   0.00000E+00   0.00000E+00   0.00000E+00   0.00000E+00           NaN
 2.67750E+01   0.00000E+00   0.00000E+00   0.00000E+00   0.00000E+00           NaN
 2.68250E+01   0.00000E+00   0.00000E+00   0.00000E+00   0.00000E+00           NaN
 2.68750E+01   0.00000E+00   0.00000E+00   0.00000E+00   0.00000E+00           NaN
 2.69250E+01   0.00000E+00   0.00000E+00   0.00000E+00   0.00000E+00           NaN
 2.69750E+01   0.00000E+00   0.00000E+00   0.00000E+00   0.00000E+00           NaN
 2.70250E+01   0.00000E+00   0.00000E+00   0.00000E+00   0.00000E+00           NaN
 2.70750E+01   0.00000E+00   0.00000E+00   0.00000E+00   0.00000E+00           NaN
 2.71250E+01   0.00000E+00   0.00000E+00   0.00000E+00   0.00000E+00           NaN
 2.71750E+01   0.00000E+00   0.00000E+00   0.00000E+00   0.00000E+00           NaN
 2.72250E+01   0.00000E+00   0.00000E+00   0.00000E+00   0.00000E+00           NaN
 2.72750E+01   0.00000E+00   0.00000E+00   0.00000E+00   0.00000E+00           NaN
 2.73250E+01   0.00000E+00   0.00000E+00   0.00000E+00   0.00000E+00           NaN
 2.73750E+01   0.00000E+00   0.00000E+00   0.00000E+00   0.00000E+00           NaN
 2.74250E+01   0.00000E+00   0.00000E+00   0.00000E+00   0.00000E+00           NaN
 2.74750E+01   0.00000E+00   0.00000E+00   0.00000E+00   0.00000E+00           NaN
 2.75250E+01   0.00000E+00   0.00000E+00   0.00000E+00   0.00000E+00           NaN
 2.75750E+01   0.00000E+00   0.00000E+00   0.00000E+00   0.00000E+00           NaN
 2.76250E+01   0.00000E+00   0.00000E+00   0.00000E+00   0.00000E+00           NaN
 2.76750E+01   0.00000E+00   0.00000E+00   0.00000E+00   0.00000E+00           NaN
 2.77250E+01   0.00000E+00   0.00000E+00   0.00000E+00   0.00000E+00           NaN
 2.77750E+01   0.00000E+00   0.00000E+00   0.00000E+00   0.00000E+00           NaN
 2.78250E+01   0.00000E+00   0.00000E+00   0.00000E+00   0.00000E+00           NaN
 2.78750E+01   0.00000E+00   0.00000E+00   0.00000E+00   0.00000E+00           NaN
 2.79250E+01   0.00000E+00   0.00000E+00   0.00000E+00   0.00000E+00           NaN
 2.79750E+01   0.00000E+00   0.00000E+00   0.00000E+00   0.00000E+00           NaN
 2.80250E+01   0.00000E+00   0.00000E+00   0.00000E+00   0.00000E+00           NaN
 2.80750E+01   0.00000E+00   0.00000E+00   0.00000E+00   0.00000E+00           NaN
 2.81250E+01   0.00000E+00   0.00000E+00   0.00000E+00   0.00000E+00           NaN
 2.81750E+01   0.00000E+00   0.00000E+00   0.00000E+00   0.00000E+00           NaN
 2.82250E+01   0.00000E+00   0.00000E+00   0.00000E+00   0.00000E+00           NaN
 2.82750E+01   0.00000E+00   0.00000E+00   0.00000E+00   0.00000E+00           NaN
 2.83250E+01   0.00000E+00   0.00000E+00   0.00000E+00   0.00000E+00           NaN
 2.83750E+01   0.00000E+00   0.00000E+00   0.00000E+00   0.00000E+00           NaN
 2.84250E+01   0.00000E+00   0.00000E+00   0.00000E+00   0.00000E+00           NaN
 2.84750E+01   0.00000E+00   0.00000E+00   0.00000E+00   0.00000E+00           NaN
 2.85250E+01   0.00000E+00   0.00000E+00   0.00000E+00   0.00000E+00           NaN
 2.85750E+01   0.00000E+00   0.00000E+00   0.00000E+00   0.00000E+00           NaN
 2.86250E+01   0.00000E+00   0.00000E+00   0.00000E+00   0.00000E+00           NaN
 2.86750E+01   0.00000E+00   0.00000E+00   0.00000E+00   0.00000E+00           NaN
 2.87250E+01   0.00000E+00   0.00000E+00   0.00000E+00   0.00000E+00           NaN
 2.87750E+01   0.00000E+00   0.00000E+00   0.00000E+00   0.00000E+00           NaN
 2.88250E+01   0.00000E+00   0.00000E+00   0.00000E+00   0.00000E+00           NaN
 2.88750E+01   0.00000E+00   0.00000E+00   0.00000E+00   0.00000E+00           NaN
 2.89250E+01   0.00000E+00   0.00000E+00   0.00000E+00   0.00000E+00           NaN
 2.89750E+01   0.00000E+00   0.00000E+00   0.00000E+00   0.00000E+00           NaN
 2.90250E+01   0.00000E+00   0.00000E+00   0.00000E+00   0.00000E+00           NaN
 2.90750E+01   0.00000E+00   0.00000E+00   0.00000E+00   0.00000E+00           NaN
 2.91250E+01   0.00000E+00   0.00000E+00   0.00000E+00   0.00000E+00           NaN
 2.91750E+01   0.00000E+00   0.00000E+00   0.00000E+00   0.00000E+00           NaN
 2.92250E+01   0.00000E+00   0.00000E+00   0.00000E+00   0.00000E+00           NaN
 2.92750E+01   0.00000E+00   0.00000E+00   0.00000E+00   0.00000E+00           NaN
 2.93250E+01   0.00000E+00   0.00000E+00   0.00000E+00   0.00000E+00           NaN
 2.93750E+01   0.00000E+00   0.00000E+00   0.00000E+00   0.00000E+00           NaN
 2.94250E+01   0.00000E+00   0.00000E+00   0.00000E+00   0.00000E+00           NaN
 2.94750E+01   0.00000E+00   0.00000E+00   0.00000E+00   0.00000E+00           NaN
 2.95250E+01   0.00000E+00   0.00000E+00   0.00000E+00   0.00000E+00           NaN
 2.95750E+01   0.00000E+00   0.00000E+00   0.00000E+00   0.00000E+00           NaN
 2.96250E+01   0.00000E+00   0.00000E+00   0.00000E+00   0.00000E+00           NaN
 2.96750E+01   0.00000E+00   0.00000E+00   0.00000E+00   0.00000E+00           NaN
 2.97250E+01   0.00000E+00   0.00000E+00   0.00000E+00   0.00000E+00           NaN
 2.97750E+01   0.00000E+00   0.00000E+00   0.00000E+00   0.00000E+00           NaN
 2.98250E+01   0.00000E+00   0.00000E+00   0.00000E+00   0.00000E+00           NaN
 2.98750E+01   0.00000E+00   0.00000E+00   0.00000E+00   0.00000E+00           NaN
 2.99250E+01   0.00000E+00   0.00000E+00   0.00000E+00   0.00000E+00           NaN
 2.99750E+01   0.00000E+00   0.00000E+00   0.00000E+00   0.00000E+00           NaN
 3.00250E+01   0.00000E+00   0.00000E+00   0.00000E+00   0.00000E+00           NaN
 3.00750E+01   0.00000E+00   0.00000E+00   0.00000E+00   0.00000E+00           NaN
 3.01250E+01   0.00000E+00   0.00000E+00   0.00000E+00   0.00000E+00           NaN
 3.01750E+01   0.00000E+00   0.00000E+00   0.00000E+00   0.00000E+00           NaN
 3.02250E+01   0.00000E+00   0.00000E+00   0.00000E+00   0.00000E+00           NaN
 3.02750E+01   0.00000E+00   0.00000E+00   0.00000E+00   0.00000E+00           NaN
 3.03250E+01   0.00000E+00   0.00000E+00   0.00000E+00   0.00000E+00           NaN
 3.03750E+01   0.00000E+00   0.00000E+00   0.00000E+00   0.00000E+00           NaN
 3.04250E+01   0.00000E+00   0.00000E+00   0.00000E+00   0.00000E+00           NaN
 3.04750E+01   0.00000E+00   0.00000E+00   0.00000E+00   0.00000E+00           NaN
 3.05250E+01   0.00000E+00   0.00000E+00   0.00000E+00   0.00000E+00           NaN
 3.05750E+01   0.00000E+00   0.00000E+00   0.00000E+00   0.00000E+00           NaN
 3.06250E+01   0.00000E+00   0.00000E+00   0.00000E+00   0.00000E+00           NaN
 3.06750E+01   0.00000E+00   0.00000E+00   0.00000E+00   0.00000E+00           NaN
 3.07250E+01   0.00000E+00   0.00000E+00   0.00000E+00   0.00000E+00           NaN
 3.07750E+01   0.00000E+00   0.00000E+00   0.00000E+00   0.00000E+00           NaN
 3.08250E+01   0.00000E+00   0.00000E+00   0.00000E+00   0.00000E+00           NaN
 3.08750E+01   0.00000E+00   0.00000E+00   0.00000E+00   0.00000E+00           NaN
 3.09250E+01   0.00000E+00   0.00000E+00   0.00000E+00   0.00000E+00           NaN
 3.09750E+01   0.00000E+00   0.00000E+00   0.00000E+00   0.00000E+00           NaN
 3.10250E+01   0.00000E+00   0.00000E+00   0.00000E+00   0.00000E+00           NaN
 3.10750E+01   0.00000E+00   0.00000E+00   0.00000E+00   0.00000E+00           NaN
 3.11250E+01   0.00000E+00   0.00000E+00   0.00000E+00   0.00000E+00           NaN
 3.11750E+01   0.00000E+00   0.00000E+00   0.00000E+00   0.00000E+00           NaN
 3.12250E+01   0.00000E+00   0.00000E+00   0.00000E+00   0.00000E+00           NaN
 3.12750E+01   0.00000E+00   0.00000E+00   0.00000E+00   0.00000E+00           NaN
 3.13250E+01   0.00000E+00   0.00000E+00   0.00000E+00   0.00000E+00           NaN
 3.13750E+01   0.00000E+00   0.00000E+00   0.00000E+00   0.00000E+00           NaN
 3.14250E+01   0.00000E+00   0.00000E+00   0.00000E+00   0.00000E+00           NaN
 3.14750E+01   0.00000E+00   0.00000E+00   0.00000E+00   0.00000E+00           NaN
 3.15250E+01   0.00000E+00   0.00000E+00   0.00000E+00   0.00000E+00           NaN
 3.15750E+01   0.00000E+00   0.00000E+00   0.00000E+00   0.00000E+00           NaN
 3.16250E+01   0.00000E+00   0.00000E+00   0.00000E+00   0.00000E+00           NaN
 3.16750E+01   0.00000E+00   0.00000E+00   0.00000E+00   0.00000E+00           NaN
 3.17250E+01   0.00000E+00   0.00000E+00   0.00000E+00   0.00000E+00           NaN
 3.17750E+01   0.00000E+00   0.00000E+00   0.00000E+00   0.00000E+00           NaN
 3.18250E+01   0.00000E+00   0.00000E+00   0.00000E+00   0.00000E+00           NaN
 3.18750E+01   0.00000E+00   0.00000E+00   0.00000E+00   0.00000E+00           NaN
 3.19250E+01   0.00000E+00   0.00000E+00   0.00000E+00   0.00000E+00           NaN
 3.19750E+01   0.00000E+00   0.00000E+00   0.00000E+00   0.00000E+00           NaN
 3.20250E+01   0.00000E+00   0.00000E+00   0.00000E+00   0.00000E+00           NaN
 3.20750E+01   0.00000E+00   0.00000E+00   0.00000E+00   0.00000E+00           NaN
 3.21250E+01   0.00000E+00   0.00000E+00   0.00000E+00   0.00000E+00           NaN
 3.21750E+01   0.00000E+00   0.00000E+00   0.00000E+00   0.00000E+00           NaN
 3.22250E+01   0.00000E+00   0.00000E+00   0.00000E+00   0.00000E+00           NaN
 3.22750E+01   0.00000E+00   0.00000E+00   0.00000E+00   0.00000E+00           NaN
 3.23250E+01   0.00000E+00   0.00000E+00   0.00000E+00   0.00000E+00           NaN
 3.23750E+01   0.00000E+00   0.00000E+00   0.00000E+00   0.00000E+00           NaN
 3.24250E+01   0.00000E+00   0.00000E+00   0.00000E+00   0.00000E+00           NaN
 3.24750E+01   0.00000E+00   0.00000E+00   0.00000E+00   0.00000E+00           NaN
 3.25250E+01   0.00000E+00   0.00000E+00   0.00000E+00   0.00000E+00           NaN
 3.25750E+01   0.00000E+00   0.00000E+00   0.00000E+00   0.00000E+00           NaN
 3.26250E+01   0.00000E+00   0.00000E+00   0.00000E+00   0.00000E+00           NaN
 3.26750E+01   0.00000E+00   0.00000E+00   0.00000E+00   0.00000E+00           NaN
 3.27250E+01   0.00000E+00   0.00000E+00   0.00000E+00   0.00000E+00           NaN
 3.27750E+01   0.00000E+00   0.00000E+00   0.00000E+00   0.00000E+00           NaN
 3.28250E+01   0.00000E+00   0.00000E+00   0.00000E+00   0.00000E+00           NaN
 3.28750E+01   0.00000E+00   0.00000E+00   0.00000E+00   0.00000E+00           NaN
 3.29250E+01   0.00000E+00   0.00000E+00   0.00000E+00   0.00000E+00           NaN
 3.29750E+01   0.00000E+00   0.00000E+00   0.00000E+00   0.00000E+00           NaN
 3.30250E+01   0.00000E+00   0.00000E+00   0.00000E+00   0.00000E+00           NaN
 3.30750E+01   0.00000E+00   0.00000E+00   0.00000E+00   0.00000E+00           NaN
 3.31250E+01   0.00000E+00   0.00000E+00   0.00000E+00   0.00000E+00           NaN
 3.31750E+01   0.00000E+00   0.00000E+00   0.00000E+00   0.00000E+00           NaN
 3.32250E+01   0.00000E+00   0.00000E+00   0.00000E+00   0.00000E+00           NaN
 3.32750E+01   0.00000E+00   0.00000E+00   0.00000E+00   0.00000E+00           NaN
 3.33250E+01   0.00000E+00   0.00000E+00   0.00000E+00   0.00000E+00           NaN
 3.33750E+01   0.00000E+00   0.00000E+00   0.00000E+00   0.00000E+00           NaN
 3.34250E+01   0.00000E+00   0.00000E+00   0.00000E+00   0.00000E+00           NaN
 3.34750E+01   0.00000E+00   0.00000E+00   0.00000E+00   0.00000E+00           NaN
 3.35250E+01   0.00000E+00   0.00000E+00   0.00000E+00   0.00000E+00           NaN
 3.35750E+01   0.00000E+00   0.00000E+00   0.00000E+00   0.00000E+00           NaN
 3.36250E+01   0.00000E+00   0.00000E+00   0.00000E+00   0.00000E+00           NaN
 3.36750E+01   0.00000E+00   0.00000E+00   0.00000E+00   0.00000E+00           NaN
 3.37250E+01   0.00000E+00   0.00000E+00   0.00000E+00   0.00000E+00           NaN
 3.37750E+01   0.00000E+00   0.00000E+00   0.00000E+00   0.00000E+00           NaN
 3.38250E+01   0.00000E+00   0.00000E+00   0.00000E+00   0.00000E+00           NaN
 3.38750E+01   0.00000E+00   0.00000E+00   0.00000E+00   0.00000E+00           NaN
 3.39250E+01   0.00000E+00   0.00000E+00   0.00000E+00   0.00000E+00           NaN
 3.39750E+01   0.00000E+00   0.00000E+00   0.00000E+00   0.00000E+00           NaN
 3.40250E+01   0.00000E+00   0.00000E+00   0.00000E+00   0.00000E+00           NaN
 3.40750E+01   0.00000E+00   0.00000E+00   0.00000E+00   0.00000E+00           NaN
 3.41250E+01   0.00000E+00   0.00000E+00   0.00000E+00   0.00000E+00           NaN
 3.41750E+01   0.00000E+00   0.00000E+00   0.00000E+00   0.00000E+00           NaN
 3.42250E+01   0.00000E+00   0.00000E+00   0.00000E+00   0.00000E+00           NaN
 3.42750E+01   0.00000E+00   0.00000E+00   0.00000E+00   0.00000E+00           NaN
 3.43250E+01   0.00000E+00   0.00000E+00   0.00000E+00   0.00000E+00           NaN
 3.43750E+01   0.00000E+00   0.00000E+00   0.00000E+00   0.00000E+00           NaN
 3.44250E+01   0.00000E+00   0.00000E+00   0.00000E+00   0.00000E+00           NaN
 3.44750E+01   0.00000E+00   0.00000E+00   0.00000E+00   0.00000E+00           NaN
 3.45250E+01   0.00000E+00   0.00000E+00   0.00000E+00   0.00000E+00           NaN
 3.45750E+01   0.00000E+00   0.00000E+00   0.00000E+00   0.00000E+00           NaN
 3.46250E+01   0.00000E+00   0.00000E+00   0.00000E+00   0.00000E+00           NaN
 3.46750E+01   0.00000E+00   0.00000E+00   0.00000E+00   0.00000E+00           NaN
 3.47250E+01   0.00000E+00   0.00000E+00   0.00000E+00   0.00000E+00           NaN
 3.47750E+01   0.00000E+00   0.00000E+00   0.00000E+00   0.00000E+00           NaN
 3.48250E+01   0.00000E+00   0.00000E+00   0.00000E+00   0.00000E+00           NaN
 3.48750E+01   0.00000E+00   0.00000E+00   0.00000E+00   0.00000E+00           NaN
 3.49250E+01   0.00000E+00   0.00000E+00   0.00000E+00   0.00000E+00           NaN
 3.49750E+01   0.00000E+00   0.00000E+00   0.00000E+00   0.00000E+00           NaN
 3.50250E+01   0.00000E+00   0.00000E+00   0.00000E+00   0.00000E+00           NaN
 3.50750E+01   0.00000E+00   0.00000E+00   0.00000E+00   0.00000E+00           NaN
 3.51250E+01   0.00000E+00   0.00000E+00   0.00000E+00   0.00000E+00           NaN
 3.51750E+01   0.00000E+00   0.00000E+00   0.00000E+00   0.00000E+00           NaN
 3.52250E+01   0.00000E+00   0.00000E+00   0.00000E+00   0.00000E+00           NaN
 3.52750E+01   0.00000E+00   0.00000E+00   0.00000E+00   0.00000E+00           NaN
 3.53250E+01   0.00000E+00   0.00000E+00   0.00000E+00   0.00000E+00           NaN
 3.53750E+01   0.00000E+00   0.00000E+00   0.00000E+00   0.00000E+00           NaN
 3.54250E+01   0.00000E+00   0.00000E+00   0.00000E+00   0.00000E+00           NaN
 3.54750E+01   0.00000E+00   0.00000E+00   0.00000E+00   0.00000E+00           NaN
 3.55250E+01   0.00000E+00   0.00000E+00   0.00000E+00   0.00000E+00           NaN
 3.55750E+01   0.00000E+00   0.00000E+00   0.00000E+00   0.00000E+00           NaN
 3.56250E+01   0.00000E+00   0.00000E+00   0.00000E+00   0.00000E+00           NaN
 3.56750E+01   0.00000E+00   0.00000E+00   0.00000E+00   0.00000E+00           NaN
 3.57250E+01   0.00000E+00   0.00000E+00   0.00000E+00   0.00000E+00           NaN
 3.57750E+01   0.00000E+00   0.00000E+00   0.00000E+00   0.00000E+00           NaN
 3.58250E+01   0.00000E+00   0.00000E+00   0.00000E+00   0.00000E+00           NaN
 3.58750E+01   0.00000E+00   0.00000E+00   0.00000E+00   0.00000E+00           NaN
 3.59250E+01   0.00000E+00   0.00000E+00   0.00000E+00   0.00000E+00           NaN
 3.59750E+01   0.00000E+00   0.00000E+00   0.00000E+00   0.00000E+00           NaN
 3.60250E+01   0.00000E+00   0.00000E+00   0.00000E+00   0.00000E+00           NaN
 3.60750E+01   0.00000E+00   0.00000E+00   0.00000E+00   0.00000E+00           NaN
 3.61250E+01   0.00000E+00   0.00000E+00   0.00000E+00   0.00000E+00           NaN
 3.61750E+01   0.00000E+00   0.00000E+00   0.00000E+00   0.00000E+00           NaN
 3.62250E+01   0.00000E+00   0.00000E+00   0.00000E+00   0.00000E+00           NaN
 3.62750E+01   0.00000E+00   0.00000E+00   0.00000E+00   0.00000E+00           NaN
 3.63250E+01   0.00000E+00   0.00000E+00   0.00000E+00   0.00000E+00           NaN
 3.63750E+01   0.00000E+00   0.00000E+00   0.00000E+00   0.00000E+00           NaN
 3.64250E+01   0.00000E+00   0.00000E+00   0.00000E+00   0.00000E+00           NaN
 3.64750E+01   0.00000E+00   0.00000E+00   0.00000E+00   0.00000E+00           NaN
 3.65250E+01   0.00000E+00   0.00000E+00   0.00000E+00   0.00000E+00           NaN
 3.65750E+01   0.00000E+00   0.00000E+00   0.00000E+00   0.00000E+00           NaN
 3.66250E+01   0.00000E+00   0.00000E+00   0.00000E+00   0.00000E+00           NaN
 3.66750E+01   0.00000E+00   0.00000E+00   0.00000E+00   0.00000E+00           NaN
 3.67250E+01   0.00000E+00   0.00000E+00   0.00000E+00   0.00000E+00           NaN
 3.67750E+01   0.00000E+00   0.00000E+00   0.00000E+00   0.00000E+00           NaN
 3.68250E+01   0.00000E+00   0.00000E+00   0.00000E+00   0.00000E+00           NaN
 3.68750E+01   0.00000E+00   0.00000E+00   0.00000E+00   0.00000E+00           NaN
 3.69250E+01   0.00000E+00   0.00000E+00   0.00000E+00   0.00000E+00           NaN
 3.69750E+01   0.00000E+00   0.00000E+00   0.00000E+00   0.00000E+00           NaN
 3.70250E+01   0.00000E+00   0.00000E+00   0.00000E+00   0.00000E+00           NaN
 3.70750E+01   0.00000E+00   0.00000E+00   0.00000E+00   0.00000E+00           NaN
 3.71250E+01   0.00000E+00   0.00000E+00   0.00000E+00   0.00000E+00           NaN
 3.71750E+01   0.00000E+00   0.00000E+00   0.00000E+00   0.00000E+00           NaN
 3.72250E+01   0.00000E+00   0.00000E+00   0.00000E+00   0.00000E+00           NaN
 3.72750E+01   0.00000E+00   0.00000E+00   0.00000E+00   0.00000E+00           NaN
 3.73250E+01   0.00000E+00   0.00000E+00   0.00000E+00   0.00000E+00           NaN
 3.73750E+01   0.00000E+00   0.00000E+00   0.00000E+00   0.00000E+00           NaN
 3.74250E+01   0.00000E+00   0.00000E+00   0.00000E+00   0.00000E+00           NaN
 3.74750E+01   0.00000E+00   0.00000E+00   0.00000E+00   0.00000E+00           NaN
 3.75250E+01   0.00000E+00   0.00000E+00   0.00000E+00   0.00000E+00           NaN
 3.75750E+01   0.00000E+00   0.00000E+00   0.00000E+00   0.00000E+00           NaN
 3.76250E+01   0.00000E+00   0.00000E+00   0.00000E+00   0.00000E+00           NaN
 3.76750E+01   0.00000E+00   0.00000E+00   0.00000E+00   0.00000E+00           NaN
 3.77250E+01   0.00000E+00   0.00000E+00   0.00000E+00   0.00000E+00           NaN
 3.77750E+01   0.00000E+00   0.00000E+00   0.00000E+00   0.00000E+00           NaN
 3.78250E+01   0.00000E+00   0.00000E+00   0.00000E+00   0.00000E+00           NaN
 3.78750E+01   0.00000E+00   0.00000E+00   0.00000E+00   0.00000E+00           NaN
 3.79250E+01   0.00000E+00   0.00000E+00   0.00000E+00   0.00000E+00           NaN
 3.79750E+01   0.00000E+00   0.00000E+00   0.00000E+00   0.00000E+00           NaN
 3.80250E+01   0.00000E+00   0.00000E+00   0.00000E+00   0.00000E+00           NaN
 3.80750E+01   0.00000E+00   0.00000E+00   0.00000E+00   0.00000E+00           NaN
 3.81250E+01   0.00000E+00   0.00000E+00   0.00000E+00   0.00000E+00           NaN
 3.81750E+01   0.00000E+00   0.00000E+00   0.00000E+00   0.00000E+00           NaN
 3.82250E+01   0.00000E+00   0.00000E+00   0.00000E+00   0.00000E+00           NaN
 3.82750E+01   0.00000E+00   0.00000E+00   0.00000E+00   0.00000E+00           NaN
 3.83250E+01   0.00000E+00   0.00000E+00   0.00000E+00   0.00000E+00           NaN
 3.83750E+01   0.00000E+00   0.00000E+00   0.00000E+00   0.00000E+00           NaN
 3.84250E+01   0.00000E+00   0.00000E+00   0.00000E+00   0.00000E+00           NaN
 3.84750E+01   0.00000E+00   0.00000E+00   0.00000E+00   0.00000E+00           NaN
 3.85250E+01   0.00000E+00   0.00000E+00   0.00000E+00   0.00000E+00           NaN
 3.85750E+01   0.00000E+00   0.00000E+00   0.00000E+00   0.00000E+00           NaN
 3.86250E+01   0.00000E+00   0.00000E+00   0.00000E+00   0.00000E+00           NaN
 3.86750E+01   0.00000E+00   0.00000E+00   0.00000E+00   0.00000E+00           NaN
 3.87250E+01   0.00000E+00   0.00000E+00   0.00000E+00   0.00000E+00           NaN
 3.87750E+01   0.00000E+00   0.00000E+00   0.00000E+00   0.00000E+00           NaN
 3.88250E+01   0.00000E+00   0.00000E+00   0.00000E+00   0.00000E+00           NaN
 3.88750E+01   0.00000E+00   0.00000E+00   0.00000E+00   0.00000E+00           NaN
 3.89250E+01   0.00000E+00   0.00000E+00   0.00000E+00   0.00000E+00           NaN
 3.89750E+01   0.00000E+00   0.00000E+00   0.00000E+00   0.00000E+00           NaN
 3.90250E+01   0.00000E+00   0.00000E+00   0.00000E+00   0.00000E+00           NaN
 3.90750E+01   0.00000E+00   0.00000E+00   0.00000E+00   0.00000E+00           NaN
 3.91250E+01   0.00000E+00   0.00000E+00   0.00000E+00   0.00000E+00           NaN
 3.91750E+01   0.00000E+00   0.00000E+00   0.00000E+00   0.00000E+00           NaN
 3.92250E+01   0.00000E+00   0.00000E+00   0.00000E+00   0.00000E+00           NaN
 3.92750E+01   0.00000E+00   0.00000E+00   0.00000E+00   0.00000E+00           NaN
 3.93250E+01   0.00000E+00   0.00000E+00   0.00000E+00   0.00000E+00           NaN
 3.93750E+01   0.00000E+00   0.00000E+00   0.00000E+00   0.00000E+00           NaN
 3.94250E+01   0.00000E+00   0.00000E+00   0.00000E+00   0.00000E+00           NaN
 3.94750E+01   0.00000E+00   0.00000E+00   0.00000E+00   0.00000E+00           NaN
 3.95250E+01   0.00000E+00   0.00000E+00   0.00000E+00   0.00000E+00           NaN
 3.95750E+01   0.00000E+00   0.00000E+00   0.00000E+00   0.00000E+00           NaN
 3.96250E+01   0.00000E+00   0.00000E+00   0.00000E+00   0.00000E+00           NaN
 3.96750E+01   0.00000E+00   0.00000E+00   0.00000E+00   0.00000E+00           NaN
 3.97250E+01   0.00000E+00   0.00000E+00   0.00000E+00   0.00000E+00           NaN
 3.97750E+01   0.00000E+00   0.00000E+00   0.00000E+00   0.00000E+00           NaN
 3.98250E+01   0.00000E+00   0.00000E+00   0.00000E+00   0.00000E+00           NaN
 3.98750E+01   0.00000E+00   0.00000E+00   0.00000E+00   0.00000E+00           NaN
 3.99250E+01   0.00000E+00   0.00000E+00   0.00000E+00   0.00000E+00           NaN
 3.99750E+01   0.00000E+00   0.00000E+00   0.00000E+00   0.00000E+00           NaN
 4.00250E+01   0.00000E+00   0.00000E+00   0.00000E+00   0.00000E+00           NaN
 4.00750E+01   0.00000E+00   0.00000E+00   0.00000E+00   0.00000E+00           NaN
 4.01250E+01   0.00000E+00   0.00000E+00   0.00000E+00   0.00000E+00           NaN
 4.01750E+01   0.00000E+00   0.00000E+00   0.00000E+00   0.00000E+00           NaN
 4.02250E+01   0.00000E+00   0.00000E+00   0.00000E+00   0.00000E+00           NaN
 4.02750E+01   0.00000E+00   0.00000E+00   0.00000E+00   0.00000E+00           NaN
 4.03250E+01   0.00000E+00   0.00000E+00   0.00000E+00   0.00000E+00           NaN
 4.03750E+01   0.00000E+00   0.00000E+00   0.00000E+00   0.00000E+00           NaN
 4.04250E+01   0.00000E+00   0.00000E+00   0.00000E+00   0.00000E+00           NaN
 4.04750E+01   0.00000E+00   0.00000E+00   0.00000E+00   0.00000E+00           NaN
 4.05250E+01   0.00000E+00   0.00000E+00   0.00000E+00   0.00000E+00           NaN
 4.05750E+01   0.00000E+00   0.00000E+00   0.00000E+00   0.00000E+00           NaN
 4.06250E+01   0.00000E+00   0.00000E+00   0.00000E+00   0.00000E+00           NaN
 4.06750E+01   0.00000E+00   0.00000E+00   0.00000E+00   0.00000E+00           NaN
 4.07250E+01   0.00000E+00   0.00000E+00   0.00000E+00   0.00000E+00           NaN
 4.07750E+01   0.00000E+00   0.00000E+00   0.00000E+00   0.00000E+00           NaN
 4.08250E+01   0.00000E+00   0.00000E+00   0.00000E+00   0.00000E+00           NaN
 4.08750E+01   0.00000E+00   0.00000E+00   0.00000E+00   0.00000E+00           NaN
 4.09250E+01   0.00000E+00   0.00000E+00   0.00000E+00   0.00000E+00           NaN
 4.09750E+01   0.00000E+00   0.00000E+00   0.00000E+00   0.00000E+00           NaN
 4.10250E+01   0.00000E+00   0.00000E+00   0.00000E+00   0.00000E+00           NaN
 4.10750E+01   0.00000E+00   0.00000E+00   0.00000E+00   0.00000E+00           NaN
 4.11250E+01   0.00000E+00   0.00000E+00   0.00000E+00   0.00000E+00           NaN
 4.11750E+01   0.00000E+00   0.00000E+00   0.00000E+00   0.00000E+00           NaN
 4.12250E+01   0.00000E+00   0.00000E+00   0.00000E+00   0.00000E+00           NaN
 4.12750E+01   0.00000E+00   0.00000E+00   0.00000E+00   0.00000E+00           NaN
 4.13250E+01   0.00000E+00   0.00000E+00   0.00000E+00   0.00000E+00           NaN
 4.13750E+01   0.00000E+00   0.00000E+00   0.00000E+00   0.00000E+00           NaN
 4.14250E+01   0.00000E+00   0.00000E+00   0.00000E+00   0.00000E+00           NaN
 4.14750E+01   0.00000E+00   0.00000E+00   0.00000E+00   0.00000E+00           NaN
 4.15250E+01   0.00000E+00   0.00000E+00   0.00000E+00   0.00000E+00           NaN
 4.15750E+01   0.00000E+00   0.00000E+00   0.00000E+00   0.00000E+00           NaN
 4.16250E+01   0.00000E+00   0.00000E+00   0.00000E+00   0.00000E+00           NaN
 4.16750E+01   0.00000E+00   0.00000E+00   0.00000E+00   0.00000E+00           NaN
 4.17250E+01   0.00000E+00   0.00000E+00   0.00000E+00   0.00000E+00           NaN
 4.17750E+01   0.00000E+00   0.00000E+00   0.00000E+00   0.00000E+00           NaN
 4.18250E+01   0.00000E+00   0.00000E+00   0.00000E+00   0.00000E+00           NaN
 4.18750E+01   0.00000E+00   0.00000E+00   0.00000E+00   0.00000E+00           NaN
 4.19250E+01   0.00000E+00   0.00000E+00   0.00000E+00   0.00000E+00           NaN
 4.19750E+01   0.00000E+00   0.00000E+00   0.00000E+00   0.00000E+00           NaN
 4.20250E+01   0.00000E+00   0.00000E+00   0.00000E+00   0.00000E+00           NaN
 4.20750E+01   0.00000E+00   0.00000E+00   0.00000E+00   0.00000E+00           NaN
 4.21250E+01   0.00000E+00   0.00000E+00   0.00000E+00   0.00000E+00           NaN
 4.21750E+01   0.00000E+00   0.00000E+00   0.00000E+00   0.00000E+00           NaN
 4.22250E+01   0.00000E+00   0.00000E+00   0.00000E+00   0.00000E+00           NaN
 4.22750E+01   0.00000E+00   0.00000E+00   0.00000E+00   0.00000E+00           NaN
 4.23250E+01   0.00000E+00   0.00000E+00   0.00000E+00   0.00000E+00           NaN
 4.23750E+01   0.00000E+00   0.00000E+00   0.00000E+00   0.00000E+00           NaN
 4.24250E+01   0.00000E+00   0.00000E+00   0.00000E+00   0.00000E+00           NaN
 4.24750E+01   0.00000E+00   0.00000E+00   0.00000E+00   0.00000E+00           NaN
 4.25250E+01   0.00000E+00   0.00000E+00   0.00000E+00   0.00000E+00           NaN
 4.25750E+01   0.00000E+00   0.00000E+00   0.00000E+00   0.00000E+00           NaN
 4.26250E+01   0.00000E+00   0.00000E+00   0.00000E+00   0.00000E+00           NaN
 4.26750E+01   0.00000E+00   0.00000E+00   0.00000E+00   0.00000E+00           NaN
 4.27250E+01   0.00000E+00   0.00000E+00   0.00000E+00   0.00000E+00           NaN
 4.27750E+01   0.00000E+00   0.00000E+00   0.00000E+00   0.00000E+00           NaN
 4.28250E+01   0.00000E+00   0.00000E+00   0.00000E+00   0.00000E+00           NaN
 4.28750E+01   0.00000E+00   0.00000E+00   0.00000E+00   0.00000E+00           NaN
 4.29250E+01   0.00000E+00   0.00000E+00   0.00000E+00   0.00000E+00           NaN
 4.29750E+01   0.00000E+00   0.00000E+00   0.00000E+00   0.00000E+00           NaN
 4.30250E+01   0.00000E+00   0.00000E+00   0.00000E+00   0.00000E+00           NaN
 4.30750E+01   0.00000E+00   0.00000E+00   0.00000E+00   0.00000E+00           NaN
 4.31250E+01   0.00000E+00   0.00000E+00   0.00000E+00   0.00000E+00           NaN
 4.31750E+01   0.00000E+00   0.00000E+00   0.00000E+00   0.00000E+00           NaN
 4.32250E+01   0.00000E+00   0.00000E+00   0.00000E+00   0.00000E+00           NaN
 4.32750E+01   0.00000E+00   0.00000E+00   0.00000E+00   0.00000E+00           NaN
 4.33250E+01   0.00000E+00   0.00000E+00   0.00000E+00   0.00000E+00           NaN
 4.33750E+01   0.00000E+00   0.00000E+00   0.00000E+00   0.00000E+00           NaN
 4.34250E+01   0.00000E+00   0.00000E+00   0.00000E+00   0.00000E+00           NaN
 4.34750E+01   0.00000E+00   0.00000E+00   0.00000E+00   0.00000E+00           NaN
 4.35250E+01   0.00000E+00   0.00000E+00   0.00000E+00   0.00000E+00           NaN
 4.35750E+01   0.00000E+00   0.00000E+00   0.00000E+00   0.00000E+00           NaN
 4.36250E+01   0.00000E+00   0.00000E+00   0.00000E+00   0.00000E+00           NaN
 4.36750E+01   0.00000E+00   0.00000E+00   0.00000E+00   0.00000E+00           NaN
 4.37250E+01   0.00000E+00   0.00000E+00   0.00000E+00   0.00000E+00           NaN
 4.37750E+01   0.00000E+00   0.00000E+00   0.00000E+00   0.00000E+00           NaN
 4.38250E+01   0.00000E+00   0.00000E+00   0.00000E+00   0.00000E+00           NaN
 4.38750E+01   0.00000E+00   0.00000E+00   0.00000E+00   0.00000E+00           NaN
 4.39250E+01   0.00000E+00   0.00000E+00   0.00000E+00   0.00000E+00           NaN
 4.39750E+01   0.00000E+00   0.00000E+00   0.00000E+00   0.00000E+00           NaN
 4.40250E+01   0.00000E+00   0.00000E+00   0.00000E+00   0.00000E+00           NaN
 4.40750E+01   0.00000E+00   0.00000E+00   0.00000E+00   0.00000E+00           NaN
 4.41250E+01   0.00000E+00   0.00000E+00   0.00000E+00   0.00000E+00           NaN
 4.41750E+01   0.00000E+00   0.00000E+00   0.00000E+00   0.00000E+00           NaN
 4.42250E+01   0.00000E+00   0.00000E+00   0.00000E+00   0.00000E+00           NaN
 4.42750E+01   0.00000E+00   0.00000E+00   0.00000E+00   0.00000E+00           NaN
 4.43250E+01   0.00000E+00   0.00000E+00   0.00000E+00   0.00000E+00           NaN
 4.43750E+01   0.00000E+00   0.00000E+00   0.00000E+00   0.00000E+00           NaN
 4.44250E+01   0.00000E+00   0.00000E+00   0.00000E+00   0.00000E+00           NaN
 4.44750E+01   0.00000E+00   0.00000E+00   0.00000E+00   0.00000E+00           NaN
 4.45250E+01   0.00000E+00   0.00000E+00   0.00000E+00   0.00000E+00           NaN
 4.45750E+01   0.00000E+00   0.00000E+00   0.00000E+00   0.00000E+00           NaN
 4.46250E+01   0.00000E+00   0.00000E+00   0.00000E+00   0.00000E+00           NaN
 4.46750E+01   0.00000E+00   0.00000E+00   0.00000E+00   0.00000E+00           NaN
 4.47250E+01   0.00000E+00   0.00000E+00   0.00000E+00   0.00000E+00           NaN
 4.47750E+01   0.00000E+00   0.00000E+00   0.00000E+00   0.00000E+00           NaN
 4.48250E+01   0.00000E+00   0.00000E+00   0.00000E+00   0.00000E+00           NaN
 4.48750E+01   0.00000E+00   0.00000E+00   0.00000E+00   0.00000E+00           NaN
 4.49250E+01   0.00000E+00   0.00000E+00   0.00000E+00   0.00000E+00           NaN
 4.49750E+01   0.00000E+00   0.00000E+00   0.00000E+00   0.00000E+00           NaN
 4.50250E+01   0.00000E+00   0.00000E+00   0.00000E+00   0.00000E+00           NaN
 4.50750E+01   0.00000E+00   0.00000E+00   0.00000E+00   0.00000E+00           NaN
 4.51250E+01   0.00000E+00   0.00000E+00   0.00000E+00   0.00000E+00           NaN
 4.51750E+01   0.00000E+00   0.00000E+00   0.00000E+00   0.00000E+00           NaN
 4.52250E+01   0.00000E+00   0.00000E+00   0.00000E+00   0.00000E+00           NaN
 4.52750E+01   0.00000E+00   0.00000E+00   0.00000E+00   0.00000E+00           NaN
 4.53250E+01   0.00000E+00   0.00000E+00   0.00000E+00   0.00000E+00           NaN
 4.53750E+01   0.00000E+00   0.00000E+00   0.00000E+00   0.00000E+00           NaN
 4.54250E+01   0.00000E+00   0.00000E+00   0.00000E+00   0.00000E+00           NaN
 4.54750E+01   0.00000E+00   0.00000E+00   0.00000E+00   0.00000E+00           NaN
 4.55250E+01   0.00000E+00   0.00000E+00   0.00000E+00   0.00000E+00           NaN
 4.55750E+01   0.00000E+00   0.00000E+00   0.00000E+00   0.00000E+00           NaN
 4.56250E+01   0.00000E+00   0.00000E+00   0.00000E+00   0.00000E+00           NaN
 4.56750E+01   0.00000E+00   0.00000E+00   0.00000E+00   0.00000E+00           NaN
 4.57250E+01   0.00000E+00   0.00000E+00   0.00000E+00   0.00000E+00           NaN
 4.57750E+01   0.00000E+00   0.00000E+00   0.00000E+00   0.00000E+00           NaN
 4.58250E+01   0.00000E+00   0.00000E+00   0.00000E+00   0.00000E+00           NaN
 4.58750E+01   0.00000E+00   0.00000E+00   0.00000E+00   0.00000E+00           NaN
 4.59250E+01   0.00000E+00   0.00000E+00   0.00000E+00   0.00000E+00           NaN
 4.59750E+01   0.00000E+00   0.00000E+00   0.00000E+00   0.00000E+00           NaN
 4.60250E+01   0.00000E+00   0.00000E+00   0.00000E+00   0.00000E+00           NaN
 4.60750E+01   0.00000E+00   0.00000E+00   0.00000E+00   0.00000E+00           NaN
 4.61250E+01   0.00000E+00   0.00000E+00   0.00000E+00   0.00000E+00           NaN
 4.61750E+01   0.00000E+00   0.00000E+00   0.00000E+00   0.00000E+00           NaN
 4.62250E+01   0.00000E+00   0.00000E+00   0.00000E+00   0.00000E+00           NaN
 4.62750E+01   0.00000E+00   0.00000E+00   0.00000E+00   0.00000E+00           NaN
 4.63250E+01   0.00000E+00   0.00000E+00   0.00000E+00   0.00000E+00           NaN
 4.63750E+01   0.00000E+00   0.00000E+00   0.00000E+00   0.00000E+00           NaN
 4.64250E+01   0.00000E+00   0.00000E+00   0.00000E+00   0.00000E+00           NaN
 4.64750E+01   0.00000E+00   0.00000E+00   0.00000E+00   0.00000E+00           NaN
 4.65250E+01   0.00000E+00   0.00000E+00   0.00000E+00   0.00000E+00           NaN
 4.65750E+01   0.00000E+00   0.00000E+00   0.00000E+00   0.00000E+00           NaN
 4.66250E+01   0.00000E+00   0.00000E+00   0.00000E+00   0.00000E+00           NaN
 4.66750E+01   0.00000E+00   0.00000E+00   0.00000E+00   0.00000E+00           NaN
 4.67250E+01   0.00000E+00   0.00000E+00   0.00000E+00   0.00000E+00           NaN
 4.67750E+01   0.00000E+00   0.00000E+00   0.00000E+00   0.00000E+00           NaN
 4.68250E+01   0.00000E+00   0.00000E+00   0.00000E+00   0.00000E+00           NaN
 4.68750E+01   0.00000E+00   0.00000E+00   0.00000E+00   0.00000E+00           NaN
 4.69250E+01   0.00000E+00   0.00000E+00   0.00000E+00   0.00000E+00           NaN
 4.69750E+01   0.00000E+00   0.00000E+00   0.00000E+00   0.00000E+00           NaN
 4.70250E+01   0.00000E+00   0.00000E+00   0.00000E+00   0.00000E+00           NaN
 4.70750E+01   0.00000E+00   0.00000E+00   0.00000E+00   0.00000E+00           NaN
 4.71250E+01   0.00000E+00   0.00000E+00   0.00000E+00   0.00000E+00           NaN
 4.71750E+01   0.00000E+00   0.00000E+00   0.00000E+00   0.00000E+00           NaN
 4.72250E+01   0.00000E+00   0.00000E+00   0.00000E+00   0.00000E+00           NaN
 4.72750E+01   0.00000E+00   0.00000E+00   0.00000E+00   0.00000E+00           NaN
 4.73250E+01   0.00000E+00   0.00000E+00   0.00000E+00   0.00000E+00           NaN
 4.73750E+01   0.00000E+00   0.00000E+00   0.00000E+00   0.00000E+00           NaN
 4.74250E+01   0.00000E+00   0.00000E+00   0.00000E+00   0.00000E+00           NaN
 4.74750E+01   0.00000E+00   0.00000E+00   0.00000E+00   0.00000E+00           NaN
 4.75250E+01   0.00000E+00   0.00000E+00   0.00000E+00   0.00000E+00           NaN
 4.75750E+01   0.00000E+00   0.00000E+00   0.00000E+00   0.00000E+00           NaN
 4.76250E+01   0.00000E+00   0.00000E+00   0.00000E+00   0.00000E+00           NaN
 4.76750E+01   0.00000E+00   0.00000E+00   0.00000E+00   0.00000E+00           NaN
 4.77250E+01   0.00000E+00   0.00000E+00   0.00000E+00   0.00000E+00           NaN
 4.77750E+01   0.00000E+00   0.00000E+00   0.00000E+00   0.00000E+00           NaN
 4.78250E+01   0.00000E+00   0.00000E+00   0.00000E+00   0.00000E+00           NaN
 4.78750E+01   0.00000E+00   0.00000E+00   0.00000E+00   0.00000E+00           NaN
 4.79250E+01   0.00000E+00   0.00000E+00   0.00000E+00   0.00000E+00           NaN
 4.79750E+01   0.00000E+00   0.00000E+00   0.00000E+00   0.00000E+00           NaN
 4.80250E+01   0.00000E+00   0.00000E+00   0.00000E+00   0.00000E+00           NaN
 4.80750E+01   0.00000E+00   0.00000E+00   0.00000E+00   0.00000E+00           NaN
 4.81250E+01   0.00000E+00   0.00000E+00   0.00000E+00   0.00000E+00           NaN
 4.81750E+01   0.00000E+00   0.00000E+00   0.00000E+00   0.00000E+00           NaN
 4.82250E+01   0.00000E+00   0.00000E+00   0.00000E+00   0.00000E+00           NaN
 4.82750E+01   0.00000E+00   0.00000E+00   0.00000E+00   0.00000E+00           NaN
 4.83250E+01   0.00000E+00   0.00000E+00   0.00000E+00   0.00000E+00           NaN
 4.83750E+01   0.00000E+00   0.00000E+00   0.00000E+00   0.00000E+00           NaN
 4.84250E+01   0.00000E+00   0.00000E+00   0.00000E+00   0.00000E+00           NaN
 4.84750E+01   0.00000E+00   0.00000E+00   0.00000E+00   0.00000E+00           NaN
 4.85250E+01   0.00000E+00   0.00000E+00   0.00000E+00   0.00000E+00           NaN
 4.85750E+01   0.00000E+00   0.00000E+00   0.00000E+00   0.00000E+00           NaN
 4.86250E+01   0.00000E+00   0.00000E+00   0.00000E+00   0.00000E+00           NaN
 4.86750E+01   0.00000E+00   0.00000E+00   0.00000E+00   0.00000E+00           NaN
 4.87250E+01   0.00000E+00   0.00000E+00   0.00000E+00   0.00000E+00           NaN
 4.87750E+01   0.00000E+00   0.00000E+00   0.00000E+00   0.00000E+00           NaN
 4.88250E+01   0.00000E+00   0.00000E+00   0.00000E+00   0.00000E+00           NaN
 4.88750E+01   0.00000E+00   0.00000E+00   0.00000E+00   0.00000E+00           NaN
 4.89250E+01   0.00000E+00   0.00000E+00   0.00000E+00   0.00000E+00           NaN
 4.89750E+01   0.00000E+00   0.00000E+00   0.00000E+00   0.00000E+00           NaN
