      xx/10.          rhoa          temp           vel      vel*rhoa
         [-]           [-]           [-]           [-]           [-]
 1.02500E+00   2.41653E+00   9.03474E-01   5.46877E-01   1.32154E+00
 1.07500E+00   2.40769E+00   9.07552E-01   5.47430E-01   1.31804E+00
 1.12500E+00   2.39660E+00   9.12267E-01   5.48469E-01   1.31446E+00
 1.17500E+00   2.38324E+00   9.17555E-01   5.50071E-01   1.31095E+00
 1.22500E+00   2.36783E+00   9.23299E-01   5.52274E-01   1.30769E+00
 1.27500E+00   2.35075E+00   9.29331E-01   5.55079E-01   1.30485E+00
 1.32500E+00   2.33252E+00   9.35456E-01   5.58459E-01   1.30262E+00
 1.37500E+00   2.31368E+00   9.41474E-01   5.62352E-01   1.30111E+00
 1.42500E+00   2.29472E+00   9.47222E-01   5.66671E-01   1.30035E+00
 1.47500E+00   2.27602E+00   9.52596E-01   5.71317E-01   1.30033E+00
 1.52500E+00   2.25781E+00   9.57536E-01   5.76188E-01   1.30092E+00
 1.57500E+00   2.24022E+00   9.62031E-01   5.81189E-01   1.30199E+00
 1.62500E+00   2.22325E+00   9.66110E-01   5.86230E-01   1.30333E+00
 1.67500E+00   2.20681E+00   9.69843E-01   5.91234E-01   1.30474E+00
 1.72500E+00   2.19074E+00   9.73318E-01   5.96140E-01   1.30599E+00
 1.77500E+00   2.17482E+00   9.76637E-01   6.00900E-01   1.30685E+00
 1.82500E+00   2.15886E+00   9.79899E-01   6.05479E-01   1.30714E+00
 1.87500E+00   2.14267E+00   9.83194E-01   6.09855E-01   1.30672E+00
 1.92500E+00   2.12611E+00   9.86592E-01   6.14014E-01   1.30546E+00
 1.97500E+00   2.10912E+00   9.90136E-01   6.17950E-01   1.30333E+00
 2.02500E+00   2.09171E+00   9.93844E-01   6.21659E-01   1.30033E+00
 2.07500E+00   2.07397E+00   9.97702E-01   6.25139E-01   1.29652E+00
 2.12500E+00   2.05606E+00   1.00167E+00   6.28391E-01   1.29201E+00
 2.17500E+00   2.03820E+00   1.00569E+00   6.31412E-01   1.28694E+00
 2.22500E+00   2.02064E+00   1.00968E+00   6.34199E-01   1.28149E+00
 2.27500E+00   2.00365E+00   1.01357E+00   6.36748E-01   1.27582E+00
 2.32500E+00   1.98748E+00   1.01728E+00   6.39057E-01   1.27011E+00
 2.37500E+00   1.97236E+00   1.02074E+00   6.41122E-01   1.26452E+00
 2.42500E+00   1.95845E+00   1.02390E+00   6.42946E-01   1.25918E+00
 2.47500E+00   1.94588E+00   1.02672E+00   6.44533E-01   1.25419E+00
 2.52500E+00   1.93472E+00   1.02919E+00   6.45893E-01   1.24962E+00
 2.57500E+00   1.92495E+00   1.03131E+00   6.47038E-01   1.24552E+00
 2.62500E+00   1.91655E+00   1.03309E+00   6.47987E-01   1.24190E+00
 2.67500E+00   1.90941E+00   1.03457E+00   6.48760E-01   1.23875E+00
 2.72500E+00   1.90343E+00   1.03576E+00   6.49379E-01   1.23605E+00
 2.77500E+00   1.89849E+00   1.03672E+00   6.49867E-01   1.23376E+00
 2.82500E+00   1.89445E+00   1.03748E+00   6.50244E-01   1.23186E+00
 2.87500E+00   1.89120E+00   1.03807E+00   6.50533E-01   1.23029E+00
 2.92500E+00   1.88862E+00   1.03853E+00   6.50752E-01   1.22902E+00
 2.97500E+00   1.88660E+00   1.03887E+00   6.50918E-01   1.22802E+00
 3.02500E+00   1.88505E+00   1.03913E+00   6.51044E-01   1.22725E+00
 3.07500E+00   1.88389E+00   1.03933E+00   6.51143E-01   1.22668E+00
 3.12500E+00   1.88305E+00   1.03947E+00   6.51224E-01   1.22629E+00
 3.17500E+00   1.88249E+00   1.03958E+00   6.51294E-01   1.22606E+00
 3.22500E+00   1.88215E+00   1.03967E+00   6.51360E-01   1.22596E+00
 3.27500E+00   1.88201E+00   1.03973E+00   6.51425E-01   1.22599E+00
 3.32500E+00   1.88203E+00   1.03978E+00   6.51492E-01   1.22613E+00
 3.37500E+00   1.88218E+00   1.03982E+00   6.51565E-01   1.22636E+00
 3.42500E+00   1.88245E+00   1.03985E+00   6.51645E-01   1.22669E+00
 3.47500E+00   1.88282E+00   1.03988E+00   6.51732E-01   1.22709E+00
 3.52500E+00   1.88327E+00   1.03990E+00   6.51828E-01   1.22757E+00
 3.57500E+00   1.88379E+00   1.03992E+00   6.51932E-01   1.22810E+00
 3.62500E+00   1.88438E+00   1.03995E+00   6.52045E-01   1.22870E+00
 3.67500E+00   1.88501E+00   1.03997E+00   6.52167E-01   1.22934E+00
 3.72500E+00   1.88567E+00   1.03999E+00   6.52297E-01   1.23002E+00
 3.77500E+00   1.88636E+00   1.04001E+00   6.52435E-01   1.23073E+00
 3.82500E+00   1.88707E+00   1.04003E+00   6.52581E-01   1.23146E+00
 3.87500E+00   1.88777E+00   1.04004E+00   6.52735E-01   1.23222E+00
 3.92500E+00   1.88848E+00   1.04006E+00   6.52895E-01   1.23298E+00
 3.97500E+00   1.88917E+00   1.04008E+00   6.53063E-01   1.23374E+00
 4.02500E+00   1.88983E+00   1.04009E+00   6.53237E-01   1.23451E+00
 4.07500E+00   1.89046E+00   1.04011E+00   6.53418E-01   1.23526E+00
 4.12500E+00   1.89105E+00   1.04012E+00   6.53604E-01   1.23600E+00
 4.17500E+00   1.89159E+00   1.04013E+00   6.53796E-01   1.23671E+00
 4.22500E+00   1.89208E+00   1.04014E+00   6.53993E-01   1.23741E+00
 4.27500E+00   1.89251E+00   1.04014E+00   6.54196E-01   1.23807E+00
 4.32500E+00   1.89288E+00   1.04015E+00   6.54403E-01   1.23871E+00
 4.37500E+00   1.89320E+00   1.04015E+00   6.54616E-01   1.23932E+00
 4.42500E+00   1.89345E+00   1.04015E+00   6.54833E-01   1.23989E+00
 4.47500E+00   1.89364E+00   1.04015E+00   6.55054E-01   1.24044E+00
 4.52500E+00   1.89378E+00   1.04015E+00   6.55280E-01   1.24096E+00
 4.57500E+00   1.89388E+00   1.04015E+00   6.55511E-01   1.24146E+00
 4.62500E+00   1.89393E+00   1.04015E+00   6.55746E-01   1.24193E+00
 4.67500E+00   1.89394E+00   1.04015E+00   6.55985E-01   1.24240E+00
 4.72500E+00   1.89392E+00   1.04015E+00   6.56228E-01   1.24285E+00
 4.77500E+00   1.89389E+00   1.04015E+00   6.56476E-01   1.24329E+00
 4.82500E+00   1.89385E+00   1.04015E+00   6.56728E-01   1.24374E+00
 4.87500E+00   1.89380E+00   1.04015E+00   6.56985E-01   1.24420E+00
 4.92500E+00   1.89376E+00   1.04015E+00   6.57245E-01   1.24466E+00
 4.97500E+00   1.89374E+00   1.04016E+00   6.57511E-01   1.24515E+00
 5.02500E+00   1.89374E+00   1.04016E+00   6.57780E-01   1.24566E+00
 5.07500E+00   1.89376E+00   1.04017E+00   6.58054E-01   1.24620E+00
 5.12500E+00   1.89383E+00   1.04018E+00   6.58333E-01   1.24677E+00
 5.17500E+00   1.89393E+00   1.04019E+00   6.58615E-01   1.24737E+00
 5.22500E+00   1.89408E+00   1.04021E+00   6.58902E-01   1.24802E+00
 5.27500E+00   1.89428E+00   1.04022E+00   6.59191E-01   1.24869E+00
 5.32500E+00   1.89452E+00   1.04025E+00   6.59484E-01   1.24941E+00
 5.37500E+00   1.89481E+00   1.04028E+00   6.59780E-01   1.25016E+00
 5.42500E+00   1.89514E+00   1.04031E+00   6.60077E-01   1.25094E+00
 5.47500E+00   1.89552E+00   1.04035E+00   6.60376E-01   1.25175E+00
 5.52500E+00   1.89592E+00   1.04041E+00   6.60675E-01   1.25259E+00
 5.57500E+00   1.89635E+00   1.04047E+00   6.60973E-01   1.25344E+00
 5.62500E+00   1.89681E+00   1.04055E+00   6.61273E-01   1.25431E+00
 5.67500E+00   1.89730E+00   1.04065E+00   6.61575E-01   1.25520E+00
 5.72500E+00   1.89781E+00   1.04075E+00   6.61881E-01   1.25613E+00
 5.77500E+00   1.89836E+00   1.04087E+00   6.62191E-01   1.25708E+00
 5.82500E+00   1.89895E+00   1.04099E+00   6.62505E-01   1.25806E+00
 5.87500E+00   1.89957E+00   1.04112E+00   6.62825E-01   1.25908E+00
 5.92500E+00   1.90021E+00   1.04126E+00   6.63150E-01   1.26013E+00
 5.97500E+00   1.90089E+00   1.04140E+00   6.63480E-01   1.26120E+00
 6.02500E+00   1.90159E+00   1.04154E+00   6.63815E-01   1.26230E+00
 6.07500E+00   1.90230E+00   1.04168E+00   6.64157E-01   1.26343E+00
 6.12500E+00   1.90304E+00   1.04183E+00   6.64503E-01   1.26458E+00
 6.17500E+00   1.90378E+00   1.04197E+00   6.64856E-01   1.26574E+00
 6.22500E+00   1.90454E+00   1.04212E+00   6.65213E-01   1.26692E+00
 6.27500E+00   1.90529E+00   1.04226E+00   6.65575E-01   1.26811E+00
 6.32500E+00   1.90604E+00   1.04241E+00   6.65941E-01   1.26931E+00
 6.37500E+00   1.90679E+00   1.04255E+00   6.66310E-01   1.27051E+00
 6.42500E+00   1.90752E+00   1.04269E+00   6.66682E-01   1.27171E+00
 6.47500E+00   1.90823E+00   1.04283E+00   6.67056E-01   1.27289E+00
 6.52500E+00   1.90892E+00   1.04296E+00   6.67430E-01   1.27407E+00
 6.57500E+00   1.90958E+00   1.04310E+00   6.67803E-01   1.27523E+00
 6.62500E+00   1.91022E+00   1.04323E+00   6.68174E-01   1.27636E+00
 6.67500E+00   1.91082E+00   1.04335E+00   6.68541E-01   1.27746E+00
 6.72500E+00   1.91139E+00   1.04348E+00   6.68902E-01   1.27853E+00
 6.77500E+00   1.91191E+00   1.04359E+00   6.69256E-01   1.27956E+00
 6.82500E+00   1.91239E+00   1.04371E+00   6.69600E-01   1.28054E+00
 6.87500E+00   1.91283E+00   1.04382E+00   6.69933E-01   1.28147E+00
 6.92500E+00   1.91321E+00   1.04392E+00   6.70253E-01   1.28234E+00
 6.97500E+00   1.91355E+00   1.04402E+00   6.70556E-01   1.28314E+00
 7.02500E+00   1.91384E+00   1.04411E+00   6.70841E-01   1.28388E+00
 7.07500E+00   1.91407E+00   1.04420E+00   6.71107E-01   1.28454E+00
 7.12500E+00   1.91425E+00   1.04428E+00   6.71349E-01   1.28513E+00
 7.17500E+00   1.91437E+00   1.04435E+00   6.71566E-01   1.28563E+00
 7.22500E+00   1.91444E+00   1.04441E+00   6.71756E-01   1.28604E+00
 7.27500E+00   1.91445E+00   1.04446E+00   6.71917E-01   1.28635E+00
 7.32500E+00   1.91441E+00   1.04451E+00   6.72046E-01   1.28657E+00
 7.37500E+00   1.91432E+00   1.04455E+00   6.72142E-01   1.28669E+00
 7.42500E+00   1.91417E+00   1.04457E+00   6.72203E-01   1.28671E+00
 7.47500E+00   1.91396E+00   1.04459E+00   6.72227E-01   1.28662E+00
 7.52500E+00   1.91371E+00   1.04460E+00   6.72214E-01   1.28642E+00
 7.57500E+00   1.91340E+00   1.04460E+00   6.72162E-01   1.28612E+00
 7.62500E+00   1.91305E+00   1.04458E+00   6.72072E-01   1.28571E+00
 7.67500E+00   1.91265E+00   1.04456E+00   6.71941E-01   1.28519E+00
 7.72500E+00   1.91220E+00   1.04452E+00   6.71771E-01   1.28456E+00
 7.77500E+00   1.91171E+00   1.04448E+00   6.71562E-01   1.28383E+00
 7.82500E+00   1.91117E+00   1.04443E+00   6.71313E-01   1.28300E+00
 7.87500E+00   1.91060E+00   1.04436E+00   6.71027E-01   1.28207E+00
 7.92500E+00   1.91000E+00   1.04429E+00   6.70705E-01   1.28104E+00
 7.97500E+00   1.90935E+00   1.04420E+00   6.70348E-01   1.27993E+00
 8.02500E+00   1.90868E+00   1.04411E+00   6.69957E-01   1.27874E+00
 8.07500E+00   1.90798E+00   1.04401E+00   6.69536E-01   1.27746E+00
 8.12500E+00   1.90726E+00   1.04390E+00   6.69086E-01   1.27612E+00
 8.17500E+00   1.90651E+00   1.04378E+00   6.68610E-01   1.27471E+00
 8.22500E+00   1.90575E+00   1.04366E+00   6.68111E-01   1.27325E+00
 8.27500E+00   1.90497E+00   1.04353E+00   6.67592E-01   1.27174E+00
 8.32500E+00   1.90417E+00   1.04340E+00   6.67056E-01   1.27019E+00
 8.37500E+00   1.90337E+00   1.04326E+00   6.66506E-01   1.26861E+00
 8.42500E+00   1.90256E+00   1.04312E+00   6.65946E-01   1.26700E+00
 8.47500E+00   1.90175E+00   1.04297E+00   6.65378E-01   1.26538E+00
 8.52500E+00   1.90094E+00   1.04282E+00   6.64806E-01   1.26376E+00
 8.57500E+00   1.90013E+00   1.04268E+00   6.64232E-01   1.26213E+00
 8.62500E+00   1.89933E+00   1.04253E+00   6.63661E-01   1.26051E+00
 8.67500E+00   1.89853E+00   1.04238E+00   6.63095E-01   1.25891E+00
 8.72500E+00   1.89775E+00   1.04224E+00   6.62537E-01   1.25733E+00
 8.77500E+00   1.89698E+00   1.04209E+00   6.61988E-01   1.25578E+00
 8.82500E+00   1.89622E+00   1.04195E+00   6.61452E-01   1.25426E+00
 8.87500E+00   1.89549E+00   1.04181E+00   6.60932E-01   1.25279E+00
 8.92500E+00   1.89477E+00   1.04168E+00   6.60427E-01   1.25136E+00
 8.97500E+00   1.89407E+00   1.04155E+00   6.59942E-01   1.24998E+00
 9.02500E+00   1.89339E+00   1.04142E+00   6.59476E-01   1.24865E+00
 9.07500E+00   1.89274E+00   1.04130E+00   6.59032E-01   1.24738E+00
 9.12500E+00   1.89212E+00   1.04118E+00   6.58611E-01   1.24617E+00
 9.17500E+00   1.89152E+00   1.04107E+00   6.58213E-01   1.24502E+00
 9.22500E+00   1.89095E+00   1.04097E+00   6.57839E-01   1.24394E+00
 9.27500E+00   1.89041E+00   1.04087E+00   6.57490E-01   1.24293E+00
 9.32500E+00   1.88990E+00   1.04078E+00   6.57166E-01   1.24198E+00
 9.37500E+00   1.88942E+00   1.04070E+00   6.56867E-01   1.24110E+00
 9.42500E+00   1.88898E+00   1.04062E+00   6.56594E-01   1.24029E+00
 9.47500E+00   1.88856E+00   1.04055E+00   6.56346E-01   1.23955E+00
 9.52500E+00   1.88818E+00   1.04049E+00   6.56123E-01   1.23888E+00
 9.57500E+00   1.88784E+00   1.04043E+00   6.55925E-01   1.23828E+00
 9.62500E+00   1.88752E+00   1.04038E+00   6.55751E-01   1.23775E+00
 9.67500E+00   1.88725E+00   1.04034E+00   6.55600E-01   1.23728E+00
 9.72500E+00   1.88700E+00   1.04030E+00   6.55472E-01   1.23688E+00
 9.77500E+00   1.88679E+00   1.04027E+00   6.55365E-01   1.23654E+00
 9.82500E+00   1.88661E+00   1.04025E+00   6.55279E-01   1.23626E+00
 9.87500E+00   1.88646E+00   1.04023E+00   6.55213E-01   1.23604E+00
 9.92500E+00   1.88635E+00   1.04022E+00   6.55165E-01   1.23587E+00
 9.97500E+00   1.88627E+00   1.04021E+00   6.55134E-01   1.23576E+00
 1.00250E+01   1.88622E+00   1.04021E+00   6.55119E-01   1.23570E+00
 1.00750E+01   1.88620E+00   1.04021E+00   6.55118E-01   1.23568E+00
 1.01250E+01   1.88621E+00   1.04022E+00   6.55132E-01   1.23572E+00
 1.01750E+01   1.88625E+00   1.04023E+00   6.55157E-01   1.23579E+00
 1.02250E+01   1.88631E+00   1.04024E+00   6.55194E-01   1.23590E+00
 1.02750E+01   1.88641E+00   1.04026E+00   6.55241E-01   1.23605E+00
 1.03250E+01   1.88653E+00   1.04028E+00   6.55297E-01   1.23624E+00
 1.03750E+01   1.88667E+00   1.04031E+00   6.55362E-01   1.23646E+00
 1.04250E+01   1.88684E+00   1.04033E+00   6.55436E-01   1.23670E+00
 1.04750E+01   1.88704E+00   1.04036E+00   6.55516E-01   1.23698E+00
 1.05250E+01   1.88725E+00   1.04039E+00   6.55603E-01   1.23729E+00
 1.05750E+01   1.88748E+00   1.04043E+00   6.55696E-01   1.23762E+00
 1.06250E+01   1.88774E+00   1.04046E+00   6.55795E-01   1.23797E+00
 1.06750E+01   1.88801E+00   1.04050E+00   6.55899E-01   1.23835E+00
 1.07250E+01   1.88830E+00   1.04054E+00   6.56008E-01   1.23874E+00
 1.07750E+01   1.88861E+00   1.04058E+00   6.56122E-01   1.23916E+00
 1.08250E+01   1.88894E+00   1.04063E+00   6.56240E-01   1.23960E+00
 1.08750E+01   1.88928E+00   1.04067E+00   6.56362E-01   1.24005E+00
 1.09250E+01   1.88963E+00   1.04072E+00   6.56488E-01   1.24052E+00
 1.09750E+01   1.89000E+00   1.04077E+00   6.56618E-01   1.24101E+00
 1.10250E+01   1.89038E+00   1.04082E+00   6.56752E-01   1.24151E+00
 1.10750E+01   1.89076E+00   1.04087E+00   6.56889E-01   1.24202E+00
 1.11250E+01   1.89116E+00   1.04092E+00   6.57030E-01   1.24255E+00
 1.11750E+01   1.89157E+00   1.04098E+00   6.57173E-01   1.24309E+00
 1.12250E+01   1.89199E+00   1.04103E+00   6.57319E-01   1.24364E+00
 1.12750E+01   1.89241E+00   1.04109E+00   6.57468E-01   1.24420E+00
 1.13250E+01   1.89284E+00   1.04115E+00   6.57619E-01   1.24477E+00
 1.13750E+01   1.89328E+00   1.04121E+00   6.57773E-01   1.24535E+00
 1.14250E+01   1.89372E+00   1.04128E+00   6.57929E-01   1.24594E+00
 1.14750E+01   1.89417E+00   1.04134E+00   6.58088E-01   1.24653E+00
 1.15250E+01   1.89463E+00   1.04141E+00   6.58248E-01   1.24714E+00
 1.15750E+01   1.89509E+00   1.04148E+00   6.58411E-01   1.24775E+00
 1.16250E+01   1.89557E+00   1.04155E+00   6.58574E-01   1.24837E+00
 1.16750E+01   1.89604E+00   1.04163E+00   6.58739E-01   1.24900E+00
 1.17250E+01   1.89653E+00   1.04170E+00   6.58906E-01   1.24963E+00
 1.17750E+01   1.89702E+00   1.04178E+00   6.59073E-01   1.25028E+00
 1.18250E+01   1.89753E+00   1.04186E+00   6.59241E-01   1.25093E+00
 1.18750E+01   1.89804E+00   1.04195E+00   6.59410E-01   1.25158E+00
 1.19250E+01   1.89856E+00   1.04203E+00   6.59578E-01   1.25225E+00
 1.19750E+01   1.89909E+00   1.04212E+00   6.59747E-01   1.25292E+00
 1.20250E+01   1.89963E+00   1.04221E+00   6.59914E-01   1.25359E+00
 1.20750E+01   1.90018E+00   1.04230E+00   6.60081E-01   1.25427E+00
 1.21250E+01   1.90075E+00   1.04240E+00   6.60247E-01   1.25496E+00
 1.21750E+01   1.90133E+00   1.04249E+00   6.60411E-01   1.25566E+00
 1.22250E+01   1.90192E+00   1.04259E+00   6.60572E-01   1.25635E+00
 1.22750E+01   1.90252E+00   1.04270E+00   6.60730E-01   1.25705E+00
 1.23250E+01   1.90314E+00   1.04280E+00   6.60885E-01   1.25776E+00
 1.23750E+01   1.90378E+00   1.04291E+00   6.61036E-01   1.25847E+00
 1.24250E+01   1.90443E+00   1.04302E+00   6.61182E-01   1.25917E+00
 1.24750E+01   1.90509E+00   1.04313E+00   6.61323E-01   1.25988E+00
 1.25250E+01   1.90577E+00   1.04324E+00   6.61457E-01   1.26059E+00
 1.25750E+01   1.90647E+00   1.04336E+00   6.61585E-01   1.26129E+00
 1.26250E+01   1.90718E+00   1.04348E+00   6.61704E-01   1.26199E+00
 1.26750E+01   1.90791E+00   1.04360E+00   6.61814E-01   1.26268E+00
 1.27250E+01   1.90865E+00   1.04372E+00   6.61914E-01   1.26336E+00
 1.27750E+01   1.90940E+00   1.04385E+00   6.62002E-01   1.26403E+00
 1.28250E+01   1.91017E+00   1.04397E+00   6.62079E-01   1.26468E+00
 1.28750E+01   1.91095E+00   1.04410E+00   6.62141E-01   1.26532E+00
 1.29250E+01   1.91175E+00   1.04423E+00   6.62189E-01   1.26594E+00
 1.29750E+01   1.91255E+00   1.04437E+00   6.62221E-01   1.26653E+00
 1.30250E+01   1.91337E+00   1.04450E+00   6.62236E-01   1.26710E+00
 1.30750E+01   1.91419E+00   1.04464E+00   6.62232E-01   1.26764E+00
 1.31250E+01   1.91503E+00   1.04477E+00   6.62208E-01   1.26815E+00
 1.31750E+01   1.91586E+00   1.04491E+00   6.62163E-01   1.26861E+00
 1.32250E+01   1.91671E+00   1.04505E+00   6.62094E-01   1.26904E+00
 1.32750E+01   1.91756E+00   1.04519E+00   6.62002E-01   1.26943E+00
 1.33250E+01   1.91841E+00   1.04534E+00   6.61883E-01   1.26976E+00
 1.33750E+01   1.91926E+00   1.04548E+00   6.61738E-01   1.27005E+00
 1.34250E+01   1.92011E+00   1.04562E+00   6.61564E-01   1.27027E+00
 1.34750E+01   1.92096E+00   1.04576E+00   6.61359E-01   1.27044E+00
 1.35250E+01   1.92181E+00   1.04591E+00   6.61123E-01   1.27055E+00
 1.35750E+01   1.92265E+00   1.04605E+00   6.60854E-01   1.27059E+00
 1.36250E+01   1.92349E+00   1.04620E+00   6.60550E-01   1.27056E+00
 1.36750E+01   1.92433E+00   1.04634E+00   6.60211E-01   1.27046E+00
 1.37250E+01   1.92516E+00   1.04649E+00   6.59835E-01   1.27029E+00
 1.37750E+01   1.92599E+00   1.04663E+00   6.59420E-01   1.27003E+00
 1.38250E+01   1.92680E+00   1.04677E+00   6.58967E-01   1.26970E+00
 1.38750E+01   1.92761E+00   1.04692E+00   6.58473E-01   1.26928E+00
 1.39250E+01   1.92842E+00   1.04706E+00   6.57938E-01   1.26878E+00
 1.39750E+01   1.92922E+00   1.04720E+00   6.57362E-01   1.26819E+00
 1.40250E+01   1.93001E+00   1.04735E+00   6.56742E-01   1.26752E+00
 1.40750E+01   1.93080E+00   1.04749E+00   6.56080E-01   1.26676E+00
 1.41250E+01   1.93158E+00   1.04763E+00   6.55375E-01   1.26591E+00
 1.41750E+01   1.93235E+00   1.04777E+00   6.54625E-01   1.26497E+00
 1.42250E+01   1.93313E+00   1.04792E+00   6.53832E-01   1.26394E+00
 1.42750E+01   1.93390E+00   1.04806E+00   6.52995E-01   1.26283E+00
 1.43250E+01   1.93468E+00   1.04820E+00   6.52115E-01   1.26163E+00
 1.43750E+01   1.93545E+00   1.04834E+00   6.51191E-01   1.26035E+00
 1.44250E+01   1.93623E+00   1.04849E+00   6.50224E-01   1.25899E+00
 1.44750E+01   1.93702E+00   1.04863E+00   6.49216E-01   1.25754E+00
 1.45250E+01   1.93781E+00   1.04878E+00   6.48166E-01   1.25602E+00
 1.45750E+01   1.93862E+00   1.04892E+00   6.47075E-01   1.25443E+00
 1.46250E+01   1.93944E+00   1.04907E+00   6.45946E-01   1.25277E+00
 1.46750E+01   1.94027E+00   1.04922E+00   6.44778E-01   1.25104E+00
 1.47250E+01   1.94112E+00   1.04937E+00   6.43575E-01   1.24925E+00
 1.47750E+01   1.94199E+00   1.04953E+00   6.42336E-01   1.24741E+00
 1.48250E+01   1.94288E+00   1.04968E+00   6.41065E-01   1.24551E+00
 1.48750E+01   1.94380E+00   1.04984E+00   6.39761E-01   1.24357E+00
 1.49250E+01   1.94474E+00   1.05000E+00   6.38429E-01   1.24158E+00
 1.49750E+01   1.94571E+00   1.05017E+00   6.37069E-01   1.23955E+00
 1.50250E+01   1.94672E+00   1.05034E+00   6.35684E-01   1.23750E+00
 1.50750E+01   1.94776E+00   1.05051E+00   6.34275E-01   1.23541E+00
 1.51250E+01   1.94883E+00   1.05069E+00   6.32845E-01   1.23331E+00
 1.51750E+01   1.94994E+00   1.05087E+00   6.31397E-01   1.23118E+00
 1.52250E+01   1.95108E+00   1.05105E+00   6.29933E-01   1.22905E+00
 1.52750E+01   1.95227E+00   1.05124E+00   6.28455E-01   1.22691E+00
 1.53250E+01   1.95349E+00   1.05144E+00   6.26965E-01   1.22477E+00
 1.53750E+01   1.95476E+00   1.05164E+00   6.25465E-01   1.22263E+00
 1.54250E+01   1.95607E+00   1.05184E+00   6.23959E-01   1.22051E+00
 1.54750E+01   1.95741E+00   1.05205E+00   6.22449E-01   1.21839E+00
 1.55250E+01   1.95880E+00   1.05226E+00   6.20936E-01   1.21629E+00
 1.55750E+01   1.96023E+00   1.05248E+00   6.19423E-01   1.21421E+00
 1.56250E+01   1.96170E+00   1.05271E+00   6.17913E-01   1.21216E+00
 1.56750E+01   1.96321E+00   1.05293E+00   6.16407E-01   1.21014E+00
 1.57250E+01   1.96476E+00   1.05317E+00   6.14908E-01   1.20814E+00
 1.57750E+01   1.96634E+00   1.05341E+00   6.13417E-01   1.20619E+00
 1.58250E+01   1.96796E+00   1.05365E+00   6.11937E-01   1.20427E+00
 1.58750E+01   1.96962E+00   1.05389E+00   6.10470E-01   1.20239E+00
 1.59250E+01   1.97130E+00   1.05414E+00   6.09017E-01   1.20055E+00
 1.59750E+01   1.97301E+00   1.05440E+00   6.07580E-01   1.19876E+00
 1.60250E+01   1.97476E+00   1.05466E+00   6.06160E-01   1.19702E+00
 1.60750E+01   1.97652E+00   1.05492E+00   6.04760E-01   1.19532E+00
 1.61250E+01   1.97831E+00   1.05518E+00   6.03380E-01   1.19367E+00
 1.61750E+01   1.98012E+00   1.05545E+00   6.02023E-01   1.19208E+00
 1.62250E+01   1.98195E+00   1.05571E+00   6.00689E-01   1.19053E+00
 1.62750E+01   1.98379E+00   1.05598E+00   5.99379E-01   1.18904E+00
 1.63250E+01   1.98564E+00   1.05625E+00   5.98095E-01   1.18760E+00
 1.63750E+01   1.98751E+00   1.05653E+00   5.96837E-01   1.18622E+00
 1.64250E+01   1.98938E+00   1.05680E+00   5.95607E-01   1.18489E+00
 1.64750E+01   1.99126E+00   1.05707E+00   5.94406E-01   1.18361E+00
 1.65250E+01   1.99313E+00   1.05735E+00   5.93233E-01   1.18239E+00
 1.65750E+01   1.99501E+00   1.05762E+00   5.92090E-01   1.18122E+00
 1.66250E+01   1.99688E+00   1.05789E+00   5.90977E-01   1.18011E+00
 1.66750E+01   1.99875E+00   1.05816E+00   5.89895E-01   1.17905E+00
 1.67250E+01   2.00061E+00   1.05843E+00   5.88844E-01   1.17805E+00
 1.67750E+01   2.00246E+00   1.05870E+00   5.87824E-01   1.17710E+00
 1.68250E+01   2.00430E+00   1.05897E+00   5.86836E-01   1.17620E+00
 1.68750E+01   2.00613E+00   1.05923E+00   5.85880E-01   1.17535E+00
 1.69250E+01   2.00794E+00   1.05949E+00   5.84956E-01   1.17456E+00
 1.69750E+01   2.00974E+00   1.05975E+00   5.84064E-01   1.17382E+00
 1.70250E+01   2.01151E+00   1.06001E+00   5.83204E-01   1.17312E+00
 1.70750E+01   2.01327E+00   1.06026E+00   5.82376E-01   1.17248E+00
 1.71250E+01   2.01501E+00   1.06051E+00   5.81580E-01   1.17189E+00
 1.71750E+01   2.01672E+00   1.06076E+00   5.80815E-01   1.17134E+00
 1.72250E+01   2.01841E+00   1.06100E+00   5.80082E-01   1.17085E+00
 1.72750E+01   2.02008E+00   1.06124E+00   5.79381E-01   1.17040E+00
 1.73250E+01   2.02172E+00   1.06148E+00   5.78710E-01   1.16999E+00
 1.73750E+01   2.02334E+00   1.06171E+00   5.78069E-01   1.16963E+00
 1.74250E+01   2.02494E+00   1.06194E+00   5.77459E-01   1.16932E+00
 1.74750E+01   2.02650E+00   1.06217E+00   5.76879E-01   1.16905E+00
 1.75250E+01   2.02804E+00   1.06239E+00   5.76328E-01   1.16882E+00
 1.75750E+01   2.02956E+00   1.06260E+00   5.75806E-01   1.16863E+00
 1.76250E+01   2.03104E+00   1.06282E+00   5.75313E-01   1.16848E+00
 1.76750E+01   2.03250E+00   1.06303E+00   5.74847E-01   1.16838E+00
 1.77250E+01   2.03394E+00   1.06323E+00   5.74409E-01   1.16831E+00
 1.77750E+01   2.03535E+00   1.06343E+00   5.73998E-01   1.16828E+00
 1.78250E+01   2.03673E+00   1.06363E+00   5.73613E-01   1.16829E+00
 1.78750E+01   2.03808E+00   1.06382E+00   5.73253E-01   1.16834E+00
 1.79250E+01   2.03941E+00   1.06401E+00   5.72919E-01   1.16842E+00
 1.79750E+01   2.04071E+00   1.06420E+00   5.72608E-01   1.16853E+00
 1.80250E+01   2.04199E+00   1.06438E+00   5.72321E-01   1.16867E+00
 1.80750E+01   2.04323E+00   1.06456E+00   5.72058E-01   1.16885E+00
 1.81250E+01   2.04446E+00   1.06473E+00   5.71816E-01   1.16905E+00
 1.81750E+01   2.04566E+00   1.06490E+00   5.71596E-01   1.16929E+00
 1.82250E+01   2.04683E+00   1.06507E+00   5.71397E-01   1.16955E+00
 1.82750E+01   2.04798E+00   1.06523E+00   5.71218E-01   1.16984E+00
 1.83250E+01   2.04910E+00   1.06539E+00   5.71058E-01   1.17016E+00
 1.83750E+01   2.05020E+00   1.06555E+00   5.70917E-01   1.17049E+00
 1.84250E+01   2.05127E+00   1.06570E+00   5.70793E-01   1.17085E+00
 1.84750E+01   2.05232E+00   1.06585E+00   5.70686E-01   1.17123E+00
 1.85250E+01   2.05335E+00   1.06600E+00   5.70595E-01   1.17163E+00
 1.85750E+01   2.05435E+00   1.06614E+00   5.70519E-01   1.17205E+00
 1.86250E+01   2.05533E+00   1.06628E+00   5.70457E-01   1.17248E+00
 1.86750E+01   2.05629E+00   1.06642E+00   5.70409E-01   1.17292E+00
 1.87250E+01   2.05722E+00   1.06655E+00   5.70374E-01   1.17338E+00
 1.87750E+01   2.05812E+00   1.06668E+00   5.70350E-01   1.17385E+00
 1.88250E+01   2.05900E+00   1.06681E+00   5.70336E-01   1.17432E+00
 1.88750E+01   2.05986E+00   1.06693E+00   5.70333E-01   1.17481E+00
 1.89250E+01   2.06069E+00   1.06705E+00   5.70338E-01   1.17529E+00
 1.89750E+01   2.06150E+00   1.06717E+00   5.70351E-01   1.17578E+00
 1.90250E+01   2.06229E+00   1.06728E+00   5.70371E-01   1.17627E+00
 1.90750E+01   2.06305E+00   1.06739E+00   5.70397E-01   1.17676E+00
 1.91250E+01   2.06378E+00   1.06750E+00   5.70429E-01   1.17724E+00
 1.91750E+01   2.06449E+00   1.06760E+00   5.70464E-01   1.17772E+00
 1.92250E+01   2.06517E+00   1.06770E+00   5.70502E-01   1.17818E+00
 1.92750E+01   2.06583E+00   1.06780E+00   5.70542E-01   1.17864E+00
 1.93250E+01   2.06646E+00   1.06789E+00   5.70583E-01   1.17909E+00
 1.93750E+01   2.06706E+00   1.06798E+00   5.70625E-01   1.17951E+00
 1.94250E+01   2.06763E+00   1.06807E+00   5.70666E-01   1.17993E+00
 1.94750E+01   2.06818E+00   1.06815E+00   5.70705E-01   1.18032E+00
 1.95250E+01   2.06869E+00   1.06823E+00   5.70741E-01   1.18069E+00
 1.95750E+01   2.06918E+00   1.06830E+00   5.70774E-01   1.18104E+00
 1.96250E+01   2.06964E+00   1.06837E+00   5.70803E-01   1.18136E+00
 1.96750E+01   2.07007E+00   1.06843E+00   5.70826E-01   1.18165E+00
 1.97250E+01   2.07046E+00   1.06849E+00   5.70843E-01   1.18191E+00
 1.97750E+01   2.07083E+00   1.06855E+00   5.70852E-01   1.18214E+00
 1.98250E+01   2.07116E+00   1.06860E+00   5.70854E-01   1.18233E+00
 1.98750E+01   2.07146E+00   1.06865E+00   5.70847E-01   1.18249E+00
 1.99250E+01   2.07173E+00   1.06869E+00   5.70831E-01   1.18261E+00
 1.99750E+01   2.07197E+00   1.06873E+00   5.70805E-01   1.18269E+00
 2.00250E+01   2.07217E+00   1.06876E+00   5.70770E-01   1.18273E+00
 2.00750E+01   2.07234E+00   1.06879E+00   5.70723E-01   1.18273E+00
 2.01250E+01   2.07247E+00   1.06881E+00   5.70665E-01   1.18269E+00
 2.01750E+01   2.07257E+00   1.06883E+00   5.70595E-01   1.18260E+00
 2.02250E+01   2.07264E+00   1.06885E+00   5.70513E-01   1.18247E+00
 2.02750E+01   2.07267E+00   1.06886E+00   5.70419E-01   1.18229E+00
 2.03250E+01   2.07267E+00   1.06886E+00   5.70312E-01   1.18207E+00
 2.03750E+01   2.07264E+00   1.06886E+00   5.70192E-01   1.18180E+00
 2.04250E+01   2.07257E+00   1.06886E+00   5.70059E-01   1.18149E+00
 2.04750E+01   2.07247E+00   1.06885E+00   5.69913E-01   1.18113E+00
 2.05250E+01   2.07234E+00   1.06883E+00   5.69755E-01   1.18073E+00
 2.05750E+01   2.07218E+00   1.06881E+00   5.69583E-01   1.18028E+00
 2.06250E+01   2.07199E+00   1.06879E+00   5.69400E-01   1.17979E+00
 2.06750E+01   2.07177E+00   1.06876E+00   5.69204E-01   1.17926E+00
 2.07250E+01   2.07152E+00   1.06873E+00   5.68996E-01   1.17868E+00
 2.07750E+01   2.07124E+00   1.06870E+00   5.68777E-01   1.17807E+00
 2.08250E+01   2.07094E+00   1.06866E+00   5.68546E-01   1.17743E+00
 2.08750E+01   2.07061E+00   1.06861E+00   5.68306E-01   1.17674E+00
 2.09250E+01   2.07027E+00   1.06857E+00   5.68056E-01   1.17603E+00
 2.09750E+01   2.06990E+00   1.06852E+00   5.67796E-01   1.17528E+00
 2.10250E+01   2.06951E+00   1.06846E+00   5.67529E-01   1.17451E+00
 2.10750E+01   2.06910E+00   1.06841E+00   5.67254E-01   1.17371E+00
 2.11250E+01   2.06868E+00   1.06835E+00   5.66972E-01   1.17289E+00
 2.11750E+01   2.06825E+00   1.06829E+00   5.66685E-01   1.17204E+00
 2.12250E+01   2.06780E+00   1.06822E+00   5.66392E-01   1.17119E+00
 2.12750E+01   2.06734E+00   1.06816E+00   5.66095E-01   1.17031E+00
 2.13250E+01   2.06688E+00   1.06809E+00   5.65796E-01   1.16943E+00
 2.13750E+01   2.06641E+00   1.06802E+00   5.65494E-01   1.16854E+00
 2.14250E+01   2.06593E+00   1.06796E+00   5.65192E-01   1.16765E+00
 2.14750E+01   2.06545E+00   1.06789E+00   5.64889E-01   1.16675E+00
 2.15250E+01   2.06497E+00   1.06782E+00   5.64587E-01   1.16585E+00
 2.15750E+01   2.06449E+00   1.06774E+00   5.64286E-01   1.16496E+00
 2.16250E+01   2.06402E+00   1.06767E+00   5.63988E-01   1.16408E+00
 2.16750E+01   2.06355E+00   1.06760E+00   5.63694E-01   1.16321E+00
 2.17250E+01   2.06309E+00   1.06754E+00   5.63404E-01   1.16235E+00
 2.17750E+01   2.06263E+00   1.06747E+00   5.63120E-01   1.16151E+00
 2.18250E+01   2.06218E+00   1.06740E+00   5.62841E-01   1.16068E+00
 2.18750E+01   2.06175E+00   1.06733E+00   5.62570E-01   1.15988E+00
 2.19250E+01   2.06133E+00   1.06727E+00   5.62306E-01   1.15910E+00
 2.19750E+01   2.06092E+00   1.06720E+00   5.62050E-01   1.15834E+00
 2.20250E+01   2.06053E+00   1.06714E+00   5.61803E-01   1.15761E+00
 2.20750E+01   2.06015E+00   1.06708E+00   5.61565E-01   1.15691E+00
 2.21250E+01   2.05979E+00   1.06703E+00   5.61338E-01   1.15624E+00
 2.21750E+01   2.05945E+00   1.06697E+00   5.61121E-01   1.15560E+00
 2.22250E+01   2.05913E+00   1.06692E+00   5.60916E-01   1.15500E+00
 2.22750E+01   2.05883E+00   1.06687E+00   5.60722E-01   1.15443E+00
 2.23250E+01   2.05855E+00   1.06682E+00   5.60540E-01   1.15390E+00
 2.23750E+01   2.05828E+00   1.06678E+00   5.60370E-01   1.15340E+00
 2.24250E+01   2.05804E+00   1.06674E+00   5.60213E-01   1.15294E+00
 2.24750E+01   2.05782E+00   1.06670E+00   5.60067E-01   1.15252E+00
 2.25250E+01   2.05763E+00   1.06667E+00   5.59935E-01   1.15214E+00
 2.25750E+01   2.05745E+00   1.06664E+00   5.59815E-01   1.15179E+00
 2.26250E+01   2.05729E+00   1.06661E+00   5.59708E-01   1.15148E+00
 2.26750E+01   2.05716E+00   1.06658E+00   5.59613E-01   1.15121E+00
 2.27250E+01   2.05704E+00   1.06656E+00   5.59531E-01   1.15098E+00
 2.27750E+01   2.05695E+00   1.06654E+00   5.59461E-01   1.15078E+00
 2.28250E+01   2.05688E+00   1.06652E+00   5.59403E-01   1.15062E+00
 2.28750E+01   2.05683E+00   1.06651E+00   5.59358E-01   1.15050E+00
 2.29250E+01   2.05680E+00   1.06650E+00   5.59325E-01   1.15042E+00
 2.29750E+01   2.05679E+00   1.06649E+00   5.59303E-01   1.15037E+00
 2.30250E+01   2.05680E+00   1.06649E+00   5.59294E-01   1.15035E+00
 2.30750E+01   2.05683E+00   1.06649E+00   5.59296E-01   1.15037E+00
 2.31250E+01   2.05687E+00   1.06649E+00   5.59309E-01   1.15043E+00
 2.31750E+01   2.05694E+00   1.06650E+00   5.59334E-01   1.15051E+00
 2.32250E+01   2.05702E+00   1.06650E+00   5.59369E-01   1.15063E+00
 2.32750E+01   2.05712E+00   1.06651E+00   5.59415E-01   1.15079E+00
 2.33250E+01   2.05724E+00   1.06653E+00   5.59470E-01   1.15097E+00
 2.33750E+01   2.05738E+00   1.06654E+00   5.59536E-01   1.15117E+00
 2.34250E+01   2.05752E+00   1.06656E+00   5.59610E-01   1.15141E+00
 2.34750E+01   2.05769E+00   1.06658E+00   5.59694E-01   1.15168E+00
 2.35250E+01   2.05787E+00   1.06660E+00   5.59786E-01   1.15197E+00
 2.35750E+01   2.05806E+00   1.06663E+00   5.59887E-01   1.15228E+00
 2.36250E+01   2.05827E+00   1.06666E+00   5.59995E-01   1.15262E+00
 2.36750E+01   2.05849E+00   1.06669E+00   5.60111E-01   1.15298E+00
 2.37250E+01   2.05872E+00   1.06672E+00   5.60235E-01   1.15337E+00
 2.37750E+01   2.05896E+00   1.06675E+00   5.60365E-01   1.15377E+00
 2.38250E+01   2.05922E+00   1.06679E+00   5.60503E-01   1.15420E+00
 2.38750E+01   2.05948E+00   1.06682E+00   5.60647E-01   1.15464E+00
 2.39250E+01   2.05976E+00   1.06686E+00   5.60796E-01   1.15511E+00
 2.39750E+01   2.06004E+00   1.06690E+00   5.60951E-01   1.15559E+00
 2.40250E+01   2.06034E+00   1.06694E+00   5.61112E-01   1.15608E+00
 2.40750E+01   2.06064E+00   1.06699E+00   5.61278E-01   1.15659E+00
 2.41250E+01   2.06096E+00   1.06703E+00   5.61448E-01   1.15712E+00
 2.41750E+01   2.06128E+00   1.06707E+00   5.61623E-01   1.15766E+00
 2.42250E+01   2.06160E+00   1.06712E+00   5.61802E-01   1.15821E+00
 2.42750E+01   2.06194E+00   1.06717E+00   5.61985E-01   1.15878E+00
 2.43250E+01   2.06228E+00   1.06722E+00   5.62172E-01   1.15935E+00
 2.43750E+01   2.06262E+00   1.06727E+00   5.62362E-01   1.15994E+00
 2.44250E+01   2.06297E+00   1.06732E+00   5.62554E-01   1.16053E+00
 2.44750E+01   2.06332E+00   1.06737E+00   5.62749E-01   1.16113E+00
 2.45250E+01   2.06368E+00   1.06742E+00   5.62945E-01   1.16174E+00
 2.45750E+01   2.06404E+00   1.06747E+00   5.63143E-01   1.16235E+00
 2.46250E+01   2.06440E+00   1.06753E+00   5.63343E-01   1.16296E+00
 2.46750E+01   2.06476E+00   1.06758E+00   5.63543E-01   1.16358E+00
 2.47250E+01   2.06512E+00   1.06763E+00   5.63744E-01   1.16420E+00
 2.47750E+01   2.06549E+00   1.06769E+00   5.63946E-01   1.16482E+00
 2.48250E+01   2.06585E+00   1.06774E+00   5.64147E-01   1.16544E+00
 2.48750E+01   2.06621E+00   1.06779E+00   5.64348E-01   1.16606E+00
 2.49250E+01   2.06657E+00   1.06785E+00   5.64549E-01   1.16668E+00
 2.49750E+01   2.06693E+00   1.06790E+00   5.64747E-01   1.16729E+00
 2.50250E+01   2.06728E+00   1.06795E+00   5.64945E-01   1.16790E+00
 2.50750E+01   2.06763E+00   1.06801E+00   5.65139E-01   1.16850E+00
 2.51250E+01   2.06798E+00   1.06806E+00   5.65332E-01   1.16909E+00
 2.51750E+01   2.06832E+00   1.06811E+00   5.65521E-01   1.16968E+00
 2.52250E+01   2.06865E+00   1.06816E+00   5.65707E-01   1.17025E+00
 2.52750E+01   2.06897E+00   1.06821E+00   5.65889E-01   1.17081E+00
 2.53250E+01   2.06929E+00   1.06825E+00   5.66067E-01   1.17136E+00
 2.53750E+01   2.06960E+00   1.06830E+00   5.66241E-01   1.17189E+00
 2.54250E+01   2.06990E+00   1.06835E+00   5.66409E-01   1.17241E+00
 2.54750E+01   2.07019E+00   1.06839E+00   5.66572E-01   1.17291E+00
 2.55250E+01   2.07046E+00   1.06844E+00   5.66729E-01   1.17339E+00
 2.55750E+01   2.07073E+00   1.06848E+00   5.66879E-01   1.17385E+00
 2.56250E+01   2.07098E+00   1.06852E+00   5.67023E-01   1.17429E+00
 2.56750E+01   2.07122E+00   1.06856E+00   5.67159E-01   1.17471E+00
 2.57250E+01   2.07144E+00   1.06859E+00   5.67288E-01   1.17511E+00
 2.57750E+01   2.07165E+00   1.06863E+00   5.67408E-01   1.17547E+00
 2.58250E+01   2.07185E+00   1.06866E+00   5.67520E-01   1.17582E+00
 2.58750E+01   2.07203E+00   1.06869E+00   5.67623E-01   1.17613E+00
 2.59250E+01   2.07219E+00   1.06872E+00   5.67716E-01   1.17642E+00
 2.59750E+01   2.07234E+00   1.06875E+00   5.67801E-01   1.17667E+00
 2.60250E+01   2.07246E+00   1.06877E+00   5.67875E-01   1.17690E+00
 2.60750E+01   2.07257E+00   1.06879E+00   5.67939E-01   1.17709E+00
 2.61250E+01   2.07266E+00   1.06881E+00   5.67992E-01   1.17726E+00
 2.61750E+01   2.07274E+00   1.06882E+00   5.68035E-01   1.17739E+00
 2.62250E+01   2.07279E+00   1.06884E+00   5.68067E-01   1.17748E+00
 2.62750E+01   2.07282E+00   1.06885E+00   5.68088E-01   1.17755E+00
 2.63250E+01   2.07284E+00   1.06885E+00   5.68097E-01   1.17757E+00
 2.63750E+01   2.07283E+00   1.06886E+00   5.68096E-01   1.17757E+00
 2.64250E+01   2.07281E+00   1.06886E+00   5.68083E-01   1.17753E+00
 2.64750E+01   2.07276E+00   1.06886E+00   5.68059E-01   1.17745E+00
 2.65250E+01   2.07270E+00   1.06885E+00   5.68024E-01   1.17734E+00
 2.65750E+01   2.07261E+00   1.06884E+00   5.67976E-01   1.17719E+00
 2.66250E+01   2.07250E+00   1.06883E+00   5.67918E-01   1.17701E+00
 2.66750E+01   2.07238E+00   1.06882E+00   5.67848E-01   1.17679E+00
 2.67250E+01   2.07223E+00   1.06880E+00   5.67766E-01   1.17654E+00
 2.67750E+01   2.07207E+00   1.06878E+00   5.67674E-01   1.17626E+00
 2.68250E+01   2.07188E+00   1.06876E+00   5.67570E-01   1.17594E+00
 2.68750E+01   2.07168E+00   1.06873E+00   5.67457E-01   1.17559E+00
 2.69250E+01   2.07146E+00   1.06871E+00   5.67333E-01   1.17521E+00
 2.69750E+01   2.07123E+00   1.06868E+00   5.67199E-01   1.17480E+00
 2.70250E+01   2.07098E+00   1.06864E+00   5.67056E-01   1.17436E+00
 2.70750E+01   2.07071E+00   1.06861E+00   5.66903E-01   1.17389E+00
 2.71250E+01   2.07043E+00   1.06857E+00   5.66742E-01   1.17340E+00
 2.71750E+01   2.07014E+00   1.06853E+00   5.66574E-01   1.17289E+00
 2.72250E+01   2.06983E+00   1.06849E+00   5.66397E-01   1.17235E+00
 2.72750E+01   2.06951E+00   1.06844E+00   5.66214E-01   1.17179E+00
 2.73250E+01   2.06918E+00   1.06840E+00   5.66024E-01   1.17120E+00
 2.73750E+01   2.06884E+00   1.06835E+00   5.65828E-01   1.17061E+00
 2.74250E+01   2.06849E+00   1.06830E+00   5.65627E-01   1.16999E+00
 2.74750E+01   2.06813E+00   1.06825E+00   5.65421E-01   1.16937E+00
 2.75250E+01   2.06777E+00   1.06820E+00   5.65211E-01   1.16872E+00
 2.75750E+01   2.06740E+00   1.06815E+00   5.64997E-01   1.16807E+00
 2.76250E+01   2.06703E+00   1.06809E+00   5.64780E-01   1.16741E+00
 2.76750E+01   2.06665E+00   1.06804E+00   5.64561E-01   1.16675E+00
 2.77250E+01   2.06628E+00   1.06798E+00   5.64341E-01   1.16608E+00
 2.77750E+01   2.06590E+00   1.06793E+00   5.64120E-01   1.16541E+00
 2.78250E+01   2.06553E+00   1.06787E+00   5.63899E-01   1.16475E+00
 2.78750E+01   2.06515E+00   1.06782E+00   5.63679E-01   1.16408E+00
 2.79250E+01   2.06478E+00   1.06776E+00   5.63460E-01   1.16342E+00
 2.79750E+01   2.06442E+00   1.06771E+00   5.63243E-01   1.16277E+00
 2.80250E+01   2.06406E+00   1.06766E+00   5.63028E-01   1.16212E+00
 2.80750E+01   2.06371E+00   1.06760E+00   5.62817E-01   1.16149E+00
 2.81250E+01   2.06336E+00   1.06755E+00   5.62610E-01   1.16087E+00
 2.81750E+01   2.06302E+00   1.06750E+00   5.62407E-01   1.16026E+00
 2.82250E+01   2.06270E+00   1.06745E+00   5.62209E-01   1.15967E+00
 2.82750E+01   2.06238E+00   1.06740E+00   5.62017E-01   1.15909E+00
 2.83250E+01   2.06208E+00   1.06735E+00   5.61830E-01   1.15854E+00
 2.83750E+01   2.06178E+00   1.06731E+00   5.61650E-01   1.15800E+00
 2.84250E+01   2.06150E+00   1.06726E+00   5.61476E-01   1.15749E+00
 2.84750E+01   2.06124E+00   1.06722E+00   5.61310E-01   1.15699E+00
 2.85250E+01   2.06098E+00   1.06718E+00   5.61152E-01   1.15652E+00
 2.85750E+01   2.06075E+00   1.06714E+00   5.61001E-01   1.15608E+00
 2.86250E+01   2.06052E+00   1.06711E+00   5.60859E-01   1.15566E+00
 2.86750E+01   2.06032E+00   1.06707E+00   5.60726E-01   1.15527E+00
 2.87250E+01   2.06012E+00   1.06704E+00   5.60601E-01   1.15491E+00
 2.87750E+01   2.05995E+00   1.06701E+00   5.60485E-01   1.15457E+00
 2.88250E+01   2.05979E+00   1.06699E+00   5.60378E-01   1.15426E+00
 2.88750E+01   2.05965E+00   1.06696E+00   5.60281E-01   1.15398E+00
 2.89250E+01   2.05952E+00   1.06694E+00   5.60193E-01   1.15373E+00
 2.89750E+01   2.05941E+00   1.06692E+00   5.60114E-01   1.15351E+00
 2.90250E+01   2.05932E+00   1.06690E+00   5.60045E-01   1.15331E+00
 2.90750E+01   2.05925E+00   1.06689E+00   5.59985E-01   1.15315E+00
 2.91250E+01   2.05919E+00   1.06688E+00   5.59936E-01   1.15302E+00
 2.91750E+01   2.05915E+00   1.06687E+00   5.59895E-01   1.15291E+00
 2.92250E+01   2.05913E+00   1.06686E+00   5.59864E-01   1.15283E+00
 2.92750E+01   2.05912E+00   1.06686E+00   5.59842E-01   1.15278E+00
 2.93250E+01   2.05913E+00   1.06685E+00   5.59829E-01   1.15276E+00
 2.93750E+01   2.05916E+00   1.06686E+00   5.59826E-01   1.15277E+00
 2.94250E+01   2.05920E+00   1.06686E+00   5.59832E-01   1.15280E+00
 2.94750E+01   2.05926E+00   1.06686E+00   5.59847E-01   1.15287E+00
 2.95250E+01   2.05933E+00   1.06687E+00   5.59870E-01   1.15296E+00
 2.95750E+01   2.05942E+00   1.06688E+00   5.59902E-01   1.15307E+00
 2.96250E+01   2.05952E+00   1.06689E+00   5.59943E-01   1.15321E+00
 2.96750E+01   2.05964E+00   1.06691E+00   5.59991E-01   1.15338E+00
 2.97250E+01   2.05977E+00   1.06692E+00   5.60048E-01   1.15357E+00
 2.97750E+01   2.05991E+00   1.06694E+00   5.60112E-01   1.15378E+00
 2.98250E+01   2.06007E+00   1.06696E+00   5.60184E-01   1.15402E+00
 2.98750E+01   2.06024E+00   1.06698E+00   5.60262E-01   1.15428E+00
 2.99250E+01   2.06043E+00   1.06701E+00   5.60348E-01   1.15456E+00
 2.99750E+01   2.06062E+00   1.06704E+00   5.60440E-01   1.15485E+00
 3.00250E+01   2.06083E+00   1.06706E+00   5.60538E-01   1.15517E+00
 3.00750E+01   2.06104E+00   1.06709E+00   5.60643E-01   1.15551E+00
 3.01250E+01   2.06127E+00   1.06712E+00   5.60753E-01   1.15586E+00
 3.01750E+01   2.06151E+00   1.06716E+00   5.60869E-01   1.15623E+00
 3.02250E+01   2.06175E+00   1.06719E+00   5.60989E-01   1.15662E+00
 3.02750E+01   2.06200E+00   1.06723E+00   5.61115E-01   1.15702E+00
 3.03250E+01   2.06227E+00   1.06726E+00   5.61244E-01   1.15744E+00
 3.03750E+01   2.06254E+00   1.06730E+00   5.61378E-01   1.15786E+00
 3.04250E+01   2.06281E+00   1.06734E+00   5.61516E-01   1.15830E+00
 3.04750E+01   2.06309E+00   1.06738E+00   5.61658E-01   1.15875E+00
 3.05250E+01   2.06338E+00   1.06742E+00   5.61802E-01   1.15921E+00
 3.05750E+01   2.06367E+00   1.06746E+00   5.61949E-01   1.15968E+00
 3.06250E+01   2.06397E+00   1.06751E+00   5.62099E-01   1.16015E+00
 3.06750E+01   2.06427E+00   1.06755E+00   5.62251E-01   1.16064E+00
 3.07250E+01   2.06457E+00   1.06759E+00   5.62404E-01   1.16113E+00
 3.07750E+01   2.06488E+00   1.06764E+00   5.62559E-01   1.16162E+00
 3.08250E+01   2.06519E+00   1.06768E+00   5.62715E-01   1.16211E+00
 3.08750E+01   2.06550E+00   1.06773E+00   5.62872E-01   1.16261E+00
 3.09250E+01   2.06581E+00   1.06777E+00   5.63029E-01   1.16311E+00
 3.09750E+01   2.06612E+00   1.06782E+00   5.63186E-01   1.16361E+00
 3.10250E+01   2.06644E+00   1.06787E+00   5.63342E-01   1.16411E+00
 3.10750E+01   2.06675E+00   1.06791E+00   5.63499E-01   1.16461E+00
 3.11250E+01   2.06706E+00   1.06796E+00   5.63654E-01   1.16510E+00
 3.11750E+01   2.06737E+00   1.06800E+00   5.63808E-01   1.16560E+00
 3.12250E+01   2.06767E+00   1.06805E+00   5.63960E-01   1.16609E+00
 3.12750E+01   2.06797E+00   1.06809E+00   5.64111E-01   1.16657E+00
 3.13250E+01   2.06827E+00   1.06813E+00   5.64259E-01   1.16704E+00
 3.13750E+01   2.06857E+00   1.06818E+00   5.64405E-01   1.16751E+00
 3.14250E+01   2.06886E+00   1.06822E+00   5.64548E-01   1.16797E+00
 3.14750E+01   2.06914E+00   1.06826E+00   5.64688E-01   1.16842E+00
 3.15250E+01   2.06941E+00   1.06830E+00   5.64824E-01   1.16885E+00
 3.15750E+01   2.06968E+00   1.06834E+00   5.64956E-01   1.16928E+00
 3.16250E+01   2.06994E+00   1.06838E+00   5.65083E-01   1.16969E+00
 3.16750E+01   2.07020E+00   1.06842E+00   5.65206E-01   1.17009E+00
 3.17250E+01   2.07044E+00   1.06846E+00   5.65324E-01   1.17047E+00
 3.17750E+01   2.07068E+00   1.06849E+00   5.65436E-01   1.17083E+00
 3.18250E+01   2.07090E+00   1.06853E+00   5.65543E-01   1.17118E+00
 3.18750E+01   2.07112E+00   1.06856E+00   5.65644E-01   1.17151E+00
 3.19250E+01   2.07132E+00   1.06859E+00   5.65739E-01   1.17183E+00
 3.19750E+01   2.07151E+00   1.06863E+00   5.65827E-01   1.17212E+00
 3.20250E+01   2.07169E+00   1.06865E+00   5.65909E-01   1.17239E+00
 3.20750E+01   2.07186E+00   1.06868E+00   5.65983E-01   1.17264E+00
 3.21250E+01   2.07201E+00   1.06871E+00   5.66050E-01   1.17286E+00
 3.21750E+01   2.07215E+00   1.06873E+00   5.66108E-01   1.17306E+00
 3.22250E+01   2.07228E+00   1.06875E+00   5.66159E-01   1.17324E+00
 3.22750E+01   2.07239E+00   1.06877E+00   5.66203E-01   1.17339E+00
 3.23250E+01   2.07249E+00   1.06879E+00   5.66237E-01   1.17352E+00
 3.23750E+01   2.07258E+00   1.06881E+00   5.66264E-01   1.17363E+00
 3.24250E+01   2.07265E+00   1.06882E+00   5.66282E-01   1.17371E+00
 3.24750E+01   2.07271E+00   1.06883E+00   5.66292E-01   1.17376E+00
 3.25250E+01   2.07275E+00   1.06884E+00   5.66293E-01   1.17378E+00
 3.25750E+01   2.07278E+00   1.06885E+00   5.66286E-01   1.17378E+00
 3.26250E+01   2.07279E+00   1.06886E+00   5.66269E-01   1.17375E+00
 3.26750E+01   2.07278E+00   1.06886E+00   5.66243E-01   1.17370E+00
 3.27250E+01   2.07277E+00   1.06886E+00   5.66209E-01   1.17362E+00
 3.27750E+01   2.07273E+00   1.06886E+00   5.66165E-01   1.17351E+00
 3.28250E+01   2.07268E+00   1.06886E+00   5.66113E-01   1.17337E+00
 3.28750E+01   2.07262E+00   1.06885E+00   5.66052E-01   1.17321E+00
 3.29250E+01   2.07254E+00   1.06885E+00   5.65982E-01   1.17302E+00
 3.29750E+01   2.07245E+00   1.06884E+00   5.65904E-01   1.17281E+00
 3.30250E+01   2.07234E+00   1.06882E+00   5.65817E-01   1.17257E+00
 3.30750E+01   2.07222E+00   1.06881E+00   5.65722E-01   1.17230E+00
 3.31250E+01   2.07209E+00   1.06879E+00   5.65620E-01   1.17202E+00
 3.31750E+01   2.07195E+00   1.06878E+00   5.65509E-01   1.17170E+00
 3.32250E+01   2.07179E+00   1.06876E+00   5.65391E-01   1.17137E+00
 3.32750E+01   2.07162E+00   1.06873E+00   5.65265E-01   1.17101E+00
 3.33250E+01   2.07144E+00   1.06871E+00   5.65132E-01   1.17064E+00
 3.33750E+01   2.07125E+00   1.06868E+00   5.64993E-01   1.17024E+00
 3.34250E+01   2.07105E+00   1.06866E+00   5.64848E-01   1.16983E+00
 3.34750E+01   2.07084E+00   1.06863E+00   5.64696E-01   1.16939E+00
 3.35250E+01   2.07062E+00   1.06860E+00   5.64539E-01   1.16894E+00
 3.35750E+01   2.07039E+00   1.06857E+00   5.64377E-01   1.16848E+00
 3.36250E+01   2.07016E+00   1.06854E+00   5.64211E-01   1.16800E+00
 3.36750E+01   2.06992E+00   1.06850E+00   5.64040E-01   1.16752E+00
 3.37250E+01   2.06967E+00   1.06847E+00   5.63865E-01   1.16702E+00
 3.37750E+01   2.06942E+00   1.06844E+00   5.63686E-01   1.16651E+00
 3.38250E+01   2.06917E+00   1.06840E+00   5.63505E-01   1.16599E+00
 3.38750E+01   2.06892E+00   1.06836E+00   5.63322E-01   1.16547E+00
 3.39250E+01   2.06866E+00   1.06833E+00   5.63136E-01   1.16494E+00
 3.39750E+01   2.06840E+00   1.06829E+00   5.62949E-01   1.16440E+00
 3.40250E+01   2.06814E+00   1.06825E+00   5.62761E-01   1.16387E+00
 3.40750E+01   2.06788E+00   1.06822E+00   5.62573E-01   1.16333E+00
 3.41250E+01   2.06763E+00   1.06818E+00   5.62384E-01   1.16280E+00
 3.41750E+01   2.06737E+00   1.06814E+00   5.62196E-01   1.16227E+00
 3.42250E+01   2.06712E+00   1.06810E+00   5.62009E-01   1.16174E+00
 3.42750E+01   2.06687E+00   1.06807E+00   5.61823E-01   1.16122E+00
 3.43250E+01   2.06663E+00   1.06803E+00   5.61639E-01   1.16070E+00
 3.43750E+01   2.06640E+00   1.06800E+00   5.61458E-01   1.16019E+00
 3.44250E+01   2.06617E+00   1.06796E+00   5.61279E-01   1.15970E+00
 3.44750E+01   2.06594E+00   1.06793E+00   5.61104E-01   1.15921E+00
 3.45250E+01   2.06573E+00   1.06789E+00   5.60932E-01   1.15873E+00
 3.45750E+01   2.06552E+00   1.06786E+00   5.60763E-01   1.15827E+00
 3.46250E+01   2.06533E+00   1.06783E+00   5.60599E-01   1.15782E+00
 3.46750E+01   2.06514E+00   1.06780E+00   5.60440E-01   1.15739E+00
 3.47250E+01   2.06496E+00   1.06778E+00   5.60286E-01   1.15697E+00
 3.47750E+01   2.06479E+00   1.06775E+00   5.60137E-01   1.15657E+00
 3.48250E+01   2.06464E+00   1.06772E+00   5.59994E-01   1.15619E+00
 3.48750E+01   2.06450E+00   1.06770E+00   5.59856E-01   1.15582E+00
 3.49250E+01   2.06436E+00   1.06768E+00   5.59725E-01   1.15548E+00
 3.49750E+01   2.06425E+00   1.06766E+00   5.59599E-01   1.15515E+00
 3.50250E+01   2.06414E+00   1.06764E+00   5.59480E-01   1.15484E+00
 3.50750E+01   2.06405E+00   1.06763E+00   5.59368E-01   1.15456E+00
 3.51250E+01   2.06397E+00   1.06761E+00   5.59262E-01   1.15430E+00
 3.51750E+01   2.06390E+00   1.06760E+00   5.59163E-01   1.15406E+00
 3.52250E+01   2.06385E+00   1.06759E+00   5.59072E-01   1.15384E+00
 3.52750E+01   2.06381E+00   1.06758E+00   5.58987E-01   1.15364E+00
 3.53250E+01   2.06379E+00   1.06758E+00   5.58910E-01   1.15347E+00
 3.53750E+01   2.06378E+00   1.06757E+00   5.58840E-01   1.15332E+00
 3.54250E+01   2.06378E+00   1.06757E+00   5.58776E-01   1.15319E+00
 3.54750E+01   2.06380E+00   1.06757E+00   5.58721E-01   1.15309E+00
 3.55250E+01   2.06383E+00   1.06757E+00   5.58672E-01   1.15300E+00
 3.55750E+01   2.06387E+00   1.06758E+00   5.58630E-01   1.15294E+00
 3.56250E+01   2.06393E+00   1.06758E+00   5.58595E-01   1.15290E+00
 3.56750E+01   2.06401E+00   1.06759E+00   5.58568E-01   1.15289E+00
 3.57250E+01   2.06409E+00   1.06760E+00   5.58547E-01   1.15289E+00
 3.57750E+01   2.06419E+00   1.06761E+00   5.58533E-01   1.15292E+00
 3.58250E+01   2.06431E+00   1.06763E+00   5.58526E-01   1.15297E+00
 3.58750E+01   2.06444E+00   1.06764E+00   5.58525E-01   1.15304E+00
 3.59250E+01   2.06457E+00   1.06766E+00   5.58531E-01   1.15313E+00
 3.59750E+01   2.06473E+00   1.06768E+00   5.58543E-01   1.15324E+00
 3.60250E+01   2.06489E+00   1.06770E+00   5.58561E-01   1.15337E+00
 3.60750E+01   2.06507E+00   1.06773E+00   5.58585E-01   1.15352E+00
 3.61250E+01   2.06525E+00   1.06775E+00   5.58616E-01   1.15368E+00
 3.61750E+01   2.06545E+00   1.06778E+00   5.58651E-01   1.15387E+00
 3.62250E+01   2.06566E+00   1.06781E+00   5.58692E-01   1.15407E+00
 3.62750E+01   2.06588E+00   1.06784E+00   5.58738E-01   1.15428E+00
 3.63250E+01   2.06611E+00   1.06787E+00   5.58788E-01   1.15452E+00
 3.63750E+01   2.06635E+00   1.06790E+00   5.58843E-01   1.15476E+00
 3.64250E+01   2.06659E+00   1.06794E+00   5.58903E-01   1.15503E+00
 3.64750E+01   2.06685E+00   1.06798E+00   5.58967E-01   1.15530E+00
 3.65250E+01   2.06711E+00   1.06801E+00   5.59034E-01   1.15558E+00
 3.65750E+01   2.06738E+00   1.06805E+00   5.59104E-01   1.15588E+00
 3.66250E+01   2.06766E+00   1.06809E+00   5.59179E-01   1.15619E+00
 3.66750E+01   2.06794E+00   1.06813E+00   5.59256E-01   1.15651E+00
 3.67250E+01   2.06823E+00   1.06817E+00   5.59335E-01   1.15684E+00
 3.67750E+01   2.06853E+00   1.06822E+00   5.59417E-01   1.15717E+00
 3.68250E+01   2.06883E+00   1.06826E+00   5.59502E-01   1.15751E+00
 3.68750E+01   2.06913E+00   1.06831E+00   5.59588E-01   1.15786E+00
 3.69250E+01   2.06944E+00   1.06835E+00   5.59675E-01   1.15822E+00
 3.69750E+01   2.06976E+00   1.06840E+00   5.59763E-01   1.15857E+00
 3.70250E+01   2.07007E+00   1.06844E+00   5.59852E-01   1.15893E+00
 3.70750E+01   2.07039E+00   1.06849E+00   5.59942E-01   1.15930E+00
 3.71250E+01   2.07071E+00   1.06854E+00   5.60032E-01   1.15966E+00
 3.71750E+01   2.07103E+00   1.06858E+00   5.60123E-01   1.16003E+00
 3.72250E+01   2.07135E+00   1.06863E+00   5.60213E-01   1.16040E+00
 3.72750E+01   2.07167E+00   1.06868E+00   5.60302E-01   1.16076E+00
 3.73250E+01   2.07199E+00   1.06873E+00   5.60391E-01   1.16112E+00
 3.73750E+01   2.07231E+00   1.06878E+00   5.60478E-01   1.16148E+00
 3.74250E+01   2.07263E+00   1.06882E+00   5.60563E-01   1.16184E+00
 3.74750E+01   2.07294E+00   1.06887E+00   5.60647E-01   1.16219E+00
 3.75250E+01   2.07326E+00   1.06892E+00   5.60729E-01   1.16254E+00
 3.75750E+01   2.07357E+00   1.06897E+00   5.60809E-01   1.16288E+00
 3.76250E+01   2.07388E+00   1.06901E+00   5.60885E-01   1.16321E+00
 3.76750E+01   2.07418E+00   1.06906E+00   5.60959E-01   1.16353E+00
 3.77250E+01   2.07448E+00   1.06910E+00   5.61030E-01   1.16384E+00
 3.77750E+01   2.07477E+00   1.06915E+00   5.61097E-01   1.16415E+00
 3.78250E+01   2.07506E+00   1.06919E+00   5.61160E-01   1.16444E+00
 3.78750E+01   2.07534E+00   1.06924E+00   5.61220E-01   1.16472E+00
 3.79250E+01   2.07562E+00   1.06928E+00   5.61275E-01   1.16499E+00
 3.79750E+01   2.07589E+00   1.06932E+00   5.61325E-01   1.16525E+00
 3.80250E+01   2.07615E+00   1.06936E+00   5.61371E-01   1.16549E+00
 3.80750E+01   2.07640E+00   1.06940E+00   5.61412E-01   1.16572E+00
 3.81250E+01   2.07664E+00   1.06944E+00   5.61448E-01   1.16593E+00
 3.81750E+01   2.07688E+00   1.06948E+00   5.61478E-01   1.16612E+00
 3.82250E+01   2.07711E+00   1.06951E+00   5.61502E-01   1.16630E+00
 3.82750E+01   2.07733E+00   1.06955E+00   5.61521E-01   1.16646E+00
 3.83250E+01   2.07754E+00   1.06958E+00   5.61534E-01   1.16661E+00
 3.83750E+01   2.07774E+00   1.06962E+00   5.61540E-01   1.16673E+00
 3.84250E+01   2.07793E+00   1.06965E+00   5.61541E-01   1.16684E+00
 3.84750E+01   2.07810E+00   1.06968E+00   5.61535E-01   1.16693E+00
 3.85250E+01   2.07827E+00   1.06970E+00   5.61523E-01   1.16700E+00
 3.85750E+01   2.07843E+00   1.06973E+00   5.61503E-01   1.16704E+00
 3.86250E+01   2.07857E+00   1.06975E+00   5.61477E-01   1.16707E+00
 3.86750E+01   2.07871E+00   1.06978E+00   5.61444E-01   1.16708E+00
 3.87250E+01   2.07883E+00   1.06980E+00   5.61404E-01   1.16706E+00
 3.87750E+01   2.07894E+00   1.06982E+00   5.61357E-01   1.16703E+00
 3.88250E+01   2.07904E+00   1.06984E+00   5.61303E-01   1.16697E+00
 3.88750E+01   2.07913E+00   1.06985E+00   5.61241E-01   1.16689E+00
 3.89250E+01   2.07920E+00   1.06987E+00   5.61173E-01   1.16679E+00
 3.89750E+01   2.07926E+00   1.06988E+00   5.61098E-01   1.16667E+00
 3.90250E+01   2.07932E+00   1.06989E+00   5.61015E-01   1.16653E+00
 3.90750E+01   2.07936E+00   1.06990E+00   5.60926E-01   1.16637E+00
 3.91250E+01   2.07939E+00   1.06991E+00   5.60830E-01   1.16618E+00
 3.91750E+01   2.07941E+00   1.06992E+00   5.60727E-01   1.16598E+00
 3.92250E+01   2.07941E+00   1.06992E+00   5.60617E-01   1.16576E+00
 3.92750E+01   2.07941E+00   1.06992E+00   5.60501E-01   1.16551E+00
 3.93250E+01   2.07940E+00   1.06992E+00   5.60379E-01   1.16525E+00
 3.93750E+01   2.07938E+00   1.06993E+00   5.60251E-01   1.16497E+00
 3.94250E+01   2.07934E+00   1.06992E+00   5.60116E-01   1.16467E+00
 3.94750E+01   2.07930E+00   1.06992E+00   5.59976E-01   1.16436E+00
 3.95250E+01   2.07925E+00   1.06992E+00   5.59830E-01   1.16402E+00
 3.95750E+01   2.07918E+00   1.06991E+00   5.59679E-01   1.16368E+00
 3.96250E+01   2.07912E+00   1.06990E+00   5.59523E-01   1.16331E+00
 3.96750E+01   2.07904E+00   1.06989E+00   5.59362E-01   1.16294E+00
 3.97250E+01   2.07895E+00   1.06989E+00   5.59197E-01   1.16254E+00
 3.97750E+01   2.07887E+00   1.06987E+00   5.59027E-01   1.16214E+00
 3.98250E+01   2.07877E+00   1.06986E+00   5.58853E-01   1.16173E+00
 3.98750E+01   2.07867E+00   1.06985E+00   5.58676E-01   1.16130E+00
 3.99250E+01   2.07856E+00   1.06984E+00   5.58496E-01   1.16087E+00
 3.99750E+01   2.07845E+00   1.06982E+00   5.58314E-01   1.16043E+00
 4.00250E+01   2.07834E+00   1.06981E+00   5.58129E-01   1.15998E+00
 4.00750E+01   2.07822E+00   1.06979E+00   5.57942E-01   1.15953E+00
 4.01250E+01   2.07810E+00   1.06977E+00   5.57754E-01   1.15907E+00
 4.01750E+01   2.07798E+00   1.06976E+00   5.57564E-01   1.15861E+00
 4.02250E+01   2.07786E+00   1.06974E+00   5.57374E-01   1.15814E+00
 4.02750E+01   2.07773E+00   1.06972E+00   5.57182E-01   1.15768E+00
 4.03250E+01   2.07761E+00   1.06970E+00   5.56991E-01   1.15721E+00
 4.03750E+01   2.07748E+00   1.06969E+00   5.56800E-01   1.15674E+00
 4.04250E+01   2.07736E+00   1.06967E+00   5.56609E-01   1.15628E+00
 4.04750E+01   2.07724E+00   1.06965E+00   5.56420E-01   1.15582E+00
 4.05250E+01   2.07712E+00   1.06963E+00   5.56232E-01   1.15536E+00
 4.05750E+01   2.07700E+00   1.06962E+00   5.56046E-01   1.15491E+00
 4.06250E+01   2.07689E+00   1.06960E+00   5.55861E-01   1.15446E+00
 4.06750E+01   2.07678E+00   1.06959E+00   5.55679E-01   1.15402E+00
 4.07250E+01   2.07668E+00   1.06957E+00   5.55500E-01   1.15359E+00
 4.07750E+01   2.07658E+00   1.06956E+00   5.55324E-01   1.15317E+00
 4.08250E+01   2.07648E+00   1.06955E+00   5.55151E-01   1.15276E+00
 4.08750E+01   2.07639E+00   1.06953E+00   5.54981E-01   1.15236E+00
 4.09250E+01   2.07631E+00   1.06952E+00   5.54815E-01   1.15197E+00
 4.09750E+01   2.07623E+00   1.06951E+00   5.54653E-01   1.15159E+00
 4.10250E+01   2.07616E+00   1.06950E+00   5.54495E-01   1.15122E+00
 4.10750E+01   2.07610E+00   1.06949E+00   5.54342E-01   1.15087E+00
 4.11250E+01   2.07605E+00   1.06949E+00   5.54194E-01   1.15053E+00
 4.11750E+01   2.07601E+00   1.06948E+00   5.54050E-01   1.15021E+00
 4.12250E+01   2.07597E+00   1.06948E+00   5.53912E-01   1.14991E+00
 4.12750E+01   2.07595E+00   1.06948E+00   5.53779E-01   1.14962E+00
 4.13250E+01   2.07593E+00   1.06947E+00   5.53652E-01   1.14934E+00
 4.13750E+01   2.07593E+00   1.06947E+00   5.53530E-01   1.14909E+00
 4.14250E+01   2.07593E+00   1.06947E+00   5.53415E-01   1.14885E+00
 4.14750E+01   2.07594E+00   1.06948E+00   5.53305E-01   1.14863E+00
 4.15250E+01   2.07597E+00   1.06948E+00   5.53201E-01   1.14843E+00
 4.15750E+01   2.07600E+00   1.06949E+00   5.53104E-01   1.14824E+00
 4.16250E+01   2.07605E+00   1.06949E+00   5.53013E-01   1.14808E+00
 4.16750E+01   2.07610E+00   1.06950E+00   5.52928E-01   1.14793E+00
 4.17250E+01   2.07616E+00   1.06951E+00   5.52849E-01   1.14781E+00
 4.17750E+01   2.07624E+00   1.06953E+00   5.52777E-01   1.14770E+00
 4.18250E+01   2.07633E+00   1.06954E+00   5.52711E-01   1.14761E+00
 4.18750E+01   2.07642E+00   1.06955E+00   5.52652E-01   1.14754E+00
 4.19250E+01   2.07652E+00   1.06957E+00   5.52599E-01   1.14749E+00
 4.19750E+01   2.07664E+00   1.06959E+00   5.52552E-01   1.14745E+00
 4.20250E+01   2.07676E+00   1.06961E+00   5.52511E-01   1.14744E+00
 4.20750E+01   2.07690E+00   1.06963E+00   5.52477E-01   1.14744E+00
 4.21250E+01   2.07704E+00   1.06965E+00   5.52448E-01   1.14746E+00
 4.21750E+01   2.07719E+00   1.06968E+00   5.52425E-01   1.14749E+00
 4.22250E+01   2.07735E+00   1.06971E+00   5.52408E-01   1.14754E+00
 4.22750E+01   2.07752E+00   1.06973E+00   5.52396E-01   1.14761E+00
 4.23250E+01   2.07769E+00   1.06976E+00   5.52389E-01   1.14769E+00
 4.23750E+01   2.07788E+00   1.06979E+00   5.52387E-01   1.14779E+00
 4.24250E+01   2.07807E+00   1.06983E+00   5.52391E-01   1.14790E+00
 4.24750E+01   2.07827E+00   1.06986E+00   5.52399E-01   1.14803E+00
 4.25250E+01   2.07847E+00   1.06990E+00   5.52412E-01   1.14817E+00
 4.25750E+01   2.07869E+00   1.06993E+00   5.52430E-01   1.14833E+00
 4.26250E+01   2.07891E+00   1.06997E+00   5.52452E-01   1.14850E+00
 4.26750E+01   2.07913E+00   1.07001E+00   5.52479E-01   1.14868E+00
 4.27250E+01   2.07937E+00   1.07005E+00   5.52509E-01   1.14887E+00
 4.27750E+01   2.07960E+00   1.07009E+00   5.52543E-01   1.14907E+00
 4.28250E+01   2.07985E+00   1.07013E+00   5.52581E-01   1.14928E+00
 4.28750E+01   2.08009E+00   1.07017E+00   5.52622E-01   1.14950E+00
 4.29250E+01   2.08034E+00   1.07022E+00   5.52666E-01   1.14973E+00
 4.29750E+01   2.08060E+00   1.07026E+00   5.52712E-01   1.14997E+00
 4.30250E+01   2.08085E+00   1.07031E+00   5.52762E-01   1.15022E+00
 4.30750E+01   2.08111E+00   1.07035E+00   5.52813E-01   1.15047E+00
 4.31250E+01   2.08138E+00   1.07040E+00   5.52867E-01   1.15072E+00
 4.31750E+01   2.08164E+00   1.07045E+00   5.52922E-01   1.15099E+00
 4.32250E+01   2.08191E+00   1.07050E+00   5.52979E-01   1.15125E+00
 4.32750E+01   2.08217E+00   1.07055E+00   5.53038E-01   1.15152E+00
 4.33250E+01   2.08244E+00   1.07060E+00   5.53098E-01   1.15179E+00
 4.33750E+01   2.08270E+00   1.07065E+00   5.53158E-01   1.15206E+00
 4.34250E+01   2.08297E+00   1.07070E+00   5.53218E-01   1.15234E+00
 4.34750E+01   2.08323E+00   1.07075E+00   5.53279E-01   1.15261E+00
 4.35250E+01   2.08350E+00   1.07080E+00   5.53340E-01   1.15288E+00
 4.35750E+01   2.08376E+00   1.07085E+00   5.53401E-01   1.15315E+00
 4.36250E+01   2.08402E+00   1.07090E+00   5.53461E-01   1.15342E+00
 4.36750E+01   2.08427E+00   1.07095E+00   5.53520E-01   1.15369E+00
 4.37250E+01   2.08453E+00   1.07100E+00   5.53578E-01   1.15395E+00
 4.37750E+01   2.08477E+00   1.07105E+00   5.53635E-01   1.15420E+00
 4.38250E+01   2.08502E+00   1.07111E+00   5.53691E-01   1.15446E+00
 4.38750E+01   2.08526E+00   1.07116E+00   5.53745E-01   1.15470E+00
 4.39250E+01   2.08549E+00   1.07121E+00   5.53796E-01   1.15494E+00
 4.39750E+01   2.08572E+00   1.07126E+00   5.53846E-01   1.15517E+00
 4.40250E+01   2.08595E+00   1.07131E+00   5.53893E-01   1.15539E+00
 4.40750E+01   2.08616E+00   1.07136E+00   5.53938E-01   1.15560E+00
 4.41250E+01   2.08637E+00   1.07141E+00   5.53980E-01   1.15581E+00
 4.41750E+01   2.08658E+00   1.07146E+00   5.54018E-01   1.15600E+00
 4.42250E+01   2.08677E+00   1.07151E+00   5.54054E-01   1.15618E+00
 4.42750E+01   2.08696E+00   1.07156E+00   5.54085E-01   1.15635E+00
 4.43250E+01   2.08714E+00   1.07161E+00   5.54114E-01   1.15651E+00
 4.43750E+01   2.08731E+00   1.07166E+00   5.54138E-01   1.15666E+00
 4.44250E+01   2.08747E+00   1.07170E+00   5.54159E-01   1.15679E+00
 4.44750E+01   2.08762E+00   1.07175E+00   5.54175E-01   1.15691E+00
 4.45250E+01   2.08776E+00   1.07180E+00   5.54187E-01   1.15701E+00
 4.45750E+01   2.08790E+00   1.07184E+00   5.54195E-01   1.15710E+00
 4.46250E+01   2.08802E+00   1.07189E+00   5.54198E-01   1.15718E+00
 4.46750E+01   2.08813E+00   1.07193E+00   5.54197E-01   1.15724E+00
 4.47250E+01   2.08823E+00   1.07198E+00   5.54191E-01   1.15728E+00
 4.47750E+01   2.08832E+00   1.07202E+00   5.54180E-01   1.15731E+00
 4.48250E+01   2.08840E+00   1.07206E+00   5.54164E-01   1.15732E+00
 4.48750E+01   2.08847E+00   1.07211E+00   5.54142E-01   1.15731E+00
 4.49250E+01   2.08853E+00   1.07215E+00   5.54116E-01   1.15729E+00
 4.49750E+01   2.08858E+00   1.07219E+00   5.54084E-01   1.15725E+00
 4.50250E+01   2.08861E+00   1.07223E+00   5.54047E-01   1.15719E+00
 4.50750E+01   2.08863E+00   1.07227E+00   5.54005E-01   1.15711E+00
 4.51250E+01   2.08865E+00   1.07231E+00   5.53958E-01   1.15702E+00
 4.51750E+01   2.08864E+00   1.07234E+00   5.53906E-01   1.15691E+00
 4.52250E+01   2.08863E+00   1.07238E+00   5.53848E-01   1.15679E+00
 4.52750E+01   2.08861E+00   1.07242E+00   5.53785E-01   1.15664E+00
 4.53250E+01   2.08858E+00   1.07246E+00   5.53717E-01   1.15648E+00
 4.53750E+01   2.08853E+00   1.07249E+00   5.53644E-01   1.15630E+00
 4.54250E+01   2.08848E+00   1.07253E+00   5.53566E-01   1.15611E+00
 4.54750E+01   2.08841E+00   1.07257E+00   5.53483E-01   1.15590E+00
 4.55250E+01   2.08833E+00   1.07260E+00   5.53395E-01   1.15567E+00
 4.55750E+01   2.08825E+00   1.07264E+00   5.53302E-01   1.15543E+00
 4.56250E+01   2.08815E+00   1.07267E+00   5.53204E-01   1.15517E+00
 4.56750E+01   2.08804E+00   1.07271E+00   5.53103E-01   1.15490E+00
 4.57250E+01   2.08793E+00   1.07274E+00   5.52997E-01   1.15462E+00
 4.57750E+01   2.08780E+00   1.07278E+00   5.52887E-01   1.15432E+00
 4.58250E+01   2.08766E+00   1.07281E+00   5.52773E-01   1.15400E+00
 4.58750E+01   2.08752E+00   1.07285E+00   5.52655E-01   1.15368E+00
 4.59250E+01   2.08737E+00   1.07288E+00   5.52534E-01   1.15334E+00
 4.59750E+01   2.08721E+00   1.07292E+00   5.52409E-01   1.15299E+00
 4.60250E+01   2.08704E+00   1.07296E+00   5.52282E-01   1.15263E+00
 4.60750E+01   2.08686E+00   1.07300E+00   5.52152E-01   1.15227E+00
 4.61250E+01   2.08668E+00   1.07303E+00   5.52019E-01   1.15189E+00
 4.61750E+01   2.08649E+00   1.07307E+00   5.51884E-01   1.15150E+00
 4.62250E+01   2.08630E+00   1.07311E+00   5.51746E-01   1.15111E+00
 4.62750E+01   2.08610E+00   1.07315E+00   5.51607E-01   1.15071E+00
 4.63250E+01   2.08589E+00   1.07320E+00   5.51467E-01   1.15030E+00
 4.63750E+01   2.08568E+00   1.07324E+00   5.51325E-01   1.14989E+00
 4.64250E+01   2.08547E+00   1.07328E+00   5.51182E-01   1.14947E+00
 4.64750E+01   2.08525E+00   1.07333E+00   5.51039E-01   1.14905E+00
 4.65250E+01   2.08502E+00   1.07338E+00   5.50896E-01   1.14863E+00
 4.65750E+01   2.08480E+00   1.07343E+00   5.50752E-01   1.14821E+00
 4.66250E+01   2.08457E+00   1.07348E+00   5.50609E-01   1.14778E+00
 4.66750E+01   2.08434E+00   1.07353E+00   5.50467E-01   1.14736E+00
 4.67250E+01   2.08411E+00   1.07358E+00   5.50326E-01   1.14694E+00
 4.67750E+01   2.08387E+00   1.07364E+00   5.50186E-01   1.14652E+00
 4.68250E+01   2.08363E+00   1.07370E+00   5.50047E-01   1.14610E+00
 4.68750E+01   2.08340E+00   1.07376E+00   5.49911E-01   1.14568E+00
 4.69250E+01   2.08316E+00   1.07382E+00   5.49776E-01   1.14527E+00
 4.69750E+01   2.08292E+00   1.07389E+00   5.49644E-01   1.14486E+00
 4.70250E+01   2.08268E+00   1.07396E+00   5.49515E-01   1.14446E+00
 4.70750E+01   2.08244E+00   1.07403E+00   5.49388E-01   1.14407E+00
 4.71250E+01   2.08220E+00   1.07410E+00   5.49265E-01   1.14368E+00
 4.71750E+01   2.08196E+00   1.07418E+00   5.49145E-01   1.14330E+00
 4.72250E+01   2.08172E+00   1.07426E+00   5.49029E-01   1.14293E+00
 4.72750E+01   2.08149E+00   1.07434E+00   5.48917E-01   1.14256E+00
 4.73250E+01   2.08125E+00   1.07443E+00   5.48809E-01   1.14221E+00
 4.73750E+01   2.08102E+00   1.07452E+00   5.48705E-01   1.14187E+00
 4.74250E+01   2.08078E+00   1.07461E+00   5.48606E-01   1.14153E+00
 4.74750E+01   2.08055E+00   1.07471E+00   5.48511E-01   1.14120E+00
 4.75250E+01   2.08032E+00   1.07481E+00   5.48420E-01   1.14089E+00
 4.75750E+01   2.08009E+00   1.07491E+00   5.48335E-01   1.14059E+00
 4.76250E+01   2.07986E+00   1.07502E+00   5.48255E-01   1.14030E+00
 4.76750E+01   2.07963E+00   1.07514E+00   5.48181E-01   1.14002E+00
 4.77250E+01   2.07940E+00   1.07526E+00   5.48112E-01   1.13975E+00
 4.77750E+01   2.07917E+00   1.07539E+00   5.48049E-01   1.13949E+00
 4.78250E+01   2.07894E+00   1.07552E+00   5.47992E-01   1.13924E+00
 4.78750E+01   2.07870E+00   1.07566E+00   5.47941E-01   1.13901E+00
 4.79250E+01   2.07846E+00   1.07581E+00   5.47896E-01   1.13878E+00
 4.79750E+01   2.07821E+00   1.07597E+00   5.47858E-01   1.13856E+00
 4.80250E+01   2.07794E+00   1.07614E+00   5.47828E-01   1.13836E+00
 4.80750E+01   2.07767E+00   1.07633E+00   5.47807E-01   1.13816E+00
 4.81250E+01   2.07736E+00   1.07653E+00   5.47794E-01   1.13797E+00
 4.81750E+01   2.07703E+00   1.07675E+00   5.47792E-01   1.13778E+00
 4.82250E+01   2.07666E+00   1.07700E+00   5.47802E-01   1.13760E+00
 4.82750E+01   2.07624E+00   1.07728E+00   5.47826E-01   1.13742E+00
 4.83250E+01   2.07576E+00   1.07760E+00   5.47868E-01   1.13724E+00
 4.83750E+01   2.07519E+00   1.07797E+00   5.47930E-01   1.13706E+00
 4.84250E+01   2.07450E+00   1.07840E+00   5.48017E-01   1.13686E+00
 4.84750E+01   2.07368E+00   1.07890E+00   5.48135E-01   1.13665E+00
 4.85250E+01   2.07266E+00   1.07951E+00   5.48292E-01   1.13642E+00
 4.85750E+01   2.07140E+00   1.08025E+00   5.48497E-01   1.13616E+00
 4.86250E+01   2.06983E+00   1.08115E+00   5.48764E-01   1.13585E+00
 4.86750E+01   2.06787E+00   1.08226E+00   5.49109E-01   1.13548E+00
 4.87250E+01   2.06538E+00   1.08363E+00   5.49554E-01   1.13504E+00
 4.87750E+01   2.06227E+00   1.08535E+00   5.50133E-01   1.13452E+00
 4.88250E+01   2.05845E+00   1.08751E+00   5.50912E-01   1.13403E+00
 4.88750E+01   2.05433E+00   1.09025E+00   5.52100E-01   1.13420E+00
 4.89250E+01   2.05310E+00   1.09381E+00   5.54653E-01   1.13876E+00
 4.89750E+01   2.07346E+00   1.09877E+00   5.63512E-01   1.16842E+00
