      xx/10.          rhoa          temp           vel      vel*rhoa
         [-]           [-]           [-]           [-]           [-]
 1.02500E+00   2.61098E+00   9.25018E-01   4.75471E-01   1.24145E+00
 1.07500E+00   2.60995E+00   9.25485E-01   4.75610E-01   1.24132E+00
 1.12500E+00   2.60771E+00   9.25928E-01   4.76115E-01   1.24157E+00
 1.17500E+00   2.60475E+00   9.26377E-01   4.76828E-01   1.24202E+00
 1.22500E+00   2.60132E+00   9.26847E-01   4.77659E-01   1.24255E+00
 1.27500E+00   2.59760E+00   9.27351E-01   4.78557E-01   1.24310E+00
 1.32500E+00   2.59366E+00   9.27894E-01   4.79495E-01   1.24365E+00
 1.37500E+00   2.58954E+00   9.28483E-01   4.80458E-01   1.24416E+00
 1.42500E+00   2.58525E+00   9.29123E-01   4.81436E-01   1.24463E+00
 1.47500E+00   2.58080E+00   9.29822E-01   4.82425E-01   1.24504E+00
 1.52500E+00   2.57618E+00   9.30586E-01   4.83422E-01   1.24538E+00
 1.57500E+00   2.57135E+00   9.31425E-01   4.84427E-01   1.24563E+00
 1.62500E+00   2.56630E+00   9.32350E-01   4.85440E-01   1.24579E+00
 1.67500E+00   2.56099E+00   9.33373E-01   4.86461E-01   1.24582E+00
 1.72500E+00   2.55538E+00   9.34506E-01   4.87492E-01   1.24573E+00
 1.77500E+00   2.54943E+00   9.35765E-01   4.88534E-01   1.24548E+00
 1.82500E+00   2.54308E+00   9.37166E-01   4.89589E-01   1.24507E+00
 1.87500E+00   2.53630E+00   9.38724E-01   4.90661E-01   1.24446E+00
 1.92500E+00   2.52902E+00   9.40455E-01   4.91751E-01   1.24365E+00
 1.97500E+00   2.52120E+00   9.42378E-01   4.92864E-01   1.24261E+00
 2.02500E+00   2.51278E+00   9.44506E-01   4.94002E-01   1.24132E+00
 2.07500E+00   2.50372E+00   9.46853E-01   4.95169E-01   1.23976E+00
 2.12500E+00   2.49398E+00   9.49431E-01   4.96368E-01   1.23793E+00
 2.17500E+00   2.48352E+00   9.52249E-01   4.97602E-01   1.23581E+00
 2.22500E+00   2.47234E+00   9.55313E-01   4.98875E-01   1.23339E+00
 2.27500E+00   2.46042E+00   9.58624E-01   5.00189E-01   1.23068E+00
 2.32500E+00   2.44777E+00   9.62177E-01   5.01545E-01   1.22767E+00
 2.37500E+00   2.43443E+00   9.65964E-01   5.02944E-01   1.22438E+00
 2.42500E+00   2.42044E+00   9.69967E-01   5.04387E-01   1.22084E+00
 2.47500E+00   2.40586E+00   9.74164E-01   5.05871E-01   1.21706E+00
 2.52500E+00   2.39080E+00   9.78527E-01   5.07394E-01   1.21308E+00
 2.57500E+00   2.37535E+00   9.83020E-01   5.08950E-01   1.20893E+00
 2.62500E+00   2.35964E+00   9.87602E-01   5.10535E-01   1.20468E+00
 2.67500E+00   2.34382E+00   9.92229E-01   5.12139E-01   1.20036E+00
 2.72500E+00   2.32804E+00   9.96851E-01   5.13754E-01   1.19604E+00
 2.77500E+00   2.31244E+00   1.00142E+00   5.15370E-01   1.19176E+00
 2.82500E+00   2.29718E+00   1.00589E+00   5.16974E-01   1.18758E+00
 2.87500E+00   2.28241E+00   1.01020E+00   5.18555E-01   1.18355E+00
 2.92500E+00   2.26825E+00   1.01433E+00   5.20102E-01   1.17972E+00
 2.97500E+00   2.25483E+00   1.01823E+00   5.21601E-01   1.17612E+00
 3.02500E+00   2.24223E+00   1.02187E+00   5.23043E-01   1.17278E+00
 3.07500E+00   2.23052E+00   1.02523E+00   5.24419E-01   1.16973E+00
 3.12500E+00   2.21975E+00   1.02831E+00   5.25722E-01   1.16697E+00
 3.17500E+00   2.20994E+00   1.03109E+00   5.26945E-01   1.16452E+00
 3.22500E+00   2.20108E+00   1.03358E+00   5.28086E-01   1.16236E+00
 3.27500E+00   2.19315E+00   1.03579E+00   5.29143E-01   1.16049E+00
 3.32500E+00   2.18610E+00   1.03773E+00   5.30117E-01   1.15889E+00
 3.37500E+00   2.17990E+00   1.03942E+00   5.31010E-01   1.15755E+00
 3.42500E+00   2.17448E+00   1.04088E+00   5.31826E-01   1.15644E+00
 3.47500E+00   2.16977E+00   1.04214E+00   5.32569E-01   1.15555E+00
 3.52500E+00   2.16570E+00   1.04321E+00   5.33244E-01   1.15485E+00
 3.57500E+00   2.16221E+00   1.04411E+00   5.33857E-01   1.15431E+00
 3.62500E+00   2.15923E+00   1.04487E+00   5.34413E-01   1.15392E+00
 3.67500E+00   2.15671E+00   1.04551E+00   5.34919E-01   1.15366E+00
 3.72500E+00   2.15457E+00   1.04604E+00   5.35380E-01   1.15351E+00
 3.77500E+00   2.15278E+00   1.04648E+00   5.35801E-01   1.15346E+00
 3.82500E+00   2.15128E+00   1.04685E+00   5.36186E-01   1.15349E+00
 3.87500E+00   2.15004E+00   1.04715E+00   5.36541E-01   1.15358E+00
 3.92500E+00   2.14901E+00   1.04740E+00   5.36868E-01   1.15374E+00
 3.97500E+00   2.14818E+00   1.04760E+00   5.37172E-01   1.15394E+00
 4.02500E+00   2.14751E+00   1.04777E+00   5.37456E-01   1.15419E+00
 4.07500E+00   2.14698E+00   1.04791E+00   5.37722E-01   1.15448E+00
 4.12500E+00   2.14657E+00   1.04802E+00   5.37972E-01   1.15480E+00
 4.17500E+00   2.14627E+00   1.04812E+00   5.38208E-01   1.15514E+00
 4.22500E+00   2.14607E+00   1.04819E+00   5.38433E-01   1.15551E+00
 4.27500E+00   2.14595E+00   1.04826E+00   5.38648E-01   1.15591E+00
 4.32500E+00   2.14590E+00   1.04831E+00   5.38853E-01   1.15633E+00
 4.37500E+00   2.14593E+00   1.04836E+00   5.39050E-01   1.15676E+00
 4.42500E+00   2.14602E+00   1.04840E+00   5.39241E-01   1.15722E+00
 4.47500E+00   2.14616E+00   1.04844E+00   5.39425E-01   1.15769E+00
 4.52500E+00   2.14636E+00   1.04847E+00   5.39603E-01   1.15819E+00
 4.57500E+00   2.14662E+00   1.04849E+00   5.39777E-01   1.15869E+00
 4.62500E+00   2.14692E+00   1.04852E+00   5.39946E-01   1.15922E+00
 4.67500E+00   2.14727E+00   1.04854E+00   5.40111E-01   1.15977E+00
 4.72500E+00   2.14767E+00   1.04856E+00   5.40274E-01   1.16033E+00
 4.77500E+00   2.14810E+00   1.04858E+00   5.40433E-01   1.16091E+00
 4.82500E+00   2.14858E+00   1.04860E+00   5.40589E-01   1.16150E+00
 4.87500E+00   2.14910E+00   1.04861E+00   5.40743E-01   1.16211E+00
 4.92500E+00   2.14966E+00   1.04863E+00   5.40895E-01   1.16274E+00
 4.97500E+00   2.15025E+00   1.04865E+00   5.41045E-01   1.16338E+00
 5.02500E+00   2.15088E+00   1.04866E+00   5.41194E-01   1.16404E+00
 5.07500E+00   2.15153E+00   1.04867E+00   5.41342E-01   1.16471E+00
 5.12500E+00   2.15221E+00   1.04869E+00   5.41489E-01   1.16540E+00
 5.17500E+00   2.15291E+00   1.04870E+00   5.41635E-01   1.16609E+00
 5.22500E+00   2.15363E+00   1.04871E+00   5.41780E-01   1.16680E+00
 5.27500E+00   2.15437E+00   1.04871E+00   5.41925E-01   1.16751E+00
 5.32500E+00   2.15511E+00   1.04872E+00   5.42070E-01   1.16822E+00
 5.37500E+00   2.15586E+00   1.04872E+00   5.42215E-01   1.16894E+00
 5.42500E+00   2.15661E+00   1.04873E+00   5.42361E-01   1.16966E+00
 5.47500E+00   2.15735E+00   1.04873E+00   5.42507E-01   1.17038E+00
 5.52500E+00   2.15808E+00   1.04873E+00   5.42654E-01   1.17109E+00
 5.57500E+00   2.15879E+00   1.04872E+00   5.42801E-01   1.17179E+00
 5.62500E+00   2.15947E+00   1.04872E+00   5.42949E-01   1.17248E+00
 5.67500E+00   2.16012E+00   1.04871E+00   5.43099E-01   1.17316E+00
 5.72500E+00   2.16073E+00   1.04870E+00   5.43250E-01   1.17382E+00
 5.77500E+00   2.16130E+00   1.04869E+00   5.43402E-01   1.17446E+00
 5.82500E+00   2.16183E+00   1.04868E+00   5.43556E-01   1.17507E+00
 5.87500E+00   2.16229E+00   1.04867E+00   5.43712E-01   1.17567E+00
 5.92500E+00   2.16271E+00   1.04865E+00   5.43869E-01   1.17623E+00
 5.97500E+00   2.16306E+00   1.04864E+00   5.44029E-01   1.17677E+00
 6.02500E+00   2.16335E+00   1.04862E+00   5.44191E-01   1.17727E+00
 6.07500E+00   2.16357E+00   1.04861E+00   5.44354E-01   1.17775E+00
 6.12500E+00   2.16374E+00   1.04860E+00   5.44520E-01   1.17820E+00
 6.17500E+00   2.16384E+00   1.04858E+00   5.44688E-01   1.17862E+00
 6.22500E+00   2.16387E+00   1.04857E+00   5.44859E-01   1.17900E+00
 6.27500E+00   2.16385E+00   1.04856E+00   5.45031E-01   1.17937E+00
 6.32500E+00   2.16377E+00   1.04855E+00   5.45206E-01   1.17970E+00
 6.37500E+00   2.16365E+00   1.04854E+00   5.45384E-01   1.18002E+00
 6.42500E+00   2.16348E+00   1.04853E+00   5.45564E-01   1.18032E+00
 6.47500E+00   2.16327E+00   1.04853E+00   5.45748E-01   1.18060E+00
 6.52500E+00   2.16303E+00   1.04852E+00   5.45934E-01   1.18087E+00
 6.57500E+00   2.16277E+00   1.04852E+00   5.46123E-01   1.18114E+00
 6.62500E+00   2.16248E+00   1.04853E+00   5.46315E-01   1.18140E+00
 6.67500E+00   2.16219E+00   1.04853E+00   5.46510E-01   1.18166E+00
 6.72500E+00   2.16190E+00   1.04853E+00   5.46709E-01   1.18193E+00
 6.77500E+00   2.16160E+00   1.04854E+00   5.46911E-01   1.18220E+00
 6.82500E+00   2.16132E+00   1.04855E+00   5.47117E-01   1.18249E+00
 6.87500E+00   2.16105E+00   1.04856E+00   5.47326E-01   1.18280E+00
 6.92500E+00   2.16081E+00   1.04857E+00   5.47539E-01   1.18313E+00
 6.97500E+00   2.16059E+00   1.04859E+00   5.47756E-01   1.18347E+00
 7.02500E+00   2.16039E+00   1.04860E+00   5.47977E-01   1.18385E+00
 7.07500E+00   2.16023E+00   1.04862E+00   5.48202E-01   1.18424E+00
 7.12500E+00   2.16011E+00   1.04864E+00   5.48431E-01   1.18467E+00
 7.17500E+00   2.16002E+00   1.04867E+00   5.48664E-01   1.18512E+00
 7.22500E+00   2.15997E+00   1.04869E+00   5.48901E-01   1.18561E+00
 7.27500E+00   2.15995E+00   1.04872E+00   5.49143E-01   1.18612E+00
 7.32500E+00   2.15997E+00   1.04875E+00   5.49390E-01   1.18667E+00
 7.37500E+00   2.16004E+00   1.04878E+00   5.49640E-01   1.18724E+00
 7.42500E+00   2.16013E+00   1.04882E+00   5.49895E-01   1.18784E+00
 7.47500E+00   2.16026E+00   1.04886E+00   5.50153E-01   1.18847E+00
 7.52500E+00   2.16042E+00   1.04891E+00   5.50415E-01   1.18913E+00
 7.57500E+00   2.16060E+00   1.04897E+00   5.50680E-01   1.18980E+00
 7.62500E+00   2.16082E+00   1.04903E+00   5.50948E-01   1.19050E+00
 7.67500E+00   2.16105E+00   1.04910E+00   5.51218E-01   1.19121E+00
 7.72500E+00   2.16129E+00   1.04918E+00   5.51491E-01   1.19193E+00
 7.77500E+00   2.16155E+00   1.04927E+00   5.51764E-01   1.19266E+00
 7.82500E+00   2.16181E+00   1.04937E+00   5.52040E-01   1.19340E+00
 7.87500E+00   2.16208E+00   1.04949E+00   5.52319E-01   1.19416E+00
 7.92500E+00   2.16237E+00   1.04962E+00   5.52602E-01   1.19493E+00
 7.97500E+00   2.16268E+00   1.04977E+00   5.52889E-01   1.19572E+00
 8.02500E+00   2.16302E+00   1.04991E+00   5.53181E-01   1.19654E+00
 8.07500E+00   2.16339E+00   1.05007E+00   5.53478E-01   1.19739E+00
 8.12500E+00   2.16379E+00   1.05023E+00   5.53780E-01   1.19827E+00
 8.17500E+00   2.16423E+00   1.05039E+00   5.54088E-01   1.19917E+00
 8.22500E+00   2.16471E+00   1.05056E+00   5.54401E-01   1.20012E+00
 8.27500E+00   2.16522E+00   1.05072E+00   5.54719E-01   1.20109E+00
 8.32500E+00   2.16577E+00   1.05089E+00   5.55043E-01   1.20210E+00
 8.37500E+00   2.16636E+00   1.05106E+00   5.55372E-01   1.20314E+00
 8.42500E+00   2.16699E+00   1.05123E+00   5.55707E-01   1.20421E+00
 8.47500E+00   2.16765E+00   1.05140E+00   5.56047E-01   1.20532E+00
 8.52500E+00   2.16836E+00   1.05157E+00   5.56393E-01   1.20646E+00
 8.57500E+00   2.16909E+00   1.05173E+00   5.56744E-01   1.20763E+00
 8.62500E+00   2.16986E+00   1.05190E+00   5.57099E-01   1.20883E+00
 8.67500E+00   2.17066E+00   1.05206E+00   5.57459E-01   1.21006E+00
 8.72500E+00   2.17150E+00   1.05222E+00   5.57823E-01   1.21131E+00
 8.77500E+00   2.17235E+00   1.05238E+00   5.58190E-01   1.21259E+00
 8.82500E+00   2.17324E+00   1.05254E+00   5.58560E-01   1.21388E+00
 8.87500E+00   2.17414E+00   1.05270E+00   5.58933E-01   1.21520E+00
 8.92500E+00   2.17506E+00   1.05285E+00   5.59308E-01   1.21653E+00
 8.97500E+00   2.17600E+00   1.05300E+00   5.59683E-01   1.21787E+00
 9.02500E+00   2.17695E+00   1.05314E+00   5.60059E-01   1.21922E+00
 9.07500E+00   2.17791E+00   1.05329E+00   5.60434E-01   1.22057E+00
 9.12500E+00   2.17887E+00   1.05343E+00   5.60808E-01   1.22193E+00
 9.17500E+00   2.17983E+00   1.05356E+00   5.61179E-01   1.22328E+00
 9.22500E+00   2.18079E+00   1.05370E+00   5.61547E-01   1.22462E+00
 9.27500E+00   2.18174E+00   1.05383E+00   5.61911E-01   1.22595E+00
 9.32500E+00   2.18268E+00   1.05395E+00   5.62270E-01   1.22726E+00
 9.37500E+00   2.18361E+00   1.05408E+00   5.62622E-01   1.22854E+00
 9.42500E+00   2.18451E+00   1.05419E+00   5.62966E-01   1.22980E+00
 9.47500E+00   2.18538E+00   1.05431E+00   5.63301E-01   1.23103E+00
 9.52500E+00   2.18623E+00   1.05442E+00   5.63626E-01   1.23221E+00
 9.57500E+00   2.18704E+00   1.05453E+00   5.63940E-01   1.23336E+00
 9.62500E+00   2.18781E+00   1.05463E+00   5.64241E-01   1.23445E+00
 9.67500E+00   2.18854E+00   1.05472E+00   5.64528E-01   1.23549E+00
 9.72500E+00   2.18922E+00   1.05481E+00   5.64801E-01   1.23648E+00
 9.77500E+00   2.18986E+00   1.05490E+00   5.65057E-01   1.23739E+00
 9.82500E+00   2.19043E+00   1.05498E+00   5.65295E-01   1.23824E+00
 9.87500E+00   2.19095E+00   1.05505E+00   5.65515E-01   1.23902E+00
 9.92500E+00   2.19141E+00   1.05512E+00   5.65715E-01   1.23971E+00
 9.97500E+00   2.19181E+00   1.05518E+00   5.65893E-01   1.24033E+00
 1.00250E+01   2.19213E+00   1.05524E+00   5.66050E-01   1.24086E+00
 1.00750E+01   2.19239E+00   1.05528E+00   5.66183E-01   1.24130E+00
 1.01250E+01   2.19258E+00   1.05533E+00   5.66293E-01   1.24164E+00
 1.01750E+01   2.19270E+00   1.05536E+00   5.66377E-01   1.24189E+00
 1.02250E+01   2.19274E+00   1.05539E+00   5.66436E-01   1.24204E+00
 1.02750E+01   2.19270E+00   1.05541E+00   5.66468E-01   1.24210E+00
 1.03250E+01   2.19259E+00   1.05542E+00   5.66473E-01   1.24204E+00
 1.03750E+01   2.19241E+00   1.05542E+00   5.66451E-01   1.24189E+00
 1.04250E+01   2.19215E+00   1.05542E+00   5.66400E-01   1.24163E+00
 1.04750E+01   2.19181E+00   1.05540E+00   5.66321E-01   1.24127E+00
 1.05250E+01   2.19140E+00   1.05538E+00   5.66213E-01   1.24080E+00
 1.05750E+01   2.19092E+00   1.05536E+00   5.66077E-01   1.24023E+00
 1.06250E+01   2.19037E+00   1.05532E+00   5.65912E-01   1.23955E+00
 1.06750E+01   2.18975E+00   1.05528E+00   5.65718E-01   1.23878E+00
 1.07250E+01   2.18906E+00   1.05523E+00   5.65496E-01   1.23791E+00
 1.07750E+01   2.18831E+00   1.05517E+00   5.65246E-01   1.23694E+00
 1.08250E+01   2.18751E+00   1.05510E+00   5.64969E-01   1.23587E+00
 1.08750E+01   2.18664E+00   1.05503E+00   5.64665E-01   1.23472E+00
 1.09250E+01   2.18572E+00   1.05495E+00   5.64336E-01   1.23348E+00
 1.09750E+01   2.18476E+00   1.05486E+00   5.63982E-01   1.23216E+00
 1.10250E+01   2.18375E+00   1.05476E+00   5.63604E-01   1.23077E+00
 1.10750E+01   2.18269E+00   1.05466E+00   5.63203E-01   1.22930E+00
 1.11250E+01   2.18160E+00   1.05456E+00   5.62781E-01   1.22776E+00
 1.11750E+01   2.18048E+00   1.05444E+00   5.62338E-01   1.22617E+00
 1.12250E+01   2.17933E+00   1.05432E+00   5.61875E-01   1.22451E+00
 1.12750E+01   2.17816E+00   1.05420E+00   5.61396E-01   1.22281E+00
 1.13250E+01   2.17697E+00   1.05407E+00   5.60900E-01   1.22106E+00
 1.13750E+01   2.17576E+00   1.05394E+00   5.60389E-01   1.21927E+00
 1.14250E+01   2.17454E+00   1.05381E+00   5.59865E-01   1.21745E+00
 1.14750E+01   2.17331E+00   1.05367E+00   5.59330E-01   1.21560E+00
 1.15250E+01   2.17208E+00   1.05352E+00   5.58785E-01   1.21373E+00
 1.15750E+01   2.17086E+00   1.05338E+00   5.58231E-01   1.21184E+00
 1.16250E+01   2.16964E+00   1.05323E+00   5.57671E-01   1.20994E+00
 1.16750E+01   2.16842E+00   1.05309E+00   5.57106E-01   1.20804E+00
 1.17250E+01   2.16722E+00   1.05294E+00   5.56537E-01   1.20614E+00
 1.17750E+01   2.16603E+00   1.05279E+00   5.55966E-01   1.20424E+00
 1.18250E+01   2.16487E+00   1.05264E+00   5.55394E-01   1.20235E+00
 1.18750E+01   2.16372E+00   1.05249E+00   5.54823E-01   1.20048E+00
 1.19250E+01   2.16260E+00   1.05234E+00   5.54254E-01   1.19863E+00
 1.19750E+01   2.16150E+00   1.05219E+00   5.53689E-01   1.19680E+00
 1.20250E+01   2.16044E+00   1.05204E+00   5.53128E-01   1.19500E+00
 1.20750E+01   2.15940E+00   1.05190E+00   5.52574E-01   1.19323E+00
 1.21250E+01   2.15840E+00   1.05175E+00   5.52026E-01   1.19149E+00
 1.21750E+01   2.15742E+00   1.05161E+00   5.51487E-01   1.18979E+00
 1.22250E+01   2.15649E+00   1.05147E+00   5.50957E-01   1.18813E+00
 1.22750E+01   2.15559E+00   1.05133E+00   5.50436E-01   1.18651E+00
 1.23250E+01   2.15472E+00   1.05120E+00   5.49926E-01   1.18494E+00
 1.23750E+01   2.15389E+00   1.05107E+00   5.49428E-01   1.18341E+00
 1.24250E+01   2.15310E+00   1.05094E+00   5.48941E-01   1.18193E+00
 1.24750E+01   2.15235E+00   1.05082E+00   5.48467E-01   1.18049E+00
 1.25250E+01   2.15164E+00   1.05070E+00   5.48006E-01   1.17911E+00
 1.25750E+01   2.15096E+00   1.05058E+00   5.47559E-01   1.17778E+00
 1.26250E+01   2.15032E+00   1.05047E+00   5.47126E-01   1.17650E+00
 1.26750E+01   2.14972E+00   1.05036E+00   5.46706E-01   1.17526E+00
 1.27250E+01   2.14915E+00   1.05025E+00   5.46301E-01   1.17408E+00
 1.27750E+01   2.14862E+00   1.05015E+00   5.45911E-01   1.17295E+00
 1.28250E+01   2.14812E+00   1.05005E+00   5.45535E-01   1.17188E+00
 1.28750E+01   2.14766E+00   1.04996E+00   5.45174E-01   1.17085E+00
 1.29250E+01   2.14723E+00   1.04987E+00   5.44827E-01   1.16987E+00
 1.29750E+01   2.14683E+00   1.04978E+00   5.44496E-01   1.16894E+00
 1.30250E+01   2.14646E+00   1.04970E+00   5.44179E-01   1.16806E+00
 1.30750E+01   2.14612E+00   1.04962E+00   5.43877E-01   1.16722E+00
 1.31250E+01   2.14581E+00   1.04955E+00   5.43589E-01   1.16644E+00
 1.31750E+01   2.14552E+00   1.04948E+00   5.43316E-01   1.16569E+00
 1.32250E+01   2.14526E+00   1.04941E+00   5.43056E-01   1.16499E+00
 1.32750E+01   2.14502E+00   1.04935E+00   5.42811E-01   1.16434E+00
 1.33250E+01   2.14480E+00   1.04929E+00   5.42579E-01   1.16373E+00
 1.33750E+01   2.14461E+00   1.04923E+00   5.42361E-01   1.16315E+00
 1.34250E+01   2.14443E+00   1.04918E+00   5.42155E-01   1.16261E+00
 1.34750E+01   2.14427E+00   1.04913E+00   5.41963E-01   1.16211E+00
 1.35250E+01   2.14412E+00   1.04908E+00   5.41783E-01   1.16165E+00
 1.35750E+01   2.14399E+00   1.04904E+00   5.41615E-01   1.16122E+00
 1.36250E+01   2.14388E+00   1.04900E+00   5.41458E-01   1.16082E+00
 1.36750E+01   2.14377E+00   1.04896E+00   5.41313E-01   1.16045E+00
 1.37250E+01   2.14368E+00   1.04893E+00   5.41180E-01   1.16012E+00
 1.37750E+01   2.14359E+00   1.04890E+00   5.41057E-01   1.15981E+00
 1.38250E+01   2.14352E+00   1.04887E+00   5.40945E-01   1.15952E+00
 1.38750E+01   2.14345E+00   1.04884E+00   5.40842E-01   1.15927E+00
 1.39250E+01   2.14339E+00   1.04882E+00   5.40750E-01   1.15904E+00
 1.39750E+01   2.14333E+00   1.04879E+00   5.40667E-01   1.15883E+00
 1.40250E+01   2.14328E+00   1.04877E+00   5.40593E-01   1.15864E+00
 1.40750E+01   2.14323E+00   1.04876E+00   5.40529E-01   1.15848E+00
 1.41250E+01   2.14318E+00   1.04874E+00   5.40473E-01   1.15833E+00
 1.41750E+01   2.14314E+00   1.04873E+00   5.40425E-01   1.15821E+00
 1.42250E+01   2.14310E+00   1.04872E+00   5.40385E-01   1.15810E+00
 1.42750E+01   2.14305E+00   1.04871E+00   5.40353E-01   1.15800E+00
 1.43250E+01   2.14301E+00   1.04870E+00   5.40328E-01   1.15793E+00
 1.43750E+01   2.14297E+00   1.04869E+00   5.40309E-01   1.15787E+00
 1.44250E+01   2.14293E+00   1.04869E+00   5.40298E-01   1.15782E+00
 1.44750E+01   2.14289E+00   1.04868E+00   5.40291E-01   1.15778E+00
 1.45250E+01   2.14284E+00   1.04868E+00   5.40290E-01   1.15776E+00
 1.45750E+01   2.14279E+00   1.04868E+00   5.40294E-01   1.15774E+00
 1.46250E+01   2.14274E+00   1.04868E+00   5.40301E-01   1.15773E+00
 1.46750E+01   2.14269E+00   1.04868E+00   5.40313E-01   1.15772E+00
 1.47250E+01   2.14263E+00   1.04868E+00   5.40328E-01   1.15772E+00
 1.47750E+01   2.14257E+00   1.04868E+00   5.40347E-01   1.15773E+00
 1.48250E+01   2.14250E+00   1.04869E+00   5.40368E-01   1.15774E+00
 1.48750E+01   2.14243E+00   1.04870E+00   5.40391E-01   1.15775E+00
 1.49250E+01   2.14235E+00   1.04870E+00   5.40418E-01   1.15776E+00
 1.49750E+01   2.14227E+00   1.04871E+00   5.40446E-01   1.15778E+00
 1.50250E+01   2.14219E+00   1.04872E+00   5.40477E-01   1.15781E+00
 1.50750E+01   2.14211E+00   1.04873E+00   5.40509E-01   1.15783E+00
 1.51250E+01   2.14203E+00   1.04875E+00   5.40543E-01   1.15786E+00
 1.51750E+01   2.14195E+00   1.04876E+00   5.40579E-01   1.15790E+00
 1.52250E+01   2.14188E+00   1.04877E+00   5.40617E-01   1.15793E+00
 1.52750E+01   2.14180E+00   1.04878E+00   5.40656E-01   1.15798E+00
 1.53250E+01   2.14173E+00   1.04880E+00   5.40697E-01   1.15803E+00
 1.53750E+01   2.14166E+00   1.04881E+00   5.40739E-01   1.15808E+00
 1.54250E+01   2.14160E+00   1.04883E+00   5.40783E-01   1.15814E+00
 1.54750E+01   2.14155E+00   1.04884E+00   5.40828E-01   1.15821E+00
 1.55250E+01   2.14150E+00   1.04886E+00   5.40874E-01   1.15828E+00
 1.55750E+01   2.14146E+00   1.04887E+00   5.40921E-01   1.15836E+00
 1.56250E+01   2.14143E+00   1.04889E+00   5.40969E-01   1.15845E+00
 1.56750E+01   2.14140E+00   1.04891E+00   5.41018E-01   1.15854E+00
 1.57250E+01   2.14139E+00   1.04892E+00   5.41068E-01   1.15864E+00
 1.57750E+01   2.14138E+00   1.04894E+00   5.41120E-01   1.15874E+00
 1.58250E+01   2.14138E+00   1.04895E+00   5.41172E-01   1.15886E+00
 1.58750E+01   2.14140E+00   1.04897E+00   5.41226E-01   1.15898E+00
 1.59250E+01   2.14142E+00   1.04899E+00   5.41280E-01   1.15911E+00
 1.59750E+01   2.14146E+00   1.04900E+00   5.41336E-01   1.15925E+00
 1.60250E+01   2.14150E+00   1.04902E+00   5.41392E-01   1.15939E+00
 1.60750E+01   2.14156E+00   1.04904E+00   5.41449E-01   1.15955E+00
 1.61250E+01   2.14163E+00   1.04905E+00   5.41507E-01   1.15971E+00
 1.61750E+01   2.14171E+00   1.04907E+00   5.41566E-01   1.15988E+00
 1.62250E+01   2.14180E+00   1.04909E+00   5.41625E-01   1.16005E+00
 1.62750E+01   2.14190E+00   1.04911E+00   5.41686E-01   1.16024E+00
 1.63250E+01   2.14201E+00   1.04912E+00   5.41747E-01   1.16043E+00
 1.63750E+01   2.14214E+00   1.04914E+00   5.41809E-01   1.16063E+00
 1.64250E+01   2.14227E+00   1.04916E+00   5.41872E-01   1.16084E+00
 1.64750E+01   2.14242E+00   1.04918E+00   5.41936E-01   1.16105E+00
 1.65250E+01   2.14258E+00   1.04919E+00   5.42000E-01   1.16128E+00
 1.65750E+01   2.14274E+00   1.04921E+00   5.42065E-01   1.16151E+00
 1.66250E+01   2.14292E+00   1.04923E+00   5.42131E-01   1.16174E+00
 1.66750E+01   2.14310E+00   1.04925E+00   5.42198E-01   1.16198E+00
 1.67250E+01   2.14329E+00   1.04927E+00   5.42265E-01   1.16223E+00
 1.67750E+01   2.14350E+00   1.04929E+00   5.42334E-01   1.16249E+00
 1.68250E+01   2.14370E+00   1.04931E+00   5.42402E-01   1.16275E+00
 1.68750E+01   2.14392E+00   1.04932E+00   5.42472E-01   1.16302E+00
 1.69250E+01   2.14414E+00   1.04934E+00   5.42542E-01   1.16329E+00
 1.69750E+01   2.14437E+00   1.04936E+00   5.42613E-01   1.16357E+00
 1.70250E+01   2.14461E+00   1.04938E+00   5.42686E-01   1.16385E+00
 1.70750E+01   2.14485E+00   1.04940E+00   5.42759E-01   1.16413E+00
 1.71250E+01   2.14509E+00   1.04942E+00   5.42832E-01   1.16443E+00
 1.71750E+01   2.14534E+00   1.04944E+00   5.42907E-01   1.16472E+00
 1.72250E+01   2.14559E+00   1.04946E+00   5.42983E-01   1.16502E+00
 1.72750E+01   2.14585E+00   1.04949E+00   5.43059E-01   1.16532E+00
 1.73250E+01   2.14610E+00   1.04951E+00   5.43137E-01   1.16563E+00
 1.73750E+01   2.14636E+00   1.04953E+00   5.43215E-01   1.16594E+00
 1.74250E+01   2.14662E+00   1.04955E+00   5.43295E-01   1.16625E+00
 1.74750E+01   2.14688E+00   1.04957E+00   5.43375E-01   1.16656E+00
 1.75250E+01   2.14714E+00   1.04959E+00   5.43456E-01   1.16688E+00
 1.75750E+01   2.14740E+00   1.04961E+00   5.43539E-01   1.16720E+00
 1.76250E+01   2.14766E+00   1.04964E+00   5.43623E-01   1.16752E+00
 1.76750E+01   2.14792E+00   1.04966E+00   5.43708E-01   1.16784E+00
 1.77250E+01   2.14817E+00   1.04968E+00   5.43794E-01   1.16816E+00
 1.77750E+01   2.14843E+00   1.04970E+00   5.43881E-01   1.16849E+00
 1.78250E+01   2.14868E+00   1.04973E+00   5.43970E-01   1.16882E+00
 1.78750E+01   2.14892E+00   1.04975E+00   5.44060E-01   1.16914E+00
 1.79250E+01   2.14917E+00   1.04978E+00   5.44151E-01   1.16947E+00
 1.79750E+01   2.14941E+00   1.04980E+00   5.44244E-01   1.16980E+00
 1.80250E+01   2.14965E+00   1.04983E+00   5.44338E-01   1.17014E+00
 1.80750E+01   2.14988E+00   1.04985E+00   5.44434E-01   1.17047E+00
 1.81250E+01   2.15011E+00   1.04988E+00   5.44532E-01   1.17080E+00
 1.81750E+01   2.15034E+00   1.04990E+00   5.44631E-01   1.17114E+00
 1.82250E+01   2.15056E+00   1.04993E+00   5.44731E-01   1.17148E+00
 1.82750E+01   2.15078E+00   1.04995E+00   5.44833E-01   1.17181E+00
 1.83250E+01   2.15099E+00   1.04998E+00   5.44937E-01   1.17215E+00
 1.83750E+01   2.15120E+00   1.05001E+00   5.45043E-01   1.17250E+00
 1.84250E+01   2.15141E+00   1.05004E+00   5.45150E-01   1.17284E+00
 1.84750E+01   2.15162E+00   1.05007E+00   5.45260E-01   1.17319E+00
 1.85250E+01   2.15182E+00   1.05009E+00   5.45371E-01   1.17354E+00
 1.85750E+01   2.15201E+00   1.05012E+00   5.45485E-01   1.17389E+00
 1.86250E+01   2.15221E+00   1.05015E+00   5.45601E-01   1.17425E+00
 1.86750E+01   2.15240E+00   1.05018E+00   5.45719E-01   1.17461E+00
 1.87250E+01   2.15259E+00   1.05021E+00   5.45839E-01   1.17497E+00
 1.87750E+01   2.15278E+00   1.05025E+00   5.45961E-01   1.17534E+00
 1.88250E+01   2.15297E+00   1.05028E+00   5.46086E-01   1.17571E+00
 1.88750E+01   2.15316E+00   1.05031E+00   5.46213E-01   1.17608E+00
 1.89250E+01   2.15335E+00   1.05034E+00   5.46343E-01   1.17647E+00
 1.89750E+01   2.15354E+00   1.05038E+00   5.46475E-01   1.17685E+00
 1.90250E+01   2.15373E+00   1.05041E+00   5.46609E-01   1.17725E+00
 1.90750E+01   2.15392E+00   1.05045E+00   5.46747E-01   1.17765E+00
 1.91250E+01   2.15411E+00   1.05048E+00   5.46887E-01   1.17806E+00
 1.91750E+01   2.15431E+00   1.05052E+00   5.47031E-01   1.17847E+00
 1.92250E+01   2.15451E+00   1.05056E+00   5.47176E-01   1.17890E+00
 1.92750E+01   2.15472E+00   1.05059E+00   5.47325E-01   1.17933E+00
 1.93250E+01   2.15492E+00   1.05063E+00   5.47477E-01   1.17977E+00
 1.93750E+01   2.15514E+00   1.05067E+00   5.47633E-01   1.18022E+00
 1.94250E+01   2.15536E+00   1.05071E+00   5.47791E-01   1.18069E+00
 1.94750E+01   2.15559E+00   1.05076E+00   5.47953E-01   1.18116E+00
 1.95250E+01   2.15582E+00   1.05080E+00   5.48117E-01   1.18164E+00
 1.95750E+01   2.15606E+00   1.05084E+00   5.48285E-01   1.18213E+00
 1.96250E+01   2.15631E+00   1.05088E+00   5.48457E-01   1.18264E+00
 1.96750E+01   2.15656E+00   1.05093E+00   5.48632E-01   1.18316E+00
 1.97250E+01   2.15683E+00   1.05098E+00   5.48810E-01   1.18369E+00
 1.97750E+01   2.15711E+00   1.05102E+00   5.48992E-01   1.18424E+00
 1.98250E+01   2.15739E+00   1.05107E+00   5.49178E-01   1.18479E+00
 1.98750E+01   2.15769E+00   1.05112E+00   5.49367E-01   1.18536E+00
 1.99250E+01   2.15800E+00   1.05117E+00   5.49560E-01   1.18595E+00
 1.99750E+01   2.15832E+00   1.05122E+00   5.49757E-01   1.18655E+00
 2.00250E+01   2.15864E+00   1.05127E+00   5.49957E-01   1.18716E+00
 2.00750E+01   2.15899E+00   1.05132E+00   5.50161E-01   1.18779E+00
 2.01250E+01   2.15934E+00   1.05138E+00   5.50368E-01   1.18843E+00
 2.01750E+01   2.15970E+00   1.05143E+00   5.50579E-01   1.18909E+00
 2.02250E+01   2.16008E+00   1.05148E+00   5.50794E-01   1.18976E+00
 2.02750E+01   2.16047E+00   1.05154E+00   5.51013E-01   1.19044E+00
 2.03250E+01   2.16087E+00   1.05160E+00   5.51235E-01   1.19114E+00
 2.03750E+01   2.16128E+00   1.05166E+00   5.51460E-01   1.19186E+00
 2.04250E+01   2.16170E+00   1.05171E+00   5.51689E-01   1.19259E+00
 2.04750E+01   2.16213E+00   1.05177E+00   5.51922E-01   1.19333E+00
 2.05250E+01   2.16258E+00   1.05184E+00   5.52158E-01   1.19408E+00
 2.05750E+01   2.16304E+00   1.05190E+00   5.52397E-01   1.19485E+00
 2.06250E+01   2.16350E+00   1.05196E+00   5.52639E-01   1.19564E+00
 2.06750E+01   2.16398E+00   1.05202E+00   5.52884E-01   1.19643E+00
 2.07250E+01   2.16447E+00   1.05209E+00   5.53132E-01   1.19724E+00
 2.07750E+01   2.16496E+00   1.05215E+00   5.53383E-01   1.19805E+00
 2.08250E+01   2.16547E+00   1.05222E+00   5.53636E-01   1.19888E+00
 2.08750E+01   2.16598E+00   1.05228E+00   5.53891E-01   1.19972E+00
 2.09250E+01   2.16650E+00   1.05235E+00   5.54149E-01   1.20056E+00
 2.09750E+01   2.16703E+00   1.05242E+00   5.54408E-01   1.20142E+00
 2.10250E+01   2.16756E+00   1.05249E+00   5.54669E-01   1.20228E+00
 2.10750E+01   2.16810E+00   1.05256E+00   5.54932E-01   1.20315E+00
 2.11250E+01   2.16865E+00   1.05262E+00   5.55195E-01   1.20402E+00
 2.11750E+01   2.16920E+00   1.05269E+00   5.55460E-01   1.20490E+00
 2.12250E+01   2.16975E+00   1.05276E+00   5.55726E-01   1.20578E+00
 2.12750E+01   2.17030E+00   1.05283E+00   5.55992E-01   1.20667E+00
 2.13250E+01   2.17086E+00   1.05290E+00   5.56258E-01   1.20756E+00
 2.13750E+01   2.17141E+00   1.05297E+00   5.56523E-01   1.20844E+00
 2.14250E+01   2.17196E+00   1.05304E+00   5.56788E-01   1.20932E+00
 2.14750E+01   2.17251E+00   1.05311E+00   5.57052E-01   1.21020E+00
 2.15250E+01   2.17306E+00   1.05318E+00   5.57314E-01   1.21108E+00
 2.15750E+01   2.17360E+00   1.05325E+00   5.57575E-01   1.21194E+00
 2.16250E+01   2.17414E+00   1.05332E+00   5.57833E-01   1.21281E+00
 2.16750E+01   2.17467E+00   1.05338E+00   5.58089E-01   1.21366E+00
 2.17250E+01   2.17519E+00   1.05345E+00   5.58341E-01   1.21450E+00
 2.17750E+01   2.17571E+00   1.05352E+00   5.58590E-01   1.21533E+00
 2.18250E+01   2.17621E+00   1.05358E+00   5.58836E-01   1.21614E+00
 2.18750E+01   2.17670E+00   1.05365E+00   5.59076E-01   1.21694E+00
 2.19250E+01   2.17719E+00   1.05371E+00   5.59312E-01   1.21772E+00
 2.19750E+01   2.17765E+00   1.05377E+00   5.59542E-01   1.21849E+00
 2.20250E+01   2.17811E+00   1.05383E+00   5.59766E-01   1.21923E+00
 2.20750E+01   2.17854E+00   1.05389E+00   5.59983E-01   1.21995E+00
 2.21250E+01   2.17896E+00   1.05395E+00   5.60194E-01   1.22064E+00
 2.21750E+01   2.17936E+00   1.05400E+00   5.60397E-01   1.22131E+00
 2.22250E+01   2.17974E+00   1.05405E+00   5.60592E-01   1.22195E+00
 2.22750E+01   2.18011E+00   1.05411E+00   5.60778E-01   1.22256E+00
 2.23250E+01   2.18045E+00   1.05415E+00   5.60956E-01   1.22313E+00
 2.23750E+01   2.18077E+00   1.05420E+00   5.61123E-01   1.22368E+00
 2.24250E+01   2.18106E+00   1.05424E+00   5.61281E-01   1.22419E+00
 2.24750E+01   2.18133E+00   1.05429E+00   5.61428E-01   1.22466E+00
 2.25250E+01   2.18157E+00   1.05432E+00   5.61564E-01   1.22509E+00
 2.25750E+01   2.18179E+00   1.05436E+00   5.61688E-01   1.22549E+00
 2.26250E+01   2.18198E+00   1.05439E+00   5.61799E-01   1.22584E+00
 2.26750E+01   2.18215E+00   1.05442E+00   5.61899E-01   1.22615E+00
 2.27250E+01   2.18228E+00   1.05445E+00   5.61985E-01   1.22641E+00
 2.27750E+01   2.18239E+00   1.05447E+00   5.62058E-01   1.22663E+00
 2.28250E+01   2.18247E+00   1.05449E+00   5.62117E-01   1.22680E+00
 2.28750E+01   2.18251E+00   1.05451E+00   5.62162E-01   1.22693E+00
 2.29250E+01   2.18253E+00   1.05452E+00   5.62192E-01   1.22700E+00
 2.29750E+01   2.18252E+00   1.05453E+00   5.62208E-01   1.22703E+00
 2.30250E+01   2.18247E+00   1.05453E+00   5.62208E-01   1.22700E+00
 2.30750E+01   2.18239E+00   1.05453E+00   5.62193E-01   1.22692E+00
 2.31250E+01   2.18228E+00   1.05453E+00   5.62161E-01   1.22680E+00
 2.31750E+01   2.18214E+00   1.05452E+00   5.62114E-01   1.22661E+00
 2.32250E+01   2.18197E+00   1.05451E+00   5.62051E-01   1.22638E+00
 2.32750E+01   2.18176E+00   1.05449E+00   5.61971E-01   1.22609E+00
 2.33250E+01   2.18153E+00   1.05447E+00   5.61875E-01   1.22575E+00
 2.33750E+01   2.18126E+00   1.05445E+00   5.61763E-01   1.22535E+00
 2.34250E+01   2.18096E+00   1.05442E+00   5.61635E-01   1.22490E+00
 2.34750E+01   2.18063E+00   1.05439E+00   5.61490E-01   1.22440E+00
 2.35250E+01   2.18028E+00   1.05435E+00   5.61329E-01   1.22385E+00
 2.35750E+01   2.17989E+00   1.05431E+00   5.61153E-01   1.22325E+00
 2.36250E+01   2.17947E+00   1.05427E+00   5.60960E-01   1.22260E+00
 2.36750E+01   2.17903E+00   1.05422E+00   5.60752E-01   1.22189E+00
 2.37250E+01   2.17856E+00   1.05416E+00   5.60528E-01   1.22114E+00
 2.37750E+01   2.17806E+00   1.05411E+00   5.60290E-01   1.22035E+00
 2.38250E+01   2.17754E+00   1.05404E+00   5.60037E-01   1.21950E+00
 2.38750E+01   2.17699E+00   1.05398E+00   5.59771E-01   1.21862E+00
 2.39250E+01   2.17642E+00   1.05391E+00   5.59490E-01   1.21769E+00
 2.39750E+01   2.17583E+00   1.05384E+00   5.59197E-01   1.21672E+00
 2.40250E+01   2.17522E+00   1.05376E+00   5.58891E-01   1.21571E+00
 2.40750E+01   2.17459E+00   1.05369E+00   5.58573E-01   1.21467E+00
 2.41250E+01   2.17394E+00   1.05360E+00   5.58244E-01   1.21359E+00
 2.41750E+01   2.17328E+00   1.05352E+00   5.57905E-01   1.21248E+00
 2.42250E+01   2.17260E+00   1.05343E+00   5.57555E-01   1.21134E+00
 2.42750E+01   2.17190E+00   1.05334E+00   5.57196E-01   1.21018E+00
 2.43250E+01   2.17120E+00   1.05325E+00   5.56829E-01   1.20898E+00
 2.43750E+01   2.17048E+00   1.05316E+00   5.56453E-01   1.20777E+00
 2.44250E+01   2.16975E+00   1.05306E+00   5.56071E-01   1.20654E+00
 2.44750E+01   2.16902E+00   1.05296E+00   5.55682E-01   1.20528E+00
 2.45250E+01   2.16828E+00   1.05286E+00   5.55288E-01   1.20402E+00
 2.45750E+01   2.16753E+00   1.05276E+00   5.54889E-01   1.20274E+00
 2.46250E+01   2.16678E+00   1.05266E+00   5.54486E-01   1.20145E+00
 2.46750E+01   2.16603E+00   1.05255E+00   5.54080E-01   1.20016E+00
 2.47250E+01   2.16528E+00   1.05245E+00   5.53671E-01   1.19885E+00
 2.47750E+01   2.16453E+00   1.05234E+00   5.53261E-01   1.19755E+00
 2.48250E+01   2.16378E+00   1.05224E+00   5.52851E-01   1.19625E+00
 2.48750E+01   2.16303E+00   1.05213E+00   5.52440E-01   1.19495E+00
 2.49250E+01   2.16229E+00   1.05203E+00   5.52030E-01   1.19365E+00
 2.49750E+01   2.16156E+00   1.05192E+00   5.51622E-01   1.19236E+00
 2.50250E+01   2.16083E+00   1.05181E+00   5.51215E-01   1.19108E+00
 2.50750E+01   2.16011E+00   1.05171E+00   5.50812E-01   1.18981E+00
 2.51250E+01   2.15940E+00   1.05161E+00   5.50412E-01   1.18856E+00
 2.51750E+01   2.15869E+00   1.05150E+00   5.50017E-01   1.18732E+00
 2.52250E+01   2.15800E+00   1.05140E+00   5.49626E-01   1.18609E+00
 2.52750E+01   2.15732E+00   1.05130E+00   5.49241E-01   1.18489E+00
 2.53250E+01   2.15666E+00   1.05120E+00   5.48861E-01   1.18371E+00
 2.53750E+01   2.15601E+00   1.05111E+00   5.48488E-01   1.18254E+00
 2.54250E+01   2.15537E+00   1.05101E+00   5.48123E-01   1.18141E+00
 2.54750E+01   2.15474E+00   1.05092E+00   5.47765E-01   1.18029E+00
 2.55250E+01   2.15413E+00   1.05083E+00   5.47414E-01   1.17920E+00
 2.55750E+01   2.15354E+00   1.05074E+00   5.47073E-01   1.17814E+00
 2.56250E+01   2.15297E+00   1.05065E+00   5.46739E-01   1.17711E+00
 2.56750E+01   2.15241E+00   1.05056E+00   5.46415E-01   1.17611E+00
 2.57250E+01   2.15186E+00   1.05048E+00   5.46099E-01   1.17513E+00
 2.57750E+01   2.15134E+00   1.05040E+00   5.45793E-01   1.17419E+00
 2.58250E+01   2.15083E+00   1.05032E+00   5.45496E-01   1.17327E+00
 2.58750E+01   2.15034E+00   1.05025E+00   5.45210E-01   1.17239E+00
 2.59250E+01   2.14987E+00   1.05018E+00   5.44933E-01   1.17153E+00
 2.59750E+01   2.14941E+00   1.05011E+00   5.44667E-01   1.17071E+00
 2.60250E+01   2.14897E+00   1.05004E+00   5.44410E-01   1.16992E+00
 2.60750E+01   2.14855E+00   1.04997E+00   5.44164E-01   1.16916E+00
 2.61250E+01   2.14814E+00   1.04991E+00   5.43927E-01   1.16843E+00
 2.61750E+01   2.14775E+00   1.04985E+00   5.43700E-01   1.16773E+00
 2.62250E+01   2.14738E+00   1.04979E+00   5.43484E-01   1.16707E+00
 2.62750E+01   2.14703E+00   1.04974E+00   5.43276E-01   1.16643E+00
 2.63250E+01   2.14669E+00   1.04969E+00   5.43079E-01   1.16582E+00
 2.63750E+01   2.14636E+00   1.04964E+00   5.42892E-01   1.16524E+00
 2.64250E+01   2.14606E+00   1.04959E+00   5.42714E-01   1.16469E+00
 2.64750E+01   2.14576E+00   1.04955E+00   5.42545E-01   1.16417E+00
 2.65250E+01   2.14549E+00   1.04951E+00   5.42385E-01   1.16368E+00
 2.65750E+01   2.14523E+00   1.04947E+00   5.42235E-01   1.16322E+00
 2.66250E+01   2.14498E+00   1.04943E+00   5.42093E-01   1.16278E+00
 2.66750E+01   2.14474E+00   1.04939E+00   5.41960E-01   1.16237E+00
 2.67250E+01   2.14453E+00   1.04936E+00   5.41836E-01   1.16198E+00
 2.67750E+01   2.14432E+00   1.04933E+00   5.41720E-01   1.16162E+00
 2.68250E+01   2.14412E+00   1.04930E+00   5.41612E-01   1.16128E+00
 2.68750E+01   2.14394E+00   1.04928E+00   5.41511E-01   1.16097E+00
 2.69250E+01   2.14377E+00   1.04925E+00   5.41418E-01   1.16068E+00
 2.69750E+01   2.14362E+00   1.04923E+00   5.41333E-01   1.16041E+00
 2.70250E+01   2.14347E+00   1.04921E+00   5.41255E-01   1.16016E+00
 2.70750E+01   2.14334E+00   1.04919E+00   5.41183E-01   1.15994E+00
 2.71250E+01   2.14321E+00   1.04918E+00   5.41118E-01   1.15973E+00
 2.71750E+01   2.14310E+00   1.04916E+00   5.41060E-01   1.15955E+00
 2.72250E+01   2.14300E+00   1.04915E+00   5.41007E-01   1.15938E+00
 2.72750E+01   2.14290E+00   1.04914E+00   5.40961E-01   1.15923E+00
 2.73250E+01   2.14282E+00   1.04913E+00   5.40920E-01   1.15909E+00
 2.73750E+01   2.14275E+00   1.04912E+00   5.40884E-01   1.15898E+00
 2.74250E+01   2.14268E+00   1.04911E+00   5.40853E-01   1.15888E+00
 2.74750E+01   2.14263E+00   1.04910E+00   5.40828E-01   1.15879E+00
 2.75250E+01   2.14258E+00   1.04910E+00   5.40807E-01   1.15872E+00
 2.75750E+01   2.14254E+00   1.04910E+00   5.40791E-01   1.15867E+00
 2.76250E+01   2.14251E+00   1.04909E+00   5.40779E-01   1.15863E+00
 2.76750E+01   2.14249E+00   1.04909E+00   5.40771E-01   1.15860E+00
 2.77250E+01   2.14247E+00   1.04909E+00   5.40768E-01   1.15858E+00
 2.77750E+01   2.14247E+00   1.04909E+00   5.40768E-01   1.15858E+00
 2.78250E+01   2.14247E+00   1.04909E+00   5.40772E-01   1.15859E+00
 2.78750E+01   2.14247E+00   1.04910E+00   5.40780E-01   1.15861E+00
 2.79250E+01   2.14249E+00   1.04910E+00   5.40792E-01   1.15864E+00
 2.79750E+01   2.14251E+00   1.04911E+00   5.40806E-01   1.15868E+00
 2.80250E+01   2.14254E+00   1.04911E+00   5.40824E-01   1.15874E+00
 2.80750E+01   2.14257E+00   1.04912E+00   5.40845E-01   1.15880E+00
 2.81250E+01   2.14261E+00   1.04912E+00   5.40868E-01   1.15887E+00
 2.81750E+01   2.14265E+00   1.04913E+00   5.40894E-01   1.15895E+00
 2.82250E+01   2.14270E+00   1.04914E+00   5.40923E-01   1.15904E+00
 2.82750E+01   2.14276E+00   1.04915E+00   5.40954E-01   1.15913E+00
 2.83250E+01   2.14282E+00   1.04916E+00   5.40987E-01   1.15924E+00
 2.83750E+01   2.14289E+00   1.04917E+00   5.41022E-01   1.15935E+00
 2.84250E+01   2.14296E+00   1.04918E+00   5.41059E-01   1.15947E+00
 2.84750E+01   2.14303E+00   1.04919E+00   5.41099E-01   1.15959E+00
 2.85250E+01   2.14311E+00   1.04920E+00   5.41140E-01   1.15972E+00
 2.85750E+01   2.14320E+00   1.04921E+00   5.41183E-01   1.15986E+00
 2.86250E+01   2.14329E+00   1.04923E+00   5.41227E-01   1.16001E+00
 2.86750E+01   2.14338E+00   1.04924E+00   5.41274E-01   1.16016E+00
 2.87250E+01   2.14348E+00   1.04925E+00   5.41322E-01   1.16031E+00
 2.87750E+01   2.14358E+00   1.04927E+00   5.41371E-01   1.16047E+00
 2.88250E+01   2.14368E+00   1.04928E+00   5.41422E-01   1.16064E+00
 2.88750E+01   2.14379E+00   1.04930E+00   5.41474E-01   1.16081E+00
 2.89250E+01   2.14391E+00   1.04931E+00   5.41528E-01   1.16098E+00
 2.89750E+01   2.14402E+00   1.04933E+00   5.41583E-01   1.16116E+00
 2.90250E+01   2.14414E+00   1.04935E+00   5.41639E-01   1.16135E+00
 2.90750E+01   2.14426E+00   1.04936E+00   5.41697E-01   1.16154E+00
 2.91250E+01   2.14439E+00   1.04938E+00   5.41755E-01   1.16173E+00
 2.91750E+01   2.14451E+00   1.04940E+00   5.41815E-01   1.16193E+00
 2.92250E+01   2.14465E+00   1.04941E+00   5.41876E-01   1.16213E+00
 2.92750E+01   2.14478E+00   1.04943E+00   5.41938E-01   1.16234E+00
 2.93250E+01   2.14492E+00   1.04945E+00   5.42001E-01   1.16255E+00
 2.93750E+01   2.14505E+00   1.04947E+00   5.42065E-01   1.16276E+00
 2.94250E+01   2.14520E+00   1.04949E+00   5.42130E-01   1.16297E+00
 2.94750E+01   2.14534E+00   1.04951E+00   5.42196E-01   1.16319E+00
 2.95250E+01   2.14549E+00   1.04953E+00   5.42263E-01   1.16342E+00
 2.95750E+01   2.14563E+00   1.04955E+00   5.42331E-01   1.16364E+00
 2.96250E+01   2.14578E+00   1.04957E+00   5.42400E-01   1.16387E+00
 2.96750E+01   2.14594E+00   1.04959E+00   5.42471E-01   1.16411E+00
 2.97250E+01   2.14609E+00   1.04961E+00   5.42542E-01   1.16434E+00
 2.97750E+01   2.14625E+00   1.04963E+00   5.42614E-01   1.16458E+00
 2.98250E+01   2.14640E+00   1.04965E+00   5.42688E-01   1.16483E+00
 2.98750E+01   2.14656E+00   1.04968E+00   5.42762E-01   1.16507E+00
 2.99250E+01   2.14673E+00   1.04970E+00   5.42838E-01   1.16532E+00
 2.99750E+01   2.14689E+00   1.04972E+00   5.42914E-01   1.16558E+00
 3.00250E+01   2.14706E+00   1.04974E+00   5.42992E-01   1.16584E+00
 3.00750E+01   2.14722E+00   1.04977E+00   5.43071E-01   1.16610E+00
 3.01250E+01   2.14739E+00   1.04979E+00   5.43151E-01   1.16636E+00
 3.01750E+01   2.14757E+00   1.04981E+00   5.43232E-01   1.16663E+00
 3.02250E+01   2.14774E+00   1.04984E+00   5.43314E-01   1.16690E+00
 3.02750E+01   2.14791E+00   1.04986E+00   5.43398E-01   1.16717E+00
 3.03250E+01   2.14809E+00   1.04989E+00   5.43482E-01   1.16745E+00
 3.03750E+01   2.14827E+00   1.04991E+00   5.43568E-01   1.16773E+00
 3.04250E+01   2.14845E+00   1.04994E+00   5.43655E-01   1.16802E+00
 3.04750E+01   2.14864E+00   1.04997E+00   5.43744E-01   1.16831E+00
 3.05250E+01   2.14882E+00   1.04999E+00   5.43834E-01   1.16860E+00
 3.05750E+01   2.14901E+00   1.05002E+00   5.43926E-01   1.16890E+00
 3.06250E+01   2.14920E+00   1.05005E+00   5.44019E-01   1.16920E+00
 3.06750E+01   2.14939E+00   1.05008E+00   5.44113E-01   1.16951E+00
 3.07250E+01   2.14959E+00   1.05010E+00   5.44209E-01   1.16982E+00
 3.07750E+01   2.14978E+00   1.05013E+00   5.44306E-01   1.17014E+00
 3.08250E+01   2.14998E+00   1.05016E+00   5.44405E-01   1.17046E+00
 3.08750E+01   2.15018E+00   1.05019E+00   5.44505E-01   1.17079E+00
 3.09250E+01   2.15039E+00   1.05022E+00   5.44607E-01   1.17112E+00
 3.09750E+01   2.15060E+00   1.05025E+00   5.44711E-01   1.17145E+00
 3.10250E+01   2.15081E+00   1.05028E+00   5.44817E-01   1.17180E+00
 3.10750E+01   2.15102E+00   1.05031E+00   5.44924E-01   1.17214E+00
 3.11250E+01   2.15124E+00   1.05035E+00   5.45033E-01   1.17250E+00
 3.11750E+01   2.15146E+00   1.05038E+00   5.45145E-01   1.17286E+00
 3.12250E+01   2.15169E+00   1.05041E+00   5.45258E-01   1.17322E+00
 3.12750E+01   2.15191E+00   1.05044E+00   5.45373E-01   1.17359E+00
 3.13250E+01   2.15214E+00   1.05048E+00   5.45490E-01   1.17397E+00
 3.13750E+01   2.15238E+00   1.05051E+00   5.45609E-01   1.17436E+00
 3.14250E+01   2.15262E+00   1.05055E+00   5.45730E-01   1.17475E+00
 3.14750E+01   2.15286E+00   1.05058E+00   5.45854E-01   1.17515E+00
 3.15250E+01   2.15311E+00   1.05062E+00   5.45980E-01   1.17555E+00
 3.15750E+01   2.15336E+00   1.05066E+00   5.46108E-01   1.17597E+00
 3.16250E+01   2.15361E+00   1.05069E+00   5.46238E-01   1.17638E+00
 3.16750E+01   2.15387E+00   1.05073E+00   5.46370E-01   1.17681E+00
 3.17250E+01   2.15414E+00   1.05077E+00   5.46504E-01   1.17724E+00
 3.17750E+01   2.15440E+00   1.05081E+00   5.46641E-01   1.17769E+00
 3.18250E+01   2.15468E+00   1.05085E+00   5.46780E-01   1.17814E+00
 3.18750E+01   2.15495E+00   1.05089E+00   5.46922E-01   1.17859E+00
 3.19250E+01   2.15524E+00   1.05093E+00   5.47066E-01   1.17906E+00
 3.19750E+01   2.15552E+00   1.05097E+00   5.47213E-01   1.17953E+00
 3.20250E+01   2.15581E+00   1.05101E+00   5.47362E-01   1.18001E+00
 3.20750E+01   2.15611E+00   1.05106E+00   5.47513E-01   1.18050E+00
 3.21250E+01   2.15641E+00   1.05110E+00   5.47667E-01   1.18099E+00
 3.21750E+01   2.15672E+00   1.05115E+00   5.47823E-01   1.18150E+00
 3.22250E+01   2.15703E+00   1.05119E+00   5.47982E-01   1.18201E+00
 3.22750E+01   2.15734E+00   1.05124E+00   5.48143E-01   1.18253E+00
 3.23250E+01   2.15766E+00   1.05128E+00   5.48306E-01   1.18306E+00
 3.23750E+01   2.15799E+00   1.05133E+00   5.48472E-01   1.18360E+00
 3.24250E+01   2.15832E+00   1.05138E+00   5.48640E-01   1.18414E+00
 3.24750E+01   2.15866E+00   1.05142E+00   5.48811E-01   1.18469E+00
 3.25250E+01   2.15900E+00   1.05147E+00   5.48984E-01   1.18525E+00
 3.25750E+01   2.15934E+00   1.05152E+00   5.49160E-01   1.18582E+00
 3.26250E+01   2.15969E+00   1.05157E+00   5.49338E-01   1.18640E+00
 3.26750E+01   2.16004E+00   1.05162E+00   5.49518E-01   1.18698E+00
 3.27250E+01   2.16040E+00   1.05167E+00   5.49700E-01   1.18757E+00
 3.27750E+01   2.16077E+00   1.05173E+00   5.49885E-01   1.18817E+00
 3.28250E+01   2.16113E+00   1.05178E+00   5.50071E-01   1.18878E+00
 3.28750E+01   2.16150E+00   1.05183E+00   5.50260E-01   1.18939E+00
 3.29250E+01   2.16188E+00   1.05188E+00   5.50450E-01   1.19001E+00
 3.29750E+01   2.16225E+00   1.05194E+00   5.50643E-01   1.19063E+00
 3.30250E+01   2.16264E+00   1.05199E+00   5.50837E-01   1.19126E+00
 3.30750E+01   2.16302E+00   1.05205E+00   5.51033E-01   1.19189E+00
 3.31250E+01   2.16341E+00   1.05210E+00   5.51230E-01   1.19254E+00
 3.31750E+01   2.16380E+00   1.05216E+00   5.51429E-01   1.19318E+00
 3.32250E+01   2.16419E+00   1.05222E+00   5.51629E-01   1.19383E+00
 3.32750E+01   2.16459E+00   1.05227E+00   5.51830E-01   1.19448E+00
 3.33250E+01   2.16499E+00   1.05233E+00   5.52032E-01   1.19514E+00
 3.33750E+01   2.16539E+00   1.05239E+00   5.52236E-01   1.19580E+00
 3.34250E+01   2.16579E+00   1.05244E+00   5.52440E-01   1.19647E+00
 3.34750E+01   2.16619E+00   1.05250E+00   5.52644E-01   1.19713E+00
 3.35250E+01   2.16659E+00   1.05256E+00   5.52849E-01   1.19780E+00
 3.35750E+01   2.16700E+00   1.05262E+00   5.53054E-01   1.19847E+00
 3.36250E+01   2.16740E+00   1.05268E+00   5.53259E-01   1.19914E+00
 3.36750E+01   2.16781E+00   1.05274E+00   5.53465E-01   1.19981E+00
 3.37250E+01   2.16821E+00   1.05280E+00   5.53669E-01   1.20047E+00
 3.37750E+01   2.16861E+00   1.05286E+00   5.53874E-01   1.20114E+00
 3.38250E+01   2.16902E+00   1.05291E+00   5.54077E-01   1.20180E+00
 3.38750E+01   2.16942E+00   1.05297E+00   5.54279E-01   1.20246E+00
 3.39250E+01   2.16981E+00   1.05303E+00   5.54480E-01   1.20312E+00
 3.39750E+01   2.17021E+00   1.05309E+00   5.54680E-01   1.20377E+00
 3.40250E+01   2.17060E+00   1.05315E+00   5.54878E-01   1.20442E+00
 3.40750E+01   2.17100E+00   1.05321E+00   5.55074E-01   1.20506E+00
 3.41250E+01   2.17138E+00   1.05326E+00   5.55268E-01   1.20570E+00
 3.41750E+01   2.17176E+00   1.05332E+00   5.55459E-01   1.20632E+00
 3.42250E+01   2.17214E+00   1.05338E+00   5.55648E-01   1.20694E+00
 3.42750E+01   2.17251E+00   1.05343E+00   5.55833E-01   1.20755E+00
 3.43250E+01   2.17287E+00   1.05349E+00   5.56016E-01   1.20815E+00
 3.43750E+01   2.17323E+00   1.05354E+00   5.56195E-01   1.20874E+00
 3.44250E+01   2.17358E+00   1.05360E+00   5.56370E-01   1.20931E+00
 3.44750E+01   2.17392E+00   1.05365E+00   5.56540E-01   1.20988E+00
 3.45250E+01   2.17426E+00   1.05370E+00   5.56707E-01   1.21043E+00
 3.45750E+01   2.17459E+00   1.05376E+00   5.56868E-01   1.21096E+00
 3.46250E+01   2.17491E+00   1.05381E+00   5.57025E-01   1.21148E+00
 3.46750E+01   2.17522E+00   1.05386E+00   5.57177E-01   1.21198E+00
 3.47250E+01   2.17552E+00   1.05390E+00   5.57323E-01   1.21246E+00
 3.47750E+01   2.17580E+00   1.05395E+00   5.57463E-01   1.21293E+00
 3.48250E+01   2.17608E+00   1.05400E+00   5.57597E-01   1.21338E+00
 3.48750E+01   2.17635E+00   1.05404E+00   5.57724E-01   1.21380E+00
 3.49250E+01   2.17660E+00   1.05408E+00   5.57845E-01   1.21421E+00
 3.49750E+01   2.17684E+00   1.05412E+00   5.57959E-01   1.21459E+00
 3.50250E+01   2.17707E+00   1.05416E+00   5.58066E-01   1.21495E+00
 3.50750E+01   2.17728E+00   1.05420E+00   5.58165E-01   1.21528E+00
 3.51250E+01   2.17748E+00   1.05424E+00   5.58256E-01   1.21559E+00
 3.51750E+01   2.17766E+00   1.05427E+00   5.58339E-01   1.21587E+00
 3.52250E+01   2.17783E+00   1.05430E+00   5.58413E-01   1.21613E+00
 3.52750E+01   2.17799E+00   1.05433E+00   5.58479E-01   1.21636E+00
 3.53250E+01   2.17812E+00   1.05436E+00   5.58536E-01   1.21656E+00
 3.53750E+01   2.17824E+00   1.05439E+00   5.58584E-01   1.21673E+00
 3.54250E+01   2.17834E+00   1.05441E+00   5.58623E-01   1.21687E+00
 3.54750E+01   2.17843E+00   1.05443E+00   5.58652E-01   1.21698E+00
 3.55250E+01   2.17849E+00   1.05445E+00   5.58671E-01   1.21706E+00
 3.55750E+01   2.17854E+00   1.05447E+00   5.58680E-01   1.21711E+00
 3.56250E+01   2.17857E+00   1.05448E+00   5.58680E-01   1.21712E+00
 3.56750E+01   2.17858E+00   1.05449E+00   5.58668E-01   1.21710E+00
 3.57250E+01   2.17857E+00   1.05450E+00   5.58647E-01   1.21705E+00
 3.57750E+01   2.17854E+00   1.05451E+00   5.58614E-01   1.21696E+00
 3.58250E+01   2.17849E+00   1.05451E+00   5.58571E-01   1.21684E+00
 3.58750E+01   2.17842E+00   1.05452E+00   5.58517E-01   1.21668E+00
 3.59250E+01   2.17832E+00   1.05451E+00   5.58452E-01   1.21649E+00
 3.59750E+01   2.17821E+00   1.05451E+00   5.58377E-01   1.21626E+00
 3.60250E+01   2.17808E+00   1.05450E+00   5.58290E-01   1.21600E+00
 3.60750E+01   2.17792E+00   1.05449E+00   5.58192E-01   1.21570E+00
 3.61250E+01   2.17775E+00   1.05448E+00   5.58083E-01   1.21536E+00
 3.61750E+01   2.17755E+00   1.05446E+00   5.57962E-01   1.21499E+00
 3.62250E+01   2.17733E+00   1.05444E+00   5.57832E-01   1.21458E+00
 3.62750E+01   2.17710E+00   1.05442E+00   5.57690E-01   1.21414E+00
 3.63250E+01   2.17684E+00   1.05440E+00   5.57537E-01   1.21367E+00
 3.63750E+01   2.17656E+00   1.05437E+00   5.57374E-01   1.21316E+00
 3.64250E+01   2.17627E+00   1.05434E+00   5.57200E-01   1.21262E+00
 3.64750E+01   2.17595E+00   1.05431E+00   5.57016E-01   1.21204E+00
 3.65250E+01   2.17561E+00   1.05427E+00   5.56823E-01   1.21143E+00
 3.65750E+01   2.17526E+00   1.05423E+00   5.56619E-01   1.21079E+00
 3.66250E+01   2.17489E+00   1.05419E+00   5.56406E-01   1.21012E+00
 3.66750E+01   2.17450E+00   1.05415E+00   5.56184E-01   1.20942E+00
 3.67250E+01   2.17409E+00   1.05410E+00   5.55952E-01   1.20869E+00
 3.67750E+01   2.17367E+00   1.05405E+00   5.55712E-01   1.20794E+00
 3.68250E+01   2.17323E+00   1.05400E+00   5.55464E-01   1.20715E+00
 3.68750E+01   2.17277E+00   1.05395E+00   5.55208E-01   1.20634E+00
 3.69250E+01   2.17230E+00   1.05390E+00   5.54944E-01   1.20551E+00
 3.69750E+01   2.17182E+00   1.05384E+00   5.54673E-01   1.20465E+00
 3.70250E+01   2.17132E+00   1.05378E+00   5.54395E-01   1.20377E+00
 3.70750E+01   2.17081E+00   1.05372E+00   5.54110E-01   1.20287E+00
 3.71250E+01   2.17030E+00   1.05366E+00   5.53820E-01   1.20195E+00
 3.71750E+01   2.16976E+00   1.05359E+00   5.53524E-01   1.20102E+00
 3.72250E+01   2.16922E+00   1.05352E+00   5.53223E-01   1.20006E+00
 3.72750E+01   2.16867E+00   1.05346E+00   5.52918E-01   1.19910E+00
 3.73250E+01   2.16811E+00   1.05339E+00   5.52608E-01   1.19811E+00
 3.73750E+01   2.16754E+00   1.05332E+00   5.52294E-01   1.19712E+00
 3.74250E+01   2.16697E+00   1.05325E+00   5.51977E-01   1.19612E+00
 3.74750E+01   2.16640E+00   1.05318E+00   5.51658E-01   1.19511E+00
 3.75250E+01   2.16582E+00   1.05310E+00   5.51336E-01   1.19409E+00
 3.75750E+01   2.16523E+00   1.05303E+00   5.51013E-01   1.19307E+00
 3.76250E+01   2.16465E+00   1.05296E+00   5.50688E-01   1.19204E+00
 3.76750E+01   2.16406E+00   1.05288E+00   5.50362E-01   1.19101E+00
 3.77250E+01   2.16347E+00   1.05281E+00   5.50036E-01   1.18999E+00
 3.77750E+01   2.16288E+00   1.05273E+00   5.49710E-01   1.18896E+00
 3.78250E+01   2.16230E+00   1.05266E+00   5.49384E-01   1.18793E+00
 3.78750E+01   2.16171E+00   1.05259E+00   5.49060E-01   1.18691E+00
 3.79250E+01   2.16113E+00   1.05251E+00   5.48737E-01   1.18589E+00
 3.79750E+01   2.16055E+00   1.05244E+00   5.48416E-01   1.18488E+00
 3.80250E+01   2.15998E+00   1.05236E+00   5.48096E-01   1.18388E+00
 3.80750E+01   2.15941E+00   1.05229E+00   5.47780E-01   1.18288E+00
 3.81250E+01   2.15885E+00   1.05222E+00   5.47466E-01   1.18190E+00
 3.81750E+01   2.15830E+00   1.05215E+00   5.47156E-01   1.18093E+00
 3.82250E+01   2.15775E+00   1.05208E+00   5.46849E-01   1.17997E+00
 3.82750E+01   2.15722E+00   1.05201E+00   5.46546E-01   1.17902E+00
 3.83250E+01   2.15669E+00   1.05195E+00   5.46248E-01   1.17809E+00
 3.83750E+01   2.15617E+00   1.05188E+00   5.45955E-01   1.17717E+00
 3.84250E+01   2.15566E+00   1.05182E+00   5.45666E-01   1.17627E+00
 3.84750E+01   2.15517E+00   1.05175E+00   5.45382E-01   1.17539E+00
 3.85250E+01   2.15468E+00   1.05169E+00   5.45103E-01   1.17452E+00
 3.85750E+01   2.15421E+00   1.05163E+00   5.44830E-01   1.17368E+00
 3.86250E+01   2.15375E+00   1.05157E+00   5.44563E-01   1.17285E+00
 3.86750E+01   2.15330E+00   1.05152E+00   5.44302E-01   1.17204E+00
 3.87250E+01   2.15286E+00   1.05146E+00   5.44047E-01   1.17126E+00
 3.87750E+01   2.15244E+00   1.05141E+00   5.43797E-01   1.17049E+00
 3.88250E+01   2.15203E+00   1.05136E+00   5.43555E-01   1.16974E+00
 3.88750E+01   2.15163E+00   1.05131E+00   5.43318E-01   1.16902E+00
 3.89250E+01   2.15125E+00   1.05126E+00   5.43088E-01   1.16832E+00
 3.89750E+01   2.15088E+00   1.05122E+00   5.42865E-01   1.16764E+00
 3.90250E+01   2.15052E+00   1.05117E+00   5.42648E-01   1.16698E+00
 3.90750E+01   2.15018E+00   1.05113E+00   5.42438E-01   1.16634E+00
 3.91250E+01   2.14986E+00   1.05109E+00   5.42234E-01   1.16573E+00
 3.91750E+01   2.14955E+00   1.05106E+00   5.42037E-01   1.16513E+00
 3.92250E+01   2.14925E+00   1.05102E+00   5.41847E-01   1.16456E+00
 3.92750E+01   2.14896E+00   1.05099E+00   5.41663E-01   1.16401E+00
 3.93250E+01   2.14869E+00   1.05096E+00   5.41486E-01   1.16349E+00
 3.93750E+01   2.14844E+00   1.05093E+00   5.41315E-01   1.16298E+00
 3.94250E+01   2.14820E+00   1.05090E+00   5.41151E-01   1.16250E+00
 3.94750E+01   2.14797E+00   1.05088E+00   5.40994E-01   1.16204E+00
 3.95250E+01   2.14775E+00   1.05085E+00   5.40842E-01   1.16160E+00
 3.95750E+01   2.14755E+00   1.05083E+00   5.40697E-01   1.16118E+00
 3.96250E+01   2.14736E+00   1.05081E+00   5.40559E-01   1.16077E+00
 3.96750E+01   2.14719E+00   1.05080E+00   5.40426E-01   1.16040E+00
 3.97250E+01   2.14702E+00   1.05078E+00   5.40300E-01   1.16004E+00
 3.97750E+01   2.14687E+00   1.05077E+00   5.40179E-01   1.15970E+00
 3.98250E+01   2.14673E+00   1.05076E+00   5.40065E-01   1.15937E+00
 3.98750E+01   2.14660E+00   1.05075E+00   5.39956E-01   1.15907E+00
 3.99250E+01   2.14649E+00   1.05074E+00   5.39854E-01   1.15879E+00
 3.99750E+01   2.14638E+00   1.05073E+00   5.39756E-01   1.15852E+00
 4.00250E+01   2.14629E+00   1.05072E+00   5.39665E-01   1.15827E+00
 4.00750E+01   2.14620E+00   1.05072E+00   5.39578E-01   1.15804E+00
 4.01250E+01   2.14613E+00   1.05072E+00   5.39497E-01   1.15783E+00
 4.01750E+01   2.14606E+00   1.05072E+00   5.39422E-01   1.15763E+00
 4.02250E+01   2.14600E+00   1.05072E+00   5.39351E-01   1.15745E+00
 4.02750E+01   2.14596E+00   1.05072E+00   5.39286E-01   1.15728E+00
 4.03250E+01   2.14592E+00   1.05072E+00   5.39225E-01   1.15713E+00
 4.03750E+01   2.14589E+00   1.05073E+00   5.39169E-01   1.15700E+00
 4.04250E+01   2.14586E+00   1.05073E+00   5.39119E-01   1.15687E+00
 4.04750E+01   2.14585E+00   1.05074E+00   5.39072E-01   1.15677E+00
 4.05250E+01   2.14584E+00   1.05075E+00   5.39031E-01   1.15667E+00
 4.05750E+01   2.14584E+00   1.05076E+00   5.38994E-01   1.15659E+00
 4.06250E+01   2.14584E+00   1.05076E+00   5.38961E-01   1.15653E+00
 4.06750E+01   2.14586E+00   1.05078E+00   5.38933E-01   1.15647E+00
 4.07250E+01   2.14587E+00   1.05079E+00   5.38908E-01   1.15643E+00
 4.07750E+01   2.14589E+00   1.05080E+00   5.38888E-01   1.15640E+00
 4.08250E+01   2.14592E+00   1.05081E+00   5.38872E-01   1.15638E+00
 4.08750E+01   2.14595E+00   1.05083E+00   5.38860E-01   1.15637E+00
 4.09250E+01   2.14599E+00   1.05084E+00   5.38852E-01   1.15637E+00
 4.09750E+01   2.14603E+00   1.05086E+00   5.38848E-01   1.15639E+00
 4.10250E+01   2.14608E+00   1.05087E+00   5.38847E-01   1.15641E+00
 4.10750E+01   2.14613E+00   1.05089E+00   5.38850E-01   1.15644E+00
 4.11250E+01   2.14618E+00   1.05091E+00   5.38857E-01   1.15649E+00
 4.11750E+01   2.14624E+00   1.05092E+00   5.38868E-01   1.15654E+00
 4.12250E+01   2.14630E+00   1.05094E+00   5.38882E-01   1.15660E+00
 4.12750E+01   2.14636E+00   1.05096E+00   5.38899E-01   1.15667E+00
 4.13250E+01   2.14643E+00   1.05098E+00   5.38920E-01   1.15675E+00
 4.13750E+01   2.14650E+00   1.05100E+00   5.38945E-01   1.15684E+00
 4.14250E+01   2.14657E+00   1.05102E+00   5.38973E-01   1.15694E+00
 4.14750E+01   2.14665E+00   1.05104E+00   5.39003E-01   1.15705E+00
 4.15250E+01   2.14672E+00   1.05106E+00   5.39037E-01   1.15716E+00
 4.15750E+01   2.14680E+00   1.05109E+00   5.39074E-01   1.15728E+00
 4.16250E+01   2.14688E+00   1.05111E+00   5.39114E-01   1.15741E+00
 4.16750E+01   2.14696E+00   1.05113E+00   5.39156E-01   1.15755E+00
 4.17250E+01   2.14705E+00   1.05115E+00   5.39202E-01   1.15769E+00
 4.17750E+01   2.14714E+00   1.05118E+00   5.39250E-01   1.15784E+00
 4.18250E+01   2.14723E+00   1.05120E+00   5.39301E-01   1.15800E+00
 4.18750E+01   2.14732E+00   1.05123E+00   5.39354E-01   1.15816E+00
 4.19250E+01   2.14741E+00   1.05125E+00   5.39410E-01   1.15833E+00
 4.19750E+01   2.14750E+00   1.05128E+00   5.39469E-01   1.15851E+00
 4.20250E+01   2.14760E+00   1.05130E+00   5.39530E-01   1.15869E+00
 4.20750E+01   2.14770E+00   1.05133E+00   5.39593E-01   1.15888E+00
 4.21250E+01   2.14779E+00   1.05135E+00   5.39658E-01   1.15907E+00
 4.21750E+01   2.14790E+00   1.05138E+00   5.39725E-01   1.15927E+00
 4.22250E+01   2.14800E+00   1.05140E+00   5.39794E-01   1.15948E+00
 4.22750E+01   2.14811E+00   1.05143E+00   5.39866E-01   1.15969E+00
 4.23250E+01   2.14821E+00   1.05146E+00   5.39939E-01   1.15990E+00
 4.23750E+01   2.14832E+00   1.05149E+00   5.40014E-01   1.16013E+00
 4.24250E+01   2.14844E+00   1.05151E+00   5.40091E-01   1.16035E+00
 4.24750E+01   2.14855E+00   1.05154E+00   5.40170E-01   1.16058E+00
 4.25250E+01   2.14867E+00   1.05157E+00   5.40250E-01   1.16082E+00
 4.25750E+01   2.14879E+00   1.05160E+00   5.40332E-01   1.16106E+00
 4.26250E+01   2.14891E+00   1.05163E+00   5.40415E-01   1.16130E+00
 4.26750E+01   2.14903E+00   1.05166E+00   5.40499E-01   1.16155E+00
 4.27250E+01   2.14916E+00   1.05169E+00   5.40585E-01   1.16180E+00
 4.27750E+01   2.14929E+00   1.05172E+00   5.40672E-01   1.16206E+00
 4.28250E+01   2.14943E+00   1.05175E+00   5.40760E-01   1.16232E+00
 4.28750E+01   2.14956E+00   1.05179E+00   5.40849E-01   1.16259E+00
 4.29250E+01   2.14971E+00   1.05182E+00   5.40939E-01   1.16286E+00
 4.29750E+01   2.14985E+00   1.05185E+00   5.41030E-01   1.16313E+00
 4.30250E+01   2.15000E+00   1.05189E+00   5.41122E-01   1.16341E+00
 4.30750E+01   2.15015E+00   1.05192E+00   5.41215E-01   1.16370E+00
 4.31250E+01   2.15031E+00   1.05196E+00   5.41309E-01   1.16398E+00
 4.31750E+01   2.15047E+00   1.05199E+00   5.41404E-01   1.16428E+00
 4.32250E+01   2.15064E+00   1.05203E+00   5.41499E-01   1.16457E+00
 4.32750E+01   2.15081E+00   1.05207E+00   5.41596E-01   1.16487E+00
 4.33250E+01   2.15099E+00   1.05210E+00   5.41692E-01   1.16517E+00
 4.33750E+01   2.15117E+00   1.05214E+00   5.41790E-01   1.16548E+00
 4.34250E+01   2.15135E+00   1.05218E+00   5.41888E-01   1.16579E+00
 4.34750E+01   2.15154E+00   1.05222E+00   5.41987E-01   1.16611E+00
 4.35250E+01   2.15174E+00   1.05226E+00   5.42087E-01   1.16643E+00
 4.35750E+01   2.15194E+00   1.05230E+00   5.42187E-01   1.16675E+00
 4.36250E+01   2.15215E+00   1.05234E+00   5.42287E-01   1.16708E+00
 4.36750E+01   2.15236E+00   1.05239E+00   5.42388E-01   1.16741E+00
 4.37250E+01   2.15258E+00   1.05243E+00   5.42489E-01   1.16775E+00
 4.37750E+01   2.15280E+00   1.05247E+00   5.42592E-01   1.16809E+00
 4.38250E+01   2.15303E+00   1.05252E+00   5.42695E-01   1.16844E+00
 4.38750E+01   2.15326E+00   1.05256E+00   5.42798E-01   1.16879E+00
 4.39250E+01   2.15350E+00   1.05261E+00   5.42902E-01   1.16914E+00
 4.39750E+01   2.15375E+00   1.05266E+00   5.43006E-01   1.16950E+00
 4.40250E+01   2.15400E+00   1.05271E+00   5.43111E-01   1.16986E+00
 4.40750E+01   2.15425E+00   1.05275E+00   5.43217E-01   1.17023E+00
 4.41250E+01   2.15451E+00   1.05280E+00   5.43323E-01   1.17060E+00
 4.41750E+01   2.15478E+00   1.05285E+00   5.43430E-01   1.17097E+00
 4.42250E+01   2.15505E+00   1.05290E+00   5.43538E-01   1.17135E+00
 4.42750E+01   2.15533E+00   1.05296E+00   5.43646E-01   1.17174E+00
 4.43250E+01   2.15561E+00   1.05301E+00   5.43756E-01   1.17213E+00
 4.43750E+01   2.15590E+00   1.05306E+00   5.43866E-01   1.17252E+00
 4.44250E+01   2.15619E+00   1.05311E+00   5.43978E-01   1.17292E+00
 4.44750E+01   2.15649E+00   1.05317E+00   5.44090E-01   1.17332E+00
 4.45250E+01   2.15679E+00   1.05322E+00   5.44204E-01   1.17373E+00
 4.45750E+01   2.15709E+00   1.05328E+00   5.44318E-01   1.17415E+00
 4.46250E+01   2.15740E+00   1.05333E+00   5.44435E-01   1.17457E+00
 4.46750E+01   2.15772E+00   1.05339E+00   5.44552E-01   1.17499E+00
 4.47250E+01   2.15804E+00   1.05345E+00   5.44671E-01   1.17542E+00
 4.47750E+01   2.15836E+00   1.05350E+00   5.44792E-01   1.17586E+00
 4.48250E+01   2.15868E+00   1.05356E+00   5.44914E-01   1.17630E+00
 4.48750E+01   2.15901E+00   1.05362E+00   5.45038E-01   1.17674E+00
 4.49250E+01   2.15934E+00   1.05368E+00   5.45164E-01   1.17719E+00
 4.49750E+01   2.15967E+00   1.05374E+00   5.45291E-01   1.17765E+00
 4.50250E+01   2.16001E+00   1.05380E+00   5.45420E-01   1.17811E+00
 4.50750E+01   2.16034E+00   1.05386E+00   5.45552E-01   1.17858E+00
 4.51250E+01   2.16068E+00   1.05392E+00   5.45685E-01   1.17905E+00
 4.51750E+01   2.16102E+00   1.05398E+00   5.45821E-01   1.17953E+00
 4.52250E+01   2.16136E+00   1.05404E+00   5.45959E-01   1.18002E+00
 4.52750E+01   2.16170E+00   1.05410E+00   5.46099E-01   1.18050E+00
 4.53250E+01   2.16204E+00   1.05416E+00   5.46242E-01   1.18100E+00
 4.53750E+01   2.16239E+00   1.05422E+00   5.46387E-01   1.18150E+00
 4.54250E+01   2.16273E+00   1.05428E+00   5.46534E-01   1.18200E+00
 4.54750E+01   2.16307E+00   1.05434E+00   5.46684E-01   1.18251E+00
 4.55250E+01   2.16341E+00   1.05440E+00   5.46836E-01   1.18303E+00
 4.55750E+01   2.16375E+00   1.05445E+00   5.46991E-01   1.18355E+00
 4.56250E+01   2.16408E+00   1.05451E+00   5.47148E-01   1.18407E+00
 4.56750E+01   2.16442E+00   1.05457E+00   5.47308E-01   1.18460E+00
 4.57250E+01   2.16475E+00   1.05463E+00   5.47470E-01   1.18514E+00
 4.57750E+01   2.16508E+00   1.05469E+00   5.47635E-01   1.18567E+00
 4.58250E+01   2.16541E+00   1.05475E+00   5.47802E-01   1.18621E+00
 4.58750E+01   2.16573E+00   1.05481E+00   5.47971E-01   1.18676E+00
 4.59250E+01   2.16605E+00   1.05486E+00   5.48142E-01   1.18730E+00
 4.59750E+01   2.16637E+00   1.05492E+00   5.48316E-01   1.18785E+00
 4.60250E+01   2.16668E+00   1.05498E+00   5.48492E-01   1.18841E+00
 4.60750E+01   2.16699E+00   1.05503E+00   5.48669E-01   1.18896E+00
 4.61250E+01   2.16729E+00   1.05509E+00   5.48849E-01   1.18952E+00
 4.61750E+01   2.16759E+00   1.05514E+00   5.49030E-01   1.19007E+00
 4.62250E+01   2.16788E+00   1.05520E+00   5.49213E-01   1.19063E+00
 4.62750E+01   2.16817E+00   1.05525E+00   5.49397E-01   1.19119E+00
 4.63250E+01   2.16846E+00   1.05530E+00   5.49582E-01   1.19174E+00
 4.63750E+01   2.16873E+00   1.05536E+00   5.49768E-01   1.19230E+00
 4.64250E+01   2.16901E+00   1.05541E+00   5.49955E-01   1.19286E+00
 4.64750E+01   2.16927E+00   1.05546E+00   5.50143E-01   1.19341E+00
 4.65250E+01   2.16953E+00   1.05551E+00   5.50330E-01   1.19396E+00
 4.65750E+01   2.16978E+00   1.05556E+00   5.50518E-01   1.19450E+00
 4.66250E+01   2.17003E+00   1.05561E+00   5.50705E-01   1.19505E+00
 4.66750E+01   2.17027E+00   1.05566E+00   5.50892E-01   1.19558E+00
 4.67250E+01   2.17050E+00   1.05571E+00   5.51078E-01   1.19612E+00
 4.67750E+01   2.17073E+00   1.05575E+00   5.51263E-01   1.19664E+00
 4.68250E+01   2.17095E+00   1.05580E+00   5.51446E-01   1.19716E+00
 4.68750E+01   2.17116E+00   1.05584E+00   5.51628E-01   1.19767E+00
 4.69250E+01   2.17137E+00   1.05589E+00   5.51807E-01   1.19818E+00
 4.69750E+01   2.17156E+00   1.05593E+00   5.51985E-01   1.19867E+00
 4.70250E+01   2.17175E+00   1.05598E+00   5.52160E-01   1.19915E+00
 4.70750E+01   2.17194E+00   1.05602E+00   5.52332E-01   1.19963E+00
 4.71250E+01   2.17211E+00   1.05606E+00   5.52500E-01   1.20009E+00
 4.71750E+01   2.17228E+00   1.05610E+00   5.52665E-01   1.20054E+00
 4.72250E+01   2.17244E+00   1.05614E+00   5.52825E-01   1.20098E+00
 4.72750E+01   2.17259E+00   1.05618E+00   5.52982E-01   1.20140E+00
 4.73250E+01   2.17273E+00   1.05622E+00   5.53134E-01   1.20181E+00
 4.73750E+01   2.17287E+00   1.05626E+00   5.53280E-01   1.20221E+00
 4.74250E+01   2.17300E+00   1.05629E+00   5.53422E-01   1.20258E+00
 4.74750E+01   2.17311E+00   1.05633E+00   5.53558E-01   1.20294E+00
 4.75250E+01   2.17322E+00   1.05637E+00   5.53688E-01   1.20329E+00
 4.75750E+01   2.17332E+00   1.05640E+00   5.53811E-01   1.20361E+00
 4.76250E+01   2.17341E+00   1.05644E+00   5.53929E-01   1.20391E+00
 4.76750E+01   2.17349E+00   1.05647E+00   5.54039E-01   1.20420E+00
 4.77250E+01   2.17356E+00   1.05651E+00   5.54142E-01   1.20446E+00
 4.77750E+01   2.17361E+00   1.05655E+00   5.54239E-01   1.20470E+00
 4.78250E+01   2.17366E+00   1.05658E+00   5.54328E-01   1.20492E+00
 4.78750E+01   2.17368E+00   1.05662E+00   5.54410E-01   1.20511E+00
 4.79250E+01   2.17369E+00   1.05666E+00   5.54484E-01   1.20528E+00
 4.79750E+01   2.17369E+00   1.05671E+00   5.54551E-01   1.20542E+00
 4.80250E+01   2.17366E+00   1.05676E+00   5.54612E-01   1.20554E+00
 4.80750E+01   2.17360E+00   1.05682E+00   5.54666E-01   1.20562E+00
 4.81250E+01   2.17352E+00   1.05688E+00   5.54713E-01   1.20568E+00
 4.81750E+01   2.17340E+00   1.05696E+00   5.54756E-01   1.20571E+00
 4.82250E+01   2.17323E+00   1.05705E+00   5.54795E-01   1.20570E+00
 4.82750E+01   2.17301E+00   1.05716E+00   5.54831E-01   1.20566E+00
 4.83250E+01   2.17272E+00   1.05730E+00   5.54868E-01   1.20557E+00
 4.83750E+01   2.17235E+00   1.05747E+00   5.54907E-01   1.20545E+00
 4.84250E+01   2.17186E+00   1.05769E+00   5.54952E-01   1.20528E+00
 4.84750E+01   2.17124E+00   1.05796E+00   5.55009E-01   1.20506E+00
 4.85250E+01   2.17044E+00   1.05832E+00   5.55084E-01   1.20477E+00
 4.85750E+01   2.16941E+00   1.05877E+00   5.55185E-01   1.20442E+00
 4.86250E+01   2.16809E+00   1.05935E+00   5.55324E-01   1.20399E+00
 4.86750E+01   2.16640E+00   1.06011E+00   5.55515E-01   1.20347E+00
 4.87250E+01   2.16423E+00   1.06108E+00   5.55778E-01   1.20283E+00
 4.87750E+01   2.16146E+00   1.06234E+00   5.56143E-01   1.20208E+00
 4.88250E+01   2.15802E+00   1.06398E+00   5.56666E-01   1.20130E+00
 4.88750E+01   2.15424E+00   1.06613E+00   5.57530E-01   1.20105E+00
 4.89250E+01   2.15297E+00   1.06899E+00   5.59564E-01   1.20472E+00
 4.89750E+01   2.17131E+00   1.07310E+00   5.67136E-01   1.23143E+00
