      xx/10.          rhoa          temp           vel      vel*rhoa
         [-]           [-]           [-]           [-]           [-]
 1.02500E+00   2.63341E+00   9.38167E-01   4.56971E-01   1.20339E+00
 1.07500E+00   2.63174E+00   9.38742E-01   4.57174E-01   1.20316E+00
 1.12500E+00   2.62867E+00   9.39362E-01   4.57758E-01   1.20330E+00
 1.17500E+00   2.62460E+00   9.40076E-01   4.58582E-01   1.20359E+00
 1.22500E+00   2.61966E+00   9.40926E-01   4.59579E-01   1.20394E+00
 1.27500E+00   2.61388E+00   9.41947E-01   4.60716E-01   1.20426E+00
 1.32500E+00   2.60721E+00   9.43176E-01   4.61981E-01   1.20448E+00
 1.37500E+00   2.59959E+00   9.44650E-01   4.63369E-01   1.20457E+00
 1.42500E+00   2.59092E+00   9.46403E-01   4.64879E-01   1.20446E+00
 1.47500E+00   2.58111E+00   9.48469E-01   4.66513E-01   1.20412E+00
 1.52500E+00   2.57009E+00   9.50876E-01   4.68275E-01   1.20351E+00
 1.57500E+00   2.55778E+00   9.53651E-01   4.70166E-01   1.20258E+00
 1.62500E+00   2.54415E+00   9.56811E-01   4.72190E-01   1.20132E+00
 1.67500E+00   2.52918E+00   9.60363E-01   4.74348E-01   1.19971E+00
 1.72500E+00   2.51289E+00   9.64305E-01   4.76640E-01   1.19774E+00
 1.77500E+00   2.49535E+00   9.68620E-01   4.79064E-01   1.19543E+00
 1.82500E+00   2.47667E+00   9.73276E-01   4.81614E-01   1.19280E+00
 1.87500E+00   2.45703E+00   9.78227E-01   4.84282E-01   1.18989E+00
 1.92500E+00   2.43663E+00   9.83411E-01   4.87054E-01   1.18677E+00
 1.97500E+00   2.41573E+00   9.88755E-01   4.89914E-01   1.18350E+00
 2.02500E+00   2.39461E+00   9.94174E-01   4.92839E-01   1.18016E+00
 2.07500E+00   2.37357E+00   9.99578E-01   4.95804E-01   1.17682E+00
 2.12500E+00   2.35291E+00   1.00488E+00   4.98780E-01   1.17358E+00
 2.17500E+00   2.33291E+00   1.00999E+00   5.01736E-01   1.17051E+00
 2.22500E+00   2.31384E+00   1.01483E+00   5.04642E-01   1.16766E+00
 2.27500E+00   2.29591E+00   1.01934E+00   5.07469E-01   1.16510E+00
 2.32500E+00   2.27927E+00   1.02348E+00   5.10189E-01   1.16286E+00
 2.37500E+00   2.26403E+00   1.02722E+00   5.12782E-01   1.16095E+00
 2.42500E+00   2.25024E+00   1.03055E+00   5.15232E-01   1.15940E+00
 2.47500E+00   2.23790E+00   1.03346E+00   5.17527E-01   1.15818E+00
 2.52500E+00   2.22698E+00   1.03599E+00   5.19664E-01   1.15728E+00
 2.57500E+00   2.21738E+00   1.03816E+00   5.21643E-01   1.15668E+00
 2.62500E+00   2.20902E+00   1.03999E+00   5.23468E-01   1.15635E+00
 2.67500E+00   2.20178E+00   1.04153E+00   5.25147E-01   1.15626E+00
 2.72500E+00   2.19554E+00   1.04281E+00   5.26692E-01   1.15637E+00
 2.77500E+00   2.19020E+00   1.04387E+00   5.28113E-01   1.15667E+00
 2.82500E+00   2.18563E+00   1.04474E+00   5.29424E-01   1.15712E+00
 2.87500E+00   2.18174E+00   1.04545E+00   5.30635E-01   1.15771E+00
 2.92500E+00   2.17844E+00   1.04602E+00   5.31758E-01   1.15840E+00
 2.97500E+00   2.17564E+00   1.04649E+00   5.32804E-01   1.15919E+00
 3.02500E+00   2.17328E+00   1.04686E+00   5.33783E-01   1.16006E+00
 3.07500E+00   2.17129E+00   1.04716E+00   5.34702E-01   1.16099E+00
 3.12500E+00   2.16963E+00   1.04740E+00   5.35570E-01   1.16199E+00
 3.17500E+00   2.16827E+00   1.04758E+00   5.36392E-01   1.16304E+00
 3.22500E+00   2.16715E+00   1.04773E+00   5.37175E-01   1.16414E+00
 3.27500E+00   2.16626E+00   1.04785E+00   5.37923E-01   1.16528E+00
 3.32500E+00   2.16558E+00   1.04794E+00   5.38640E-01   1.16647E+00
 3.37500E+00   2.16509E+00   1.04801E+00   5.39331E-01   1.16770E+00
 3.42500E+00   2.16477E+00   1.04806E+00   5.39997E-01   1.16897E+00
 3.47500E+00   2.16462E+00   1.04809E+00   5.40642E-01   1.17028E+00
 3.52500E+00   2.16462E+00   1.04811E+00   5.41269E-01   1.17164E+00
 3.57500E+00   2.16477E+00   1.04812E+00   5.41880E-01   1.17305E+00
 3.62500E+00   2.16507E+00   1.04811E+00   5.42476E-01   1.17450E+00
 3.67500E+00   2.16551E+00   1.04810E+00   5.43060E-01   1.17600E+00
 3.72500E+00   2.16608E+00   1.04808E+00   5.43633E-01   1.17755E+00
 3.77500E+00   2.16677E+00   1.04804E+00   5.44199E-01   1.17916E+00
 3.82500E+00   2.16759E+00   1.04800E+00   5.44757E-01   1.18081E+00
 3.87500E+00   2.16852E+00   1.04795E+00   5.45310E-01   1.18251E+00
 3.92500E+00   2.16955E+00   1.04789E+00   5.45859E-01   1.18427E+00
 3.97500E+00   2.17067E+00   1.04783E+00   5.46406E-01   1.18607E+00
 4.02500E+00   2.17187E+00   1.04775E+00   5.46952E-01   1.18791E+00
 4.07500E+00   2.17313E+00   1.04767E+00   5.47499E-01   1.18979E+00
 4.12500E+00   2.17444E+00   1.04758E+00   5.48047E-01   1.19170E+00
 4.17500E+00   2.17578E+00   1.04750E+00   5.48598E-01   1.19363E+00
 4.22500E+00   2.17713E+00   1.04741E+00   5.49152E-01   1.19557E+00
 4.27500E+00   2.17846E+00   1.04732E+00   5.49710E-01   1.19752E+00
 4.32500E+00   2.17977E+00   1.04723E+00   5.50274E-01   1.19947E+00
 4.37500E+00   2.18102E+00   1.04715E+00   5.50842E-01   1.20140E+00
 4.42500E+00   2.18220E+00   1.04708E+00   5.51416E-01   1.20330E+00
 4.47500E+00   2.18328E+00   1.04702E+00   5.51996E-01   1.20516E+00
 4.52500E+00   2.18427E+00   1.04698E+00   5.52581E-01   1.20698E+00
 4.57500E+00   2.18514E+00   1.04696E+00   5.53170E-01   1.20875E+00
 4.62500E+00   2.18588E+00   1.04695E+00   5.53765E-01   1.21047E+00
 4.67500E+00   2.18650E+00   1.04696E+00   5.54364E-01   1.21212E+00
 4.72500E+00   2.18700E+00   1.04700E+00   5.54968E-01   1.21371E+00
 4.77500E+00   2.18737E+00   1.04706E+00   5.55574E-01   1.21525E+00
 4.82500E+00   2.18762E+00   1.04713E+00   5.56183E-01   1.21672E+00
 4.87500E+00   2.18778E+00   1.04723E+00   5.56794E-01   1.21814E+00
 4.92500E+00   2.18785E+00   1.04735E+00   5.57406E-01   1.21952E+00
 4.97500E+00   2.18785E+00   1.04749E+00   5.58017E-01   1.22086E+00
 5.02500E+00   2.18779E+00   1.04764E+00   5.58627E-01   1.22216E+00
 5.07500E+00   2.18770E+00   1.04780E+00   5.59235E-01   1.22344E+00
 5.12500E+00   2.18759E+00   1.04797E+00   5.59839E-01   1.22470E+00
 5.17500E+00   2.18747E+00   1.04816E+00   5.60438E-01   1.22594E+00
 5.22500E+00   2.18736E+00   1.04835E+00   5.61031E-01   1.22718E+00
 5.27500E+00   2.18726E+00   1.04855E+00   5.61616E-01   1.22840E+00
 5.32500E+00   2.18718E+00   1.04875E+00   5.62190E-01   1.22961E+00
 5.37500E+00   2.18712E+00   1.04896E+00   5.62752E-01   1.23080E+00
 5.42500E+00   2.18707E+00   1.04918E+00   5.63300E-01   1.23198E+00
 5.47500E+00   2.18703E+00   1.04940E+00   5.63831E-01   1.23312E+00
 5.52500E+00   2.18699E+00   1.04964E+00   5.64343E-01   1.23421E+00
 5.57500E+00   2.18693E+00   1.04989E+00   5.64832E-01   1.23525E+00
 5.62500E+00   2.18683E+00   1.05015E+00   5.65297E-01   1.23621E+00
 5.67500E+00   2.18668E+00   1.05044E+00   5.65739E-01   1.23709E+00
 5.72500E+00   2.18650E+00   1.05075E+00   5.66158E-01   1.23791E+00
 5.77500E+00   2.18630E+00   1.05106E+00   5.66552E-01   1.23865E+00
 5.82500E+00   2.18608E+00   1.05138E+00   5.66921E-01   1.23933E+00
 5.87500E+00   2.18585E+00   1.05170E+00   5.67261E-01   1.23995E+00
 5.92500E+00   2.18561E+00   1.05202E+00   5.67573E-01   1.24049E+00
 5.97500E+00   2.18537E+00   1.05233E+00   5.67853E-01   1.24097E+00
 6.02500E+00   2.18512E+00   1.05263E+00   5.68099E-01   1.24137E+00
 6.07500E+00   2.18487E+00   1.05292E+00   5.68312E-01   1.24169E+00
 6.12500E+00   2.18461E+00   1.05319E+00   5.68488E-01   1.24193E+00
 6.17500E+00   2.18435E+00   1.05345E+00   5.68627E-01   1.24208E+00
 6.22500E+00   2.18408E+00   1.05369E+00   5.68727E-01   1.24214E+00
 6.27500E+00   2.18379E+00   1.05391E+00   5.68787E-01   1.24211E+00
 6.32500E+00   2.18350E+00   1.05411E+00   5.68806E-01   1.24199E+00
 6.37500E+00   2.18318E+00   1.05429E+00   5.68784E-01   1.24176E+00
 6.42500E+00   2.18284E+00   1.05444E+00   5.68719E-01   1.24142E+00
 6.47500E+00   2.18249E+00   1.05458E+00   5.68611E-01   1.24099E+00
 6.52500E+00   2.18211E+00   1.05470E+00   5.68460E-01   1.24044E+00
 6.57500E+00   2.18170E+00   1.05479E+00   5.68267E-01   1.23979E+00
 6.62500E+00   2.18127E+00   1.05487E+00   5.68031E-01   1.23903E+00
 6.67500E+00   2.18081E+00   1.05492E+00   5.67754E-01   1.23816E+00
 6.72500E+00   2.18032E+00   1.05496E+00   5.67436E-01   1.23719E+00
 6.77500E+00   2.17979E+00   1.05497E+00   5.67078E-01   1.23611E+00
 6.82500E+00   2.17924E+00   1.05497E+00   5.66682E-01   1.23494E+00
 6.87500E+00   2.17866E+00   1.05495E+00   5.66248E-01   1.23366E+00
 6.92500E+00   2.17805E+00   1.05491E+00   5.65779E-01   1.23230E+00
 6.97500E+00   2.17741E+00   1.05485E+00   5.65277E-01   1.23084E+00
 7.02500E+00   2.17675E+00   1.05479E+00   5.64743E-01   1.22930E+00
 7.07500E+00   2.17606E+00   1.05470E+00   5.64181E-01   1.22769E+00
 7.12500E+00   2.17534E+00   1.05461E+00   5.63591E-01   1.22600E+00
 7.17500E+00   2.17459E+00   1.05450E+00   5.62978E-01   1.22425E+00
 7.22500E+00   2.17383E+00   1.05438E+00   5.62343E-01   1.22244E+00
 7.27500E+00   2.17304E+00   1.05426E+00   5.61689E-01   1.22057E+00
 7.32500E+00   2.17223E+00   1.05412E+00   5.61019E-01   1.21866E+00
 7.37500E+00   2.17140E+00   1.05398E+00   5.60335E-01   1.21671E+00
 7.42500E+00   2.17056E+00   1.05383E+00   5.59640E-01   1.21473E+00
 7.47500E+00   2.16970E+00   1.05367E+00   5.58937E-01   1.21272E+00
 7.52500E+00   2.16882E+00   1.05351E+00   5.58228E-01   1.21070E+00
 7.57500E+00   2.16793E+00   1.05335E+00   5.57515E-01   1.20865E+00
 7.62500E+00   2.16703E+00   1.05318E+00   5.56801E-01   1.20660E+00
 7.67500E+00   2.16611E+00   1.05301E+00   5.56089E-01   1.20455E+00
 7.72500E+00   2.16519E+00   1.05284E+00   5.55381E-01   1.20250E+00
 7.77500E+00   2.16425E+00   1.05267E+00   5.54678E-01   1.20046E+00
 7.82500E+00   2.16331E+00   1.05249E+00   5.53982E-01   1.19843E+00
 7.87500E+00   2.16236E+00   1.05232E+00   5.53296E-01   1.19642E+00
 7.92500E+00   2.16140E+00   1.05215E+00   5.52621E-01   1.19443E+00
 7.97500E+00   2.16043E+00   1.05198E+00   5.51959E-01   1.19247E+00
 8.02500E+00   2.15946E+00   1.05181E+00   5.51310E-01   1.19053E+00
 8.07500E+00   2.15849E+00   1.05165E+00   5.50677E-01   1.18863E+00
 8.12500E+00   2.15751E+00   1.05149E+00   5.50060E-01   1.18676E+00
 8.17500E+00   2.15653E+00   1.05133E+00   5.49461E-01   1.18493E+00
 8.22500E+00   2.15555E+00   1.05118E+00   5.48879E-01   1.18314E+00
 8.27500E+00   2.15457E+00   1.05102E+00   5.48316E-01   1.18139E+00
 8.32500E+00   2.15360E+00   1.05088E+00   5.47772E-01   1.17968E+00
 8.37500E+00   2.15262E+00   1.05073E+00   5.47248E-01   1.17802E+00
 8.42500E+00   2.15165E+00   1.05060E+00   5.46743E-01   1.17640E+00
 8.47500E+00   2.15069E+00   1.05046E+00   5.46259E-01   1.17483E+00
 8.52500E+00   2.14973E+00   1.05033E+00   5.45795E-01   1.17331E+00
 8.57500E+00   2.14878E+00   1.05021E+00   5.45350E-01   1.17184E+00
 8.62500E+00   2.14785E+00   1.05009E+00   5.44926E-01   1.17042E+00
 8.67500E+00   2.14693E+00   1.04997E+00   5.44522E-01   1.16905E+00
 8.72500E+00   2.14603E+00   1.04986E+00   5.44136E-01   1.16773E+00
 8.77500E+00   2.14514E+00   1.04975E+00   5.43770E-01   1.16646E+00
 8.82500E+00   2.14428E+00   1.04965E+00   5.43424E-01   1.16525E+00
 8.87500E+00   2.14343E+00   1.04955E+00   5.43096E-01   1.16409E+00
 8.92500E+00   2.14261E+00   1.04946E+00   5.42786E-01   1.16298E+00
 8.97500E+00   2.14182E+00   1.04937E+00   5.42494E-01   1.16192E+00
 9.02500E+00   2.14106E+00   1.04929E+00   5.42219E-01   1.16092E+00
 9.07500E+00   2.14032E+00   1.04921E+00   5.41961E-01   1.15997E+00
 9.12500E+00   2.13962E+00   1.04914E+00   5.41720E-01   1.15907E+00
 9.17500E+00   2.13894E+00   1.04907E+00   5.41493E-01   1.15822E+00
 9.22500E+00   2.13831E+00   1.04900E+00   5.41282E-01   1.15743E+00
 9.27500E+00   2.13771E+00   1.04894E+00   5.41086E-01   1.15668E+00
 9.32500E+00   2.13714E+00   1.04888E+00   5.40904E-01   1.15599E+00
 9.37500E+00   2.13661E+00   1.04883E+00   5.40736E-01   1.15534E+00
 9.42500E+00   2.13612E+00   1.04878E+00   5.40580E-01   1.15474E+00
 9.47500E+00   2.13567E+00   1.04873E+00   5.40438E-01   1.15420E+00
 9.52500E+00   2.13525E+00   1.04869E+00   5.40307E-01   1.15369E+00
 9.57500E+00   2.13488E+00   1.04865E+00   5.40188E-01   1.15324E+00
 9.62500E+00   2.13454E+00   1.04862E+00   5.40081E-01   1.15282E+00
 9.67500E+00   2.13424E+00   1.04859E+00   5.39983E-01   1.15245E+00
 9.72500E+00   2.13398E+00   1.04856E+00   5.39896E-01   1.15213E+00
 9.77500E+00   2.13375E+00   1.04854E+00   5.39819E-01   1.15184E+00
 9.82500E+00   2.13356E+00   1.04852E+00   5.39752E-01   1.15159E+00
 9.87500E+00   2.13341E+00   1.04851E+00   5.39693E-01   1.15138E+00
 9.92500E+00   2.13328E+00   1.04850E+00   5.39643E-01   1.15121E+00
 9.97500E+00   2.13319E+00   1.04849E+00   5.39600E-01   1.15107E+00
 1.00250E+01   2.13314E+00   1.04849E+00   5.39566E-01   1.15097E+00
 1.00750E+01   2.13311E+00   1.04849E+00   5.39539E-01   1.15090E+00
 1.01250E+01   2.13311E+00   1.04849E+00   5.39518E-01   1.15085E+00
 1.01750E+01   2.13314E+00   1.04850E+00   5.39503E-01   1.15084E+00
 1.02250E+01   2.13320E+00   1.04851E+00   5.39495E-01   1.15085E+00
 1.02750E+01   2.13328E+00   1.04853E+00   5.39491E-01   1.15089E+00
 1.03250E+01   2.13338E+00   1.04854E+00   5.39493E-01   1.15095E+00
 1.03750E+01   2.13351E+00   1.04856E+00   5.39500E-01   1.15103E+00
 1.04250E+01   2.13366E+00   1.04858E+00   5.39510E-01   1.15113E+00
 1.04750E+01   2.13383E+00   1.04861E+00   5.39525E-01   1.15125E+00
 1.05250E+01   2.13401E+00   1.04864E+00   5.39543E-01   1.15139E+00
 1.05750E+01   2.13421E+00   1.04866E+00   5.39565E-01   1.15155E+00
 1.06250E+01   2.13443E+00   1.04869E+00   5.39590E-01   1.15172E+00
 1.06750E+01   2.13466E+00   1.04873E+00   5.39617E-01   1.15190E+00
 1.07250E+01   2.13490E+00   1.04876E+00   5.39648E-01   1.15209E+00
 1.07750E+01   2.13515E+00   1.04879E+00   5.39680E-01   1.15230E+00
 1.08250E+01   2.13541E+00   1.04883E+00   5.39716E-01   1.15251E+00
 1.08750E+01   2.13568E+00   1.04886E+00   5.39753E-01   1.15274E+00
 1.09250E+01   2.13595E+00   1.04890E+00   5.39792E-01   1.15297E+00
 1.09750E+01   2.13622E+00   1.04894E+00   5.39833E-01   1.15320E+00
 1.10250E+01   2.13650E+00   1.04897E+00   5.39875E-01   1.15344E+00
 1.10750E+01   2.13677E+00   1.04901E+00   5.39919E-01   1.15369E+00
 1.11250E+01   2.13705E+00   1.04905E+00   5.39965E-01   1.15393E+00
 1.11750E+01   2.13733E+00   1.04909E+00   5.40012E-01   1.15418E+00
 1.12250E+01   2.13759E+00   1.04913E+00   5.40061E-01   1.15443E+00
 1.12750E+01   2.13786E+00   1.04916E+00   5.40112E-01   1.15468E+00
 1.13250E+01   2.13812E+00   1.04920E+00   5.40164E-01   1.15493E+00
 1.13750E+01   2.13837E+00   1.04924E+00   5.40217E-01   1.15518E+00
 1.14250E+01   2.13861E+00   1.04927E+00   5.40271E-01   1.15543E+00
 1.14750E+01   2.13884E+00   1.04931E+00   5.40327E-01   1.15567E+00
 1.15250E+01   2.13907E+00   1.04934E+00   5.40383E-01   1.15592E+00
 1.15750E+01   2.13928E+00   1.04938E+00   5.40441E-01   1.15615E+00
 1.16250E+01   2.13947E+00   1.04941E+00   5.40500E-01   1.15639E+00
 1.16750E+01   2.13966E+00   1.04945E+00   5.40560E-01   1.15661E+00
 1.17250E+01   2.13983E+00   1.04948E+00   5.40621E-01   1.15684E+00
 1.17750E+01   2.13999E+00   1.04951E+00   5.40683E-01   1.15706E+00
 1.18250E+01   2.14014E+00   1.04954E+00   5.40746E-01   1.15727E+00
 1.18750E+01   2.14027E+00   1.04957E+00   5.40811E-01   1.15748E+00
 1.19250E+01   2.14039E+00   1.04961E+00   5.40876E-01   1.15769E+00
 1.19750E+01   2.14050E+00   1.04964E+00   5.40943E-01   1.15788E+00
 1.20250E+01   2.14059E+00   1.04967E+00   5.41010E-01   1.15808E+00
 1.20750E+01   2.14067E+00   1.04970E+00   5.41079E-01   1.15827E+00
 1.21250E+01   2.14074E+00   1.04972E+00   5.41149E-01   1.15846E+00
 1.21750E+01   2.14079E+00   1.04975E+00   5.41220E-01   1.15864E+00
 1.22250E+01   2.14084E+00   1.04978E+00   5.41292E-01   1.15882E+00
 1.22750E+01   2.14087E+00   1.04981E+00   5.41364E-01   1.15899E+00
 1.23250E+01   2.14090E+00   1.04984E+00   5.41438E-01   1.15916E+00
 1.23750E+01   2.14092E+00   1.04986E+00   5.41514E-01   1.15934E+00
 1.24250E+01   2.14093E+00   1.04989E+00   5.41590E-01   1.15950E+00
 1.24750E+01   2.14093E+00   1.04992E+00   5.41667E-01   1.15967E+00
 1.25250E+01   2.14093E+00   1.04995E+00   5.41746E-01   1.15984E+00
 1.25750E+01   2.14093E+00   1.04997E+00   5.41826E-01   1.16001E+00
 1.26250E+01   2.14092E+00   1.05000E+00   5.41908E-01   1.16018E+00
 1.26750E+01   2.14091E+00   1.05003E+00   5.41990E-01   1.16035E+00
 1.27250E+01   2.14090E+00   1.05006E+00   5.42074E-01   1.16053E+00
 1.27750E+01   2.14089E+00   1.05008E+00   5.42159E-01   1.16070E+00
 1.28250E+01   2.14089E+00   1.05011E+00   5.42245E-01   1.16089E+00
 1.28750E+01   2.14089E+00   1.05014E+00   5.42333E-01   1.16107E+00
 1.29250E+01   2.14089E+00   1.05017E+00   5.42422E-01   1.16127E+00
 1.29750E+01   2.14090E+00   1.05020E+00   5.42513E-01   1.16147E+00
 1.30250E+01   2.14092E+00   1.05023E+00   5.42605E-01   1.16167E+00
 1.30750E+01   2.14094E+00   1.05026E+00   5.42699E-01   1.16189E+00
 1.31250E+01   2.14097E+00   1.05029E+00   5.42794E-01   1.16211E+00
 1.31750E+01   2.14102E+00   1.05032E+00   5.42891E-01   1.16234E+00
 1.32250E+01   2.14107E+00   1.05035E+00   5.42990E-01   1.16258E+00
 1.32750E+01   2.14114E+00   1.05039E+00   5.43091E-01   1.16283E+00
 1.33250E+01   2.14121E+00   1.05042E+00   5.43193E-01   1.16309E+00
 1.33750E+01   2.14131E+00   1.05046E+00   5.43297E-01   1.16337E+00
 1.34250E+01   2.14141E+00   1.05049E+00   5.43403E-01   1.16365E+00
 1.34750E+01   2.14153E+00   1.05053E+00   5.43512E-01   1.16395E+00
 1.35250E+01   2.14166E+00   1.05056E+00   5.43622E-01   1.16426E+00
 1.35750E+01   2.14181E+00   1.05060E+00   5.43734E-01   1.16458E+00
 1.36250E+01   2.14198E+00   1.05064E+00   5.43849E-01   1.16491E+00
 1.36750E+01   2.14215E+00   1.05068E+00   5.43966E-01   1.16526E+00
 1.37250E+01   2.14235E+00   1.05072E+00   5.44085E-01   1.16562E+00
 1.37750E+01   2.14256E+00   1.05076E+00   5.44207E-01   1.16600E+00
 1.38250E+01   2.14278E+00   1.05080E+00   5.44331E-01   1.16638E+00
 1.38750E+01   2.14303E+00   1.05084E+00   5.44458E-01   1.16679E+00
 1.39250E+01   2.14328E+00   1.05089E+00   5.44587E-01   1.16721E+00
 1.39750E+01   2.14356E+00   1.05093E+00   5.44720E-01   1.16764E+00
 1.40250E+01   2.14384E+00   1.05098E+00   5.44855E-01   1.16808E+00
 1.40750E+01   2.14414E+00   1.05103E+00   5.44993E-01   1.16854E+00
 1.41250E+01   2.14446E+00   1.05107E+00   5.45135E-01   1.16902E+00
 1.41750E+01   2.14478E+00   1.05112E+00   5.45279E-01   1.16950E+00
 1.42250E+01   2.14512E+00   1.05117E+00   5.45427E-01   1.17001E+00
 1.42750E+01   2.14548E+00   1.05122E+00   5.45578E-01   1.17052E+00
 1.43250E+01   2.14584E+00   1.05128E+00   5.45733E-01   1.17106E+00
 1.43750E+01   2.14622E+00   1.05133E+00   5.45891E-01   1.17160E+00
 1.44250E+01   2.14660E+00   1.05138E+00   5.46053E-01   1.17216E+00
 1.44750E+01   2.14700E+00   1.05144E+00   5.46219E-01   1.17273E+00
 1.45250E+01   2.14740E+00   1.05150E+00   5.46389E-01   1.17332E+00
 1.45750E+01   2.14782E+00   1.05155E+00   5.46563E-01   1.17392E+00
 1.46250E+01   2.14824E+00   1.05161E+00   5.46741E-01   1.17453E+00
 1.46750E+01   2.14867E+00   1.05167E+00   5.46924E-01   1.17516E+00
 1.47250E+01   2.14911E+00   1.05173E+00   5.47110E-01   1.17580E+00
 1.47750E+01   2.14955E+00   1.05180E+00   5.47302E-01   1.17645E+00
 1.48250E+01   2.15000E+00   1.05186E+00   5.47497E-01   1.17712E+00
 1.48750E+01   2.15045E+00   1.05192E+00   5.47698E-01   1.17780E+00
 1.49250E+01   2.15091E+00   1.05199E+00   5.47903E-01   1.17849E+00
 1.49750E+01   2.15137E+00   1.05206E+00   5.48113E-01   1.17919E+00
 1.50250E+01   2.15184E+00   1.05213E+00   5.48328E-01   1.17991E+00
 1.50750E+01   2.15231E+00   1.05220E+00   5.48548E-01   1.18064E+00
 1.51250E+01   2.15278E+00   1.05227E+00   5.48773E-01   1.18139E+00
 1.51750E+01   2.15325E+00   1.05234E+00   5.49003E-01   1.18214E+00
 1.52250E+01   2.15373E+00   1.05241E+00   5.49238E-01   1.18291E+00
 1.52750E+01   2.15421E+00   1.05249E+00   5.49479E-01   1.18369E+00
 1.53250E+01   2.15469E+00   1.05256E+00   5.49724E-01   1.18448E+00
 1.53750E+01   2.15517E+00   1.05264E+00   5.49975E-01   1.18529E+00
 1.54250E+01   2.15565E+00   1.05272E+00   5.50231E-01   1.18611E+00
 1.54750E+01   2.15614E+00   1.05280E+00   5.50491E-01   1.18693E+00
 1.55250E+01   2.15662E+00   1.05288E+00   5.50757E-01   1.18778E+00
 1.55750E+01   2.15711E+00   1.05296E+00   5.51028E-01   1.18863E+00
 1.56250E+01   2.15759E+00   1.05304E+00   5.51304E-01   1.18949E+00
 1.56750E+01   2.15808E+00   1.05312E+00   5.51584E-01   1.19036E+00
 1.57250E+01   2.15857E+00   1.05321E+00   5.51869E-01   1.19125E+00
 1.57750E+01   2.15906E+00   1.05329E+00   5.52158E-01   1.19214E+00
 1.58250E+01   2.15955E+00   1.05338E+00   5.52452E-01   1.19305E+00
 1.58750E+01   2.16004E+00   1.05347E+00   5.52750E-01   1.19396E+00
 1.59250E+01   2.16054E+00   1.05356E+00   5.53052E-01   1.19489E+00
 1.59750E+01   2.16103E+00   1.05365E+00   5.53357E-01   1.19582E+00
 1.60250E+01   2.16152E+00   1.05374E+00   5.53665E-01   1.19676E+00
 1.60750E+01   2.16202E+00   1.05383E+00   5.53976E-01   1.19770E+00
 1.61250E+01   2.16251E+00   1.05392E+00   5.54289E-01   1.19866E+00
 1.61750E+01   2.16300E+00   1.05401E+00   5.54604E-01   1.19961E+00
 1.62250E+01   2.16350E+00   1.05410E+00   5.54921E-01   1.20057E+00
 1.62750E+01   2.16399E+00   1.05419E+00   5.55240E-01   1.20153E+00
 1.63250E+01   2.16449E+00   1.05428E+00   5.55559E-01   1.20250E+00
 1.63750E+01   2.16498E+00   1.05438E+00   5.55878E-01   1.20346E+00
 1.64250E+01   2.16547E+00   1.05447E+00   5.56197E-01   1.20443E+00
 1.64750E+01   2.16596E+00   1.05456E+00   5.56515E-01   1.20539E+00
 1.65250E+01   2.16644E+00   1.05465E+00   5.56832E-01   1.20634E+00
 1.65750E+01   2.16693E+00   1.05475E+00   5.57146E-01   1.20730E+00
 1.66250E+01   2.16741E+00   1.05484E+00   5.57458E-01   1.20824E+00
 1.66750E+01   2.16788E+00   1.05493E+00   5.57767E-01   1.20917E+00
 1.67250E+01   2.16835E+00   1.05502E+00   5.58071E-01   1.21010E+00
 1.67750E+01   2.16882E+00   1.05510E+00   5.58370E-01   1.21100E+00
 1.68250E+01   2.16927E+00   1.05519E+00   5.58664E-01   1.21190E+00
 1.68750E+01   2.16972E+00   1.05528E+00   5.58951E-01   1.21277E+00
 1.69250E+01   2.17016E+00   1.05536E+00   5.59231E-01   1.21362E+00
 1.69750E+01   2.17059E+00   1.05544E+00   5.59504E-01   1.21445E+00
 1.70250E+01   2.17101E+00   1.05552E+00   5.59767E-01   1.21526E+00
 1.70750E+01   2.17141E+00   1.05560E+00   5.60021E-01   1.21604E+00
 1.71250E+01   2.17180E+00   1.05567E+00   5.60264E-01   1.21678E+00
 1.71750E+01   2.17218E+00   1.05574E+00   5.60496E-01   1.21750E+00
 1.72250E+01   2.17253E+00   1.05581E+00   5.60716E-01   1.21817E+00
 1.72750E+01   2.17287E+00   1.05588E+00   5.60923E-01   1.21881E+00
 1.73250E+01   2.17319E+00   1.05594E+00   5.61116E-01   1.21941E+00
 1.73750E+01   2.17348E+00   1.05600E+00   5.61294E-01   1.21996E+00
 1.74250E+01   2.17375E+00   1.05606E+00   5.61458E-01   1.22047E+00
 1.74750E+01   2.17400E+00   1.05611E+00   5.61605E-01   1.22093E+00
 1.75250E+01   2.17422E+00   1.05616E+00   5.61736E-01   1.22134E+00
 1.75750E+01   2.17441E+00   1.05620E+00   5.61849E-01   1.22169E+00
 1.76250E+01   2.17458E+00   1.05624E+00   5.61944E-01   1.22199E+00
 1.76750E+01   2.17471E+00   1.05627E+00   5.62021E-01   1.22223E+00
 1.77250E+01   2.17481E+00   1.05630E+00   5.62077E-01   1.22241E+00
 1.77750E+01   2.17487E+00   1.05632E+00   5.62115E-01   1.22253E+00
 1.78250E+01   2.17490E+00   1.05634E+00   5.62131E-01   1.22258E+00
 1.78750E+01   2.17490E+00   1.05636E+00   5.62127E-01   1.22257E+00
 1.79250E+01   2.17485E+00   1.05637E+00   5.62101E-01   1.22249E+00
 1.79750E+01   2.17477E+00   1.05637E+00   5.62054E-01   1.22234E+00
 1.80250E+01   2.17465E+00   1.05637E+00   5.61986E-01   1.22212E+00
 1.80750E+01   2.17449E+00   1.05636E+00   5.61895E-01   1.22184E+00
 1.81250E+01   2.17429E+00   1.05634E+00   5.61782E-01   1.22148E+00
 1.81750E+01   2.17405E+00   1.05632E+00   5.61647E-01   1.22105E+00
 1.82250E+01   2.17377E+00   1.05630E+00   5.61491E-01   1.22055E+00
 1.82750E+01   2.17344E+00   1.05627E+00   5.61312E-01   1.21998E+00
 1.83250E+01   2.17308E+00   1.05623E+00   5.61112E-01   1.21934E+00
 1.83750E+01   2.17267E+00   1.05619E+00   5.60891E-01   1.21863E+00
 1.84250E+01   2.17223E+00   1.05614E+00   5.60649E-01   1.21786E+00
 1.84750E+01   2.17175E+00   1.05609E+00   5.60386E-01   1.21702E+00
 1.85250E+01   2.17122E+00   1.05603E+00   5.60103E-01   1.21611E+00
 1.85750E+01   2.17066E+00   1.05597E+00   5.59801E-01   1.21514E+00
 1.86250E+01   2.17007E+00   1.05590E+00   5.59481E-01   1.21411E+00
 1.86750E+01   2.16944E+00   1.05583E+00   5.59142E-01   1.21302E+00
 1.87250E+01   2.16877E+00   1.05575E+00   5.58787E-01   1.21188E+00
 1.87750E+01   2.16807E+00   1.05567E+00   5.58416E-01   1.21069E+00
 1.88250E+01   2.16735E+00   1.05558E+00   5.58029E-01   1.20944E+00
 1.88750E+01   2.16659E+00   1.05550E+00   5.57629E-01   1.20815E+00
 1.89250E+01   2.16581E+00   1.05540E+00   5.57216E-01   1.20682E+00
 1.89750E+01   2.16500E+00   1.05530E+00   5.56791E-01   1.20545E+00
 1.90250E+01   2.16417E+00   1.05520E+00   5.56356E-01   1.20405E+00
 1.90750E+01   2.16332E+00   1.05510E+00   5.55910E-01   1.20261E+00
 1.91250E+01   2.16245E+00   1.05500E+00   5.55456E-01   1.20114E+00
 1.91750E+01   2.16156E+00   1.05489E+00   5.54995E-01   1.19966E+00
 1.92250E+01   2.16066E+00   1.05478E+00   5.54527E-01   1.19815E+00
 1.92750E+01   2.15976E+00   1.05467E+00   5.54055E-01   1.19662E+00
 1.93250E+01   2.15884E+00   1.05455E+00   5.53579E-01   1.19509E+00
 1.93750E+01   2.15791E+00   1.05444E+00   5.53101E-01   1.19354E+00
 1.94250E+01   2.15698E+00   1.05433E+00   5.52621E-01   1.19200E+00
 1.94750E+01   2.15605E+00   1.05421E+00   5.52141E-01   1.19045E+00
 1.95250E+01   2.15513E+00   1.05410E+00   5.51663E-01   1.18890E+00
 1.95750E+01   2.15420E+00   1.05398E+00   5.51186E-01   1.18737E+00
 1.96250E+01   2.15328E+00   1.05387E+00   5.50713E-01   1.18584E+00
 1.96750E+01   2.15237E+00   1.05376E+00   5.50243E-01   1.18433E+00
 1.97250E+01   2.15146E+00   1.05365E+00   5.49779E-01   1.18283E+00
 1.97750E+01   2.15057E+00   1.05353E+00   5.49322E-01   1.18136E+00
 1.98250E+01   2.14969E+00   1.05343E+00   5.48871E-01   1.17990E+00
 1.98750E+01   2.14883E+00   1.05332E+00   5.48427E-01   1.17848E+00
 1.99250E+01   2.14798E+00   1.05321E+00   5.47993E-01   1.17708E+00
 1.99750E+01   2.14715E+00   1.05311E+00   5.47567E-01   1.17571E+00
 2.00250E+01   2.14634E+00   1.05301E+00   5.47151E-01   1.17437E+00
 2.00750E+01   2.14554E+00   1.05291E+00   5.46746E-01   1.17307E+00
 2.01250E+01   2.14477E+00   1.05281E+00   5.46351E-01   1.17180E+00
 2.01750E+01   2.14402E+00   1.05272E+00   5.45967E-01   1.17057E+00
 2.02250E+01   2.14329E+00   1.05263E+00   5.45596E-01   1.16937E+00
 2.02750E+01   2.14259E+00   1.05255E+00   5.45236E-01   1.16822E+00
 2.03250E+01   2.14191E+00   1.05246E+00   5.44888E-01   1.16710E+00
 2.03750E+01   2.14126E+00   1.05238E+00   5.44553E-01   1.16603E+00
 2.04250E+01   2.14063E+00   1.05231E+00   5.44231E-01   1.16500E+00
 2.04750E+01   2.14003E+00   1.05223E+00   5.43921E-01   1.16401E+00
 2.05250E+01   2.13946E+00   1.05216E+00   5.43624E-01   1.16306E+00
 2.05750E+01   2.13891E+00   1.05209E+00   5.43340E-01   1.16215E+00
 2.06250E+01   2.13838E+00   1.05203E+00   5.43068E-01   1.16129E+00
 2.06750E+01   2.13789E+00   1.05197E+00   5.42810E-01   1.16047E+00
 2.07250E+01   2.13741E+00   1.05191E+00   5.42564E-01   1.15968E+00
 2.07750E+01   2.13697E+00   1.05186E+00   5.42331E-01   1.15894E+00
 2.08250E+01   2.13654E+00   1.05181E+00   5.42110E-01   1.15824E+00
 2.08750E+01   2.13615E+00   1.05176E+00   5.41901E-01   1.15758E+00
 2.09250E+01   2.13577E+00   1.05172E+00   5.41704E-01   1.15696E+00
 2.09750E+01   2.13542E+00   1.05168E+00   5.41519E-01   1.15637E+00
 2.10250E+01   2.13510E+00   1.05164E+00   5.41345E-01   1.15582E+00
 2.10750E+01   2.13479E+00   1.05161E+00   5.41183E-01   1.15531E+00
 2.11250E+01   2.13451E+00   1.05158E+00   5.41031E-01   1.15483E+00
 2.11750E+01   2.13424E+00   1.05155E+00   5.40890E-01   1.15439E+00
 2.12250E+01   2.13400E+00   1.05152E+00   5.40759E-01   1.15398E+00
 2.12750E+01   2.13378E+00   1.05150E+00   5.40638E-01   1.15360E+00
 2.13250E+01   2.13357E+00   1.05148E+00   5.40527E-01   1.15325E+00
 2.13750E+01   2.13338E+00   1.05146E+00   5.40424E-01   1.15293E+00
 2.14250E+01   2.13321E+00   1.05144E+00   5.40331E-01   1.15264E+00
 2.14750E+01   2.13306E+00   1.05143E+00   5.40247E-01   1.15238E+00
 2.15250E+01   2.13292E+00   1.05142E+00   5.40170E-01   1.15214E+00
 2.15750E+01   2.13280E+00   1.05141E+00   5.40102E-01   1.15193E+00
 2.16250E+01   2.13269E+00   1.05141E+00   5.40042E-01   1.15174E+00
 2.16750E+01   2.13260E+00   1.05140E+00   5.39989E-01   1.15158E+00
 2.17250E+01   2.13251E+00   1.05140E+00   5.39943E-01   1.15144E+00
 2.17750E+01   2.13244E+00   1.05140E+00   5.39904E-01   1.15131E+00
 2.18250E+01   2.13238E+00   1.05140E+00   5.39872E-01   1.15121E+00
 2.18750E+01   2.13233E+00   1.05141E+00   5.39846E-01   1.15113E+00
 2.19250E+01   2.13229E+00   1.05141E+00   5.39826E-01   1.15106E+00
 2.19750E+01   2.13226E+00   1.05142E+00   5.39811E-01   1.15102E+00
 2.20250E+01   2.13223E+00   1.05143E+00   5.39802E-01   1.15098E+00
 2.20750E+01   2.13221E+00   1.05144E+00   5.39798E-01   1.15097E+00
 2.21250E+01   2.13221E+00   1.05145E+00   5.39799E-01   1.15096E+00
 2.21750E+01   2.13220E+00   1.05147E+00   5.39805E-01   1.15098E+00
 2.22250E+01   2.13221E+00   1.05148E+00   5.39816E-01   1.15100E+00
 2.22750E+01   2.13222E+00   1.05150E+00   5.39831E-01   1.15104E+00
 2.23250E+01   2.13223E+00   1.05152E+00   5.39850E-01   1.15109E+00
 2.23750E+01   2.13225E+00   1.05154E+00   5.39873E-01   1.15115E+00
 2.24250E+01   2.13228E+00   1.05156E+00   5.39899E-01   1.15121E+00
 2.24750E+01   2.13230E+00   1.05158E+00   5.39929E-01   1.15129E+00
 2.25250E+01   2.13234E+00   1.05160E+00   5.39963E-01   1.15138E+00
 2.25750E+01   2.13237E+00   1.05163E+00   5.40000E-01   1.15148E+00
 2.26250E+01   2.13241E+00   1.05165E+00   5.40041E-01   1.15159E+00
 2.26750E+01   2.13245E+00   1.05168E+00   5.40084E-01   1.15170E+00
 2.27250E+01   2.13249E+00   1.05171E+00   5.40130E-01   1.15182E+00
 2.27750E+01   2.13254E+00   1.05174E+00   5.40179E-01   1.15195E+00
 2.28250E+01   2.13258E+00   1.05177E+00   5.40230E-01   1.15209E+00
 2.28750E+01   2.13263E+00   1.05180E+00   5.40284E-01   1.15223E+00
 2.29250E+01   2.13268E+00   1.05183E+00   5.40340E-01   1.15237E+00
 2.29750E+01   2.13273E+00   1.05186E+00   5.40399E-01   1.15253E+00
 2.30250E+01   2.13279E+00   1.05189E+00   5.40460E-01   1.15269E+00
 2.30750E+01   2.13284E+00   1.05193E+00   5.40523E-01   1.15285E+00
 2.31250E+01   2.13290E+00   1.05197E+00   5.40588E-01   1.15302E+00
 2.31750E+01   2.13295E+00   1.05200E+00   5.40655E-01   1.15319E+00
 2.32250E+01   2.13301E+00   1.05204E+00   5.40724E-01   1.15337E+00
 2.32750E+01   2.13307E+00   1.05208E+00   5.40795E-01   1.15356E+00
 2.33250E+01   2.13313E+00   1.05212E+00   5.40868E-01   1.15374E+00
 2.33750E+01   2.13320E+00   1.05216E+00   5.40943E-01   1.15394E+00
 2.34250E+01   2.13326E+00   1.05220E+00   5.41019E-01   1.15413E+00
 2.34750E+01   2.13332E+00   1.05224E+00   5.41097E-01   1.15434E+00
 2.35250E+01   2.13339E+00   1.05228E+00   5.41178E-01   1.15454E+00
 2.35750E+01   2.13346E+00   1.05233E+00   5.41259E-01   1.15475E+00
 2.36250E+01   2.13353E+00   1.05237E+00   5.41343E-01   1.15497E+00
 2.36750E+01   2.13360E+00   1.05242E+00   5.41428E-01   1.15519E+00
 2.37250E+01   2.13367E+00   1.05246E+00   5.41515E-01   1.15541E+00
 2.37750E+01   2.13374E+00   1.05251E+00   5.41603E-01   1.15564E+00
 2.38250E+01   2.13382E+00   1.05256E+00   5.41694E-01   1.15587E+00
 2.38750E+01   2.13389E+00   1.05261E+00   5.41786E-01   1.15611E+00
 2.39250E+01   2.13397E+00   1.05266E+00   5.41879E-01   1.15635E+00
 2.39750E+01   2.13405E+00   1.05271E+00   5.41974E-01   1.15660E+00
 2.40250E+01   2.13413E+00   1.05276E+00   5.42071E-01   1.15685E+00
 2.40750E+01   2.13422E+00   1.05281E+00   5.42170E-01   1.15711E+00
 2.41250E+01   2.13431E+00   1.05287E+00   5.42271E-01   1.15737E+00
 2.41750E+01   2.13439E+00   1.05292E+00   5.42374E-01   1.15764E+00
 2.42250E+01   2.13448E+00   1.05298E+00   5.42478E-01   1.15791E+00
 2.42750E+01   2.13458E+00   1.05304E+00   5.42584E-01   1.15819E+00
 2.43250E+01   2.13467E+00   1.05309E+00   5.42692E-01   1.15847E+00
 2.43750E+01   2.13477E+00   1.05315E+00   5.42802E-01   1.15876E+00
 2.44250E+01   2.13487E+00   1.05321E+00   5.42914E-01   1.15905E+00
 2.44750E+01   2.13498E+00   1.05328E+00   5.43028E-01   1.15935E+00
 2.45250E+01   2.13508E+00   1.05334E+00   5.43145E-01   1.15966E+00
 2.45750E+01   2.13519E+00   1.05340E+00   5.43263E-01   1.15997E+00
 2.46250E+01   2.13530E+00   1.05347E+00   5.43383E-01   1.16029E+00
 2.46750E+01   2.13542E+00   1.05353E+00   5.43506E-01   1.16061E+00
 2.47250E+01   2.13553E+00   1.05360E+00   5.43631E-01   1.16094E+00
 2.47750E+01   2.13566E+00   1.05367E+00   5.43759E-01   1.16128E+00
 2.48250E+01   2.13578E+00   1.05374E+00   5.43889E-01   1.16163E+00
 2.48750E+01   2.13591E+00   1.05381E+00   5.44021E-01   1.16198E+00
 2.49250E+01   2.13603E+00   1.05389E+00   5.44156E-01   1.16234E+00
 2.49750E+01   2.13617E+00   1.05396E+00   5.44293E-01   1.16270E+00
 2.50250E+01   2.13630E+00   1.05404E+00   5.44433E-01   1.16307E+00
 2.50750E+01   2.13644E+00   1.05411E+00   5.44575E-01   1.16345E+00
 2.51250E+01   2.13658E+00   1.05419E+00   5.44720E-01   1.16384E+00
 2.51750E+01   2.13673E+00   1.05427E+00   5.44868E-01   1.16424E+00
 2.52250E+01   2.13688E+00   1.05435E+00   5.45018E-01   1.16464E+00
 2.52750E+01   2.13703E+00   1.05444E+00   5.45172E-01   1.16505E+00
 2.53250E+01   2.13719E+00   1.05452E+00   5.45328E-01   1.16547E+00
 2.53750E+01   2.13735E+00   1.05461E+00   5.45487E-01   1.16589E+00
 2.54250E+01   2.13751E+00   1.05469E+00   5.45649E-01   1.16633E+00
 2.54750E+01   2.13768E+00   1.05478E+00   5.45814E-01   1.16677E+00
 2.55250E+01   2.13785E+00   1.05487E+00   5.45983E-01   1.16723E+00
 2.55750E+01   2.13802E+00   1.05496E+00   5.46154E-01   1.16769E+00
 2.56250E+01   2.13820E+00   1.05506E+00   5.46329E-01   1.16816E+00
 2.56750E+01   2.13838E+00   1.05515E+00   5.46506E-01   1.16864E+00
 2.57250E+01   2.13856E+00   1.05525E+00   5.46687E-01   1.16912E+00
 2.57750E+01   2.13875E+00   1.05535E+00   5.46871E-01   1.16962E+00
 2.58250E+01   2.13894E+00   1.05545E+00   5.47058E-01   1.17012E+00
 2.58750E+01   2.13914E+00   1.05555E+00   5.47248E-01   1.17064E+00
 2.59250E+01   2.13934E+00   1.05565E+00   5.47442E-01   1.17116E+00
 2.59750E+01   2.13954E+00   1.05576E+00   5.47639E-01   1.17169E+00
 2.60250E+01   2.13974E+00   1.05587E+00   5.47839E-01   1.17224E+00
 2.60750E+01   2.13995E+00   1.05598E+00   5.48043E-01   1.17279E+00
 2.61250E+01   2.14017E+00   1.05609E+00   5.48249E-01   1.17334E+00
 2.61750E+01   2.14038E+00   1.05620E+00   5.48459E-01   1.17391E+00
 2.62250E+01   2.14060E+00   1.05631E+00   5.48672E-01   1.17449E+00
 2.62750E+01   2.14082E+00   1.05643E+00   5.48888E-01   1.17507E+00
 2.63250E+01   2.14105E+00   1.05654E+00   5.49106E-01   1.17566E+00
 2.63750E+01   2.14127E+00   1.05666E+00   5.49328E-01   1.17626E+00
 2.64250E+01   2.14151E+00   1.05678E+00   5.49552E-01   1.17687E+00
 2.64750E+01   2.14174E+00   1.05690E+00   5.49780E-01   1.17748E+00
 2.65250E+01   2.14198E+00   1.05703E+00   5.50010E-01   1.17811E+00
 2.65750E+01   2.14221E+00   1.05715E+00   5.50242E-01   1.17874E+00
 2.66250E+01   2.14245E+00   1.05728E+00   5.50477E-01   1.17937E+00
 2.66750E+01   2.14269E+00   1.05741E+00   5.50715E-01   1.18001E+00
 2.67250E+01   2.14294E+00   1.05754E+00   5.50954E-01   1.18066E+00
 2.67750E+01   2.14318E+00   1.05767E+00   5.51196E-01   1.18131E+00
 2.68250E+01   2.14343E+00   1.05780E+00   5.51439E-01   1.18197E+00
 2.68750E+01   2.14367E+00   1.05793E+00   5.51684E-01   1.18263E+00
 2.69250E+01   2.14392E+00   1.05807E+00   5.51931E-01   1.18330E+00
 2.69750E+01   2.14417E+00   1.05820E+00   5.52179E-01   1.18396E+00
 2.70250E+01   2.14441E+00   1.05834E+00   5.52428E-01   1.18463E+00
 2.70750E+01   2.14466E+00   1.05848E+00   5.52678E-01   1.18531E+00
 2.71250E+01   2.14490E+00   1.05862E+00   5.52929E-01   1.18598E+00
 2.71750E+01   2.14514E+00   1.05876E+00   5.53180E-01   1.18665E+00
 2.72250E+01   2.14538E+00   1.05890E+00   5.53431E-01   1.18732E+00
 2.72750E+01   2.14562E+00   1.05904E+00   5.53682E-01   1.18799E+00
 2.73250E+01   2.14585E+00   1.05918E+00   5.53932E-01   1.18866E+00
 2.73750E+01   2.14609E+00   1.05933E+00   5.54182E-01   1.18932E+00
 2.74250E+01   2.14631E+00   1.05947E+00   5.54431E-01   1.18998E+00
 2.74750E+01   2.14653E+00   1.05961E+00   5.54678E-01   1.19063E+00
 2.75250E+01   2.14675E+00   1.05976E+00   5.54923E-01   1.19128E+00
 2.75750E+01   2.14696E+00   1.05990E+00   5.55167E-01   1.19192E+00
 2.76250E+01   2.14716E+00   1.06005E+00   5.55408E-01   1.19255E+00
 2.76750E+01   2.14736E+00   1.06019E+00   5.55646E-01   1.19317E+00
 2.77250E+01   2.14754E+00   1.06034E+00   5.55881E-01   1.19378E+00
 2.77750E+01   2.14772E+00   1.06048E+00   5.56112E-01   1.19437E+00
 2.78250E+01   2.14789E+00   1.06063E+00   5.56339E-01   1.19496E+00
 2.78750E+01   2.14805E+00   1.06077E+00   5.56562E-01   1.19552E+00
 2.79250E+01   2.14820E+00   1.06092E+00   5.56780E-01   1.19607E+00
 2.79750E+01   2.14834E+00   1.06106E+00   5.56992E-01   1.19661E+00
 2.80250E+01   2.14846E+00   1.06120E+00   5.57199E-01   1.19712E+00
 2.80750E+01   2.14857E+00   1.06134E+00   5.57400E-01   1.19761E+00
 2.81250E+01   2.14867E+00   1.06148E+00   5.57594E-01   1.19808E+00
 2.81750E+01   2.14875E+00   1.06162E+00   5.57780E-01   1.19853E+00
 2.82250E+01   2.14882E+00   1.06176E+00   5.57960E-01   1.19895E+00
 2.82750E+01   2.14887E+00   1.06190E+00   5.58131E-01   1.19935E+00
 2.83250E+01   2.14890E+00   1.06203E+00   5.58295E-01   1.19972E+00
 2.83750E+01   2.14892E+00   1.06216E+00   5.58449E-01   1.20006E+00
 2.84250E+01   2.14892E+00   1.06230E+00   5.58595E-01   1.20037E+00
 2.84750E+01   2.14889E+00   1.06243E+00   5.58730E-01   1.20065E+00
 2.85250E+01   2.14885E+00   1.06255E+00   5.58856E-01   1.20090E+00
 2.85750E+01   2.14879E+00   1.06268E+00   5.58971E-01   1.20111E+00
 2.86250E+01   2.14871E+00   1.06280E+00   5.59076E-01   1.20129E+00
 2.86750E+01   2.14860E+00   1.06292E+00   5.59170E-01   1.20143E+00
 2.87250E+01   2.14847E+00   1.06304E+00   5.59252E-01   1.20154E+00
 2.87750E+01   2.14832E+00   1.06316E+00   5.59322E-01   1.20160E+00
 2.88250E+01   2.14815E+00   1.06327E+00   5.59380E-01   1.20163E+00
 2.88750E+01   2.14795E+00   1.06338E+00   5.59425E-01   1.20162E+00
 2.89250E+01   2.14773E+00   1.06349E+00   5.59457E-01   1.20156E+00
 2.89750E+01   2.14748E+00   1.06359E+00   5.59476E-01   1.20146E+00
 2.90250E+01   2.14720E+00   1.06369E+00   5.59482E-01   1.20132E+00
 2.90750E+01   2.14690E+00   1.06379E+00   5.59474E-01   1.20114E+00
 2.91250E+01   2.14658E+00   1.06388E+00   5.59453E-01   1.20091E+00
 2.91750E+01   2.14622E+00   1.06397E+00   5.59416E-01   1.20063E+00
 2.92250E+01   2.14585E+00   1.06406E+00   5.59366E-01   1.20031E+00
 2.92750E+01   2.14544E+00   1.06415E+00   5.59301E-01   1.19995E+00
 2.93250E+01   2.14501E+00   1.06423E+00   5.59222E-01   1.19954E+00
 2.93750E+01   2.14456E+00   1.06430E+00   5.59129E-01   1.19908E+00
 2.94250E+01   2.14407E+00   1.06438E+00   5.59022E-01   1.19858E+00
 2.94750E+01   2.14357E+00   1.06444E+00   5.58900E-01   1.19804E+00
 2.95250E+01   2.14303E+00   1.06451E+00   5.58764E-01   1.19745E+00
 2.95750E+01   2.14247E+00   1.06457E+00   5.58614E-01   1.19682E+00
 2.96250E+01   2.14189E+00   1.06463E+00   5.58450E-01   1.19614E+00
 2.96750E+01   2.14128E+00   1.06469E+00   5.58273E-01   1.19542E+00
 2.97250E+01   2.14065E+00   1.06474E+00   5.58082E-01   1.19466E+00
 2.97750E+01   2.13999E+00   1.06479E+00   5.57878E-01   1.19385E+00
 2.98250E+01   2.13931E+00   1.06483E+00   5.57661E-01   1.19301E+00
 2.98750E+01   2.13861E+00   1.06487E+00   5.57432E-01   1.19213E+00
 2.99250E+01   2.13789E+00   1.06491E+00   5.57190E-01   1.19121E+00
 2.99750E+01   2.13715E+00   1.06494E+00   5.56937E-01   1.19026E+00
 3.00250E+01   2.13640E+00   1.06498E+00   5.56672E-01   1.18927E+00
 3.00750E+01   2.13562E+00   1.06500E+00   5.56397E-01   1.18825E+00
 3.01250E+01   2.13483E+00   1.06503E+00   5.56112E-01   1.18720E+00
 3.01750E+01   2.13402E+00   1.06505E+00   5.55817E-01   1.18612E+00
 3.02250E+01   2.13319E+00   1.06507E+00   5.55513E-01   1.18502E+00
 3.02750E+01   2.13235E+00   1.06509E+00   5.55200E-01   1.18388E+00
 3.03250E+01   2.13151E+00   1.06510E+00   5.54879E-01   1.18273E+00
 3.03750E+01   2.13064E+00   1.06511E+00   5.54552E-01   1.18155E+00
 3.04250E+01   2.12977E+00   1.06512E+00   5.54217E-01   1.18036E+00
 3.04750E+01   2.12889E+00   1.06513E+00   5.53877E-01   1.17915E+00
 3.05250E+01   2.12801E+00   1.06514E+00   5.53532E-01   1.17792E+00
 3.05750E+01   2.12712E+00   1.06514E+00   5.53182E-01   1.17668E+00
 3.06250E+01   2.12622E+00   1.06515E+00   5.52829E-01   1.17544E+00
 3.06750E+01   2.12532E+00   1.06515E+00   5.52472E-01   1.17418E+00
 3.07250E+01   2.12442E+00   1.06515E+00   5.52113E-01   1.17292E+00
 3.07750E+01   2.12352E+00   1.06515E+00   5.51752E-01   1.17165E+00
 3.08250E+01   2.12261E+00   1.06515E+00   5.51390E-01   1.17039E+00
 3.08750E+01   2.12171E+00   1.06515E+00   5.51028E-01   1.16912E+00
 3.09250E+01   2.12082E+00   1.06514E+00   5.50666E-01   1.16786E+00
 3.09750E+01   2.11993E+00   1.06514E+00   5.50305E-01   1.16661E+00
 3.10250E+01   2.11904E+00   1.06514E+00   5.49945E-01   1.16536E+00
 3.10750E+01   2.11816E+00   1.06513E+00   5.49588E-01   1.16412E+00
 3.11250E+01   2.11729E+00   1.06513E+00   5.49234E-01   1.16289E+00
 3.11750E+01   2.11643E+00   1.06513E+00   5.48883E-01   1.16167E+00
 3.12250E+01   2.11557E+00   1.06513E+00   5.48537E-01   1.16047E+00
 3.12750E+01   2.11473E+00   1.06512E+00   5.48195E-01   1.15928E+00
 3.13250E+01   2.11390E+00   1.06512E+00   5.47857E-01   1.15811E+00
 3.13750E+01   2.11308E+00   1.06512E+00   5.47525E-01   1.15696E+00
 3.14250E+01   2.11227E+00   1.06512E+00   5.47200E-01   1.15583E+00
 3.14750E+01   2.11148E+00   1.06512E+00   5.46880E-01   1.15473E+00
 3.15250E+01   2.11071E+00   1.06513E+00   5.46568E-01   1.15364E+00
 3.15750E+01   2.10994E+00   1.06513E+00   5.46262E-01   1.15258E+00
 3.16250E+01   2.10920E+00   1.06514E+00   5.45964E-01   1.15155E+00
 3.16750E+01   2.10847E+00   1.06514E+00   5.45674E-01   1.15054E+00
 3.17250E+01   2.10776E+00   1.06515E+00   5.45392E-01   1.14955E+00
 3.17750E+01   2.10706E+00   1.06516E+00   5.45117E-01   1.14860E+00
 3.18250E+01   2.10638E+00   1.06517E+00   5.44852E-01   1.14767E+00
 3.18750E+01   2.10572E+00   1.06518E+00   5.44595E-01   1.14676E+00
 3.19250E+01   2.10508E+00   1.06520E+00   5.44346E-01   1.14589E+00
 3.19750E+01   2.10445E+00   1.06521E+00   5.44107E-01   1.14505E+00
 3.20250E+01   2.10385E+00   1.06523E+00   5.43876E-01   1.14423E+00
 3.20750E+01   2.10326E+00   1.06525E+00   5.43654E-01   1.14345E+00
 3.21250E+01   2.10269E+00   1.06527E+00   5.43442E-01   1.14269E+00
 3.21750E+01   2.10214E+00   1.06529E+00   5.43238E-01   1.14196E+00
 3.22250E+01   2.10161E+00   1.06531E+00   5.43043E-01   1.14126E+00
 3.22750E+01   2.10109E+00   1.06534E+00   5.42858E-01   1.14059E+00
 3.23250E+01   2.10059E+00   1.06537E+00   5.42681E-01   1.13995E+00
 3.23750E+01   2.10011E+00   1.06539E+00   5.42513E-01   1.13934E+00
 3.24250E+01   2.09965E+00   1.06542E+00   5.42354E-01   1.13876E+00
 3.24750E+01   2.09921E+00   1.06546E+00   5.42204E-01   1.13820E+00
 3.25250E+01   2.09878E+00   1.06549E+00   5.42062E-01   1.13767E+00
 3.25750E+01   2.09837E+00   1.06552E+00   5.41929E-01   1.13717E+00
 3.26250E+01   2.09798E+00   1.06556E+00   5.41804E-01   1.13669E+00
 3.26750E+01   2.09760E+00   1.06560E+00   5.41687E-01   1.13624E+00
 3.27250E+01   2.09724E+00   1.06564E+00   5.41578E-01   1.13582E+00
 3.27750E+01   2.09689E+00   1.06568E+00   5.41477E-01   1.13542E+00
 3.28250E+01   2.09657E+00   1.06572E+00   5.41384E-01   1.13505E+00
 3.28750E+01   2.09625E+00   1.06576E+00   5.41299E-01   1.13470E+00
 3.29250E+01   2.09595E+00   1.06581E+00   5.41220E-01   1.13437E+00
 3.29750E+01   2.09567E+00   1.06585E+00   5.41149E-01   1.13407E+00
 3.30250E+01   2.09540E+00   1.06590E+00   5.41085E-01   1.13379E+00
 3.30750E+01   2.09514E+00   1.06595E+00   5.41028E-01   1.13353E+00
 3.31250E+01   2.09489E+00   1.06600E+00   5.40977E-01   1.13329E+00
 3.31750E+01   2.09466E+00   1.06605E+00   5.40933E-01   1.13307E+00
 3.32250E+01   2.09444E+00   1.06610E+00   5.40895E-01   1.13287E+00
 3.32750E+01   2.09424E+00   1.06615E+00   5.40863E-01   1.13270E+00
 3.33250E+01   2.09405E+00   1.06620E+00   5.40836E-01   1.13254E+00
 3.33750E+01   2.09386E+00   1.06626E+00   5.40815E-01   1.13239E+00
 3.34250E+01   2.09369E+00   1.06631E+00   5.40800E-01   1.13227E+00
 3.34750E+01   2.09353E+00   1.06636E+00   5.40790E-01   1.13216E+00
 3.35250E+01   2.09338E+00   1.06642E+00   5.40785E-01   1.13207E+00
 3.35750E+01   2.09324E+00   1.06648E+00   5.40786E-01   1.13200E+00
 3.36250E+01   2.09311E+00   1.06653E+00   5.40791E-01   1.13194E+00
 3.36750E+01   2.09300E+00   1.06659E+00   5.40801E-01   1.13189E+00
 3.37250E+01   2.09289E+00   1.06665E+00   5.40815E-01   1.13186E+00
 3.37750E+01   2.09279E+00   1.06671E+00   5.40834E-01   1.13185E+00
 3.38250E+01   2.09270E+00   1.06677E+00   5.40858E-01   1.13185E+00
 3.38750E+01   2.09262E+00   1.06683E+00   5.40885E-01   1.13186E+00
 3.39250E+01   2.09254E+00   1.06689E+00   5.40917E-01   1.13189E+00
 3.39750E+01   2.09248E+00   1.06695E+00   5.40952E-01   1.13193E+00
 3.40250E+01   2.09242E+00   1.06701E+00   5.40991E-01   1.13198E+00
 3.40750E+01   2.09237E+00   1.06707E+00   5.41034E-01   1.13204E+00
 3.41250E+01   2.09233E+00   1.06713E+00   5.41080E-01   1.13212E+00
 3.41750E+01   2.09230E+00   1.06719E+00   5.41129E-01   1.13220E+00
 3.42250E+01   2.09227E+00   1.06725E+00   5.41182E-01   1.13230E+00
 3.42750E+01   2.09225E+00   1.06731E+00   5.41238E-01   1.13241E+00
 3.43250E+01   2.09224E+00   1.06737E+00   5.41297E-01   1.13252E+00
 3.43750E+01   2.09223E+00   1.06744E+00   5.41360E-01   1.13265E+00
 3.44250E+01   2.09223E+00   1.06750E+00   5.41425E-01   1.13279E+00
 3.44750E+01   2.09224E+00   1.06756E+00   5.41493E-01   1.13293E+00
 3.45250E+01   2.09226E+00   1.06762E+00   5.41564E-01   1.13309E+00
 3.45750E+01   2.09228E+00   1.06769E+00   5.41637E-01   1.13325E+00
 3.46250E+01   2.09230E+00   1.06775E+00   5.41713E-01   1.13343E+00
 3.46750E+01   2.09233E+00   1.06781E+00   5.41792E-01   1.13361E+00
 3.47250E+01   2.09237E+00   1.06788E+00   5.41874E-01   1.13380E+00
 3.47750E+01   2.09241E+00   1.06794E+00   5.41958E-01   1.13400E+00
 3.48250E+01   2.09246E+00   1.06800E+00   5.42045E-01   1.13421E+00
 3.48750E+01   2.09252E+00   1.06806E+00   5.42134E-01   1.13443E+00
 3.49250E+01   2.09258E+00   1.06813E+00   5.42226E-01   1.13465E+00
 3.49750E+01   2.09264E+00   1.06819E+00   5.42319E-01   1.13488E+00
 3.50250E+01   2.09272E+00   1.06825E+00   5.42415E-01   1.13512E+00
 3.50750E+01   2.09279E+00   1.06832E+00   5.42514E-01   1.13537E+00
 3.51250E+01   2.09287E+00   1.06838E+00   5.42615E-01   1.13563E+00
 3.51750E+01   2.09296E+00   1.06844E+00   5.42718E-01   1.13589E+00
 3.52250E+01   2.09305E+00   1.06851E+00   5.42824E-01   1.13616E+00
 3.52750E+01   2.09315E+00   1.06857E+00   5.42932E-01   1.13644E+00
 3.53250E+01   2.09325E+00   1.06863E+00   5.43042E-01   1.13673E+00
 3.53750E+01   2.09336E+00   1.06870E+00   5.43154E-01   1.13702E+00
 3.54250E+01   2.09348E+00   1.06876E+00   5.43269E-01   1.13732E+00
 3.54750E+01   2.09359E+00   1.06882E+00   5.43386E-01   1.13763E+00
 3.55250E+01   2.09372E+00   1.06889E+00   5.43505E-01   1.13795E+00
 3.55750E+01   2.09385E+00   1.06895E+00   5.43627E-01   1.13827E+00
 3.56250E+01   2.09398E+00   1.06901E+00   5.43751E-01   1.13860E+00
 3.56750E+01   2.09412E+00   1.06908E+00   5.43877E-01   1.13894E+00
 3.57250E+01   2.09426E+00   1.06914E+00   5.44005E-01   1.13929E+00
 3.57750E+01   2.09441E+00   1.06921E+00   5.44136E-01   1.13965E+00
 3.58250E+01   2.09457E+00   1.06927E+00   5.44269E-01   1.14001E+00
 3.58750E+01   2.09473E+00   1.06934E+00   5.44404E-01   1.14038E+00
 3.59250E+01   2.09489E+00   1.06940E+00   5.44542E-01   1.14076E+00
 3.59750E+01   2.09506E+00   1.06946E+00   5.44682E-01   1.14114E+00
 3.60250E+01   2.09524E+00   1.06953E+00   5.44824E-01   1.14153E+00
 3.60750E+01   2.09542E+00   1.06959E+00   5.44968E-01   1.14194E+00
 3.61250E+01   2.09560E+00   1.06966E+00   5.45115E-01   1.14234E+00
 3.61750E+01   2.09579E+00   1.06972E+00   5.45264E-01   1.14276E+00
 3.62250E+01   2.09599E+00   1.06979E+00   5.45416E-01   1.14319E+00
 3.62750E+01   2.09619E+00   1.06986E+00   5.45570E-01   1.14362E+00
 3.63250E+01   2.09640E+00   1.06992E+00   5.45726E-01   1.14406E+00
 3.63750E+01   2.09661E+00   1.06999E+00   5.45884E-01   1.14451E+00
 3.64250E+01   2.09682E+00   1.07005E+00   5.46046E-01   1.14496E+00
 3.64750E+01   2.09704E+00   1.07012E+00   5.46209E-01   1.14542E+00
 3.65250E+01   2.09727E+00   1.07019E+00   5.46374E-01   1.14589E+00
 3.65750E+01   2.09750E+00   1.07025E+00   5.46542E-01   1.14637E+00
 3.66250E+01   2.09774E+00   1.07032E+00   5.46712E-01   1.14686E+00
 3.66750E+01   2.09798E+00   1.07039E+00   5.46885E-01   1.14735E+00
 3.67250E+01   2.09823E+00   1.07045E+00   5.47060E-01   1.14786E+00
 3.67750E+01   2.09848E+00   1.07052E+00   5.47237E-01   1.14837E+00
 3.68250E+01   2.09873E+00   1.07059E+00   5.47417E-01   1.14888E+00
 3.68750E+01   2.09899E+00   1.07066E+00   5.47598E-01   1.14941E+00
 3.69250E+01   2.09926E+00   1.07072E+00   5.47783E-01   1.14994E+00
 3.69750E+01   2.09953E+00   1.07079E+00   5.47969E-01   1.15048E+00
 3.70250E+01   2.09980E+00   1.07086E+00   5.48157E-01   1.15102E+00
 3.70750E+01   2.10008E+00   1.07093E+00   5.48347E-01   1.15157E+00
 3.71250E+01   2.10036E+00   1.07100E+00   5.48539E-01   1.15213E+00
 3.71750E+01   2.10065E+00   1.07107E+00   5.48733E-01   1.15270E+00
 3.72250E+01   2.10094E+00   1.07114E+00   5.48929E-01   1.15327E+00
 3.72750E+01   2.10124E+00   1.07121E+00   5.49127E-01   1.15384E+00
 3.73250E+01   2.10153E+00   1.07128E+00   5.49326E-01   1.15443E+00
 3.73750E+01   2.10184E+00   1.07135E+00   5.49526E-01   1.15501E+00
 3.74250E+01   2.10214E+00   1.07142E+00   5.49729E-01   1.15561E+00
 3.74750E+01   2.10245E+00   1.07149E+00   5.49932E-01   1.15620E+00
 3.75250E+01   2.10276E+00   1.07156E+00   5.50137E-01   1.15681E+00
 3.75750E+01   2.10308E+00   1.07163E+00   5.50343E-01   1.15741E+00
 3.76250E+01   2.10339E+00   1.07170E+00   5.50550E-01   1.15802E+00
 3.76750E+01   2.10371E+00   1.07177E+00   5.50758E-01   1.15864E+00
 3.77250E+01   2.10403E+00   1.07184E+00   5.50967E-01   1.15925E+00
 3.77750E+01   2.10435E+00   1.07191E+00   5.51177E-01   1.15987E+00
 3.78250E+01   2.10468E+00   1.07198E+00   5.51387E-01   1.16049E+00
 3.78750E+01   2.10500E+00   1.07205E+00   5.51598E-01   1.16111E+00
 3.79250E+01   2.10533E+00   1.07212E+00   5.51809E-01   1.16174E+00
 3.79750E+01   2.10565E+00   1.07219E+00   5.52020E-01   1.16236E+00
 3.80250E+01   2.10598E+00   1.07226E+00   5.52231E-01   1.16299E+00
 3.80750E+01   2.10630E+00   1.07232E+00   5.52442E-01   1.16361E+00
 3.81250E+01   2.10663E+00   1.07239E+00   5.52651E-01   1.16423E+00
 3.81750E+01   2.10695E+00   1.07246E+00   5.52861E-01   1.16485E+00
 3.82250E+01   2.10728E+00   1.07253E+00   5.53069E-01   1.16547E+00
 3.82750E+01   2.10760E+00   1.07260E+00   5.53276E-01   1.16609E+00
 3.83250E+01   2.10792E+00   1.07267E+00   5.53482E-01   1.16670E+00
 3.83750E+01   2.10824E+00   1.07273E+00   5.53687E-01   1.16730E+00
 3.84250E+01   2.10856E+00   1.07280E+00   5.53889E-01   1.16791E+00
 3.84750E+01   2.10887E+00   1.07287E+00   5.54090E-01   1.16850E+00
 3.85250E+01   2.10918E+00   1.07293E+00   5.54288E-01   1.16909E+00
 3.85750E+01   2.10948E+00   1.07300E+00   5.54484E-01   1.16967E+00
 3.86250E+01   2.10978E+00   1.07306E+00   5.54676E-01   1.17025E+00
 3.86750E+01   2.11008E+00   1.07312E+00   5.54866E-01   1.17081E+00
 3.87250E+01   2.11037E+00   1.07318E+00   5.55053E-01   1.17137E+00
 3.87750E+01   2.11066E+00   1.07324E+00   5.55237E-01   1.17191E+00
 3.88250E+01   2.11094E+00   1.07330E+00   5.55416E-01   1.17245E+00
 3.88750E+01   2.11121E+00   1.07336E+00   5.55592E-01   1.17297E+00
 3.89250E+01   2.11147E+00   1.07342E+00   5.55763E-01   1.17348E+00
 3.89750E+01   2.11173E+00   1.07348E+00   5.55929E-01   1.17397E+00
 3.90250E+01   2.11198E+00   1.07353E+00   5.56091E-01   1.17445E+00
 3.90750E+01   2.11222E+00   1.07358E+00   5.56248E-01   1.17492E+00
 3.91250E+01   2.11246E+00   1.07364E+00   5.56399E-01   1.17537E+00
 3.91750E+01   2.11268E+00   1.07369E+00   5.56544E-01   1.17580E+00
 3.92250E+01   2.11289E+00   1.07374E+00   5.56684E-01   1.17621E+00
 3.92750E+01   2.11309E+00   1.07378E+00   5.56817E-01   1.17660E+00
 3.93250E+01   2.11328E+00   1.07383E+00   5.56943E-01   1.17698E+00
 3.93750E+01   2.11346E+00   1.07387E+00   5.57063E-01   1.17733E+00
 3.94250E+01   2.11363E+00   1.07392E+00   5.57175E-01   1.17766E+00
 3.94750E+01   2.11378E+00   1.07396E+00   5.57280E-01   1.17797E+00
 3.95250E+01   2.11393E+00   1.07399E+00   5.57378E-01   1.17826E+00
 3.95750E+01   2.11406E+00   1.07403E+00   5.57468E-01   1.17852E+00
 3.96250E+01   2.11417E+00   1.07407E+00   5.57550E-01   1.17876E+00
 3.96750E+01   2.11427E+00   1.07410E+00   5.57623E-01   1.17897E+00
 3.97250E+01   2.11436E+00   1.07413E+00   5.57687E-01   1.17915E+00
 3.97750E+01   2.11443E+00   1.07415E+00   5.57743E-01   1.17931E+00
 3.98250E+01   2.11449E+00   1.07418E+00   5.57790E-01   1.17944E+00
 3.98750E+01   2.11453E+00   1.07420E+00   5.57827E-01   1.17954E+00
 3.99250E+01   2.11456E+00   1.07422E+00   5.57856E-01   1.17962E+00
 3.99750E+01   2.11457E+00   1.07424E+00   5.57875E-01   1.17966E+00
 4.00250E+01   2.11456E+00   1.07426E+00   5.57884E-01   1.17968E+00
 4.00750E+01   2.11454E+00   1.07427E+00   5.57883E-01   1.17966E+00
 4.01250E+01   2.11449E+00   1.07428E+00   5.57873E-01   1.17962E+00
 4.01750E+01   2.11444E+00   1.07429E+00   5.57851E-01   1.17954E+00
 4.02250E+01   2.11436E+00   1.07429E+00   5.57820E-01   1.17943E+00
 4.02750E+01   2.11426E+00   1.07430E+00   5.57779E-01   1.17929E+00
 4.03250E+01   2.11415E+00   1.07430E+00   5.57727E-01   1.17912E+00
 4.03750E+01   2.11402E+00   1.07429E+00   5.57664E-01   1.17892E+00
 4.04250E+01   2.11388E+00   1.07429E+00   5.57591E-01   1.17868E+00
 4.04750E+01   2.11371E+00   1.07428E+00   5.57508E-01   1.17841E+00
 4.05250E+01   2.11353E+00   1.07427E+00   5.57414E-01   1.17811E+00
 4.05750E+01   2.11333E+00   1.07426E+00   5.57310E-01   1.17778E+00
 4.06250E+01   2.11311E+00   1.07424E+00   5.57196E-01   1.17741E+00
 4.06750E+01   2.11287E+00   1.07422E+00   5.57071E-01   1.17702E+00
 4.07250E+01   2.11262E+00   1.07420E+00   5.56936E-01   1.17659E+00
 4.07750E+01   2.11235E+00   1.07417E+00   5.56791E-01   1.17614E+00
 4.08250E+01   2.11206E+00   1.07415E+00   5.56637E-01   1.17565E+00
 4.08750E+01   2.11176E+00   1.07412E+00   5.56473E-01   1.17514E+00
 4.09250E+01   2.11143E+00   1.07408E+00   5.56300E-01   1.17459E+00
 4.09750E+01   2.11110E+00   1.07405E+00   5.56118E-01   1.17402E+00
 4.10250E+01   2.11075E+00   1.07401E+00   5.55927E-01   1.17342E+00
 4.10750E+01   2.11038E+00   1.07397E+00   5.55728E-01   1.17280E+00
 4.11250E+01   2.11000E+00   1.07393E+00   5.55520E-01   1.17215E+00
 4.11750E+01   2.10961E+00   1.07388E+00   5.55305E-01   1.17148E+00
 4.12250E+01   2.10920E+00   1.07384E+00   5.55082E-01   1.17078E+00
 4.12750E+01   2.10878E+00   1.07379E+00   5.54852E-01   1.17006E+00
 4.13250E+01   2.10835E+00   1.07374E+00   5.54614E-01   1.16932E+00
 4.13750E+01   2.10790E+00   1.07368E+00   5.54370E-01   1.16856E+00
 4.14250E+01   2.10745E+00   1.07363E+00   5.54120E-01   1.16778E+00
 4.14750E+01   2.10698E+00   1.07357E+00   5.53865E-01   1.16698E+00
 4.15250E+01   2.10651E+00   1.07351E+00   5.53604E-01   1.16617E+00
 4.15750E+01   2.10603E+00   1.07345E+00   5.53338E-01   1.16535E+00
 4.16250E+01   2.10554E+00   1.07339E+00   5.53068E-01   1.16451E+00
 4.16750E+01   2.10504E+00   1.07333E+00   5.52794E-01   1.16365E+00
 4.17250E+01   2.10453E+00   1.07327E+00   5.52517E-01   1.16279E+00
 4.17750E+01   2.10402E+00   1.07320E+00   5.52236E-01   1.16192E+00
 4.18250E+01   2.10351E+00   1.07314E+00   5.51953E-01   1.16104E+00
 4.18750E+01   2.10299E+00   1.07307E+00   5.51668E-01   1.16015E+00
 4.19250E+01   2.10247E+00   1.07300E+00   5.51381E-01   1.15926E+00
 4.19750E+01   2.10195E+00   1.07293E+00   5.51092E-01   1.15837E+00
 4.20250E+01   2.10143E+00   1.07287E+00   5.50803E-01   1.15747E+00
 4.20750E+01   2.10090E+00   1.07280E+00   5.50514E-01   1.15658E+00
 4.21250E+01   2.10038E+00   1.07273E+00   5.50225E-01   1.15568E+00
 4.21750E+01   2.09985E+00   1.07266E+00   5.49936E-01   1.15479E+00
 4.22250E+01   2.09933E+00   1.07259E+00   5.49648E-01   1.15389E+00
 4.22750E+01   2.09881E+00   1.07252E+00   5.49362E-01   1.15301E+00
 4.23250E+01   2.09830E+00   1.07245E+00   5.49077E-01   1.15213E+00
 4.23750E+01   2.09779E+00   1.07238E+00   5.48795E-01   1.15125E+00
 4.24250E+01   2.09728E+00   1.07231E+00   5.48515E-01   1.15039E+00
 4.24750E+01   2.09678E+00   1.07225E+00   5.48238E-01   1.14953E+00
 4.25250E+01   2.09629E+00   1.07218E+00   5.47964E-01   1.14869E+00
 4.25750E+01   2.09580E+00   1.07211E+00   5.47693E-01   1.14786E+00
 4.26250E+01   2.09532E+00   1.07205E+00   5.47427E-01   1.14704E+00
 4.26750E+01   2.09485E+00   1.07198E+00   5.47165E-01   1.14623E+00
 4.27250E+01   2.09439E+00   1.07192E+00   5.46906E-01   1.14543E+00
 4.27750E+01   2.09394E+00   1.07186E+00   5.46653E-01   1.14466E+00
 4.28250E+01   2.09349E+00   1.07180E+00   5.46404E-01   1.14389E+00
 4.28750E+01   2.09306E+00   1.07174E+00   5.46161E-01   1.14315E+00
 4.29250E+01   2.09264E+00   1.07168E+00   5.45922E-01   1.14242E+00
 4.29750E+01   2.09223E+00   1.07162E+00   5.45689E-01   1.14171E+00
 4.30250E+01   2.09183E+00   1.07157E+00   5.45462E-01   1.14101E+00
 4.30750E+01   2.09145E+00   1.07151E+00   5.45240E-01   1.14034E+00
 4.31250E+01   2.09107E+00   1.07146E+00   5.45024E-01   1.13968E+00
 4.31750E+01   2.09071E+00   1.07141E+00   5.44814E-01   1.13905E+00
 4.32250E+01   2.09036E+00   1.07136E+00   5.44609E-01   1.13843E+00
 4.32750E+01   2.09002E+00   1.07132E+00   5.44411E-01   1.13783E+00
 4.33250E+01   2.08970E+00   1.07127E+00   5.44219E-01   1.13726E+00
 4.33750E+01   2.08939E+00   1.07123E+00   5.44033E-01   1.13670E+00
 4.34250E+01   2.08910E+00   1.07119E+00   5.43854E-01   1.13616E+00
 4.34750E+01   2.08881E+00   1.07115E+00   5.43680E-01   1.13565E+00
 4.35250E+01   2.08854E+00   1.07111E+00   5.43513E-01   1.13515E+00
 4.35750E+01   2.08829E+00   1.07108E+00   5.43353E-01   1.13468E+00
 4.36250E+01   2.08805E+00   1.07104E+00   5.43198E-01   1.13422E+00
 4.36750E+01   2.08782E+00   1.07101E+00   5.43050E-01   1.13379E+00
 4.37250E+01   2.08761E+00   1.07098E+00   5.42907E-01   1.13338E+00
 4.37750E+01   2.08740E+00   1.07095E+00   5.42771E-01   1.13298E+00
 4.38250E+01   2.08722E+00   1.07093E+00   5.42641E-01   1.13261E+00
 4.38750E+01   2.08704E+00   1.07090E+00   5.42517E-01   1.13226E+00
 4.39250E+01   2.08688E+00   1.07088E+00   5.42399E-01   1.13192E+00
 4.39750E+01   2.08673E+00   1.07086E+00   5.42287E-01   1.13161E+00
 4.40250E+01   2.08660E+00   1.07084E+00   5.42181E-01   1.13131E+00
 4.40750E+01   2.08648E+00   1.07082E+00   5.42082E-01   1.13104E+00
 4.41250E+01   2.08637E+00   1.07081E+00   5.41987E-01   1.13078E+00
 4.41750E+01   2.08627E+00   1.07080E+00   5.41899E-01   1.13055E+00
 4.42250E+01   2.08618E+00   1.07078E+00   5.41816E-01   1.13033E+00
 4.42750E+01   2.08610E+00   1.07077E+00   5.41739E-01   1.13012E+00
 4.43250E+01   2.08604E+00   1.07077E+00   5.41668E-01   1.12994E+00
 4.43750E+01   2.08599E+00   1.07076E+00   5.41602E-01   1.12977E+00
 4.44250E+01   2.08595E+00   1.07075E+00   5.41541E-01   1.12963E+00
 4.44750E+01   2.08591E+00   1.07075E+00   5.41487E-01   1.12949E+00
 4.45250E+01   2.08589E+00   1.07075E+00   5.41437E-01   1.12938E+00
 4.45750E+01   2.08588E+00   1.07074E+00   5.41393E-01   1.12928E+00
 4.46250E+01   2.08588E+00   1.07074E+00   5.41355E-01   1.12920E+00
 4.46750E+01   2.08588E+00   1.07075E+00   5.41321E-01   1.12913E+00
 4.47250E+01   2.08590E+00   1.07075E+00   5.41293E-01   1.12908E+00
 4.47750E+01   2.08592E+00   1.07075E+00   5.41271E-01   1.12905E+00
 4.48250E+01   2.08595E+00   1.07076E+00   5.41253E-01   1.12903E+00
 4.48750E+01   2.08599E+00   1.07076E+00   5.41241E-01   1.12902E+00
 4.49250E+01   2.08604E+00   1.07077E+00   5.41233E-01   1.12903E+00
 4.49750E+01   2.08609E+00   1.07078E+00   5.41231E-01   1.12906E+00
 4.50250E+01   2.08615E+00   1.07079E+00   5.41234E-01   1.12910E+00
 4.50750E+01   2.08622E+00   1.07079E+00   5.41243E-01   1.12915E+00
 4.51250E+01   2.08629E+00   1.07081E+00   5.41257E-01   1.12922E+00
 4.51750E+01   2.08636E+00   1.07082E+00   5.41276E-01   1.12930E+00
 4.52250E+01   2.08645E+00   1.07083E+00   5.41300E-01   1.12939E+00
 4.52750E+01   2.08653E+00   1.07084E+00   5.41329E-01   1.12950E+00
 4.53250E+01   2.08663E+00   1.07085E+00   5.41364E-01   1.12962E+00
 4.53750E+01   2.08672E+00   1.07087E+00   5.41403E-01   1.12976E+00
 4.54250E+01   2.08682E+00   1.07088E+00   5.41446E-01   1.12990E+00
 4.54750E+01   2.08692E+00   1.07090E+00   5.41495E-01   1.13006E+00
 4.55250E+01   2.08703E+00   1.07091E+00   5.41548E-01   1.13023E+00
 4.55750E+01   2.08714E+00   1.07093E+00   5.41606E-01   1.13041E+00
 4.56250E+01   2.08726E+00   1.07095E+00   5.41669E-01   1.13060E+00
 4.56750E+01   2.08738E+00   1.07096E+00   5.41737E-01   1.13081E+00
 4.57250E+01   2.08750E+00   1.07098E+00   5.41810E-01   1.13103E+00
 4.57750E+01   2.08763E+00   1.07100E+00   5.41888E-01   1.13126E+00
 4.58250E+01   2.08775E+00   1.07102E+00   5.41970E-01   1.13150E+00
 4.58750E+01   2.08788E+00   1.07104E+00   5.42056E-01   1.13175E+00
 4.59250E+01   2.08801E+00   1.07106E+00   5.42147E-01   1.13201E+00
 4.59750E+01   2.08815E+00   1.07108E+00   5.42241E-01   1.13228E+00
 4.60250E+01   2.08829E+00   1.07110E+00   5.42340E-01   1.13256E+00
 4.60750E+01   2.08842E+00   1.07112E+00   5.42442E-01   1.13285E+00
 4.61250E+01   2.08857E+00   1.07114E+00   5.42548E-01   1.13315E+00
 4.61750E+01   2.08871E+00   1.07116E+00   5.42658E-01   1.13346E+00
 4.62250E+01   2.08886E+00   1.07118E+00   5.42771E-01   1.13377E+00
 4.62750E+01   2.08901E+00   1.07121E+00   5.42888E-01   1.13410E+00
 4.63250E+01   2.08917E+00   1.07123E+00   5.43008E-01   1.13444E+00
 4.63750E+01   2.08933E+00   1.07125E+00   5.43132E-01   1.13478E+00
 4.64250E+01   2.08949E+00   1.07128E+00   5.43259E-01   1.13514E+00
 4.64750E+01   2.08966E+00   1.07130E+00   5.43389E-01   1.13550E+00
 4.65250E+01   2.08982E+00   1.07133E+00   5.43522E-01   1.13586E+00
 4.65750E+01   2.08999E+00   1.07135E+00   5.43657E-01   1.13624E+00
 4.66250E+01   2.09017E+00   1.07138E+00   5.43794E-01   1.13662E+00
 4.66750E+01   2.09035E+00   1.07141E+00   5.43933E-01   1.13701E+00
 4.67250E+01   2.09053E+00   1.07143E+00   5.44075E-01   1.13741E+00
 4.67750E+01   2.09072E+00   1.07146E+00   5.44218E-01   1.13781E+00
 4.68250E+01   2.09091E+00   1.07149E+00   5.44363E-01   1.13822E+00
 4.68750E+01   2.09111E+00   1.07152E+00   5.44509E-01   1.13863E+00
 4.69250E+01   2.09131E+00   1.07155E+00   5.44657E-01   1.13905E+00
 4.69750E+01   2.09152E+00   1.07158E+00   5.44806E-01   1.13947E+00
 4.70250E+01   2.09173E+00   1.07162E+00   5.44956E-01   1.13990E+00
 4.70750E+01   2.09195E+00   1.07165E+00   5.45107E-01   1.14034E+00
 4.71250E+01   2.09218E+00   1.07168E+00   5.45259E-01   1.14078E+00
 4.71750E+01   2.09241E+00   1.07172E+00   5.45412E-01   1.14123E+00
 4.72250E+01   2.09265E+00   1.07176E+00   5.45566E-01   1.14168E+00
 4.72750E+01   2.09289E+00   1.07179E+00   5.45721E-01   1.14213E+00
 4.73250E+01   2.09314E+00   1.07183E+00   5.45876E-01   1.14259E+00
 4.73750E+01   2.09339E+00   1.07187E+00   5.46030E-01   1.14306E+00
 4.74250E+01   2.09365E+00   1.07192E+00   5.46185E-01   1.14352E+00
 4.74750E+01   2.09392E+00   1.07196E+00   5.46340E-01   1.14399E+00
 4.75250E+01   2.09419E+00   1.07200E+00   5.46495E-01   1.14446E+00
 4.75750E+01   2.09446E+00   1.07205E+00   5.46650E-01   1.14494E+00
 4.76250E+01   2.09474E+00   1.07210E+00   5.46804E-01   1.14541E+00
 4.76750E+01   2.09503E+00   1.07215E+00   5.46959E-01   1.14589E+00
 4.77250E+01   2.09531E+00   1.07220E+00   5.47113E-01   1.14637E+00
 4.77750E+01   2.09560E+00   1.07226E+00   5.47267E-01   1.14685E+00
 4.78250E+01   2.09589E+00   1.07232E+00   5.47422E-01   1.14734E+00
 4.78750E+01   2.09618E+00   1.07238E+00   5.47577E-01   1.14782E+00
 4.79250E+01   2.09647E+00   1.07245E+00   5.47732E-01   1.14831E+00
 4.79750E+01   2.09675E+00   1.07252E+00   5.47889E-01   1.14879E+00
 4.80250E+01   2.09703E+00   1.07261E+00   5.48047E-01   1.14927E+00
 4.80750E+01   2.09729E+00   1.07270E+00   5.48208E-01   1.14975E+00
 4.81250E+01   2.09753E+00   1.07281E+00   5.48372E-01   1.15023E+00
 4.81750E+01   2.09775E+00   1.07293E+00   5.48541E-01   1.15070E+00
 4.82250E+01   2.09793E+00   1.07308E+00   5.48717E-01   1.15117E+00
 4.82750E+01   2.09806E+00   1.07325E+00   5.48902E-01   1.15163E+00
 4.83250E+01   2.09812E+00   1.07345E+00   5.49098E-01   1.15207E+00
 4.83750E+01   2.09810E+00   1.07370E+00   5.49309E-01   1.15251E+00
 4.84250E+01   2.09797E+00   1.07401E+00   5.49541E-01   1.15292E+00
 4.84750E+01   2.09769E+00   1.07440E+00   5.49798E-01   1.15330E+00
 4.85250E+01   2.09721E+00   1.07487E+00   5.50088E-01   1.15365E+00
 4.85750E+01   2.09649E+00   1.07548E+00   5.50423E-01   1.15396E+00
 4.86250E+01   2.09546E+00   1.07624E+00   5.50815E-01   1.15421E+00
 4.86750E+01   2.09401E+00   1.07720E+00   5.51282E-01   1.15439E+00
 4.87250E+01   2.09203E+00   1.07843E+00   5.51845E-01   1.15448E+00
 4.87750E+01   2.08939E+00   1.08001E+00   5.52541E-01   1.15447E+00
 4.88250E+01   2.08602E+00   1.08202E+00   5.53435E-01   1.15447E+00
 4.88750E+01   2.08230E+00   1.08463E+00   5.54739E-01   1.15513E+00
 4.89250E+01   2.08148E+00   1.08807E+00   5.57417E-01   1.16025E+00
 4.89750E+01   2.10278E+00   1.09293E+00   5.66498E-01   1.19122E+00
