      xx/10.          rhoa          temp           vel      vel*rhoa
         [-]           [-]           [-]           [-]           [-]
 1.02500E+00   2.64287E+00   9.37149E-01   4.56207E-01   1.20570E+00
 1.07500E+00   2.64157E+00   9.37622E-01   4.56369E-01   1.20553E+00
 1.12500E+00   2.63896E+00   9.38081E-01   4.56923E-01   1.20580E+00
 1.17500E+00   2.63550E+00   9.38568E-01   4.57708E-01   1.20629E+00
 1.22500E+00   2.63143E+00   9.39112E-01   4.58640E-01   1.20688E+00
 1.27500E+00   2.62684E+00   9.39740E-01   4.59675E-01   1.20749E+00
 1.32500E+00   2.62173E+00   9.40477E-01   4.60794E-01   1.20808E+00
 1.37500E+00   2.61609E+00   9.41347E-01   4.61985E-01   1.20859E+00
 1.42500E+00   2.60986E+00   9.42376E-01   4.63245E-01   1.20900E+00
 1.47500E+00   2.60297E+00   9.43589E-01   4.64575E-01   1.20928E+00
 1.52500E+00   2.59537E+00   9.45013E-01   4.65973E-01   1.20937E+00
 1.57500E+00   2.58696E+00   9.46674E-01   4.67444E-01   1.20926E+00
 1.62500E+00   2.57769E+00   9.48596E-01   4.68989E-01   1.20891E+00
 1.67500E+00   2.56749E+00   9.50802E-01   4.70613E-01   1.20830E+00
 1.72500E+00   2.55630E+00   9.53310E-01   4.72319E-01   1.20739E+00
 1.77500E+00   2.54409E+00   9.56135E-01   4.74109E-01   1.20617E+00
 1.82500E+00   2.53081E+00   9.59285E-01   4.75987E-01   1.20464E+00
 1.87500E+00   2.51650E+00   9.62760E-01   4.77954E-01   1.20277E+00
 1.92500E+00   2.50116E+00   9.66552E-01   4.80010E-01   1.20058E+00
 1.97500E+00   2.48488E+00   9.70644E-01   4.82154E-01   1.19810E+00
 2.02500E+00   2.46775E+00   9.75005E-01   4.84383E-01   1.19533E+00
 2.07500E+00   2.44989E+00   9.79598E-01   4.86689E-01   1.19233E+00
 2.12500E+00   2.43148E+00   9.84374E-01   4.89064E-01   1.18915E+00
 2.17500E+00   2.41271E+00   9.89273E-01   4.91497E-01   1.18584E+00
 2.22500E+00   2.39378E+00   9.94233E-01   4.93971E-01   1.18246E+00
 2.27500E+00   2.37493E+00   9.99185E-01   4.96470E-01   1.17908E+00
 2.32500E+00   2.35637E+00   1.00406E+00   4.98974E-01   1.17577E+00
 2.37500E+00   2.33833E+00   1.00879E+00   5.01462E-01   1.17258E+00
 2.42500E+00   2.32100E+00   1.01332E+00   5.03913E-01   1.16958E+00
 2.47500E+00   2.30455E+00   1.01759E+00   5.06306E-01   1.16681E+00
 2.52500E+00   2.28913E+00   1.02156E+00   5.08621E-01   1.16430E+00
 2.57500E+00   2.27482E+00   1.02521E+00   5.10843E-01   1.16207E+00
 2.62500E+00   2.26169E+00   1.02851E+00   5.12958E-01   1.16015E+00
 2.67500E+00   2.24976E+00   1.03148E+00   5.14957E-01   1.15853E+00
 2.72500E+00   2.23902E+00   1.03410E+00   5.16834E-01   1.15720E+00
 2.77500E+00   2.22943E+00   1.03639E+00   5.18588E-01   1.15616E+00
 2.82500E+00   2.22094E+00   1.03839E+00   5.20219E-01   1.15537E+00
 2.87500E+00   2.21346E+00   1.04010E+00   5.21731E-01   1.15483E+00
 2.92500E+00   2.20690E+00   1.04156E+00   5.23130E-01   1.15450E+00
 2.97500E+00   2.20119E+00   1.04279E+00   5.24423E-01   1.15436E+00
 3.02500E+00   2.19623E+00   1.04383E+00   5.25619E-01   1.15438E+00
 3.07500E+00   2.19194E+00   1.04470E+00   5.26727E-01   1.15455E+00
 3.12500E+00   2.18823E+00   1.04542E+00   5.27754E-01   1.15485E+00
 3.17500E+00   2.18502E+00   1.04601E+00   5.28710E-01   1.15525E+00
 3.22500E+00   2.18226E+00   1.04650E+00   5.29602E-01   1.15573E+00
 3.27500E+00   2.17989E+00   1.04691E+00   5.30438E-01   1.15629E+00
 3.32500E+00   2.17784E+00   1.04724E+00   5.31223E-01   1.15692E+00
 3.37500E+00   2.17609E+00   1.04750E+00   5.31963E-01   1.15760E+00
 3.42500E+00   2.17458E+00   1.04772E+00   5.32664E-01   1.15832E+00
 3.47500E+00   2.17330E+00   1.04790E+00   5.33330E-01   1.15909E+00
 3.52500E+00   2.17222E+00   1.04804E+00   5.33964E-01   1.15989E+00
 3.57500E+00   2.17131E+00   1.04816E+00   5.34570E-01   1.16072E+00
 3.62500E+00   2.17055E+00   1.04825E+00   5.35151E-01   1.16157E+00
 3.67500E+00   2.16994E+00   1.04833E+00   5.35710E-01   1.16246E+00
 3.72500E+00   2.16947E+00   1.04839E+00   5.36248E-01   1.16337E+00
 3.77500E+00   2.16911E+00   1.04843E+00   5.36768E-01   1.16431E+00
 3.82500E+00   2.16887E+00   1.04847E+00   5.37271E-01   1.16527E+00
 3.87500E+00   2.16875E+00   1.04850E+00   5.37758E-01   1.16626E+00
 3.92500E+00   2.16873E+00   1.04851E+00   5.38232E-01   1.16728E+00
 3.97500E+00   2.16882E+00   1.04853E+00   5.38694E-01   1.16833E+00
 4.02500E+00   2.16900E+00   1.04853E+00   5.39144E-01   1.16940E+00
 4.07500E+00   2.16928E+00   1.04853E+00   5.39584E-01   1.17051E+00
 4.12500E+00   2.16966E+00   1.04852E+00   5.40015E-01   1.17165E+00
 4.17500E+00   2.17013E+00   1.04851E+00   5.40438E-01   1.17282E+00
 4.22500E+00   2.17069E+00   1.04849E+00   5.40855E-01   1.17403E+00
 4.27500E+00   2.17134E+00   1.04847E+00   5.41266E-01   1.17527E+00
 4.32500E+00   2.17207E+00   1.04844E+00   5.41672E-01   1.17655E+00
 4.37500E+00   2.17287E+00   1.04840E+00   5.42076E-01   1.17786E+00
 4.42500E+00   2.17374E+00   1.04836E+00   5.42476E-01   1.17920E+00
 4.47500E+00   2.17468E+00   1.04831E+00   5.42876E-01   1.18058E+00
 4.52500E+00   2.17567E+00   1.04826E+00   5.43275E-01   1.18199E+00
 4.57500E+00   2.17670E+00   1.04820E+00   5.43674E-01   1.18342E+00
 4.62500E+00   2.17777E+00   1.04814E+00   5.44075E-01   1.18487E+00
 4.67500E+00   2.17885E+00   1.04807E+00   5.44478E-01   1.18634E+00
 4.72500E+00   2.17995E+00   1.04800E+00   5.44884E-01   1.18782E+00
 4.77500E+00   2.18104E+00   1.04793E+00   5.45293E-01   1.18931E+00
 4.82500E+00   2.18211E+00   1.04785E+00   5.45707E-01   1.19079E+00
 4.87500E+00   2.18315E+00   1.04778E+00   5.46125E-01   1.19227E+00
 4.92500E+00   2.18414E+00   1.04771E+00   5.46548E-01   1.19374E+00
 4.97500E+00   2.18506E+00   1.04764E+00   5.46976E-01   1.19518E+00
 5.02500E+00   2.18592E+00   1.04758E+00   5.47410E-01   1.19659E+00
 5.07500E+00   2.18669E+00   1.04753E+00   5.47850E-01   1.19798E+00
 5.12500E+00   2.18737E+00   1.04749E+00   5.48294E-01   1.19932E+00
 5.17500E+00   2.18796E+00   1.04746E+00   5.48745E-01   1.20063E+00
 5.22500E+00   2.18844E+00   1.04745E+00   5.49201E-01   1.20189E+00
 5.27500E+00   2.18882E+00   1.04744E+00   5.49663E-01   1.20311E+00
 5.32500E+00   2.18911E+00   1.04745E+00   5.50130E-01   1.20429E+00
 5.37500E+00   2.18930E+00   1.04748E+00   5.50602E-01   1.20543E+00
 5.42500E+00   2.18940E+00   1.04752E+00   5.51080E-01   1.20653E+00
 5.47500E+00   2.18942E+00   1.04757E+00   5.51562E-01   1.20760E+00
 5.52500E+00   2.18939E+00   1.04763E+00   5.52049E-01   1.20865E+00
 5.57500E+00   2.18929E+00   1.04771E+00   5.52540E-01   1.20967E+00
 5.62500E+00   2.18916E+00   1.04780E+00   5.53035E-01   1.21068E+00
 5.67500E+00   2.18900E+00   1.04790E+00   5.53534E-01   1.21169E+00
 5.72500E+00   2.18884E+00   1.04801E+00   5.54036E-01   1.21269E+00
 5.77500E+00   2.18867E+00   1.04813E+00   5.54541E-01   1.21370E+00
 5.82500E+00   2.18851E+00   1.04825E+00   5.55048E-01   1.21473E+00
 5.87500E+00   2.18837E+00   1.04838E+00   5.55557E-01   1.21576E+00
 5.92500E+00   2.18826E+00   1.04851E+00   5.56067E-01   1.21682E+00
 5.97500E+00   2.18818E+00   1.04865E+00   5.56578E-01   1.21789E+00
 6.02500E+00   2.18814E+00   1.04879E+00   5.57088E-01   1.21899E+00
 6.07500E+00   2.18814E+00   1.04894E+00   5.57597E-01   1.22010E+00
 6.12500E+00   2.18817E+00   1.04909E+00   5.58103E-01   1.22123E+00
 6.17500E+00   2.18824E+00   1.04925E+00   5.58606E-01   1.22236E+00
 6.22500E+00   2.18832E+00   1.04942E+00   5.59103E-01   1.22350E+00
 6.27500E+00   2.18842E+00   1.04959E+00   5.59593E-01   1.22463E+00
 6.32500E+00   2.18853E+00   1.04978E+00   5.60074E-01   1.22574E+00
 6.37500E+00   2.18863E+00   1.04998E+00   5.60545E-01   1.22682E+00
 6.42500E+00   2.18870E+00   1.05019E+00   5.61004E-01   1.22787E+00
 6.47500E+00   2.18876E+00   1.05043E+00   5.61453E-01   1.22888E+00
 6.52500E+00   2.18880E+00   1.05068E+00   5.61892E-01   1.22987E+00
 6.57500E+00   2.18883E+00   1.05095E+00   5.62321E-01   1.23082E+00
 6.62500E+00   2.18886E+00   1.05122E+00   5.62738E-01   1.23176E+00
 6.67500E+00   2.18890E+00   1.05149E+00   5.63142E-01   1.23266E+00
 6.72500E+00   2.18895E+00   1.05176E+00   5.63532E-01   1.23355E+00
 6.77500E+00   2.18901E+00   1.05204E+00   5.63908E-01   1.23440E+00
 6.82500E+00   2.18908E+00   1.05230E+00   5.64267E-01   1.23523E+00
 6.87500E+00   2.18916E+00   1.05257E+00   5.64610E-01   1.23602E+00
 6.92500E+00   2.18925E+00   1.05282E+00   5.64933E-01   1.23678E+00
 6.97500E+00   2.18935E+00   1.05307E+00   5.65237E-01   1.23750E+00
 7.02500E+00   2.18946E+00   1.05330E+00   5.65518E-01   1.23818E+00
 7.07500E+00   2.18956E+00   1.05353E+00   5.65778E-01   1.23881E+00
 7.12500E+00   2.18967E+00   1.05374E+00   5.66013E-01   1.23938E+00
 7.17500E+00   2.18978E+00   1.05394E+00   5.66222E-01   1.23990E+00
 7.22500E+00   2.18988E+00   1.05412E+00   5.66405E-01   1.24036E+00
 7.27500E+00   2.18997E+00   1.05429E+00   5.66560E-01   1.24075E+00
 7.32500E+00   2.19004E+00   1.05445E+00   5.66686E-01   1.24107E+00
 7.37500E+00   2.19011E+00   1.05459E+00   5.66782E-01   1.24131E+00
 7.42500E+00   2.19015E+00   1.05472E+00   5.66847E-01   1.24148E+00
 7.47500E+00   2.19017E+00   1.05483E+00   5.66880E-01   1.24156E+00
 7.52500E+00   2.19017E+00   1.05493E+00   5.66881E-01   1.24156E+00
 7.57500E+00   2.19014E+00   1.05501E+00   5.66848E-01   1.24148E+00
 7.62500E+00   2.19008E+00   1.05508E+00   5.66782E-01   1.24130E+00
 7.67500E+00   2.18999E+00   1.05514E+00   5.66682E-01   1.24103E+00
 7.72500E+00   2.18986E+00   1.05518E+00   5.66549E-01   1.24066E+00
 7.77500E+00   2.18970E+00   1.05520E+00   5.66382E-01   1.24021E+00
 7.82500E+00   2.18950E+00   1.05521E+00   5.66181E-01   1.23965E+00
 7.87500E+00   2.18927E+00   1.05521E+00   5.65947E-01   1.23901E+00
 7.92500E+00   2.18899E+00   1.05520E+00   5.65680E-01   1.23827E+00
 7.97500E+00   2.18868E+00   1.05518E+00   5.65382E-01   1.23744E+00
 8.02500E+00   2.18832E+00   1.05514E+00   5.65052E-01   1.23652E+00
 8.07500E+00   2.18793E+00   1.05509E+00   5.64693E-01   1.23551E+00
 8.12500E+00   2.18749E+00   1.05503E+00   5.64305E-01   1.23441E+00
 8.17500E+00   2.18701E+00   1.05496E+00   5.63889E-01   1.23323E+00
 8.22500E+00   2.18650E+00   1.05488E+00   5.63447E-01   1.23198E+00
 8.27500E+00   2.18594E+00   1.05479E+00   5.62981E-01   1.23064E+00
 8.32500E+00   2.18534E+00   1.05469E+00   5.62491E-01   1.22924E+00
 8.37500E+00   2.18471E+00   1.05459E+00   5.61981E-01   1.22776E+00
 8.42500E+00   2.18403E+00   1.05448E+00   5.61451E-01   1.22623E+00
 8.47500E+00   2.18332E+00   1.05436E+00   5.60903E-01   1.22463E+00
 8.52500E+00   2.18257E+00   1.05423E+00   5.60339E-01   1.22298E+00
 8.57500E+00   2.18179E+00   1.05410E+00   5.59761E-01   1.22128E+00
 8.62500E+00   2.18097E+00   1.05397E+00   5.59171E-01   1.21954E+00
 8.67500E+00   2.18012E+00   1.05383E+00   5.58572E-01   1.21776E+00
 8.72500E+00   2.17924E+00   1.05368E+00   5.57964E-01   1.21594E+00
 8.77500E+00   2.17833E+00   1.05353E+00   5.57350E-01   1.21409E+00
 8.82500E+00   2.17739E+00   1.05338E+00   5.56731E-01   1.21222E+00
 8.87500E+00   2.17643E+00   1.05323E+00   5.56110E-01   1.21033E+00
 8.92500E+00   2.17544E+00   1.05308E+00   5.55488E-01   1.20843E+00
 8.97500E+00   2.17442E+00   1.05292E+00   5.54867E-01   1.20652E+00
 9.02500E+00   2.17339E+00   1.05277E+00   5.54249E-01   1.20460E+00
 9.07500E+00   2.17234E+00   1.05261E+00   5.53634E-01   1.20268E+00
 9.12500E+00   2.17127E+00   1.05246E+00   5.53025E-01   1.20077E+00
 9.17500E+00   2.17019E+00   1.05230E+00   5.52423E-01   1.19886E+00
 9.22500E+00   2.16909E+00   1.05215E+00   5.51829E-01   1.19697E+00
 9.27500E+00   2.16798E+00   1.05200E+00   5.51244E-01   1.19509E+00
 9.32500E+00   2.16687E+00   1.05185E+00   5.50669E-01   1.19323E+00
 9.37500E+00   2.16575E+00   1.05170E+00   5.50105E-01   1.19139E+00
 9.42500E+00   2.16463E+00   1.05155E+00   5.49554E-01   1.18958E+00
 9.47500E+00   2.16350E+00   1.05141E+00   5.49015E-01   1.18779E+00
 9.52500E+00   2.16238E+00   1.05126E+00   5.48489E-01   1.18604E+00
 9.57500E+00   2.16126E+00   1.05113E+00   5.47978E-01   1.18432E+00
 9.62500E+00   2.16015E+00   1.05099E+00   5.47482E-01   1.18264E+00
 9.67500E+00   2.15905E+00   1.05086E+00   5.47000E-01   1.18100E+00
 9.72500E+00   2.15796E+00   1.05073E+00   5.46534E-01   1.17940E+00
 9.77500E+00   2.15689E+00   1.05061E+00   5.46084E-01   1.17784E+00
 9.82500E+00   2.15583E+00   1.05048E+00   5.45649E-01   1.17633E+00
 9.87500E+00   2.15479E+00   1.05037E+00   5.45230E-01   1.17486E+00
 9.92500E+00   2.15377E+00   1.05025E+00   5.44828E-01   1.17343E+00
 9.97500E+00   2.15277E+00   1.05014E+00   5.44441E-01   1.17206E+00
 1.00250E+01   2.15180E+00   1.05004E+00   5.44070E-01   1.17073E+00
 1.00750E+01   2.15086E+00   1.04994E+00   5.43716E-01   1.16946E+00
 1.01250E+01   2.14995E+00   1.04984E+00   5.43377E-01   1.16823E+00
 1.01750E+01   2.14907E+00   1.04975E+00   5.43054E-01   1.16706E+00
 1.02250E+01   2.14822E+00   1.04966E+00   5.42746E-01   1.16594E+00
 1.02750E+01   2.14740E+00   1.04957E+00   5.42454E-01   1.16486E+00
 1.03250E+01   2.14662E+00   1.04949E+00   5.42176E-01   1.16385E+00
 1.03750E+01   2.14588E+00   1.04941E+00   5.41914E-01   1.16288E+00
 1.04250E+01   2.14517E+00   1.04934E+00   5.41665E-01   1.16196E+00
 1.04750E+01   2.14450E+00   1.04927E+00   5.41431E-01   1.16110E+00
 1.05250E+01   2.14387E+00   1.04920E+00   5.41210E-01   1.16029E+00
 1.05750E+01   2.14328E+00   1.04914E+00   5.41003E-01   1.15952E+00
 1.06250E+01   2.14273E+00   1.04908E+00   5.40809E-01   1.15881E+00
 1.06750E+01   2.14222E+00   1.04903E+00   5.40627E-01   1.15814E+00
 1.07250E+01   2.14175E+00   1.04898E+00   5.40458E-01   1.15752E+00
 1.07750E+01   2.14132E+00   1.04893E+00   5.40301E-01   1.15696E+00
 1.08250E+01   2.14092E+00   1.04888E+00   5.40155E-01   1.15643E+00
 1.08750E+01   2.14057E+00   1.04884E+00   5.40021E-01   1.15595E+00
 1.09250E+01   2.14026E+00   1.04881E+00   5.39897E-01   1.15552E+00
 1.09750E+01   2.13999E+00   1.04877E+00   5.39784E-01   1.15513E+00
 1.10250E+01   2.13975E+00   1.04874E+00   5.39681E-01   1.15478E+00
 1.10750E+01   2.13955E+00   1.04871E+00   5.39588E-01   1.15448E+00
 1.11250E+01   2.13939E+00   1.04869E+00   5.39504E-01   1.15421E+00
 1.11750E+01   2.13926E+00   1.04866E+00   5.39428E-01   1.15398E+00
 1.12250E+01   2.13917E+00   1.04864E+00   5.39362E-01   1.15379E+00
 1.12750E+01   2.13911E+00   1.04863E+00   5.39304E-01   1.15363E+00
 1.13250E+01   2.13908E+00   1.04861E+00   5.39254E-01   1.15351E+00
 1.13750E+01   2.13909E+00   1.04860E+00   5.39211E-01   1.15342E+00
 1.14250E+01   2.13912E+00   1.04859E+00   5.39176E-01   1.15336E+00
 1.14750E+01   2.13919E+00   1.04858E+00   5.39148E-01   1.15334E+00
 1.15250E+01   2.13928E+00   1.04858E+00   5.39127E-01   1.15334E+00
 1.15750E+01   2.13940E+00   1.04858E+00   5.39112E-01   1.15338E+00
 1.16250E+01   2.13954E+00   1.04857E+00   5.39103E-01   1.15344E+00
 1.16750E+01   2.13971E+00   1.04857E+00   5.39100E-01   1.15352E+00
 1.17250E+01   2.13990E+00   1.04857E+00   5.39101E-01   1.15362E+00
 1.17750E+01   2.14011E+00   1.04858E+00   5.39106E-01   1.15375E+00
 1.18250E+01   2.14034E+00   1.04858E+00   5.39116E-01   1.15389E+00
 1.18750E+01   2.14058E+00   1.04858E+00   5.39130E-01   1.15405E+00
 1.19250E+01   2.14085E+00   1.04859E+00   5.39148E-01   1.15423E+00
 1.19750E+01   2.14112E+00   1.04859E+00   5.39169E-01   1.15443E+00
 1.20250E+01   2.14141E+00   1.04860E+00   5.39193E-01   1.15463E+00
 1.20750E+01   2.14170E+00   1.04861E+00   5.39220E-01   1.15485E+00
 1.21250E+01   2.14201E+00   1.04861E+00   5.39249E-01   1.15508E+00
 1.21750E+01   2.14232E+00   1.04862E+00   5.39281E-01   1.15531E+00
 1.22250E+01   2.14264E+00   1.04863E+00   5.39315E-01   1.15556E+00
 1.22750E+01   2.14297E+00   1.04864E+00   5.39351E-01   1.15581E+00
 1.23250E+01   2.14329E+00   1.04865E+00   5.39389E-01   1.15607E+00
 1.23750E+01   2.14362E+00   1.04866E+00   5.39429E-01   1.15633E+00
 1.24250E+01   2.14395E+00   1.04867E+00   5.39470E-01   1.15660E+00
 1.24750E+01   2.14428E+00   1.04868E+00   5.39513E-01   1.15686E+00
 1.25250E+01   2.14460E+00   1.04869E+00   5.39557E-01   1.15713E+00
 1.25750E+01   2.14491E+00   1.04871E+00   5.39601E-01   1.15740E+00
 1.26250E+01   2.14522E+00   1.04872E+00   5.39647E-01   1.15766E+00
 1.26750E+01   2.14552E+00   1.04874E+00   5.39693E-01   1.15793E+00
 1.27250E+01   2.14582E+00   1.04875E+00   5.39740E-01   1.15818E+00
 1.27750E+01   2.14610E+00   1.04877E+00   5.39788E-01   1.15844E+00
 1.28250E+01   2.14637E+00   1.04879E+00   5.39835E-01   1.15868E+00
 1.28750E+01   2.14662E+00   1.04881E+00   5.39883E-01   1.15892E+00
 1.29250E+01   2.14686E+00   1.04883E+00   5.39930E-01   1.15916E+00
 1.29750E+01   2.14709E+00   1.04885E+00   5.39978E-01   1.15938E+00
 1.30250E+01   2.14730E+00   1.04887E+00   5.40026E-01   1.15960E+00
 1.30750E+01   2.14749E+00   1.04890E+00   5.40074E-01   1.15980E+00
 1.31250E+01   2.14767E+00   1.04893E+00   5.40123E-01   1.16001E+00
 1.31750E+01   2.14784E+00   1.04895E+00   5.40172E-01   1.16020E+00
 1.32250E+01   2.14799E+00   1.04898E+00   5.40222E-01   1.16039E+00
 1.32750E+01   2.14813E+00   1.04901E+00   5.40272E-01   1.16057E+00
 1.33250E+01   2.14825E+00   1.04904E+00   5.40323E-01   1.16075E+00
 1.33750E+01   2.14836E+00   1.04907E+00   5.40374E-01   1.16092E+00
 1.34250E+01   2.14846E+00   1.04910E+00   5.40426E-01   1.16108E+00
 1.34750E+01   2.14855E+00   1.04912E+00   5.40478E-01   1.16124E+00
 1.35250E+01   2.14862E+00   1.04915E+00   5.40531E-01   1.16140E+00
 1.35750E+01   2.14868E+00   1.04918E+00   5.40584E-01   1.16154E+00
 1.36250E+01   2.14873E+00   1.04921E+00   5.40637E-01   1.16169E+00
 1.36750E+01   2.14878E+00   1.04924E+00   5.40692E-01   1.16182E+00
 1.37250E+01   2.14881E+00   1.04927E+00   5.40747E-01   1.16196E+00
 1.37750E+01   2.14883E+00   1.04929E+00   5.40802E-01   1.16209E+00
 1.38250E+01   2.14884E+00   1.04932E+00   5.40858E-01   1.16222E+00
 1.38750E+01   2.14885E+00   1.04935E+00   5.40915E-01   1.16234E+00
 1.39250E+01   2.14885E+00   1.04937E+00   5.40973E-01   1.16247E+00
 1.39750E+01   2.14884E+00   1.04940E+00   5.41031E-01   1.16259E+00
 1.40250E+01   2.14883E+00   1.04942E+00   5.41090E-01   1.16271E+00
 1.40750E+01   2.14882E+00   1.04945E+00   5.41149E-01   1.16283E+00
 1.41250E+01   2.14880E+00   1.04948E+00   5.41209E-01   1.16295E+00
 1.41750E+01   2.14879E+00   1.04950E+00   5.41270E-01   1.16307E+00
 1.42250E+01   2.14877E+00   1.04953E+00   5.41332E-01   1.16320E+00
 1.42750E+01   2.14875E+00   1.04955E+00   5.41394E-01   1.16332E+00
 1.43250E+01   2.14873E+00   1.04958E+00   5.41457E-01   1.16345E+00
 1.43750E+01   2.14872E+00   1.04960E+00   5.41521E-01   1.16358E+00
 1.44250E+01   2.14871E+00   1.04963E+00   5.41586E-01   1.16371E+00
 1.44750E+01   2.14870E+00   1.04965E+00   5.41651E-01   1.16385E+00
 1.45250E+01   2.14870E+00   1.04968E+00   5.41718E-01   1.16399E+00
 1.45750E+01   2.14870E+00   1.04970E+00   5.41785E-01   1.16413E+00
 1.46250E+01   2.14871E+00   1.04972E+00   5.41853E-01   1.16429E+00
 1.46750E+01   2.14873E+00   1.04975E+00   5.41921E-01   1.16444E+00
 1.47250E+01   2.14876E+00   1.04977E+00   5.41991E-01   1.16461E+00
 1.47750E+01   2.14880E+00   1.04980E+00   5.42062E-01   1.16478E+00
 1.48250E+01   2.14885E+00   1.04982E+00   5.42134E-01   1.16496E+00
 1.48750E+01   2.14891E+00   1.04985E+00   5.42207E-01   1.16515E+00
 1.49250E+01   2.14898E+00   1.04987E+00   5.42281E-01   1.16535E+00
 1.49750E+01   2.14907E+00   1.04990E+00   5.42356E-01   1.16556E+00
 1.50250E+01   2.14916E+00   1.04992E+00   5.42432E-01   1.16577E+00
 1.50750E+01   2.14927E+00   1.04995E+00   5.42510E-01   1.16600E+00
 1.51250E+01   2.14939E+00   1.04998E+00   5.42589E-01   1.16624E+00
 1.51750E+01   2.14953E+00   1.05000E+00   5.42669E-01   1.16648E+00
 1.52250E+01   2.14968E+00   1.05003E+00   5.42750E-01   1.16674E+00
 1.52750E+01   2.14984E+00   1.05006E+00   5.42832E-01   1.16700E+00
 1.53250E+01   2.15002E+00   1.05008E+00   5.42916E-01   1.16728E+00
 1.53750E+01   2.15021E+00   1.05011E+00   5.43002E-01   1.16757E+00
 1.54250E+01   2.15042E+00   1.05014E+00   5.43089E-01   1.16787E+00
 1.54750E+01   2.15064E+00   1.05017E+00   5.43178E-01   1.16818E+00
 1.55250E+01   2.15087E+00   1.05020E+00   5.43268E-01   1.16850E+00
 1.55750E+01   2.15112E+00   1.05023E+00   5.43360E-01   1.16883E+00
 1.56250E+01   2.15138E+00   1.05026E+00   5.43454E-01   1.16918E+00
 1.56750E+01   2.15165E+00   1.05029E+00   5.43549E-01   1.16953E+00
 1.57250E+01   2.15194E+00   1.05032E+00   5.43647E-01   1.16990E+00
 1.57750E+01   2.15224E+00   1.05035E+00   5.43746E-01   1.17027E+00
 1.58250E+01   2.15255E+00   1.05038E+00   5.43847E-01   1.17066E+00
 1.58750E+01   2.15288E+00   1.05042E+00   5.43951E-01   1.17106E+00
 1.59250E+01   2.15321E+00   1.05045E+00   5.44056E-01   1.17147E+00
 1.59750E+01   2.15356E+00   1.05048E+00   5.44164E-01   1.17189E+00
 1.60250E+01   2.15392E+00   1.05052E+00   5.44274E-01   1.17232E+00
 1.60750E+01   2.15429E+00   1.05055E+00   5.44386E-01   1.17276E+00
 1.61250E+01   2.15466E+00   1.05059E+00   5.44501E-01   1.17322E+00
 1.61750E+01   2.15505E+00   1.05063E+00   5.44618E-01   1.17368E+00
 1.62250E+01   2.15544E+00   1.05066E+00   5.44738E-01   1.17415E+00
 1.62750E+01   2.15585E+00   1.05070E+00   5.44860E-01   1.17463E+00
 1.63250E+01   2.15626E+00   1.05074E+00   5.44985E-01   1.17513E+00
 1.63750E+01   2.15667E+00   1.05078E+00   5.45113E-01   1.17563E+00
 1.64250E+01   2.15709E+00   1.05082E+00   5.45243E-01   1.17614E+00
 1.64750E+01   2.15752E+00   1.05086E+00   5.45377E-01   1.17666E+00
 1.65250E+01   2.15795E+00   1.05091E+00   5.45514E-01   1.17719E+00
 1.65750E+01   2.15839E+00   1.05095E+00   5.45654E-01   1.17773E+00
 1.66250E+01   2.15883E+00   1.05099E+00   5.45797E-01   1.17829E+00
 1.66750E+01   2.15928E+00   1.05104E+00   5.45944E-01   1.17885E+00
 1.67250E+01   2.15973E+00   1.05108E+00   5.46094E-01   1.17941E+00
 1.67750E+01   2.16018E+00   1.05113E+00   5.46248E-01   1.17999E+00
 1.68250E+01   2.16063E+00   1.05118E+00   5.46405E-01   1.18058E+00
 1.68750E+01   2.16108E+00   1.05122E+00   5.46566E-01   1.18117E+00
 1.69250E+01   2.16154E+00   1.05127E+00   5.46730E-01   1.18178E+00
 1.69750E+01   2.16199E+00   1.05132E+00   5.46898E-01   1.18239E+00
 1.70250E+01   2.16245E+00   1.05138E+00   5.47070E-01   1.18301E+00
 1.70750E+01   2.16291E+00   1.05143E+00   5.47246E-01   1.18364E+00
 1.71250E+01   2.16336E+00   1.05148E+00   5.47425E-01   1.18428E+00
 1.71750E+01   2.16382E+00   1.05154E+00   5.47609E-01   1.18493E+00
 1.72250E+01   2.16427E+00   1.05159E+00   5.47796E-01   1.18558E+00
 1.72750E+01   2.16473E+00   1.05165E+00   5.47988E-01   1.18625E+00
 1.73250E+01   2.16519E+00   1.05171E+00   5.48184E-01   1.18692E+00
 1.73750E+01   2.16564E+00   1.05176E+00   5.48383E-01   1.18760E+00
 1.74250E+01   2.16610E+00   1.05182E+00   5.48588E-01   1.18829E+00
 1.74750E+01   2.16655E+00   1.05189E+00   5.48796E-01   1.18899E+00
 1.75250E+01   2.16700E+00   1.05195E+00   5.49008E-01   1.18970E+00
 1.75750E+01   2.16745E+00   1.05201E+00   5.49224E-01   1.19042E+00
 1.76250E+01   2.16790E+00   1.05207E+00   5.49444E-01   1.19114E+00
 1.76750E+01   2.16835E+00   1.05214E+00   5.49668E-01   1.19188E+00
 1.77250E+01   2.16880E+00   1.05221E+00   5.49896E-01   1.19262E+00
 1.77750E+01   2.16925E+00   1.05227E+00   5.50128E-01   1.19337E+00
 1.78250E+01   2.16970E+00   1.05234E+00   5.50364E-01   1.19412E+00
 1.78750E+01   2.17015E+00   1.05241E+00   5.50603E-01   1.19489E+00
 1.79250E+01   2.17060E+00   1.05248E+00   5.50846E-01   1.19567E+00
 1.79750E+01   2.17105E+00   1.05255E+00   5.51092E-01   1.19645E+00
 1.80250E+01   2.17150E+00   1.05262E+00   5.51341E-01   1.19724E+00
 1.80750E+01   2.17195E+00   1.05270E+00   5.51594E-01   1.19804E+00
 1.81250E+01   2.17240E+00   1.05277E+00   5.51850E-01   1.19884E+00
 1.81750E+01   2.17285E+00   1.05284E+00   5.52108E-01   1.19965E+00
 1.82250E+01   2.17331E+00   1.05292E+00   5.52369E-01   1.20047E+00
 1.82750E+01   2.17376E+00   1.05300E+00   5.52632E-01   1.20129E+00
 1.83250E+01   2.17421E+00   1.05307E+00   5.52898E-01   1.20212E+00
 1.83750E+01   2.17467E+00   1.05315E+00   5.53165E-01   1.20295E+00
 1.84250E+01   2.17513E+00   1.05323E+00   5.53433E-01   1.20379E+00
 1.84750E+01   2.17559E+00   1.05330E+00   5.53703E-01   1.20463E+00
 1.85250E+01   2.17604E+00   1.05338E+00   5.53973E-01   1.20547E+00
 1.85750E+01   2.17650E+00   1.05346E+00   5.54243E-01   1.20631E+00
 1.86250E+01   2.17696E+00   1.05354E+00   5.54514E-01   1.20716E+00
 1.86750E+01   2.17742E+00   1.05361E+00   5.54784E-01   1.20800E+00
 1.87250E+01   2.17788E+00   1.05369E+00   5.55053E-01   1.20884E+00
 1.87750E+01   2.17834E+00   1.05377E+00   5.55321E-01   1.20968E+00
 1.88250E+01   2.17880E+00   1.05385E+00   5.55587E-01   1.21051E+00
 1.88750E+01   2.17926E+00   1.05392E+00   5.55851E-01   1.21134E+00
 1.89250E+01   2.17972E+00   1.05400E+00   5.56113E-01   1.21217E+00
 1.89750E+01   2.18017E+00   1.05408E+00   5.56371E-01   1.21298E+00
 1.90250E+01   2.18062E+00   1.05415E+00   5.56626E-01   1.21379E+00
 1.90750E+01   2.18107E+00   1.05423E+00   5.56876E-01   1.21458E+00
 1.91250E+01   2.18151E+00   1.05430E+00   5.57121E-01   1.21537E+00
 1.91750E+01   2.18195E+00   1.05437E+00   5.57361E-01   1.21614E+00
 1.92250E+01   2.18238E+00   1.05444E+00   5.57596E-01   1.21689E+00
 1.92750E+01   2.18281E+00   1.05451E+00   5.57824E-01   1.21762E+00
 1.93250E+01   2.18323E+00   1.05457E+00   5.58044E-01   1.21834E+00
 1.93750E+01   2.18364E+00   1.05464E+00   5.58257E-01   1.21903E+00
 1.94250E+01   2.18404E+00   1.05470E+00   5.58462E-01   1.21970E+00
 1.94750E+01   2.18443E+00   1.05476E+00   5.58658E-01   1.22035E+00
 1.95250E+01   2.18480E+00   1.05482E+00   5.58844E-01   1.22096E+00
 1.95750E+01   2.18516E+00   1.05488E+00   5.59021E-01   1.22155E+00
 1.96250E+01   2.18551E+00   1.05493E+00   5.59186E-01   1.22211E+00
 1.96750E+01   2.18584E+00   1.05498E+00   5.59340E-01   1.22263E+00
 1.97250E+01   2.18616E+00   1.05503E+00   5.59483E-01   1.22312E+00
 1.97750E+01   2.18645E+00   1.05507E+00   5.59612E-01   1.22357E+00
 1.98250E+01   2.18673E+00   1.05511E+00   5.59729E-01   1.22398E+00
 1.98750E+01   2.18699E+00   1.05515E+00   5.59832E-01   1.22434E+00
 1.99250E+01   2.18722E+00   1.05518E+00   5.59921E-01   1.22467E+00
 1.99750E+01   2.18743E+00   1.05521E+00   5.59995E-01   1.22495E+00
 2.00250E+01   2.18762E+00   1.05524E+00   5.60054E-01   1.22518E+00
 2.00750E+01   2.18778E+00   1.05526E+00   5.60097E-01   1.22537E+00
 2.01250E+01   2.18792E+00   1.05528E+00   5.60124E-01   1.22550E+00
 2.01750E+01   2.18802E+00   1.05529E+00   5.60135E-01   1.22559E+00
 2.02250E+01   2.18810E+00   1.05530E+00   5.60130E-01   1.22562E+00
 2.02750E+01   2.18815E+00   1.05531E+00   5.60107E-01   1.22560E+00
 2.03250E+01   2.18817E+00   1.05531E+00   5.60067E-01   1.22552E+00
 2.03750E+01   2.18815E+00   1.05530E+00   5.60009E-01   1.22538E+00
 2.04250E+01   2.18810E+00   1.05529E+00   5.59934E-01   1.22519E+00
 2.04750E+01   2.18802E+00   1.05528E+00   5.59840E-01   1.22494E+00
 2.05250E+01   2.18791E+00   1.05526E+00   5.59729E-01   1.22464E+00
 2.05750E+01   2.18776E+00   1.05524E+00   5.59599E-01   1.22427E+00
 2.06250E+01   2.18758E+00   1.05522E+00   5.59452E-01   1.22385E+00
 2.06750E+01   2.18737E+00   1.05518E+00   5.59286E-01   1.22336E+00
 2.07250E+01   2.18712E+00   1.05515E+00   5.59103E-01   1.22282E+00
 2.07750E+01   2.18683E+00   1.05511E+00   5.58902E-01   1.22223E+00
 2.08250E+01   2.18651E+00   1.05506E+00   5.58684E-01   1.22157E+00
 2.08750E+01   2.18616E+00   1.05501E+00   5.58448E-01   1.22086E+00
 2.09250E+01   2.18577E+00   1.05496E+00   5.58196E-01   1.22009E+00
 2.09750E+01   2.18536E+00   1.05490E+00   5.57928E-01   1.21927E+00
 2.10250E+01   2.18490E+00   1.05483E+00   5.57644E-01   1.21840E+00
 2.10750E+01   2.18442E+00   1.05477E+00   5.57344E-01   1.21747E+00
 2.11250E+01   2.18390E+00   1.05470E+00   5.57030E-01   1.21650E+00
 2.11750E+01   2.18336E+00   1.05462E+00   5.56702E-01   1.21548E+00
 2.12250E+01   2.18279E+00   1.05454E+00   5.56360E-01   1.21441E+00
 2.12750E+01   2.18218E+00   1.05446E+00   5.56005E-01   1.21331E+00
 2.13250E+01   2.18156E+00   1.05438E+00   5.55638E-01   1.21215E+00
 2.13750E+01   2.18090E+00   1.05429E+00   5.55259E-01   1.21097E+00
 2.14250E+01   2.18023E+00   1.05420E+00   5.54870E-01   1.20974E+00
 2.14750E+01   2.17953E+00   1.05410E+00   5.54471E-01   1.20849E+00
 2.15250E+01   2.17881E+00   1.05400E+00   5.54064E-01   1.20720E+00
 2.15750E+01   2.17807E+00   1.05390E+00   5.53648E-01   1.20589E+00
 2.16250E+01   2.17732E+00   1.05380E+00   5.53225E-01   1.20455E+00
 2.16750E+01   2.17655E+00   1.05370E+00   5.52796E-01   1.20319E+00
 2.17250E+01   2.17576E+00   1.05359E+00   5.52362E-01   1.20181E+00
 2.17750E+01   2.17497E+00   1.05349E+00   5.51923E-01   1.20041E+00
 2.18250E+01   2.17416E+00   1.05338E+00   5.51480E-01   1.19901E+00
 2.18750E+01   2.17335E+00   1.05327E+00   5.51035E-01   1.19759E+00
 2.19250E+01   2.17253E+00   1.05316E+00   5.50588E-01   1.19617E+00
 2.19750E+01   2.17170E+00   1.05305E+00   5.50140E-01   1.19474E+00
 2.20250E+01   2.17088E+00   1.05294E+00   5.49693E-01   1.19332E+00
 2.20750E+01   2.17005E+00   1.05283E+00   5.49246E-01   1.19189E+00
 2.21250E+01   2.16922E+00   1.05272E+00   5.48801E-01   1.19047E+00
 2.21750E+01   2.16840E+00   1.05261E+00   5.48359E-01   1.18906E+00
 2.22250E+01   2.16758E+00   1.05250E+00   5.47920E-01   1.18766E+00
 2.22750E+01   2.16677E+00   1.05240E+00   5.47486E-01   1.18627E+00
 2.23250E+01   2.16596E+00   1.05229E+00   5.47056E-01   1.18490E+00
 2.23750E+01   2.16517E+00   1.05219E+00   5.46631E-01   1.18355E+00
 2.24250E+01   2.16438E+00   1.05208E+00   5.46213E-01   1.18221E+00
 2.24750E+01   2.16361E+00   1.05198E+00   5.45801E-01   1.18090E+00
 2.25250E+01   2.16285E+00   1.05188E+00   5.45396E-01   1.17961E+00
 2.25750E+01   2.16210E+00   1.05178E+00   5.45000E-01   1.17834E+00
 2.26250E+01   2.16137E+00   1.05168E+00   5.44611E-01   1.17711E+00
 2.26750E+01   2.16066E+00   1.05159E+00   5.44232E-01   1.17590E+00
 2.27250E+01   2.15996E+00   1.05149E+00   5.43861E-01   1.17472E+00
 2.27750E+01   2.15928E+00   1.05140E+00   5.43500E-01   1.17357E+00
 2.28250E+01   2.15862E+00   1.05132E+00   5.43149E-01   1.17245E+00
 2.28750E+01   2.15798E+00   1.05123E+00   5.42808E-01   1.17137E+00
 2.29250E+01   2.15737E+00   1.05115E+00   5.42477E-01   1.17032E+00
 2.29750E+01   2.15677E+00   1.05107E+00   5.42157E-01   1.16931E+00
 2.30250E+01   2.15620E+00   1.05099E+00   5.41848E-01   1.16833E+00
 2.30750E+01   2.15565E+00   1.05092E+00   5.41550E-01   1.16739E+00
 2.31250E+01   2.15512E+00   1.05085E+00   5.41262E-01   1.16648E+00
 2.31750E+01   2.15461E+00   1.05078E+00   5.40986E-01   1.16562E+00
 2.32250E+01   2.15413E+00   1.05071E+00   5.40721E-01   1.16478E+00
 2.32750E+01   2.15367E+00   1.05065E+00   5.40467E-01   1.16399E+00
 2.33250E+01   2.15323E+00   1.05059E+00   5.40223E-01   1.16323E+00
 2.33750E+01   2.15282E+00   1.05053E+00   5.39991E-01   1.16250E+00
 2.34250E+01   2.15242E+00   1.05047E+00   5.39769E-01   1.16181E+00
 2.34750E+01   2.15205E+00   1.05042E+00   5.39558E-01   1.16116E+00
 2.35250E+01   2.15171E+00   1.05037E+00   5.39357E-01   1.16054E+00
 2.35750E+01   2.15138E+00   1.05033E+00   5.39166E-01   1.15995E+00
 2.36250E+01   2.15108E+00   1.05028E+00   5.38986E-01   1.15940E+00
 2.36750E+01   2.15080E+00   1.05024E+00   5.38815E-01   1.15888E+00
 2.37250E+01   2.15053E+00   1.05020E+00   5.38654E-01   1.15839E+00
 2.37750E+01   2.15029E+00   1.05016E+00   5.38503E-01   1.15794E+00
 2.38250E+01   2.15007E+00   1.05013E+00   5.38361E-01   1.15751E+00
 2.38750E+01   2.14987E+00   1.05010E+00   5.38228E-01   1.15712E+00
 2.39250E+01   2.14969E+00   1.05007E+00   5.38104E-01   1.15676E+00
 2.39750E+01   2.14953E+00   1.05004E+00   5.37988E-01   1.15642E+00
 2.40250E+01   2.14938E+00   1.05001E+00   5.37882E-01   1.15611E+00
 2.40750E+01   2.14925E+00   1.04999E+00   5.37783E-01   1.15583E+00
 2.41250E+01   2.14914E+00   1.04997E+00   5.37692E-01   1.15557E+00
 2.41750E+01   2.14904E+00   1.04995E+00   5.37609E-01   1.15534E+00
 2.42250E+01   2.14896E+00   1.04993E+00   5.37532E-01   1.15513E+00
 2.42750E+01   2.14889E+00   1.04991E+00   5.37463E-01   1.15495E+00
 2.43250E+01   2.14883E+00   1.04990E+00   5.37401E-01   1.15478E+00
 2.43750E+01   2.14879E+00   1.04989E+00   5.37345E-01   1.15464E+00
 2.44250E+01   2.14876E+00   1.04988E+00   5.37295E-01   1.15452E+00
 2.44750E+01   2.14874E+00   1.04987E+00   5.37251E-01   1.15441E+00
 2.45250E+01   2.14873E+00   1.04986E+00   5.37212E-01   1.15433E+00
 2.45750E+01   2.14874E+00   1.04985E+00   5.37179E-01   1.15426E+00
 2.46250E+01   2.14875E+00   1.04985E+00   5.37151E-01   1.15420E+00
 2.46750E+01   2.14877E+00   1.04985E+00   5.37128E-01   1.15417E+00
 2.47250E+01   2.14880E+00   1.04984E+00   5.37109E-01   1.15414E+00
 2.47750E+01   2.14884E+00   1.04984E+00   5.37096E-01   1.15413E+00
 2.48250E+01   2.14888E+00   1.04984E+00   5.37086E-01   1.15414E+00
 2.48750E+01   2.14894E+00   1.04984E+00   5.37081E-01   1.15415E+00
 2.49250E+01   2.14899E+00   1.04984E+00   5.37079E-01   1.15418E+00
 2.49750E+01   2.14906E+00   1.04985E+00   5.37082E-01   1.15422E+00
 2.50250E+01   2.14913E+00   1.04985E+00   5.37088E-01   1.15427E+00
 2.50750E+01   2.14920E+00   1.04986E+00   5.37097E-01   1.15433E+00
 2.51250E+01   2.14928E+00   1.04986E+00   5.37109E-01   1.15440E+00
 2.51750E+01   2.14936E+00   1.04987E+00   5.37125E-01   1.15448E+00
 2.52250E+01   2.14945E+00   1.04988E+00   5.37144E-01   1.15456E+00
 2.52750E+01   2.14953E+00   1.04988E+00   5.37165E-01   1.15465E+00
 2.53250E+01   2.14962E+00   1.04989E+00   5.37189E-01   1.15475E+00
 2.53750E+01   2.14972E+00   1.04990E+00   5.37215E-01   1.15486E+00
 2.54250E+01   2.14981E+00   1.04991E+00   5.37244E-01   1.15497E+00
 2.54750E+01   2.14991E+00   1.04992E+00   5.37275E-01   1.15509E+00
 2.55250E+01   2.15000E+00   1.04994E+00   5.37308E-01   1.15521E+00
 2.55750E+01   2.15010E+00   1.04995E+00   5.37343E-01   1.15534E+00
 2.56250E+01   2.15020E+00   1.04996E+00   5.37381E-01   1.15548E+00
 2.56750E+01   2.15030E+00   1.04997E+00   5.37420E-01   1.15561E+00
 2.57250E+01   2.15040E+00   1.04999E+00   5.37460E-01   1.15576E+00
 2.57750E+01   2.15050E+00   1.05000E+00   5.37503E-01   1.15590E+00
 2.58250E+01   2.15061E+00   1.05002E+00   5.37547E-01   1.15605E+00
 2.58750E+01   2.15071E+00   1.05003E+00   5.37592E-01   1.15620E+00
 2.59250E+01   2.15081E+00   1.05005E+00   5.37639E-01   1.15636E+00
 2.59750E+01   2.15091E+00   1.05006E+00   5.37687E-01   1.15652E+00
 2.60250E+01   2.15101E+00   1.05008E+00   5.37737E-01   1.15668E+00
 2.60750E+01   2.15112E+00   1.05009E+00   5.37788E-01   1.15685E+00
 2.61250E+01   2.15122E+00   1.05011E+00   5.37840E-01   1.15701E+00
 2.61750E+01   2.15133E+00   1.05013E+00   5.37894E-01   1.15718E+00
 2.62250E+01   2.15143E+00   1.05015E+00   5.37949E-01   1.15736E+00
 2.62750E+01   2.15153E+00   1.05016E+00   5.38005E-01   1.15754E+00
 2.63250E+01   2.15164E+00   1.05018E+00   5.38062E-01   1.15771E+00
 2.63750E+01   2.15174E+00   1.05020E+00   5.38120E-01   1.15790E+00
 2.64250E+01   2.15185E+00   1.05022E+00   5.38179E-01   1.15808E+00
 2.64750E+01   2.15196E+00   1.05024E+00   5.38239E-01   1.15827E+00
 2.65250E+01   2.15206E+00   1.05026E+00   5.38301E-01   1.15846E+00
 2.65750E+01   2.15217E+00   1.05028E+00   5.38363E-01   1.15865E+00
 2.66250E+01   2.15228E+00   1.05030E+00   5.38426E-01   1.15885E+00
 2.66750E+01   2.15239E+00   1.05032E+00   5.38491E-01   1.15904E+00
 2.67250E+01   2.15251E+00   1.05034E+00   5.38557E-01   1.15925E+00
 2.67750E+01   2.15262E+00   1.05036E+00   5.38623E-01   1.15945E+00
 2.68250E+01   2.15274E+00   1.05038E+00   5.38691E-01   1.15966E+00
 2.68750E+01   2.15286E+00   1.05040E+00   5.38760E-01   1.15987E+00
 2.69250E+01   2.15298E+00   1.05042E+00   5.38830E-01   1.16009E+00
 2.69750E+01   2.15310E+00   1.05044E+00   5.38901E-01   1.16031E+00
 2.70250E+01   2.15322E+00   1.05046E+00   5.38973E-01   1.16053E+00
 2.70750E+01   2.15335E+00   1.05048E+00   5.39046E-01   1.16076E+00
 2.71250E+01   2.15348E+00   1.05051E+00   5.39120E-01   1.16099E+00
 2.71750E+01   2.15362E+00   1.05053E+00   5.39196E-01   1.16122E+00
 2.72250E+01   2.15376E+00   1.05055E+00   5.39273E-01   1.16146E+00
 2.72750E+01   2.15390E+00   1.05057E+00   5.39351E-01   1.16171E+00
 2.73250E+01   2.15404E+00   1.05060E+00   5.39431E-01   1.16196E+00
 2.73750E+01   2.15419E+00   1.05062E+00   5.39512E-01   1.16221E+00
 2.74250E+01   2.15434E+00   1.05064E+00   5.39594E-01   1.16247E+00
 2.74750E+01   2.15450E+00   1.05067E+00   5.39677E-01   1.16273E+00
 2.75250E+01   2.15466E+00   1.05069E+00   5.39762E-01   1.16300E+00
 2.75750E+01   2.15482E+00   1.05072E+00   5.39848E-01   1.16328E+00
 2.76250E+01   2.15499E+00   1.05074E+00   5.39936E-01   1.16356E+00
 2.76750E+01   2.15516E+00   1.05077E+00   5.40025E-01   1.16384E+00
 2.77250E+01   2.15534E+00   1.05079E+00   5.40116E-01   1.16413E+00
 2.77750E+01   2.15552E+00   1.05082E+00   5.40209E-01   1.16443E+00
 2.78250E+01   2.15570E+00   1.05085E+00   5.40303E-01   1.16473E+00
 2.78750E+01   2.15589E+00   1.05087E+00   5.40399E-01   1.16504E+00
 2.79250E+01   2.15609E+00   1.05090E+00   5.40496E-01   1.16536E+00
 2.79750E+01   2.15629E+00   1.05093E+00   5.40595E-01   1.16568E+00
 2.80250E+01   2.15649E+00   1.05095E+00   5.40696E-01   1.16601E+00
 2.80750E+01   2.15670E+00   1.05098E+00   5.40799E-01   1.16634E+00
 2.81250E+01   2.15691E+00   1.05101E+00   5.40903E-01   1.16668E+00
 2.81750E+01   2.15713E+00   1.05104E+00   5.41009E-01   1.16703E+00
 2.82250E+01   2.15735E+00   1.05107E+00   5.41118E-01   1.16738E+00
 2.82750E+01   2.15758E+00   1.05110E+00   5.41228E-01   1.16774E+00
 2.83250E+01   2.15781E+00   1.05113E+00   5.41340E-01   1.16811E+00
 2.83750E+01   2.15805E+00   1.05116E+00   5.41454E-01   1.16848E+00
 2.84250E+01   2.15829E+00   1.05119E+00   5.41570E-01   1.16886E+00
 2.84750E+01   2.15853E+00   1.05122E+00   5.41689E-01   1.16925E+00
 2.85250E+01   2.15878E+00   1.05126E+00   5.41809E-01   1.16965E+00
 2.85750E+01   2.15904E+00   1.05129E+00   5.41932E-01   1.17005E+00
 2.86250E+01   2.15929E+00   1.05132E+00   5.42056E-01   1.17046E+00
 2.86750E+01   2.15956E+00   1.05136E+00   5.42183E-01   1.17088E+00
 2.87250E+01   2.15983E+00   1.05139E+00   5.42313E-01   1.17130E+00
 2.87750E+01   2.16010E+00   1.05143E+00   5.42444E-01   1.17173E+00
 2.88250E+01   2.16038E+00   1.05146E+00   5.42578E-01   1.17217E+00
 2.88750E+01   2.16066E+00   1.05150E+00   5.42714E-01   1.17262E+00
 2.89250E+01   2.16094E+00   1.05153E+00   5.42853E-01   1.17307E+00
 2.89750E+01   2.16124E+00   1.05157E+00   5.42994E-01   1.17354E+00
 2.90250E+01   2.16153E+00   1.05161E+00   5.43137E-01   1.17401E+00
 2.90750E+01   2.16183E+00   1.05165E+00   5.43284E-01   1.17449E+00
 2.91250E+01   2.16213E+00   1.05169E+00   5.43433E-01   1.17497E+00
 2.91750E+01   2.16244E+00   1.05173E+00   5.43585E-01   1.17547E+00
 2.92250E+01   2.16275E+00   1.05177E+00   5.43739E-01   1.17597E+00
 2.92750E+01   2.16307E+00   1.05181E+00   5.43895E-01   1.17648E+00
 2.93250E+01   2.16339E+00   1.05185E+00   5.44055E-01   1.17700E+00
 2.93750E+01   2.16371E+00   1.05189E+00   5.44217E-01   1.17753E+00
 2.94250E+01   2.16404E+00   1.05193E+00   5.44381E-01   1.17806E+00
 2.94750E+01   2.16437E+00   1.05198E+00   5.44548E-01   1.17860E+00
 2.95250E+01   2.16470E+00   1.05202E+00   5.44718E-01   1.17915E+00
 2.95750E+01   2.16504E+00   1.05207E+00   5.44890E-01   1.17971E+00
 2.96250E+01   2.16538E+00   1.05211E+00   5.45065E-01   1.18027E+00
 2.96750E+01   2.16573E+00   1.05216E+00   5.45242E-01   1.18084E+00
 2.97250E+01   2.16607E+00   1.05221E+00   5.45421E-01   1.18142E+00
 2.97750E+01   2.16643E+00   1.05225E+00   5.45604E-01   1.18201E+00
 2.98250E+01   2.16678E+00   1.05230E+00   5.45788E-01   1.18260E+00
 2.98750E+01   2.16714E+00   1.05235E+00   5.45976E-01   1.18321E+00
 2.99250E+01   2.16750E+00   1.05240E+00   5.46165E-01   1.18382E+00
 2.99750E+01   2.16787E+00   1.05245E+00   5.46358E-01   1.18443E+00
 3.00250E+01   2.16824E+00   1.05250E+00   5.46552E-01   1.18505E+00
 3.00750E+01   2.16861E+00   1.05256E+00   5.46748E-01   1.18568E+00
 3.01250E+01   2.16898E+00   1.05261E+00   5.46947E-01   1.18632E+00
 3.01750E+01   2.16936E+00   1.05266E+00   5.47147E-01   1.18696E+00
 3.02250E+01   2.16974E+00   1.05271E+00   5.47349E-01   1.18761E+00
 3.02750E+01   2.17013E+00   1.05277E+00   5.47554E-01   1.18826E+00
 3.03250E+01   2.17051E+00   1.05282E+00   5.47760E-01   1.18892E+00
 3.03750E+01   2.17090E+00   1.05288E+00   5.47968E-01   1.18958E+00
 3.04250E+01   2.17129E+00   1.05293E+00   5.48178E-01   1.19025E+00
 3.04750E+01   2.17168E+00   1.05299E+00   5.48389E-01   1.19093E+00
 3.05250E+01   2.17208E+00   1.05305E+00   5.48601E-01   1.19161E+00
 3.05750E+01   2.17248E+00   1.05310E+00   5.48815E-01   1.19229E+00
 3.06250E+01   2.17288E+00   1.05316E+00   5.49030E-01   1.19297E+00
 3.06750E+01   2.17328E+00   1.05322E+00   5.49245E-01   1.19366E+00
 3.07250E+01   2.17368E+00   1.05328E+00   5.49462E-01   1.19435E+00
 3.07750E+01   2.17408E+00   1.05334E+00   5.49679E-01   1.19505E+00
 3.08250E+01   2.17448E+00   1.05340E+00   5.49896E-01   1.19574E+00
 3.08750E+01   2.17489E+00   1.05345E+00   5.50114E-01   1.19644E+00
 3.09250E+01   2.17529E+00   1.05351E+00   5.50332E-01   1.19713E+00
 3.09750E+01   2.17569E+00   1.05357E+00   5.50550E-01   1.19783E+00
 3.10250E+01   2.17610E+00   1.05363E+00   5.50767E-01   1.19852E+00
 3.10750E+01   2.17650E+00   1.05369E+00   5.50983E-01   1.19921E+00
 3.11250E+01   2.17690E+00   1.05375E+00   5.51199E-01   1.19990E+00
 3.11750E+01   2.17730E+00   1.05381E+00   5.51413E-01   1.20059E+00
 3.12250E+01   2.17770E+00   1.05387E+00   5.51626E-01   1.20128E+00
 3.12750E+01   2.17810E+00   1.05393E+00   5.51838E-01   1.20196E+00
 3.13250E+01   2.17849E+00   1.05398E+00   5.52048E-01   1.20263E+00
 3.13750E+01   2.17888E+00   1.05404E+00   5.52257E-01   1.20330E+00
 3.14250E+01   2.17926E+00   1.05410E+00   5.52463E-01   1.20396E+00
 3.14750E+01   2.17965E+00   1.05415E+00   5.52666E-01   1.20462E+00
 3.15250E+01   2.18002E+00   1.05421E+00   5.52866E-01   1.20526E+00
 3.15750E+01   2.18039E+00   1.05426E+00   5.53064E-01   1.20590E+00
 3.16250E+01   2.18076E+00   1.05432E+00   5.53258E-01   1.20652E+00
 3.16750E+01   2.18112E+00   1.05437E+00   5.53448E-01   1.20714E+00
 3.17250E+01   2.18147E+00   1.05442E+00   5.53634E-01   1.20774E+00
 3.17750E+01   2.18182E+00   1.05447E+00   5.53815E-01   1.20832E+00
 3.18250E+01   2.18215E+00   1.05452E+00   5.53992E-01   1.20890E+00
 3.18750E+01   2.18248E+00   1.05457E+00   5.54164E-01   1.20945E+00
 3.19250E+01   2.18280E+00   1.05462E+00   5.54331E-01   1.20999E+00
 3.19750E+01   2.18311E+00   1.05466E+00   5.54492E-01   1.21052E+00
 3.20250E+01   2.18340E+00   1.05471E+00   5.54647E-01   1.21102E+00
 3.20750E+01   2.18369E+00   1.05475E+00   5.54796E-01   1.21150E+00
 3.21250E+01   2.18396E+00   1.05479E+00   5.54938E-01   1.21196E+00
 3.21750E+01   2.18422E+00   1.05483E+00   5.55074E-01   1.21241E+00
 3.22250E+01   2.18447E+00   1.05487E+00   5.55202E-01   1.21282E+00
 3.22750E+01   2.18471E+00   1.05490E+00   5.55323E-01   1.21322E+00
 3.23250E+01   2.18492E+00   1.05494E+00   5.55435E-01   1.21358E+00
 3.23750E+01   2.18513E+00   1.05497E+00   5.55540E-01   1.21393E+00
 3.24250E+01   2.18531E+00   1.05500E+00   5.55636E-01   1.21424E+00
 3.24750E+01   2.18548E+00   1.05502E+00   5.55724E-01   1.21453E+00
 3.25250E+01   2.18564E+00   1.05505E+00   5.55802E-01   1.21478E+00
 3.25750E+01   2.18577E+00   1.05507E+00   5.55871E-01   1.21501E+00
 3.26250E+01   2.18589E+00   1.05509E+00   5.55930E-01   1.21520E+00
 3.26750E+01   2.18599E+00   1.05511E+00   5.55979E-01   1.21537E+00
 3.27250E+01   2.18607E+00   1.05512E+00   5.56019E-01   1.21550E+00
 3.27750E+01   2.18613E+00   1.05513E+00   5.56047E-01   1.21559E+00
 3.28250E+01   2.18617E+00   1.05514E+00   5.56066E-01   1.21565E+00
 3.28750E+01   2.18618E+00   1.05515E+00   5.56073E-01   1.21568E+00
 3.29250E+01   2.18618E+00   1.05515E+00   5.56070E-01   1.21567E+00
 3.29750E+01   2.18615E+00   1.05515E+00   5.56055E-01   1.21562E+00
 3.30250E+01   2.18611E+00   1.05515E+00   5.56030E-01   1.21554E+00
 3.30750E+01   2.18604E+00   1.05514E+00   5.55992E-01   1.21542E+00
 3.31250E+01   2.18594E+00   1.05513E+00   5.55943E-01   1.21526E+00
 3.31750E+01   2.18583E+00   1.05512E+00   5.55882E-01   1.21506E+00
 3.32250E+01   2.18569E+00   1.05510E+00   5.55809E-01   1.21483E+00
 3.32750E+01   2.18553E+00   1.05508E+00   5.55725E-01   1.21455E+00
 3.33250E+01   2.18534E+00   1.05506E+00   5.55630E-01   1.21424E+00
 3.33750E+01   2.18514E+00   1.05504E+00   5.55522E-01   1.21389E+00
 3.34250E+01   2.18491E+00   1.05501E+00   5.55403E-01   1.21350E+00
 3.34750E+01   2.18465E+00   1.05498E+00   5.55272E-01   1.21308E+00
 3.35250E+01   2.18438E+00   1.05494E+00   5.55130E-01   1.21261E+00
 3.35750E+01   2.18408E+00   1.05491E+00   5.54976E-01   1.21211E+00
 3.36250E+01   2.18376E+00   1.05487E+00   5.54810E-01   1.21157E+00
 3.36750E+01   2.18342E+00   1.05482E+00   5.54634E-01   1.21100E+00
 3.37250E+01   2.18305E+00   1.05478E+00   5.54446E-01   1.21038E+00
 3.37750E+01   2.18267E+00   1.05473E+00   5.54248E-01   1.20974E+00
 3.38250E+01   2.18226E+00   1.05467E+00   5.54039E-01   1.20906E+00
 3.38750E+01   2.18183E+00   1.05462E+00   5.53820E-01   1.20834E+00
 3.39250E+01   2.18139E+00   1.05456E+00   5.53591E-01   1.20760E+00
 3.39750E+01   2.18093E+00   1.05450E+00   5.53352E-01   1.20682E+00
 3.40250E+01   2.18045E+00   1.05444E+00   5.53104E-01   1.20601E+00
 3.40750E+01   2.17995E+00   1.05438E+00   5.52847E-01   1.20518E+00
 3.41250E+01   2.17944E+00   1.05431E+00   5.52582E-01   1.20432E+00
 3.41750E+01   2.17891E+00   1.05424E+00   5.52308E-01   1.20343E+00
 3.42250E+01   2.17836E+00   1.05417E+00   5.52027E-01   1.20252E+00
 3.42750E+01   2.17781E+00   1.05410E+00   5.51739E-01   1.20158E+00
 3.43250E+01   2.17724E+00   1.05402E+00   5.51444E-01   1.20063E+00
 3.43750E+01   2.17666E+00   1.05395E+00   5.51142E-01   1.19965E+00
 3.44250E+01   2.17607E+00   1.05387E+00   5.50835E-01   1.19866E+00
 3.44750E+01   2.17547E+00   1.05379E+00   5.50522E-01   1.19765E+00
 3.45250E+01   2.17487E+00   1.05371E+00   5.50205E-01   1.19662E+00
 3.45750E+01   2.17425E+00   1.05363E+00   5.49884E-01   1.19559E+00
 3.46250E+01   2.17363E+00   1.05355E+00   5.49559E-01   1.19454E+00
 3.46750E+01   2.17301E+00   1.05346E+00   5.49231E-01   1.19348E+00
 3.47250E+01   2.17238E+00   1.05338E+00   5.48900E-01   1.19242E+00
 3.47750E+01   2.17175E+00   1.05330E+00   5.48567E-01   1.19135E+00
 3.48250E+01   2.17111E+00   1.05321E+00   5.48232E-01   1.19027E+00
 3.48750E+01   2.17048E+00   1.05313E+00   5.47897E-01   1.18920E+00
 3.49250E+01   2.16985E+00   1.05304E+00   5.47561E-01   1.18812E+00
 3.49750E+01   2.16922E+00   1.05296E+00   5.47224E-01   1.18705E+00
 3.50250E+01   2.16859E+00   1.05287E+00   5.46889E-01   1.18598E+00
 3.50750E+01   2.16796E+00   1.05279E+00   5.46554E-01   1.18491E+00
 3.51250E+01   2.16734E+00   1.05270E+00   5.46220E-01   1.18385E+00
 3.51750E+01   2.16673E+00   1.05262E+00   5.45889E-01   1.18279E+00
 3.52250E+01   2.16612E+00   1.05253E+00   5.45560E-01   1.18175E+00
 3.52750E+01   2.16552E+00   1.05245E+00   5.45234E-01   1.18072E+00
 3.53250E+01   2.16493E+00   1.05237E+00   5.44911E-01   1.17969E+00
 3.53750E+01   2.16435E+00   1.05229E+00   5.44592E-01   1.17869E+00
 3.54250E+01   2.16378E+00   1.05221E+00   5.44277E-01   1.17769E+00
 3.54750E+01   2.16321E+00   1.05213E+00   5.43967E-01   1.17672E+00
 3.55250E+01   2.16266E+00   1.05206E+00   5.43661E-01   1.17575E+00
 3.55750E+01   2.16212E+00   1.05198E+00   5.43361E-01   1.17481E+00
 3.56250E+01   2.16159E+00   1.05191E+00   5.43066E-01   1.17389E+00
 3.56750E+01   2.16108E+00   1.05183E+00   5.42778E-01   1.17298E+00
 3.57250E+01   2.16057E+00   1.05176E+00   5.42495E-01   1.17210E+00
 3.57750E+01   2.16008E+00   1.05169E+00   5.42219E-01   1.17124E+00
 3.58250E+01   2.15961E+00   1.05163E+00   5.41949E-01   1.17040E+00
 3.58750E+01   2.15915E+00   1.05156E+00   5.41686E-01   1.16958E+00
 3.59250E+01   2.15870E+00   1.05150E+00   5.41430E-01   1.16878E+00
 3.59750E+01   2.15826E+00   1.05143E+00   5.41181E-01   1.16801E+00
 3.60250E+01   2.15785E+00   1.05137E+00   5.40939E-01   1.16726E+00
 3.60750E+01   2.15744E+00   1.05132E+00   5.40705E-01   1.16654E+00
 3.61250E+01   2.15706E+00   1.05126E+00   5.40478E-01   1.16584E+00
 3.61750E+01   2.15668E+00   1.05120E+00   5.40259E-01   1.16517E+00
 3.62250E+01   2.15632E+00   1.05115E+00   5.40047E-01   1.16452E+00
 3.62750E+01   2.15598E+00   1.05110E+00   5.39843E-01   1.16389E+00
 3.63250E+01   2.15565E+00   1.05105E+00   5.39646E-01   1.16329E+00
 3.63750E+01   2.15533E+00   1.05101E+00   5.39457E-01   1.16271E+00
 3.64250E+01   2.15503E+00   1.05096E+00   5.39276E-01   1.16216E+00
 3.64750E+01   2.15475E+00   1.05092E+00   5.39103E-01   1.16163E+00
 3.65250E+01   2.15447E+00   1.05088E+00   5.38937E-01   1.16113E+00
 3.65750E+01   2.15422E+00   1.05084E+00   5.38778E-01   1.16065E+00
 3.66250E+01   2.15397E+00   1.05080E+00   5.38628E-01   1.16019E+00
 3.66750E+01   2.15374E+00   1.05077E+00   5.38485E-01   1.15976E+00
 3.67250E+01   2.15352E+00   1.05073E+00   5.38349E-01   1.15935E+00
 3.67750E+01   2.15332E+00   1.05070E+00   5.38220E-01   1.15896E+00
 3.68250E+01   2.15313E+00   1.05067E+00   5.38099E-01   1.15860E+00
 3.68750E+01   2.15295E+00   1.05065E+00   5.37985E-01   1.15825E+00
 3.69250E+01   2.15278E+00   1.05062E+00   5.37877E-01   1.15793E+00
 3.69750E+01   2.15262E+00   1.05059E+00   5.37777E-01   1.15763E+00
 3.70250E+01   2.15248E+00   1.05057E+00   5.37683E-01   1.15735E+00
 3.70750E+01   2.15234E+00   1.05055E+00   5.37596E-01   1.15709E+00
 3.71250E+01   2.15222E+00   1.05053E+00   5.37515E-01   1.15685E+00
 3.71750E+01   2.15211E+00   1.05051E+00   5.37441E-01   1.15663E+00
 3.72250E+01   2.15201E+00   1.05049E+00   5.37373E-01   1.15643E+00
 3.72750E+01   2.15191E+00   1.05048E+00   5.37310E-01   1.15625E+00
 3.73250E+01   2.15183E+00   1.05046E+00   5.37254E-01   1.15608E+00
 3.73750E+01   2.15175E+00   1.05045E+00   5.37204E-01   1.15593E+00
 3.74250E+01   2.15169E+00   1.05044E+00   5.37159E-01   1.15580E+00
 3.74750E+01   2.15163E+00   1.05043E+00   5.37120E-01   1.15568E+00
 3.75250E+01   2.15158E+00   1.05042E+00   5.37085E-01   1.15558E+00
 3.75750E+01   2.15153E+00   1.05041E+00   5.37056E-01   1.15549E+00
 3.76250E+01   2.15150E+00   1.05040E+00   5.37032E-01   1.15542E+00
 3.76750E+01   2.15147E+00   1.05040E+00   5.37013E-01   1.15537E+00
 3.77250E+01   2.15145E+00   1.05039E+00   5.36998E-01   1.15532E+00
 3.77750E+01   2.15143E+00   1.05039E+00   5.36988E-01   1.15529E+00
 3.78250E+01   2.15142E+00   1.05038E+00   5.36983E-01   1.15527E+00
 3.78750E+01   2.15142E+00   1.05038E+00   5.36981E-01   1.15527E+00
 3.79250E+01   2.15142E+00   1.05038E+00   5.36984E-01   1.15528E+00
 3.79750E+01   2.15142E+00   1.05038E+00   5.36991E-01   1.15530E+00
 3.80250E+01   2.15144E+00   1.05038E+00   5.37002E-01   1.15533E+00
 3.80750E+01   2.15145E+00   1.05038E+00   5.37017E-01   1.15537E+00
 3.81250E+01   2.15148E+00   1.05038E+00   5.37035E-01   1.15542E+00
 3.81750E+01   2.15150E+00   1.05038E+00   5.37057E-01   1.15548E+00
 3.82250E+01   2.15153E+00   1.05039E+00   5.37082E-01   1.15555E+00
 3.82750E+01   2.15157E+00   1.05039E+00   5.37111E-01   1.15563E+00
 3.83250E+01   2.15161E+00   1.05039E+00   5.37143E-01   1.15572E+00
 3.83750E+01   2.15165E+00   1.05040E+00   5.37177E-01   1.15582E+00
 3.84250E+01   2.15169E+00   1.05041E+00   5.37214E-01   1.15592E+00
 3.84750E+01   2.15175E+00   1.05041E+00   5.37254E-01   1.15603E+00
 3.85250E+01   2.15180E+00   1.05042E+00   5.37297E-01   1.15616E+00
 3.85750E+01   2.15186E+00   1.05043E+00   5.37341E-01   1.15628E+00
 3.86250E+01   2.15192E+00   1.05044E+00   5.37388E-01   1.15642E+00
 3.86750E+01   2.15198E+00   1.05045E+00   5.37438E-01   1.15656E+00
 3.87250E+01   2.15205E+00   1.05046E+00   5.37489E-01   1.15670E+00
 3.87750E+01   2.15213E+00   1.05047E+00   5.37542E-01   1.15686E+00
 3.88250E+01   2.15220E+00   1.05048E+00   5.37597E-01   1.15702E+00
 3.88750E+01   2.15228E+00   1.05049E+00   5.37654E-01   1.15718E+00
 3.89250E+01   2.15236E+00   1.05051E+00   5.37712E-01   1.15735E+00
 3.89750E+01   2.15245E+00   1.05052E+00   5.37772E-01   1.15753E+00
 3.90250E+01   2.15254E+00   1.05053E+00   5.37834E-01   1.15771E+00
 3.90750E+01   2.15264E+00   1.05055E+00   5.37897E-01   1.15790E+00
 3.91250E+01   2.15273E+00   1.05056E+00   5.37962E-01   1.15809E+00
 3.91750E+01   2.15283E+00   1.05057E+00   5.38028E-01   1.15828E+00
 3.92250E+01   2.15294E+00   1.05059E+00   5.38095E-01   1.15849E+00
 3.92750E+01   2.15305E+00   1.05061E+00   5.38164E-01   1.15869E+00
 3.93250E+01   2.15316E+00   1.05062E+00   5.38233E-01   1.15890E+00
 3.93750E+01   2.15327E+00   1.05064E+00   5.38304E-01   1.15912E+00
 3.94250E+01   2.15339E+00   1.05066E+00   5.38376E-01   1.15933E+00
 3.94750E+01   2.15351E+00   1.05068E+00   5.38449E-01   1.15956E+00
 3.95250E+01   2.15364E+00   1.05069E+00   5.38522E-01   1.15978E+00
 3.95750E+01   2.15377E+00   1.05071E+00   5.38597E-01   1.16002E+00
 3.96250E+01   2.15391E+00   1.05073E+00   5.38673E-01   1.16025E+00
 3.96750E+01   2.15405E+00   1.05075E+00   5.38749E-01   1.16049E+00
 3.97250E+01   2.15419E+00   1.05077E+00   5.38827E-01   1.16074E+00
 3.97750E+01   2.15434E+00   1.05079E+00   5.38905E-01   1.16098E+00
 3.98250E+01   2.15449E+00   1.05082E+00   5.38984E-01   1.16123E+00
 3.98750E+01   2.15464E+00   1.05084E+00   5.39064E-01   1.16149E+00
 3.99250E+01   2.15480E+00   1.05086E+00   5.39144E-01   1.16175E+00
 3.99750E+01   2.15497E+00   1.05088E+00   5.39225E-01   1.16201E+00
 4.00250E+01   2.15514E+00   1.05091E+00   5.39307E-01   1.16228E+00
 4.00750E+01   2.15531E+00   1.05093E+00   5.39391E-01   1.16255E+00
 4.01250E+01   2.15548E+00   1.05096E+00   5.39475E-01   1.16283E+00
 4.01750E+01   2.15566E+00   1.05098E+00   5.39559E-01   1.16311E+00
 4.02250E+01   2.15585E+00   1.05101E+00   5.39644E-01   1.16339E+00
 4.02750E+01   2.15604E+00   1.05104E+00   5.39731E-01   1.16368E+00
 4.03250E+01   2.15623E+00   1.05106E+00   5.39818E-01   1.16397E+00
 4.03750E+01   2.15643E+00   1.05109E+00   5.39906E-01   1.16427E+00
 4.04250E+01   2.15663E+00   1.05112E+00   5.39995E-01   1.16457E+00
 4.04750E+01   2.15684E+00   1.05115E+00   5.40086E-01   1.16488E+00
 4.05250E+01   2.15705E+00   1.05118E+00   5.40177E-01   1.16519E+00
 4.05750E+01   2.15727E+00   1.05121E+00   5.40270E-01   1.16551E+00
 4.06250E+01   2.15749E+00   1.05124E+00   5.40363E-01   1.16583E+00
 4.06750E+01   2.15771E+00   1.05127E+00   5.40458E-01   1.16615E+00
 4.07250E+01   2.15794E+00   1.05130E+00   5.40554E-01   1.16648E+00
 4.07750E+01   2.15817E+00   1.05133E+00   5.40651E-01   1.16682E+00
 4.08250E+01   2.15840E+00   1.05137E+00   5.40750E-01   1.16716E+00
 4.08750E+01   2.15864E+00   1.05140E+00   5.40850E-01   1.16750E+00
 4.09250E+01   2.15888E+00   1.05143E+00   5.40952E-01   1.16785E+00
 4.09750E+01   2.15913E+00   1.05147E+00   5.41056E-01   1.16821E+00
 4.10250E+01   2.15938E+00   1.05150E+00   5.41161E-01   1.16857E+00
 4.10750E+01   2.15963E+00   1.05153E+00   5.41268E-01   1.16894E+00
 4.11250E+01   2.15989E+00   1.05157E+00   5.41377E-01   1.16931E+00
 4.11750E+01   2.16015E+00   1.05161E+00   5.41488E-01   1.16969E+00
 4.12250E+01   2.16041E+00   1.05164E+00   5.41600E-01   1.17008E+00
 4.12750E+01   2.16068E+00   1.05168E+00   5.41715E-01   1.17047E+00
 4.13250E+01   2.16095E+00   1.05171E+00   5.41832E-01   1.17087E+00
 4.13750E+01   2.16122E+00   1.05175E+00   5.41951E-01   1.17128E+00
 4.14250E+01   2.16150E+00   1.05179E+00   5.42073E-01   1.17169E+00
 4.14750E+01   2.16178E+00   1.05183E+00   5.42196E-01   1.17211E+00
 4.15250E+01   2.16206E+00   1.05187E+00   5.42322E-01   1.17253E+00
 4.15750E+01   2.16234E+00   1.05190E+00   5.42451E-01   1.17296E+00
 4.16250E+01   2.16262E+00   1.05194E+00   5.42582E-01   1.17340E+00
 4.16750E+01   2.16291E+00   1.05198E+00   5.42715E-01   1.17385E+00
 4.17250E+01   2.16320E+00   1.05202E+00   5.42851E-01   1.17430E+00
 4.17750E+01   2.16349E+00   1.05206E+00   5.42990E-01   1.17475E+00
 4.18250E+01   2.16379E+00   1.05210E+00   5.43131E-01   1.17522E+00
 4.18750E+01   2.16408E+00   1.05214E+00   5.43275E-01   1.17569E+00
 4.19250E+01   2.16438E+00   1.05218E+00   5.43421E-01   1.17617E+00
 4.19750E+01   2.16468E+00   1.05222E+00   5.43570E-01   1.17665E+00
 4.20250E+01   2.16498E+00   1.05226E+00   5.43722E-01   1.17715E+00
 4.20750E+01   2.16528E+00   1.05230E+00   5.43877E-01   1.17765E+00
 4.21250E+01   2.16558E+00   1.05235E+00   5.44034E-01   1.17815E+00
 4.21750E+01   2.16589E+00   1.05239E+00   5.44194E-01   1.17866E+00
 4.22250E+01   2.16619E+00   1.05243E+00   5.44357E-01   1.17918E+00
 4.22750E+01   2.16650E+00   1.05247E+00   5.44522E-01   1.17971E+00
 4.23250E+01   2.16681E+00   1.05251E+00   5.44691E-01   1.18024E+00
 4.23750E+01   2.16712E+00   1.05256E+00   5.44862E-01   1.18078E+00
 4.24250E+01   2.16743E+00   1.05260E+00   5.45035E-01   1.18132E+00
 4.24750E+01   2.16774E+00   1.05264E+00   5.45211E-01   1.18187E+00
 4.25250E+01   2.16805E+00   1.05268E+00   5.45390E-01   1.18243E+00
 4.25750E+01   2.16836E+00   1.05273E+00   5.45570E-01   1.18299E+00
 4.26250E+01   2.16868E+00   1.05277E+00   5.45754E-01   1.18356E+00
 4.26750E+01   2.16899E+00   1.05281E+00   5.45939E-01   1.18414E+00
 4.27250E+01   2.16930E+00   1.05286E+00   5.46127E-01   1.18471E+00
 4.27750E+01   2.16961E+00   1.05290E+00   5.46317E-01   1.18530E+00
 4.28250E+01   2.16993E+00   1.05294E+00   5.46508E-01   1.18588E+00
 4.28750E+01   2.17024E+00   1.05299E+00   5.46702E-01   1.18647E+00
 4.29250E+01   2.17056E+00   1.05303E+00   5.46897E-01   1.18707E+00
 4.29750E+01   2.17087E+00   1.05307E+00   5.47093E-01   1.18767E+00
 4.30250E+01   2.17118E+00   1.05312E+00   5.47291E-01   1.18827E+00
 4.30750E+01   2.17149E+00   1.05316E+00   5.47490E-01   1.18887E+00
 4.31250E+01   2.17181E+00   1.05320E+00   5.47689E-01   1.18948E+00
 4.31750E+01   2.17212E+00   1.05325E+00   5.47890E-01   1.19008E+00
 4.32250E+01   2.17243E+00   1.05329E+00   5.48092E-01   1.19069E+00
 4.32750E+01   2.17274E+00   1.05333E+00   5.48293E-01   1.19130E+00
 4.33250E+01   2.17305E+00   1.05338E+00   5.48495E-01   1.19191E+00
 4.33750E+01   2.17336E+00   1.05342E+00   5.48697E-01   1.19252E+00
 4.34250E+01   2.17367E+00   1.05346E+00   5.48899E-01   1.19312E+00
 4.34750E+01   2.17398E+00   1.05351E+00   5.49100E-01   1.19373E+00
 4.35250E+01   2.17428E+00   1.05355E+00   5.49300E-01   1.19434E+00
 4.35750E+01   2.17459E+00   1.05359E+00   5.49500E-01   1.19494E+00
 4.36250E+01   2.17489E+00   1.05364E+00   5.49699E-01   1.19554E+00
 4.36750E+01   2.17520E+00   1.05368E+00   5.49896E-01   1.19613E+00
 4.37250E+01   2.17550E+00   1.05372E+00   5.50092E-01   1.19672E+00
 4.37750E+01   2.17580E+00   1.05376E+00   5.50286E-01   1.19731E+00
 4.38250E+01   2.17609E+00   1.05381E+00   5.50477E-01   1.19789E+00
 4.38750E+01   2.17639E+00   1.05385E+00   5.50667E-01   1.19846E+00
 4.39250E+01   2.17668E+00   1.05389E+00   5.50854E-01   1.19903E+00
 4.39750E+01   2.17697E+00   1.05393E+00   5.51037E-01   1.19959E+00
 4.40250E+01   2.17726E+00   1.05397E+00   5.51218E-01   1.20014E+00
 4.40750E+01   2.17754E+00   1.05402E+00   5.51396E-01   1.20069E+00
 4.41250E+01   2.17782E+00   1.05406E+00   5.51569E-01   1.20122E+00
 4.41750E+01   2.17810E+00   1.05410E+00   5.51739E-01   1.20174E+00
 4.42250E+01   2.17837E+00   1.05414E+00   5.51905E-01   1.20226E+00
 4.42750E+01   2.17864E+00   1.05418E+00   5.52066E-01   1.20276E+00
 4.43250E+01   2.17891E+00   1.05422E+00   5.52222E-01   1.20324E+00
 4.43750E+01   2.17917E+00   1.05425E+00   5.52374E-01   1.20372E+00
 4.44250E+01   2.17943E+00   1.05429E+00   5.52521E-01   1.20418E+00
 4.44750E+01   2.17968E+00   1.05433E+00   5.52661E-01   1.20462E+00
 4.45250E+01   2.17992E+00   1.05437E+00   5.52796E-01   1.20505E+00
 4.45750E+01   2.18016E+00   1.05440E+00   5.52924E-01   1.20546E+00
 4.46250E+01   2.18039E+00   1.05444E+00   5.53047E-01   1.20586E+00
 4.46750E+01   2.18062E+00   1.05447E+00   5.53163E-01   1.20624E+00
 4.47250E+01   2.18084E+00   1.05450E+00   5.53272E-01   1.20660E+00
 4.47750E+01   2.18106E+00   1.05454E+00   5.53375E-01   1.20694E+00
 4.48250E+01   2.18127E+00   1.05457E+00   5.53472E-01   1.20727E+00
 4.48750E+01   2.18146E+00   1.05460E+00   5.53561E-01   1.20757E+00
 4.49250E+01   2.18165E+00   1.05463E+00   5.53642E-01   1.20786E+00
 4.49750E+01   2.18183E+00   1.05466E+00   5.53716E-01   1.20811E+00
 4.50250E+01   2.18200E+00   1.05468E+00   5.53782E-01   1.20835E+00
 4.50750E+01   2.18216E+00   1.05471E+00   5.53839E-01   1.20857E+00
 4.51250E+01   2.18231E+00   1.05474E+00   5.53888E-01   1.20876E+00
 4.51750E+01   2.18245E+00   1.05476E+00   5.53928E-01   1.20892E+00
 4.52250E+01   2.18258E+00   1.05478E+00   5.53960E-01   1.20906E+00
 4.52750E+01   2.18270E+00   1.05480E+00   5.53984E-01   1.20918E+00
 4.53250E+01   2.18281E+00   1.05482E+00   5.53998E-01   1.20927E+00
 4.53750E+01   2.18290E+00   1.05484E+00   5.54005E-01   1.20934E+00
 4.54250E+01   2.18298E+00   1.05485E+00   5.54002E-01   1.20938E+00
 4.54750E+01   2.18305E+00   1.05487E+00   5.53991E-01   1.20939E+00
 4.55250E+01   2.18311E+00   1.05488E+00   5.53972E-01   1.20938E+00
 4.55750E+01   2.18315E+00   1.05489E+00   5.53943E-01   1.20934E+00
 4.56250E+01   2.18318E+00   1.05489E+00   5.53905E-01   1.20927E+00
 4.56750E+01   2.18319E+00   1.05490E+00   5.53859E-01   1.20918E+00
 4.57250E+01   2.18319E+00   1.05490E+00   5.53804E-01   1.20906E+00
 4.57750E+01   2.18317E+00   1.05490E+00   5.53740E-01   1.20891E+00
 4.58250E+01   2.18313E+00   1.05490E+00   5.53667E-01   1.20873E+00
 4.58750E+01   2.18308E+00   1.05490E+00   5.53586E-01   1.20852E+00
 4.59250E+01   2.18301E+00   1.05489E+00   5.53496E-01   1.20829E+00
 4.59750E+01   2.18292E+00   1.05489E+00   5.53397E-01   1.20802E+00
 4.60250E+01   2.18282E+00   1.05488E+00   5.53290E-01   1.20773E+00
 4.60750E+01   2.18270E+00   1.05486E+00   5.53175E-01   1.20742E+00
 4.61250E+01   2.18256E+00   1.05485E+00   5.53052E-01   1.20707E+00
 4.61750E+01   2.18241E+00   1.05483E+00   5.52920E-01   1.20670E+00
 4.62250E+01   2.18224E+00   1.05481E+00   5.52781E-01   1.20630E+00
 4.62750E+01   2.18205E+00   1.05479E+00   5.52635E-01   1.20588E+00
 4.63250E+01   2.18184E+00   1.05476E+00   5.52482E-01   1.20543E+00
 4.63750E+01   2.18161E+00   1.05473E+00   5.52322E-01   1.20495E+00
 4.64250E+01   2.18137E+00   1.05470E+00   5.52156E-01   1.20446E+00
 4.64750E+01   2.18110E+00   1.05467E+00   5.51984E-01   1.20393E+00
 4.65250E+01   2.18082E+00   1.05464E+00   5.51805E-01   1.20339E+00
 4.65750E+01   2.18052E+00   1.05460E+00   5.51620E-01   1.20282E+00
 4.66250E+01   2.18021E+00   1.05456E+00   5.51430E-01   1.20223E+00
 4.66750E+01   2.17988E+00   1.05451E+00   5.51235E-01   1.20162E+00
 4.67250E+01   2.17952E+00   1.05447E+00   5.51035E-01   1.20099E+00
 4.67750E+01   2.17916E+00   1.05442E+00   5.50831E-01   1.20035E+00
 4.68250E+01   2.17877E+00   1.05437E+00   5.50622E-01   1.19968E+00
 4.68750E+01   2.17837E+00   1.05432E+00   5.50409E-01   1.19900E+00
 4.69250E+01   2.17795E+00   1.05426E+00   5.50193E-01   1.19830E+00
 4.69750E+01   2.17752E+00   1.05420E+00   5.49974E-01   1.19758E+00
 4.70250E+01   2.17708E+00   1.05414E+00   5.49752E-01   1.19685E+00
 4.70750E+01   2.17662E+00   1.05408E+00   5.49527E-01   1.19611E+00
 4.71250E+01   2.17615E+00   1.05402E+00   5.49299E-01   1.19535E+00
 4.71750E+01   2.17566E+00   1.05395E+00   5.49070E-01   1.19459E+00
 4.72250E+01   2.17516E+00   1.05389E+00   5.48839E-01   1.19381E+00
 4.72750E+01   2.17465E+00   1.05382E+00   5.48606E-01   1.19303E+00
 4.73250E+01   2.17413E+00   1.05375E+00   5.48372E-01   1.19223E+00
 4.73750E+01   2.17360E+00   1.05368E+00   5.48138E-01   1.19143E+00
 4.74250E+01   2.17306E+00   1.05361E+00   5.47903E-01   1.19063E+00
 4.74750E+01   2.17252E+00   1.05353E+00   5.47668E-01   1.18982E+00
 4.75250E+01   2.17196E+00   1.05346E+00   5.47433E-01   1.18900E+00
 4.75750E+01   2.17140E+00   1.05339E+00   5.47198E-01   1.18818E+00
 4.76250E+01   2.17083E+00   1.05331E+00   5.46964E-01   1.18736E+00
 4.76750E+01   2.17025E+00   1.05324E+00   5.46731E-01   1.18654E+00
 4.77250E+01   2.16967E+00   1.05317E+00   5.46499E-01   1.18572E+00
 4.77750E+01   2.16908E+00   1.05310E+00   5.46268E-01   1.18490E+00
 4.78250E+01   2.16849E+00   1.05303E+00   5.46040E-01   1.18408E+00
 4.78750E+01   2.16789E+00   1.05296E+00   5.45815E-01   1.18326E+00
 4.79250E+01   2.16728E+00   1.05290E+00   5.45592E-01   1.18245E+00
 4.79750E+01   2.16666E+00   1.05284E+00   5.45372E-01   1.18164E+00
 4.80250E+01   2.16604E+00   1.05278E+00   5.45157E-01   1.18083E+00
 4.80750E+01   2.16540E+00   1.05274E+00   5.44946E-01   1.18002E+00
 4.81250E+01   2.16474E+00   1.05270E+00   5.44741E-01   1.17922E+00
 4.81750E+01   2.16406E+00   1.05268E+00   5.44543E-01   1.17843E+00
 4.82250E+01   2.16336E+00   1.05268E+00   5.44353E-01   1.17763E+00
 4.82750E+01   2.16261E+00   1.05270E+00   5.44174E-01   1.17684E+00
 4.83250E+01   2.16181E+00   1.05275E+00   5.44007E-01   1.17604E+00
 4.83750E+01   2.16095E+00   1.05283E+00   5.43855E-01   1.17524E+00
 4.84250E+01   2.15999E+00   1.05296E+00   5.43724E-01   1.17444E+00
 4.84750E+01   2.15892E+00   1.05315E+00   5.43616E-01   1.17362E+00
 4.85250E+01   2.15770E+00   1.05342E+00   5.43538E-01   1.17279E+00
 4.85750E+01   2.15627E+00   1.05379E+00   5.43500E-01   1.17193E+00
 4.86250E+01   2.15459E+00   1.05429E+00   5.43511E-01   1.17104E+00
 4.86750E+01   2.15257E+00   1.05496E+00   5.43586E-01   1.17011E+00
 4.87250E+01   2.15011E+00   1.05585E+00   5.43743E-01   1.16911E+00
 4.87750E+01   2.14711E+00   1.05702E+00   5.44010E-01   1.16805E+00
 4.88250E+01   2.14349E+00   1.05855E+00   5.44444E-01   1.16701E+00
 4.88750E+01   2.13962E+00   1.06056E+00   5.45224E-01   1.16658E+00
 4.89250E+01   2.13831E+00   1.06327E+00   5.47173E-01   1.17003E+00
 4.89750E+01   2.15607E+00   1.06717E+00   5.54529E-01   1.19560E+00
