      xx/10.          rhoa          temp           vel      vel*rhoa
         [-]           [-]           [-]           [-]           [-]
 1.02500E+00   2.66202E+00   9.41365E-01   4.46436E-01   1.18842E+00
 1.07500E+00   2.66086E+00   9.41716E-01   4.46576E-01   1.18828E+00
 1.12500E+00   2.65893E+00   9.42110E-01   4.46916E-01   1.18832E+00
 1.17500E+00   2.65638E+00   9.42580E-01   4.47394E-01   1.18845E+00
 1.22500E+00   2.65324E+00   9.43152E-01   4.47988E-01   1.18862E+00
 1.27500E+00   2.64945E+00   9.43853E-01   4.48691E-01   1.18879E+00
 1.32500E+00   2.64496E+00   9.44711E-01   4.49504E-01   1.18892E+00
 1.37500E+00   2.63968E+00   9.45755E-01   4.50430E-01   1.18899E+00
 1.42500E+00   2.63352E+00   9.47016E-01   4.51473E-01   1.18896E+00
 1.47500E+00   2.62638E+00   9.48522E-01   4.52637E-01   1.18880E+00
 1.52500E+00   2.61819E+00   9.50301E-01   4.53925E-01   1.18846E+00
 1.57500E+00   2.60886E+00   9.52379E-01   4.55343E-01   1.18793E+00
 1.62500E+00   2.59834E+00   9.54778E-01   4.56894E-01   1.18716E+00
 1.67500E+00   2.58658E+00   9.57514E-01   4.58581E-01   1.18616E+00
 1.72500E+00   2.57356E+00   9.60595E-01   4.60406E-01   1.18488E+00
 1.77500E+00   2.55930E+00   9.64023E-01   4.62371E-01   1.18335E+00
 1.82500E+00   2.54384E+00   9.67787E-01   4.64474E-01   1.18155E+00
 1.87500E+00   2.52726E+00   9.71866E-01   4.66711E-01   1.17950E+00
 1.92500E+00   2.50970E+00   9.76227E-01   4.69077E-01   1.17724E+00
 1.97500E+00   2.49130E+00   9.80828E-01   4.71562E-01   1.17480E+00
 2.02500E+00   2.47227E+00   9.85612E-01   4.74152E-01   1.17223E+00
 2.07500E+00   2.45283E+00   9.90517E-01   4.76831E-01   1.16958E+00
 2.12500E+00   2.43321E+00   9.95473E-01   4.79579E-01   1.16692E+00
 2.17500E+00   2.41367E+00   1.00041E+00   4.82373E-01   1.16429E+00
 2.22500E+00   2.39447E+00   1.00525E+00   4.85187E-01   1.16176E+00
 2.27500E+00   2.37581E+00   1.00993E+00   4.87996E-01   1.15939E+00
 2.32500E+00   2.35793E+00   1.01440E+00   4.90773E-01   1.15721E+00
 2.37500E+00   2.34098E+00   1.01859E+00   4.93492E-01   1.15525E+00
 2.42500E+00   2.32510E+00   1.02248E+00   4.96132E-01   1.15356E+00
 2.47500E+00   2.31038E+00   1.02604E+00   4.98674E-01   1.15213E+00
 2.52500E+00   2.29688E+00   1.02925E+00   5.01102E-01   1.15097E+00
 2.57500E+00   2.28460E+00   1.03212E+00   5.03405E-01   1.15008E+00
 2.62500E+00   2.27353E+00   1.03466E+00   5.05578E-01   1.14945E+00
 2.67500E+00   2.26362E+00   1.03688E+00   5.07618E-01   1.14906E+00
 2.72500E+00   2.25481E+00   1.03881E+00   5.09527E-01   1.14889E+00
 2.77500E+00   2.24701E+00   1.04047E+00   5.11309E-01   1.14892E+00
 2.82500E+00   2.24014E+00   1.04189E+00   5.12970E-01   1.14912E+00
 2.87500E+00   2.23410E+00   1.04309E+00   5.14518E-01   1.14949E+00
 2.92500E+00   2.22882E+00   1.04410E+00   5.15962E-01   1.14999E+00
 2.97500E+00   2.22420E+00   1.04495E+00   5.17312E-01   1.15060E+00
 3.02500E+00   2.22016E+00   1.04566E+00   5.18577E-01   1.15132E+00
 3.07500E+00   2.21664E+00   1.04625E+00   5.19766E-01   1.15213E+00
 3.12500E+00   2.21357E+00   1.04673E+00   5.20887E-01   1.15302E+00
 3.17500E+00   2.21090E+00   1.04713E+00   5.21948E-01   1.15398E+00
 3.22500E+00   2.20858E+00   1.04746E+00   5.22956E-01   1.15499E+00
 3.27500E+00   2.20656E+00   1.04773E+00   5.23918E-01   1.15606E+00
 3.32500E+00   2.20481E+00   1.04794E+00   5.24839E-01   1.15717E+00
 3.37500E+00   2.20331E+00   1.04811E+00   5.25724E-01   1.15833E+00
 3.42500E+00   2.20203E+00   1.04824E+00   5.26578E-01   1.15954E+00
 3.47500E+00   2.20095E+00   1.04835E+00   5.27404E-01   1.16079E+00
 3.52500E+00   2.20005E+00   1.04842E+00   5.28207E-01   1.16208E+00
 3.57500E+00   2.19932E+00   1.04847E+00   5.28989E-01   1.16342E+00
 3.62500E+00   2.19876E+00   1.04851E+00   5.29754E-01   1.16480E+00
 3.67500E+00   2.19836E+00   1.04852E+00   5.30502E-01   1.16623E+00
 3.72500E+00   2.19811E+00   1.04852E+00   5.31238E-01   1.16772E+00
 3.77500E+00   2.19800E+00   1.04850E+00   5.31963E-01   1.16926E+00
 3.82500E+00   2.19804E+00   1.04846E+00   5.32679E-01   1.17085E+00
 3.87500E+00   2.19822E+00   1.04841E+00   5.33388E-01   1.17251E+00
 3.92500E+00   2.19854E+00   1.04835E+00   5.34092E-01   1.17422E+00
 3.97500E+00   2.19900E+00   1.04828E+00   5.34791E-01   1.17601E+00
 4.02500E+00   2.19960E+00   1.04819E+00   5.35488E-01   1.17786E+00
 4.07500E+00   2.20032E+00   1.04809E+00   5.36183E-01   1.17977E+00
 4.12500E+00   2.20117E+00   1.04797E+00   5.36879E-01   1.18176E+00
 4.17500E+00   2.20213E+00   1.04785E+00   5.37576E-01   1.18381E+00
 4.22500E+00   2.20321E+00   1.04771E+00   5.38275E-01   1.18593E+00
 4.27500E+00   2.20438E+00   1.04756E+00   5.38978E-01   1.18811E+00
 4.32500E+00   2.20564E+00   1.04740E+00   5.39684E-01   1.19035E+00
 4.37500E+00   2.20696E+00   1.04724E+00   5.40394E-01   1.19263E+00
 4.42500E+00   2.20834E+00   1.04707E+00   5.41110E-01   1.19495E+00
 4.47500E+00   2.20975E+00   1.04690E+00   5.41830E-01   1.19731E+00
 4.52500E+00   2.21116E+00   1.04673E+00   5.42555E-01   1.19968E+00
 4.57500E+00   2.21257E+00   1.04657E+00   5.43284E-01   1.20205E+00
 4.62500E+00   2.21394E+00   1.04642E+00   5.44018E-01   1.20442E+00
 4.67500E+00   2.21525E+00   1.04628E+00   5.44755E-01   1.20677E+00
 4.72500E+00   2.21647E+00   1.04616E+00   5.45494E-01   1.20907E+00
 4.77500E+00   2.21760E+00   1.04606E+00   5.46236E-01   1.21133E+00
 4.82500E+00   2.21860E+00   1.04598E+00   5.46978E-01   1.21352E+00
 4.87500E+00   2.21946E+00   1.04594E+00   5.47719E-01   1.21564E+00
 4.92500E+00   2.22017E+00   1.04592E+00   5.48459E-01   1.21767E+00
 4.97500E+00   2.22073E+00   1.04594E+00   5.49195E-01   1.21961E+00
 5.02500E+00   2.22112E+00   1.04599E+00   5.49926E-01   1.22145E+00
 5.07500E+00   2.22136E+00   1.04607E+00   5.50652E-01   1.22320E+00
 5.12500E+00   2.22144E+00   1.04619E+00   5.51369E-01   1.22484E+00
 5.17500E+00   2.22139E+00   1.04633E+00   5.52078E-01   1.22638E+00
 5.22500E+00   2.22120E+00   1.04651E+00   5.52776E-01   1.22783E+00
 5.27500E+00   2.22090E+00   1.04671E+00   5.53462E-01   1.22918E+00
 5.32500E+00   2.22050E+00   1.04693E+00   5.54135E-01   1.23046E+00
 5.37500E+00   2.22002E+00   1.04717E+00   5.54793E-01   1.23165E+00
 5.42500E+00   2.21949E+00   1.04742E+00   5.55434E-01   1.23278E+00
 5.47500E+00   2.21892E+00   1.04769E+00   5.56058E-01   1.23385E+00
 5.52500E+00   2.21833E+00   1.04796E+00   5.56662E-01   1.23486E+00
 5.57500E+00   2.21773E+00   1.04823E+00   5.57247E-01   1.23582E+00
 5.62500E+00   2.21713E+00   1.04851E+00   5.57810E-01   1.23674E+00
 5.67500E+00   2.21655E+00   1.04878E+00   5.58351E-01   1.23761E+00
 5.72500E+00   2.21599E+00   1.04905E+00   5.58868E-01   1.23845E+00
 5.77500E+00   2.21545E+00   1.04932E+00   5.59359E-01   1.23923E+00
 5.82500E+00   2.21494E+00   1.04958E+00   5.59823E-01   1.23997E+00
 5.87500E+00   2.21444E+00   1.04984E+00   5.60259E-01   1.24066E+00
 5.92500E+00   2.21396E+00   1.05009E+00   5.60665E-01   1.24129E+00
 5.97500E+00   2.21346E+00   1.05035E+00   5.61040E-01   1.24184E+00
 6.02500E+00   2.21296E+00   1.05061E+00   5.61381E-01   1.24231E+00
 6.07500E+00   2.21241E+00   1.05087E+00   5.61689E-01   1.24269E+00
 6.12500E+00   2.21182E+00   1.05115E+00   5.61965E-01   1.24297E+00
 6.17500E+00   2.21119E+00   1.05143E+00   5.62210E-01   1.24315E+00
 6.22500E+00   2.21053E+00   1.05171E+00   5.62423E-01   1.24325E+00
 6.27500E+00   2.20984E+00   1.05199E+00   5.62605E-01   1.24327E+00
 6.32500E+00   2.20913E+00   1.05227E+00   5.62755E-01   1.24320E+00
 6.37500E+00   2.20840E+00   1.05254E+00   5.62871E-01   1.24304E+00
 6.42500E+00   2.20766E+00   1.05279E+00   5.62954E-01   1.24281E+00
 6.47500E+00   2.20691E+00   1.05304E+00   5.63003E-01   1.24250E+00
 6.52500E+00   2.20615E+00   1.05327E+00   5.63018E-01   1.24210E+00
 6.57500E+00   2.20538E+00   1.05348E+00   5.62999E-01   1.24163E+00
 6.62500E+00   2.20460E+00   1.05367E+00   5.62946E-01   1.24107E+00
 6.67500E+00   2.20381E+00   1.05385E+00   5.62858E-01   1.24043E+00
 6.72500E+00   2.20302E+00   1.05401E+00   5.62736E-01   1.23972E+00
 6.77500E+00   2.20221E+00   1.05415E+00   5.62579E-01   1.23892E+00
 6.82500E+00   2.20139E+00   1.05427E+00   5.62389E-01   1.23804E+00
 6.87500E+00   2.20056E+00   1.05438E+00   5.62167E-01   1.23708E+00
 6.92500E+00   2.19973E+00   1.05446E+00   5.61912E-01   1.23605E+00
 6.97500E+00   2.19888E+00   1.05453E+00   5.61625E-01   1.23495E+00
 7.02500E+00   2.19803E+00   1.05458E+00   5.61308E-01   1.23377E+00
 7.07500E+00   2.19716E+00   1.05461E+00   5.60961E-01   1.23252E+00
 7.12500E+00   2.19629E+00   1.05463E+00   5.60586E-01   1.23121E+00
 7.17500E+00   2.19541E+00   1.05463E+00   5.60185E-01   1.22983E+00
 7.22500E+00   2.19452E+00   1.05461E+00   5.59758E-01   1.22840E+00
 7.27500E+00   2.19362E+00   1.05458E+00   5.59307E-01   1.22691E+00
 7.32500E+00   2.19273E+00   1.05454E+00   5.58833E-01   1.22537E+00
 7.37500E+00   2.19182E+00   1.05449E+00   5.58339E-01   1.22378E+00
 7.42500E+00   2.19092E+00   1.05442E+00   5.57825E-01   1.22215E+00
 7.47500E+00   2.19002E+00   1.05435E+00   5.57293E-01   1.22048E+00
 7.52500E+00   2.18912E+00   1.05426E+00   5.56746E-01   1.21878E+00
 7.57500E+00   2.18822E+00   1.05417E+00   5.56185E-01   1.21706E+00
 7.62500E+00   2.18733E+00   1.05407E+00   5.55613E-01   1.21531E+00
 7.67500E+00   2.18645E+00   1.05396E+00   5.55030E-01   1.21354E+00
 7.72500E+00   2.18557E+00   1.05384E+00   5.54438E-01   1.21176E+00
 7.77500E+00   2.18470E+00   1.05372E+00   5.53841E-01   1.20998E+00
 7.82500E+00   2.18384E+00   1.05360E+00   5.53238E-01   1.20819E+00
 7.87500E+00   2.18300E+00   1.05347E+00   5.52632E-01   1.20640E+00
 7.92500E+00   2.18217E+00   1.05334E+00   5.52025E-01   1.20461E+00
 7.97500E+00   2.18135E+00   1.05321E+00   5.51417E-01   1.20284E+00
 8.02500E+00   2.18055E+00   1.05307E+00   5.50812E-01   1.20107E+00
 8.07500E+00   2.17976E+00   1.05293E+00   5.50210E-01   1.19933E+00
 8.12500E+00   2.17899E+00   1.05280E+00   5.49612E-01   1.19760E+00
 8.17500E+00   2.17822E+00   1.05266E+00   5.49019E-01   1.19589E+00
 8.22500E+00   2.17748E+00   1.05252E+00   5.48434E-01   1.19420E+00
 8.27500E+00   2.17675E+00   1.05238E+00   5.47857E-01   1.19255E+00
 8.32500E+00   2.17603E+00   1.05225E+00   5.47288E-01   1.19091E+00
 8.37500E+00   2.17532E+00   1.05211E+00   5.46730E-01   1.18931E+00
 8.42500E+00   2.17463E+00   1.05198E+00   5.46183E-01   1.18774E+00
 8.47500E+00   2.17394E+00   1.05184E+00   5.45647E-01   1.18620E+00
 8.52500E+00   2.17327E+00   1.05171E+00   5.45123E-01   1.18470E+00
 8.57500E+00   2.17260E+00   1.05159E+00   5.44613E-01   1.18323E+00
 8.62500E+00   2.17194E+00   1.05146E+00   5.44116E-01   1.18179E+00
 8.67500E+00   2.17129E+00   1.05134E+00   5.43632E-01   1.18038E+00
 8.72500E+00   2.17064E+00   1.05122E+00   5.43163E-01   1.17901E+00
 8.77500E+00   2.16999E+00   1.05110E+00   5.42709E-01   1.17768E+00
 8.82500E+00   2.16935E+00   1.05099E+00   5.42269E-01   1.17637E+00
 8.87500E+00   2.16871E+00   1.05088E+00   5.41844E-01   1.17510E+00
 8.92500E+00   2.16807E+00   1.05077E+00   5.41434E-01   1.17387E+00
 8.97500E+00   2.16743E+00   1.05066E+00   5.41040E-01   1.17267E+00
 9.02500E+00   2.16679E+00   1.05056E+00   5.40660E-01   1.17150E+00
 9.07500E+00   2.16614E+00   1.05047E+00   5.40296E-01   1.17036E+00
 9.12500E+00   2.16550E+00   1.05037E+00   5.39947E-01   1.16926E+00
 9.17500E+00   2.16486E+00   1.05028E+00   5.39613E-01   1.16818E+00
 9.22500E+00   2.16421E+00   1.05019E+00   5.39294E-01   1.16714E+00
 9.27500E+00   2.16356E+00   1.05011E+00   5.38990E-01   1.16614E+00
 9.32500E+00   2.16291E+00   1.05003E+00   5.38700E-01   1.16516E+00
 9.37500E+00   2.16226E+00   1.04995E+00   5.38425E-01   1.16421E+00
 9.42500E+00   2.16161E+00   1.04987E+00   5.38164E-01   1.16330E+00
 9.47500E+00   2.16096E+00   1.04980E+00   5.37916E-01   1.16242E+00
 9.52500E+00   2.16031E+00   1.04973E+00   5.37682E-01   1.16156E+00
 9.57500E+00   2.15967E+00   1.04966E+00   5.37461E-01   1.16074E+00
 9.62500E+00   2.15903E+00   1.04960E+00   5.37253E-01   1.15995E+00
 9.67500E+00   2.15840E+00   1.04954E+00   5.37057E-01   1.15919E+00
 9.72500E+00   2.15778E+00   1.04948E+00   5.36874E-01   1.15846E+00
 9.77500E+00   2.15716E+00   1.04943E+00   5.36703E-01   1.15776E+00
 9.82500E+00   2.15656E+00   1.04938E+00   5.36543E-01   1.15709E+00
 9.87500E+00   2.15597E+00   1.04933E+00   5.36395E-01   1.15645E+00
 9.92500E+00   2.15539E+00   1.04928E+00   5.36258E-01   1.15584E+00
 9.97500E+00   2.15483E+00   1.04924E+00   5.36131E-01   1.15527E+00
 1.00250E+01   2.15428E+00   1.04919E+00   5.36015E-01   1.15473E+00
 1.00750E+01   2.15376E+00   1.04916E+00   5.35908E-01   1.15422E+00
 1.01250E+01   2.15325E+00   1.04912E+00   5.35812E-01   1.15374E+00
 1.01750E+01   2.15277E+00   1.04909E+00   5.35725E-01   1.15329E+00
 1.02250E+01   2.15231E+00   1.04905E+00   5.35648E-01   1.15288E+00
 1.02750E+01   2.15187E+00   1.04903E+00   5.35580E-01   1.15250E+00
 1.03250E+01   2.15146E+00   1.04900E+00   5.35520E-01   1.15215E+00
 1.03750E+01   2.15107E+00   1.04897E+00   5.35468E-01   1.15183E+00
 1.04250E+01   2.15071E+00   1.04895E+00   5.35424E-01   1.15154E+00
 1.04750E+01   2.15038E+00   1.04893E+00   5.35388E-01   1.15129E+00
 1.05250E+01   2.15008E+00   1.04892E+00   5.35359E-01   1.15106E+00
 1.05750E+01   2.14980E+00   1.04890E+00   5.35337E-01   1.15087E+00
 1.06250E+01   2.14955E+00   1.04889E+00   5.35321E-01   1.15070E+00
 1.06750E+01   2.14933E+00   1.04887E+00   5.35311E-01   1.15056E+00
 1.07250E+01   2.14914E+00   1.04886E+00   5.35307E-01   1.15045E+00
 1.07750E+01   2.14898E+00   1.04885E+00   5.35307E-01   1.15036E+00
 1.08250E+01   2.14884E+00   1.04884E+00   5.35313E-01   1.15030E+00
 1.08750E+01   2.14873E+00   1.04883E+00   5.35322E-01   1.15026E+00
 1.09250E+01   2.14865E+00   1.04883E+00   5.35336E-01   1.15025E+00
 1.09750E+01   2.14859E+00   1.04882E+00   5.35354E-01   1.15026E+00
 1.10250E+01   2.14856E+00   1.04882E+00   5.35376E-01   1.15029E+00
 1.10750E+01   2.14856E+00   1.04881E+00   5.35401E-01   1.15034E+00
 1.11250E+01   2.14858E+00   1.04881E+00   5.35429E-01   1.15041E+00
 1.11750E+01   2.14862E+00   1.04881E+00   5.35461E-01   1.15050E+00
 1.12250E+01   2.14869E+00   1.04881E+00   5.35495E-01   1.15061E+00
 1.12750E+01   2.14878E+00   1.04881E+00   5.35532E-01   1.15074E+00
 1.13250E+01   2.14890E+00   1.04881E+00   5.35572E-01   1.15089E+00
 1.13750E+01   2.14903E+00   1.04881E+00   5.35614E-01   1.15105E+00
 1.14250E+01   2.14919E+00   1.04882E+00   5.35658E-01   1.15123E+00
 1.14750E+01   2.14936E+00   1.04882E+00   5.35704E-01   1.15142E+00
 1.15250E+01   2.14956E+00   1.04882E+00   5.35752E-01   1.15163E+00
 1.15750E+01   2.14977E+00   1.04883E+00   5.35802E-01   1.15185E+00
 1.16250E+01   2.14999E+00   1.04883E+00   5.35853E-01   1.15208E+00
 1.16750E+01   2.15024E+00   1.04884E+00   5.35907E-01   1.15233E+00
 1.17250E+01   2.15050E+00   1.04885E+00   5.35961E-01   1.15258E+00
 1.17750E+01   2.15077E+00   1.04885E+00   5.36018E-01   1.15285E+00
 1.18250E+01   2.15106E+00   1.04886E+00   5.36075E-01   1.15313E+00
 1.18750E+01   2.15135E+00   1.04887E+00   5.36134E-01   1.15341E+00
 1.19250E+01   2.15166E+00   1.04888E+00   5.36194E-01   1.15371E+00
 1.19750E+01   2.15198E+00   1.04889E+00   5.36255E-01   1.15401E+00
 1.20250E+01   2.15230E+00   1.04890E+00   5.36317E-01   1.15431E+00
 1.20750E+01   2.15263E+00   1.04891E+00   5.36379E-01   1.15463E+00
 1.21250E+01   2.15297E+00   1.04892E+00   5.36443E-01   1.15495E+00
 1.21750E+01   2.15331E+00   1.04893E+00   5.36507E-01   1.15527E+00
 1.22250E+01   2.15366E+00   1.04894E+00   5.36572E-01   1.15559E+00
 1.22750E+01   2.15400E+00   1.04895E+00   5.36638E-01   1.15592E+00
 1.23250E+01   2.15435E+00   1.04897E+00   5.36704E-01   1.15625E+00
 1.23750E+01   2.15470E+00   1.04898E+00   5.36771E-01   1.15658E+00
 1.24250E+01   2.15504E+00   1.04899E+00   5.36838E-01   1.15691E+00
 1.24750E+01   2.15538E+00   1.04901E+00   5.36905E-01   1.15723E+00
 1.25250E+01   2.15571E+00   1.04902E+00   5.36973E-01   1.15756E+00
 1.25750E+01   2.15604E+00   1.04904E+00   5.37040E-01   1.15788E+00
 1.26250E+01   2.15636E+00   1.04905E+00   5.37107E-01   1.15820E+00
 1.26750E+01   2.15667E+00   1.04907E+00   5.37174E-01   1.15851E+00
 1.27250E+01   2.15697E+00   1.04909E+00   5.37240E-01   1.15881E+00
 1.27750E+01   2.15726E+00   1.04911E+00   5.37306E-01   1.15911E+00
 1.28250E+01   2.15754E+00   1.04913E+00   5.37372E-01   1.15940E+00
 1.28750E+01   2.15780E+00   1.04915E+00   5.37437E-01   1.15968E+00
 1.29250E+01   2.15804E+00   1.04918E+00   5.37501E-01   1.15995E+00
 1.29750E+01   2.15828E+00   1.04920E+00   5.37565E-01   1.16021E+00
 1.30250E+01   2.15849E+00   1.04923E+00   5.37629E-01   1.16047E+00
 1.30750E+01   2.15869E+00   1.04925E+00   5.37693E-01   1.16071E+00
 1.31250E+01   2.15888E+00   1.04928E+00   5.37758E-01   1.16095E+00
 1.31750E+01   2.15905E+00   1.04931E+00   5.37823E-01   1.16119E+00
 1.32250E+01   2.15921E+00   1.04934E+00   5.37888E-01   1.16142E+00
 1.32750E+01   2.15936E+00   1.04937E+00   5.37953E-01   1.16164E+00
 1.33250E+01   2.15949E+00   1.04940E+00   5.38020E-01   1.16185E+00
 1.33750E+01   2.15962E+00   1.04943E+00   5.38086E-01   1.16206E+00
 1.34250E+01   2.15972E+00   1.04946E+00   5.38154E-01   1.16226E+00
 1.34750E+01   2.15982E+00   1.04948E+00   5.38221E-01   1.16246E+00
 1.35250E+01   2.15990E+00   1.04951E+00   5.38290E-01   1.16265E+00
 1.35750E+01   2.15997E+00   1.04954E+00   5.38359E-01   1.16284E+00
 1.36250E+01   2.16003E+00   1.04957E+00   5.38429E-01   1.16302E+00
 1.36750E+01   2.16007E+00   1.04959E+00   5.38499E-01   1.16320E+00
 1.37250E+01   2.16011E+00   1.04962E+00   5.38570E-01   1.16337E+00
 1.37750E+01   2.16014E+00   1.04965E+00   5.38642E-01   1.16354E+00
 1.38250E+01   2.16016E+00   1.04967E+00   5.38715E-01   1.16371E+00
 1.38750E+01   2.16016E+00   1.04970E+00   5.38788E-01   1.16387E+00
 1.39250E+01   2.16016E+00   1.04972E+00   5.38862E-01   1.16403E+00
 1.39750E+01   2.16016E+00   1.04975E+00   5.38938E-01   1.16419E+00
 1.40250E+01   2.16014E+00   1.04977E+00   5.39014E-01   1.16435E+00
 1.40750E+01   2.16013E+00   1.04980E+00   5.39091E-01   1.16450E+00
 1.41250E+01   2.16010E+00   1.04982E+00   5.39169E-01   1.16466E+00
 1.41750E+01   2.16008E+00   1.04985E+00   5.39247E-01   1.16482E+00
 1.42250E+01   2.16005E+00   1.04987E+00   5.39327E-01   1.16497E+00
 1.42750E+01   2.16002E+00   1.04989E+00   5.39408E-01   1.16513E+00
 1.43250E+01   2.15999E+00   1.04992E+00   5.39490E-01   1.16529E+00
 1.43750E+01   2.15996E+00   1.04994E+00   5.39572E-01   1.16546E+00
 1.44250E+01   2.15994E+00   1.04997E+00   5.39657E-01   1.16562E+00
 1.44750E+01   2.15991E+00   1.04999E+00   5.39742E-01   1.16580E+00
 1.45250E+01   2.15989E+00   1.05001E+00   5.39828E-01   1.16597E+00
 1.45750E+01   2.15988E+00   1.05004E+00   5.39916E-01   1.16615E+00
 1.46250E+01   2.15987E+00   1.05006E+00   5.40005E-01   1.16634E+00
 1.46750E+01   2.15987E+00   1.05008E+00   5.40095E-01   1.16653E+00
 1.47250E+01   2.15987E+00   1.05011E+00   5.40187E-01   1.16673E+00
 1.47750E+01   2.15988E+00   1.05013E+00   5.40279E-01   1.16694E+00
 1.48250E+01   2.15991E+00   1.05016E+00   5.40374E-01   1.16716E+00
 1.48750E+01   2.15994E+00   1.05018E+00   5.40470E-01   1.16738E+00
 1.49250E+01   2.15998E+00   1.05021E+00   5.40567E-01   1.16762E+00
 1.49750E+01   2.16004E+00   1.05023E+00   5.40666E-01   1.16786E+00
 1.50250E+01   2.16011E+00   1.05026E+00   5.40766E-01   1.16811E+00
 1.50750E+01   2.16019E+00   1.05029E+00   5.40869E-01   1.16838E+00
 1.51250E+01   2.16028E+00   1.05031E+00   5.40973E-01   1.16865E+00
 1.51750E+01   2.16039E+00   1.05034E+00   5.41079E-01   1.16894E+00
 1.52250E+01   2.16051E+00   1.05037E+00   5.41187E-01   1.16924E+00
 1.52750E+01   2.16065E+00   1.05039E+00   5.41296E-01   1.16955E+00
 1.53250E+01   2.16080E+00   1.05042E+00   5.41408E-01   1.16988E+00
 1.53750E+01   2.16097E+00   1.05045E+00   5.41521E-01   1.17021E+00
 1.54250E+01   2.16115E+00   1.05048E+00   5.41637E-01   1.17056E+00
 1.54750E+01   2.16135E+00   1.05051E+00   5.41755E-01   1.17092E+00
 1.55250E+01   2.16156E+00   1.05054E+00   5.41876E-01   1.17130E+00
 1.55750E+01   2.16179E+00   1.05057E+00   5.41999E-01   1.17169E+00
 1.56250E+01   2.16204E+00   1.05061E+00   5.42123E-01   1.17209E+00
 1.56750E+01   2.16230E+00   1.05064E+00   5.42251E-01   1.17251E+00
 1.57250E+01   2.16257E+00   1.05067E+00   5.42381E-01   1.17294E+00
 1.57750E+01   2.16287E+00   1.05071E+00   5.42513E-01   1.17338E+00
 1.58250E+01   2.16317E+00   1.05074E+00   5.42649E-01   1.17384E+00
 1.58750E+01   2.16349E+00   1.05078E+00   5.42787E-01   1.17431E+00
 1.59250E+01   2.16383E+00   1.05081E+00   5.42928E-01   1.17480E+00
 1.59750E+01   2.16418E+00   1.05085E+00   5.43072E-01   1.17530E+00
 1.60250E+01   2.16454E+00   1.05089E+00   5.43219E-01   1.17582E+00
 1.60750E+01   2.16492E+00   1.05093E+00   5.43369E-01   1.17635E+00
 1.61250E+01   2.16530E+00   1.05097E+00   5.43522E-01   1.17689E+00
 1.61750E+01   2.16571E+00   1.05101E+00   5.43678E-01   1.17745E+00
 1.62250E+01   2.16612E+00   1.05105E+00   5.43838E-01   1.17802E+00
 1.62750E+01   2.16654E+00   1.05109E+00   5.44001E-01   1.17860E+00
 1.63250E+01   2.16698E+00   1.05114E+00   5.44167E-01   1.17920E+00
 1.63750E+01   2.16743E+00   1.05118E+00   5.44337E-01   1.17981E+00
 1.64250E+01   2.16788E+00   1.05123E+00   5.44511E-01   1.18044E+00
 1.64750E+01   2.16835E+00   1.05127E+00   5.44688E-01   1.18107E+00
 1.65250E+01   2.16882E+00   1.05132E+00   5.44869E-01   1.18172E+00
 1.65750E+01   2.16930E+00   1.05137E+00   5.45053E-01   1.18239E+00
 1.66250E+01   2.16979E+00   1.05141E+00   5.45242E-01   1.18306E+00
 1.66750E+01   2.17029E+00   1.05146E+00   5.45434E-01   1.18375E+00
 1.67250E+01   2.17079E+00   1.05152E+00   5.45630E-01   1.18445E+00
 1.67750E+01   2.17130E+00   1.05157E+00   5.45830E-01   1.18516E+00
 1.68250E+01   2.17181E+00   1.05162E+00   5.46034E-01   1.18588E+00
 1.68750E+01   2.17232E+00   1.05167E+00   5.46242E-01   1.18662E+00
 1.69250E+01   2.17285E+00   1.05173E+00   5.46454E-01   1.18736E+00
 1.69750E+01   2.17337E+00   1.05179E+00   5.46670E-01   1.18812E+00
 1.70250E+01   2.17389E+00   1.05184E+00   5.46890E-01   1.18888E+00
 1.70750E+01   2.17442E+00   1.05190E+00   5.47114E-01   1.18966E+00
 1.71250E+01   2.17495E+00   1.05196E+00   5.47342E-01   1.19044E+00
 1.71750E+01   2.17548E+00   1.05202E+00   5.47574E-01   1.19124E+00
 1.72250E+01   2.17602E+00   1.05208E+00   5.47809E-01   1.19204E+00
 1.72750E+01   2.17655E+00   1.05214E+00   5.48048E-01   1.19285E+00
 1.73250E+01   2.17708E+00   1.05221E+00   5.48291E-01   1.19367E+00
 1.73750E+01   2.17761E+00   1.05227E+00   5.48538E-01   1.19450E+00
 1.74250E+01   2.17814E+00   1.05233E+00   5.48788E-01   1.19533E+00
 1.74750E+01   2.17866E+00   1.05240E+00   5.49041E-01   1.19617E+00
 1.75250E+01   2.17919E+00   1.05247E+00   5.49298E-01   1.19702E+00
 1.75750E+01   2.17971E+00   1.05253E+00   5.49557E-01   1.19788E+00
 1.76250E+01   2.18023E+00   1.05260E+00   5.49820E-01   1.19873E+00
 1.76750E+01   2.18074E+00   1.05267E+00   5.50086E-01   1.19960E+00
 1.77250E+01   2.18125E+00   1.05274E+00   5.50354E-01   1.20046E+00
 1.77750E+01   2.18176E+00   1.05281E+00   5.50624E-01   1.20133E+00
 1.78250E+01   2.18226E+00   1.05288E+00   5.50897E-01   1.20220E+00
 1.78750E+01   2.18276E+00   1.05295E+00   5.51171E-01   1.20307E+00
 1.79250E+01   2.18325E+00   1.05302E+00   5.51448E-01   1.20395E+00
 1.79750E+01   2.18374E+00   1.05309E+00   5.51725E-01   1.20482E+00
 1.80250E+01   2.18422E+00   1.05317E+00   5.52003E-01   1.20569E+00
 1.80750E+01   2.18469E+00   1.05324E+00   5.52282E-01   1.20656E+00
 1.81250E+01   2.18516E+00   1.05331E+00   5.52561E-01   1.20743E+00
 1.81750E+01   2.18562E+00   1.05338E+00   5.52840E-01   1.20830E+00
 1.82250E+01   2.18607E+00   1.05345E+00   5.53118E-01   1.20916E+00
 1.82750E+01   2.18652E+00   1.05353E+00   5.53395E-01   1.21001E+00
 1.83250E+01   2.18695E+00   1.05360E+00   5.53672E-01   1.21085E+00
 1.83750E+01   2.18738E+00   1.05367E+00   5.53946E-01   1.21169E+00
 1.84250E+01   2.18780E+00   1.05374E+00   5.54218E-01   1.21252E+00
 1.84750E+01   2.18822E+00   1.05381E+00   5.54487E-01   1.21334E+00
 1.85250E+01   2.18862E+00   1.05388E+00   5.54753E-01   1.21414E+00
 1.85750E+01   2.18901E+00   1.05395E+00   5.55016E-01   1.21494E+00
 1.86250E+01   2.18939E+00   1.05402E+00   5.55274E-01   1.21571E+00
 1.86750E+01   2.18976E+00   1.05409E+00   5.55528E-01   1.21647E+00
 1.87250E+01   2.19012E+00   1.05415E+00   5.55776E-01   1.21722E+00
 1.87750E+01   2.19047E+00   1.05422E+00   5.56018E-01   1.21794E+00
 1.88250E+01   2.19080E+00   1.05428E+00   5.56254E-01   1.21864E+00
 1.88750E+01   2.19113E+00   1.05434E+00   5.56483E-01   1.21932E+00
 1.89250E+01   2.19144E+00   1.05440E+00   5.56704E-01   1.21998E+00
 1.89750E+01   2.19173E+00   1.05446E+00   5.56917E-01   1.22061E+00
 1.90250E+01   2.19201E+00   1.05451E+00   5.57121E-01   1.22122E+00
 1.90750E+01   2.19228E+00   1.05456E+00   5.57316E-01   1.22179E+00
 1.91250E+01   2.19253E+00   1.05461E+00   5.57501E-01   1.22234E+00
 1.91750E+01   2.19276E+00   1.05466E+00   5.57676E-01   1.22285E+00
 1.92250E+01   2.19298E+00   1.05471E+00   5.57839E-01   1.22333E+00
 1.92750E+01   2.19317E+00   1.05475E+00   5.57991E-01   1.22377E+00
 1.93250E+01   2.19335E+00   1.05479E+00   5.58131E-01   1.22418E+00
 1.93750E+01   2.19352E+00   1.05483E+00   5.58258E-01   1.22455E+00
 1.94250E+01   2.19366E+00   1.05486E+00   5.58371E-01   1.22487E+00
 1.94750E+01   2.19378E+00   1.05489E+00   5.58471E-01   1.22516E+00
 1.95250E+01   2.19388E+00   1.05492E+00   5.58557E-01   1.22541E+00
 1.95750E+01   2.19396E+00   1.05494E+00   5.58628E-01   1.22561E+00
 1.96250E+01   2.19401E+00   1.05496E+00   5.58684E-01   1.22576E+00
 1.96750E+01   2.19404E+00   1.05497E+00   5.58725E-01   1.22587E+00
 1.97250E+01   2.19405E+00   1.05498E+00   5.58749E-01   1.22592E+00
 1.97750E+01   2.19404E+00   1.05499E+00   5.58757E-01   1.22593E+00
 1.98250E+01   2.19400E+00   1.05499E+00   5.58749E-01   1.22589E+00
 1.98750E+01   2.19393E+00   1.05499E+00   5.58724E-01   1.22580E+00
 1.99250E+01   2.19384E+00   1.05499E+00   5.58681E-01   1.22566E+00
 1.99750E+01   2.19372E+00   1.05498E+00   5.58622E-01   1.22546E+00
 2.00250E+01   2.19357E+00   1.05496E+00   5.58545E-01   1.22521E+00
 2.00750E+01   2.19340E+00   1.05494E+00   5.58450E-01   1.22491E+00
 2.01250E+01   2.19321E+00   1.05492E+00   5.58339E-01   1.22455E+00
 2.01750E+01   2.19298E+00   1.05489E+00   5.58209E-01   1.22414E+00
 2.02250E+01   2.19273E+00   1.05486E+00   5.58062E-01   1.22368E+00
 2.02750E+01   2.19245E+00   1.05482E+00   5.57898E-01   1.22316E+00
 2.03250E+01   2.19214E+00   1.05478E+00   5.57717E-01   1.22259E+00
 2.03750E+01   2.19180E+00   1.05473E+00   5.57518E-01   1.22197E+00
 2.04250E+01   2.19144E+00   1.05468E+00   5.57303E-01   1.22130E+00
 2.04750E+01   2.19105E+00   1.05463E+00   5.57071E-01   1.22057E+00
 2.05250E+01   2.19063E+00   1.05457E+00   5.56823E-01   1.21979E+00
 2.05750E+01   2.19019E+00   1.05450E+00   5.56559E-01   1.21897E+00
 2.06250E+01   2.18972E+00   1.05444E+00   5.56280E-01   1.21810E+00
 2.06750E+01   2.18923E+00   1.05436E+00   5.55987E-01   1.21718E+00
 2.07250E+01   2.18871E+00   1.05429E+00   5.55680E-01   1.21622E+00
 2.07750E+01   2.18817E+00   1.05421E+00   5.55359E-01   1.21522E+00
 2.08250E+01   2.18761E+00   1.05413E+00   5.55026E-01   1.21418E+00
 2.08750E+01   2.18703E+00   1.05404E+00   5.54680E-01   1.21310E+00
 2.09250E+01   2.18642E+00   1.05395E+00   5.54323E-01   1.21198E+00
 2.09750E+01   2.18580E+00   1.05386E+00   5.53956E-01   1.21083E+00
 2.10250E+01   2.18515E+00   1.05377E+00   5.53578E-01   1.20965E+00
 2.10750E+01   2.18449E+00   1.05367E+00   5.53191E-01   1.20844E+00
 2.11250E+01   2.18381E+00   1.05357E+00   5.52796E-01   1.20720E+00
 2.11750E+01   2.18312E+00   1.05347E+00   5.52393E-01   1.20594E+00
 2.12250E+01   2.18242E+00   1.05337E+00   5.51984E-01   1.20466E+00
 2.12750E+01   2.18170E+00   1.05326E+00   5.51568E-01   1.20336E+00
 2.13250E+01   2.18097E+00   1.05315E+00   5.51148E-01   1.20204E+00
 2.13750E+01   2.18023E+00   1.05305E+00   5.50724E-01   1.20070E+00
 2.14250E+01   2.17948E+00   1.05294E+00   5.50296E-01   1.19936E+00
 2.14750E+01   2.17872E+00   1.05283E+00   5.49866E-01   1.19800E+00
 2.15250E+01   2.17796E+00   1.05272E+00   5.49434E-01   1.19664E+00
 2.15750E+01   2.17719E+00   1.05261E+00   5.49001E-01   1.19528E+00
 2.16250E+01   2.17642E+00   1.05249E+00   5.48569E-01   1.19392E+00
 2.16750E+01   2.17565E+00   1.05238E+00   5.48137E-01   1.19256E+00
 2.17250E+01   2.17488E+00   1.05227E+00   5.47707E-01   1.19120E+00
 2.17750E+01   2.17411E+00   1.05216E+00   5.47280E-01   1.18985E+00
 2.18250E+01   2.17334E+00   1.05205E+00   5.46856E-01   1.18850E+00
 2.18750E+01   2.17258E+00   1.05194E+00   5.46436E-01   1.18717E+00
 2.19250E+01   2.17182E+00   1.05183E+00   5.46020E-01   1.18586E+00
 2.19750E+01   2.17106E+00   1.05172E+00   5.45610E-01   1.18455E+00
 2.20250E+01   2.17031E+00   1.05162E+00   5.45205E-01   1.18327E+00
 2.20750E+01   2.16957E+00   1.05151E+00   5.44807E-01   1.18200E+00
 2.21250E+01   2.16884E+00   1.05141E+00   5.44416E-01   1.18075E+00
 2.21750E+01   2.16812E+00   1.05131E+00   5.44032E-01   1.17953E+00
 2.22250E+01   2.16741E+00   1.05121E+00   5.43656E-01   1.17833E+00
 2.22750E+01   2.16671E+00   1.05112E+00   5.43289E-01   1.17715E+00
 2.23250E+01   2.16602E+00   1.05102E+00   5.42930E-01   1.17600E+00
 2.23750E+01   2.16535E+00   1.05093E+00   5.42580E-01   1.17488E+00
 2.24250E+01   2.16470E+00   1.05084E+00   5.42240E-01   1.17378E+00
 2.24750E+01   2.16405E+00   1.05075E+00   5.41909E-01   1.17272E+00
 2.25250E+01   2.16343E+00   1.05067E+00   5.41589E-01   1.17169E+00
 2.25750E+01   2.16282E+00   1.05059E+00   5.41278E-01   1.17069E+00
 2.26250E+01   2.16222E+00   1.05051E+00   5.40978E-01   1.16972E+00
 2.26750E+01   2.16165E+00   1.05043E+00   5.40688E-01   1.16878E+00
 2.27250E+01   2.16109E+00   1.05036E+00   5.40409E-01   1.16787E+00
 2.27750E+01   2.16055E+00   1.05028E+00   5.40140E-01   1.16700E+00
 2.28250E+01   2.16002E+00   1.05021E+00   5.39881E-01   1.16616E+00
 2.28750E+01   2.15952E+00   1.05015E+00   5.39634E-01   1.16535E+00
 2.29250E+01   2.15903E+00   1.05009E+00   5.39396E-01   1.16457E+00
 2.29750E+01   2.15857E+00   1.05002E+00   5.39169E-01   1.16383E+00
 2.30250E+01   2.15812E+00   1.04997E+00   5.38952E-01   1.16312E+00
 2.30750E+01   2.15769E+00   1.04991E+00   5.38746E-01   1.16245E+00
 2.31250E+01   2.15728E+00   1.04986E+00   5.38550E-01   1.16180E+00
 2.31750E+01   2.15689E+00   1.04981E+00   5.38364E-01   1.16119E+00
 2.32250E+01   2.15651E+00   1.04976E+00   5.38187E-01   1.16061E+00
 2.32750E+01   2.15616E+00   1.04971E+00   5.38020E-01   1.16006E+00
 2.33250E+01   2.15583E+00   1.04967E+00   5.37862E-01   1.15954E+00
 2.33750E+01   2.15551E+00   1.04963E+00   5.37714E-01   1.15905E+00
 2.34250E+01   2.15521E+00   1.04959E+00   5.37575E-01   1.15859E+00
 2.34750E+01   2.15493E+00   1.04956E+00   5.37444E-01   1.15816E+00
 2.35250E+01   2.15467E+00   1.04953E+00   5.37322E-01   1.15775E+00
 2.35750E+01   2.15443E+00   1.04949E+00   5.37209E-01   1.15738E+00
 2.36250E+01   2.15420E+00   1.04947E+00   5.37103E-01   1.15703E+00
 2.36750E+01   2.15400E+00   1.04944E+00   5.37005E-01   1.15671E+00
 2.37250E+01   2.15380E+00   1.04942E+00   5.36915E-01   1.15641E+00
 2.37750E+01   2.15363E+00   1.04939E+00   5.36833E-01   1.15614E+00
 2.38250E+01   2.15347E+00   1.04937E+00   5.36757E-01   1.15589E+00
 2.38750E+01   2.15333E+00   1.04935E+00   5.36688E-01   1.15566E+00
 2.39250E+01   2.15320E+00   1.04934E+00   5.36625E-01   1.15546E+00
 2.39750E+01   2.15309E+00   1.04932E+00   5.36569E-01   1.15528E+00
 2.40250E+01   2.15299E+00   1.04931E+00   5.36518E-01   1.15512E+00
 2.40750E+01   2.15291E+00   1.04929E+00   5.36474E-01   1.15498E+00
 2.41250E+01   2.15284E+00   1.04928E+00   5.36435E-01   1.15486E+00
 2.41750E+01   2.15278E+00   1.04927E+00   5.36402E-01   1.15476E+00
 2.42250E+01   2.15274E+00   1.04927E+00   5.36373E-01   1.15467E+00
 2.42750E+01   2.15270E+00   1.04926E+00   5.36350E-01   1.15460E+00
 2.43250E+01   2.15269E+00   1.04925E+00   5.36331E-01   1.15455E+00
 2.43750E+01   2.15268E+00   1.04925E+00   5.36316E-01   1.15452E+00
 2.44250E+01   2.15268E+00   1.04925E+00   5.36305E-01   1.15449E+00
 2.44750E+01   2.15270E+00   1.04924E+00   5.36299E-01   1.15449E+00
 2.45250E+01   2.15272E+00   1.04924E+00   5.36296E-01   1.15449E+00
 2.45750E+01   2.15275E+00   1.04924E+00   5.36297E-01   1.15451E+00
 2.46250E+01   2.15280E+00   1.04924E+00   5.36301E-01   1.15455E+00
 2.46750E+01   2.15285E+00   1.04924E+00   5.36310E-01   1.15459E+00
 2.47250E+01   2.15290E+00   1.04925E+00   5.36321E-01   1.15465E+00
 2.47750E+01   2.15297E+00   1.04925E+00   5.36335E-01   1.15471E+00
 2.48250E+01   2.15304E+00   1.04926E+00   5.36352E-01   1.15479E+00
 2.48750E+01   2.15312E+00   1.04926E+00   5.36372E-01   1.15487E+00
 2.49250E+01   2.15321E+00   1.04927E+00   5.36394E-01   1.15497E+00
 2.49750E+01   2.15330E+00   1.04927E+00   5.36419E-01   1.15507E+00
 2.50250E+01   2.15340E+00   1.04928E+00   5.36446E-01   1.15518E+00
 2.50750E+01   2.15350E+00   1.04929E+00   5.36475E-01   1.15530E+00
 2.51250E+01   2.15360E+00   1.04930E+00   5.36507E-01   1.15542E+00
 2.51750E+01   2.15371E+00   1.04931E+00   5.36540E-01   1.15555E+00
 2.52250E+01   2.15383E+00   1.04932E+00   5.36575E-01   1.15569E+00
 2.52750E+01   2.15394E+00   1.04933E+00   5.36611E-01   1.15583E+00
 2.53250E+01   2.15406E+00   1.04934E+00   5.36650E-01   1.15598E+00
 2.53750E+01   2.15418E+00   1.04935E+00   5.36690E-01   1.15613E+00
 2.54250E+01   2.15430E+00   1.04936E+00   5.36732E-01   1.15628E+00
 2.54750E+01   2.15443E+00   1.04937E+00   5.36775E-01   1.15644E+00
 2.55250E+01   2.15455E+00   1.04938E+00   5.36819E-01   1.15660E+00
 2.55750E+01   2.15468E+00   1.04940E+00   5.36865E-01   1.15677E+00
 2.56250E+01   2.15481E+00   1.04941E+00   5.36912E-01   1.15694E+00
 2.56750E+01   2.15493E+00   1.04942E+00   5.36960E-01   1.15711E+00
 2.57250E+01   2.15506E+00   1.04944E+00   5.37010E-01   1.15729E+00
 2.57750E+01   2.15519E+00   1.04945E+00   5.37060E-01   1.15747E+00
 2.58250E+01   2.15532E+00   1.04946E+00   5.37112E-01   1.15765E+00
 2.58750E+01   2.15545E+00   1.04948E+00   5.37165E-01   1.15783E+00
 2.59250E+01   2.15558E+00   1.04949E+00   5.37219E-01   1.15802E+00
 2.59750E+01   2.15570E+00   1.04951E+00   5.37274E-01   1.15820E+00
 2.60250E+01   2.15583E+00   1.04952E+00   5.37330E-01   1.15839E+00
 2.60750E+01   2.15596E+00   1.04954E+00   5.37387E-01   1.15858E+00
 2.61250E+01   2.15608E+00   1.04955E+00   5.37445E-01   1.15877E+00
 2.61750E+01   2.15620E+00   1.04957E+00   5.37504E-01   1.15897E+00
 2.62250E+01   2.15633E+00   1.04959E+00   5.37564E-01   1.15916E+00
 2.62750E+01   2.15645E+00   1.04960E+00   5.37625E-01   1.15936E+00
 2.63250E+01   2.15657E+00   1.04962E+00   5.37687E-01   1.15956E+00
 2.63750E+01   2.15669E+00   1.04964E+00   5.37750E-01   1.15976E+00
 2.64250E+01   2.15681E+00   1.04965E+00   5.37814E-01   1.15996E+00
 2.64750E+01   2.15693E+00   1.04967E+00   5.37879E-01   1.16017E+00
 2.65250E+01   2.15704E+00   1.04969E+00   5.37945E-01   1.16037E+00
 2.65750E+01   2.15716E+00   1.04971E+00   5.38012E-01   1.16058E+00
 2.66250E+01   2.15728E+00   1.04972E+00   5.38080E-01   1.16079E+00
 2.66750E+01   2.15739E+00   1.04974E+00   5.38149E-01   1.16100E+00
 2.67250E+01   2.15750E+00   1.04976E+00   5.38218E-01   1.16121E+00
 2.67750E+01   2.15762E+00   1.04978E+00   5.38289E-01   1.16142E+00
 2.68250E+01   2.15773E+00   1.04980E+00   5.38361E-01   1.16164E+00
 2.68750E+01   2.15785E+00   1.04982E+00   5.38434E-01   1.16186E+00
 2.69250E+01   2.15796E+00   1.04984E+00   5.38507E-01   1.16208E+00
 2.69750E+01   2.15808E+00   1.04986E+00   5.38582E-01   1.16230E+00
 2.70250E+01   2.15819E+00   1.04987E+00   5.38658E-01   1.16253E+00
 2.70750E+01   2.15830E+00   1.04989E+00   5.38734E-01   1.16275E+00
 2.71250E+01   2.15842E+00   1.04992E+00   5.38812E-01   1.16298E+00
 2.71750E+01   2.15854E+00   1.04994E+00   5.38891E-01   1.16322E+00
 2.72250E+01   2.15866E+00   1.04996E+00   5.38971E-01   1.16346E+00
 2.72750E+01   2.15878E+00   1.04998E+00   5.39053E-01   1.16370E+00
 2.73250E+01   2.15890E+00   1.05000E+00   5.39135E-01   1.16394E+00
 2.73750E+01   2.15903E+00   1.05002E+00   5.39219E-01   1.16419E+00
 2.74250E+01   2.15915E+00   1.05004E+00   5.39304E-01   1.16444E+00
 2.74750E+01   2.15928E+00   1.05006E+00   5.39390E-01   1.16470E+00
 2.75250E+01   2.15941E+00   1.05009E+00   5.39478E-01   1.16496E+00
 2.75750E+01   2.15955E+00   1.05011E+00   5.39567E-01   1.16522E+00
 2.76250E+01   2.15969E+00   1.05013E+00   5.39657E-01   1.16549E+00
 2.76750E+01   2.15983E+00   1.05015E+00   5.39749E-01   1.16576E+00
 2.77250E+01   2.15997E+00   1.05018E+00   5.39842E-01   1.16604E+00
 2.77750E+01   2.16012E+00   1.05020E+00   5.39936E-01   1.16632E+00
 2.78250E+01   2.16027E+00   1.05023E+00   5.40032E-01   1.16661E+00
 2.78750E+01   2.16042E+00   1.05025E+00   5.40129E-01   1.16691E+00
 2.79250E+01   2.16058E+00   1.05028E+00   5.40228E-01   1.16721E+00
 2.79750E+01   2.16075E+00   1.05030E+00   5.40328E-01   1.16751E+00
 2.80250E+01   2.16091E+00   1.05033E+00   5.40430E-01   1.16782E+00
 2.80750E+01   2.16109E+00   1.05035E+00   5.40533E-01   1.16814E+00
 2.81250E+01   2.16126E+00   1.05038E+00   5.40638E-01   1.16846E+00
 2.81750E+01   2.16145E+00   1.05041E+00   5.40744E-01   1.16879E+00
 2.82250E+01   2.16163E+00   1.05043E+00   5.40852E-01   1.16912E+00
 2.82750E+01   2.16183E+00   1.05046E+00   5.40962E-01   1.16947E+00
 2.83250E+01   2.16202E+00   1.05049E+00   5.41074E-01   1.16982E+00
 2.83750E+01   2.16223E+00   1.05052E+00   5.41187E-01   1.17017E+00
 2.84250E+01   2.16244E+00   1.05055E+00   5.41302E-01   1.17053E+00
 2.84750E+01   2.16266E+00   1.05058E+00   5.41420E-01   1.17090E+00
 2.85250E+01   2.16288E+00   1.05061E+00   5.41539E-01   1.17128E+00
 2.85750E+01   2.16310E+00   1.05064E+00   5.41659E-01   1.17166E+00
 2.86250E+01   2.16333E+00   1.05067E+00   5.41782E-01   1.17206E+00
 2.86750E+01   2.16357E+00   1.05070E+00   5.41907E-01   1.17245E+00
 2.87250E+01   2.16382E+00   1.05073E+00   5.42033E-01   1.17286E+00
 2.87750E+01   2.16407E+00   1.05077E+00   5.42162E-01   1.17327E+00
 2.88250E+01   2.16432E+00   1.05080E+00   5.42293E-01   1.17370E+00
 2.88750E+01   2.16458E+00   1.05083E+00   5.42426E-01   1.17413E+00
 2.89250E+01   2.16485E+00   1.05087E+00   5.42561E-01   1.17456E+00
 2.89750E+01   2.16512E+00   1.05090E+00   5.42698E-01   1.17501E+00
 2.90250E+01   2.16540E+00   1.05094E+00   5.42838E-01   1.17546E+00
 2.90750E+01   2.16569E+00   1.05097E+00   5.42980E-01   1.17592E+00
 2.91250E+01   2.16598E+00   1.05101E+00   5.43123E-01   1.17639E+00
 2.91750E+01   2.16628E+00   1.05105E+00   5.43270E-01   1.17687E+00
 2.92250E+01   2.16658E+00   1.05109E+00   5.43418E-01   1.17736E+00
 2.92750E+01   2.16688E+00   1.05113E+00   5.43569E-01   1.17785E+00
 2.93250E+01   2.16720E+00   1.05117E+00   5.43722E-01   1.17835E+00
 2.93750E+01   2.16751E+00   1.05121E+00   5.43878E-01   1.17886E+00
 2.94250E+01   2.16784E+00   1.05125E+00   5.44036E-01   1.17938E+00
 2.94750E+01   2.16817E+00   1.05129E+00   5.44196E-01   1.17991E+00
 2.95250E+01   2.16850E+00   1.05133E+00   5.44359E-01   1.18044E+00
 2.95750E+01   2.16883E+00   1.05138E+00   5.44524E-01   1.18098E+00
 2.96250E+01   2.16918E+00   1.05142E+00   5.44691E-01   1.18153E+00
 2.96750E+01   2.16953E+00   1.05146E+00   5.44861E-01   1.18209E+00
 2.97250E+01   2.16988E+00   1.05151E+00   5.45033E-01   1.18265E+00
 2.97750E+01   2.17023E+00   1.05155E+00   5.45208E-01   1.18323E+00
 2.98250E+01   2.17059E+00   1.05160E+00   5.45385E-01   1.18381E+00
 2.98750E+01   2.17096E+00   1.05165E+00   5.45564E-01   1.18440E+00
 2.99250E+01   2.17133E+00   1.05170E+00   5.45745E-01   1.18499E+00
 2.99750E+01   2.17170E+00   1.05174E+00   5.45929E-01   1.18559E+00
 3.00250E+01   2.17207E+00   1.05179E+00   5.46115E-01   1.18620E+00
 3.00750E+01   2.17245E+00   1.05184E+00   5.46303E-01   1.18682E+00
 3.01250E+01   2.17283E+00   1.05189E+00   5.46494E-01   1.18744E+00
 3.01750E+01   2.17322E+00   1.05194E+00   5.46686E-01   1.18807E+00
 3.02250E+01   2.17361E+00   1.05200E+00   5.46880E-01   1.18870E+00
 3.02750E+01   2.17400E+00   1.05205E+00   5.47077E-01   1.18934E+00
 3.03250E+01   2.17439E+00   1.05210E+00   5.47275E-01   1.18999E+00
 3.03750E+01   2.17479E+00   1.05215E+00   5.47475E-01   1.19064E+00
 3.04250E+01   2.17518E+00   1.05221E+00   5.47677E-01   1.19130E+00
 3.04750E+01   2.17558E+00   1.05226E+00   5.47881E-01   1.19196E+00
 3.05250E+01   2.17598E+00   1.05232E+00   5.48086E-01   1.19262E+00
 3.05750E+01   2.17638E+00   1.05237E+00   5.48293E-01   1.19330E+00
 3.06250E+01   2.17679E+00   1.05243E+00   5.48501E-01   1.19397E+00
 3.06750E+01   2.17719E+00   1.05248E+00   5.48710E-01   1.19465E+00
 3.07250E+01   2.17759E+00   1.05254E+00   5.48921E-01   1.19533E+00
 3.07750E+01   2.17800E+00   1.05259E+00   5.49132E-01   1.19601E+00
 3.08250E+01   2.17840E+00   1.05265E+00   5.49344E-01   1.19669E+00
 3.08750E+01   2.17880E+00   1.05271E+00   5.49557E-01   1.19738E+00
 3.09250E+01   2.17921E+00   1.05276E+00   5.49771E-01   1.19806E+00
 3.09750E+01   2.17961E+00   1.05282E+00   5.49985E-01   1.19875E+00
 3.10250E+01   2.18001E+00   1.05288E+00   5.50199E-01   1.19944E+00
 3.10750E+01   2.18041E+00   1.05293E+00   5.50414E-01   1.20013E+00
 3.11250E+01   2.18080E+00   1.05299E+00   5.50628E-01   1.20081E+00
 3.11750E+01   2.18120E+00   1.05305E+00   5.50841E-01   1.20149E+00
 3.12250E+01   2.18159E+00   1.05310E+00   5.51054E-01   1.20217E+00
 3.12750E+01   2.18198E+00   1.05316E+00   5.51266E-01   1.20285E+00
 3.13250E+01   2.18237E+00   1.05322E+00   5.51477E-01   1.20352E+00
 3.13750E+01   2.18275E+00   1.05327E+00   5.51687E-01   1.20419E+00
 3.14250E+01   2.18313E+00   1.05333E+00   5.51895E-01   1.20486E+00
 3.14750E+01   2.18350E+00   1.05338E+00   5.52101E-01   1.20551E+00
 3.15250E+01   2.18387E+00   1.05344E+00   5.52306E-01   1.20616E+00
 3.15750E+01   2.18423E+00   1.05349E+00   5.52508E-01   1.20680E+00
 3.16250E+01   2.18458E+00   1.05354E+00   5.52707E-01   1.20744E+00
 3.16750E+01   2.18493E+00   1.05359E+00   5.52904E-01   1.20806E+00
 3.17250E+01   2.18528E+00   1.05365E+00   5.53097E-01   1.20867E+00
 3.17750E+01   2.18561E+00   1.05370E+00   5.53287E-01   1.20927E+00
 3.18250E+01   2.18594E+00   1.05374E+00   5.53474E-01   1.20986E+00
 3.18750E+01   2.18626E+00   1.05379E+00   5.53656E-01   1.21044E+00
 3.19250E+01   2.18657E+00   1.05384E+00   5.53834E-01   1.21100E+00
 3.19750E+01   2.18688E+00   1.05389E+00   5.54007E-01   1.21154E+00
 3.20250E+01   2.18717E+00   1.05393E+00   5.54176E-01   1.21207E+00
 3.20750E+01   2.18745E+00   1.05397E+00   5.54339E-01   1.21259E+00
 3.21250E+01   2.18772E+00   1.05402E+00   5.54496E-01   1.21308E+00
 3.21750E+01   2.18798E+00   1.05406E+00   5.54648E-01   1.21356E+00
 3.22250E+01   2.18823E+00   1.05409E+00   5.54794E-01   1.21402E+00
 3.22750E+01   2.18846E+00   1.05413E+00   5.54933E-01   1.21445E+00
 3.23250E+01   2.18869E+00   1.05417E+00   5.55065E-01   1.21486E+00
 3.23750E+01   2.18890E+00   1.05420E+00   5.55190E-01   1.21525E+00
 3.24250E+01   2.18909E+00   1.05423E+00   5.55307E-01   1.21562E+00
 3.24750E+01   2.18927E+00   1.05426E+00   5.55417E-01   1.21596E+00
 3.25250E+01   2.18944E+00   1.05429E+00   5.55518E-01   1.21627E+00
 3.25750E+01   2.18959E+00   1.05431E+00   5.55611E-01   1.21656E+00
 3.26250E+01   2.18972E+00   1.05433E+00   5.55695E-01   1.21682E+00
 3.26750E+01   2.18984E+00   1.05436E+00   5.55770E-01   1.21705E+00
 3.27250E+01   2.18994E+00   1.05437E+00   5.55836E-01   1.21725E+00
 3.27750E+01   2.19002E+00   1.05439E+00   5.55892E-01   1.21742E+00
 3.28250E+01   2.19009E+00   1.05440E+00   5.55939E-01   1.21756E+00
 3.28750E+01   2.19014E+00   1.05441E+00   5.55976E-01   1.21766E+00
 3.29250E+01   2.19017E+00   1.05442E+00   5.56002E-01   1.21774E+00
 3.29750E+01   2.19018E+00   1.05443E+00   5.56018E-01   1.21778E+00
 3.30250E+01   2.19017E+00   1.05443E+00   5.56023E-01   1.21778E+00
 3.30750E+01   2.19014E+00   1.05443E+00   5.56018E-01   1.21776E+00
 3.31250E+01   2.19009E+00   1.05443E+00   5.56001E-01   1.21769E+00
 3.31750E+01   2.19002E+00   1.05442E+00   5.55973E-01   1.21759E+00
 3.32250E+01   2.18993E+00   1.05441E+00   5.55933E-01   1.21745E+00
 3.32750E+01   2.18982E+00   1.05440E+00   5.55882E-01   1.21728E+00
 3.33250E+01   2.18969E+00   1.05439E+00   5.55820E-01   1.21707E+00
 3.33750E+01   2.18953E+00   1.05437E+00   5.55745E-01   1.21682E+00
 3.34250E+01   2.18936E+00   1.05435E+00   5.55660E-01   1.21654E+00
 3.34750E+01   2.18916E+00   1.05432E+00   5.55562E-01   1.21622E+00
 3.35250E+01   2.18895E+00   1.05430E+00   5.55453E-01   1.21586E+00
 3.35750E+01   2.18871E+00   1.05427E+00   5.55332E-01   1.21546E+00
 3.36250E+01   2.18845E+00   1.05424E+00   5.55199E-01   1.21503E+00
 3.36750E+01   2.18818E+00   1.05420E+00   5.55055E-01   1.21456E+00
 3.37250E+01   2.18788E+00   1.05416E+00   5.54899E-01   1.21405E+00
 3.37750E+01   2.18756E+00   1.05412E+00   5.54733E-01   1.21351E+00
 3.38250E+01   2.18722E+00   1.05408E+00   5.54555E-01   1.21293E+00
 3.38750E+01   2.18686E+00   1.05403E+00   5.54366E-01   1.21232E+00
 3.39250E+01   2.18649E+00   1.05399E+00   5.54166E-01   1.21168E+00
 3.39750E+01   2.18609E+00   1.05394E+00   5.53956E-01   1.21100E+00
 3.40250E+01   2.18568E+00   1.05388E+00   5.53736E-01   1.21029E+00
 3.40750E+01   2.18525E+00   1.05382E+00   5.53506E-01   1.20955E+00
 3.41250E+01   2.18480E+00   1.05377E+00   5.53266E-01   1.20878E+00
 3.41750E+01   2.18433E+00   1.05370E+00   5.53017E-01   1.20797E+00
 3.42250E+01   2.18386E+00   1.05364E+00   5.52759E-01   1.20715E+00
 3.42750E+01   2.18336E+00   1.05358E+00   5.52493E-01   1.20629E+00
 3.43250E+01   2.18286E+00   1.05351E+00   5.52218E-01   1.20541E+00
 3.43750E+01   2.18233E+00   1.05344E+00   5.51937E-01   1.20451E+00
 3.44250E+01   2.18180E+00   1.05337E+00   5.51647E-01   1.20358E+00
 3.44750E+01   2.18125E+00   1.05329E+00   5.51351E-01   1.20264E+00
 3.45250E+01   2.18070E+00   1.05322E+00   5.51049E-01   1.20167E+00
 3.45750E+01   2.18013E+00   1.05314E+00   5.50741E-01   1.20069E+00
 3.46250E+01   2.17955E+00   1.05307E+00   5.50428E-01   1.19969E+00
 3.46750E+01   2.17897E+00   1.05299E+00   5.50110E-01   1.19867E+00
 3.47250E+01   2.17838E+00   1.05291E+00   5.49788E-01   1.19765E+00
 3.47750E+01   2.17779E+00   1.05283E+00   5.49462E-01   1.19661E+00
 3.48250E+01   2.17718E+00   1.05275E+00   5.49132E-01   1.19556E+00
 3.48750E+01   2.17658E+00   1.05266E+00   5.48801E-01   1.19451E+00
 3.49250E+01   2.17597E+00   1.05258E+00   5.48467E-01   1.19345E+00
 3.49750E+01   2.17536E+00   1.05250E+00   5.48131E-01   1.19238E+00
 3.50250E+01   2.17475E+00   1.05241E+00   5.47795E-01   1.19131E+00
 3.50750E+01   2.17413E+00   1.05233E+00   5.47458E-01   1.19025E+00
 3.51250E+01   2.17352E+00   1.05225E+00   5.47121E-01   1.18918E+00
 3.51750E+01   2.17291E+00   1.05216E+00   5.46784E-01   1.18811E+00
 3.52250E+01   2.17230E+00   1.05208E+00   5.46449E-01   1.18705E+00
 3.52750E+01   2.17170E+00   1.05200E+00   5.46115E-01   1.18600E+00
 3.53250E+01   2.17110E+00   1.05191E+00   5.45783E-01   1.18495E+00
 3.53750E+01   2.17050E+00   1.05183E+00   5.45453E-01   1.18391E+00
 3.54250E+01   2.16991E+00   1.05175E+00   5.45127E-01   1.18288E+00
 3.54750E+01   2.16932E+00   1.05167E+00   5.44803E-01   1.18186E+00
 3.55250E+01   2.16875E+00   1.05159E+00   5.44484E-01   1.18085E+00
 3.55750E+01   2.16818E+00   1.05151E+00   5.44168E-01   1.17985E+00
 3.56250E+01   2.16761E+00   1.05143E+00   5.43858E-01   1.17887E+00
 3.56750E+01   2.16706E+00   1.05136E+00   5.43552E-01   1.17791E+00
 3.57250E+01   2.16652E+00   1.05128E+00   5.43251E-01   1.17696E+00
 3.57750E+01   2.16599E+00   1.05121E+00   5.42956E-01   1.17603E+00
 3.58250E+01   2.16546E+00   1.05113E+00   5.42667E-01   1.17512E+00
 3.58750E+01   2.16495E+00   1.05106E+00   5.42384E-01   1.17423E+00
 3.59250E+01   2.16445E+00   1.05099E+00   5.42107E-01   1.17336E+00
 3.59750E+01   2.16396E+00   1.05092E+00   5.41837E-01   1.17251E+00
 3.60250E+01   2.16349E+00   1.05085E+00   5.41574E-01   1.17169E+00
 3.60750E+01   2.16302E+00   1.05079E+00   5.41317E-01   1.17088E+00
 3.61250E+01   2.16257E+00   1.05073E+00   5.41068E-01   1.17010E+00
 3.61750E+01   2.16213E+00   1.05066E+00   5.40826E-01   1.16934E+00
 3.62250E+01   2.16171E+00   1.05060E+00   5.40592E-01   1.16860E+00
 3.62750E+01   2.16130E+00   1.05054E+00   5.40365E-01   1.16789E+00
 3.63250E+01   2.16090E+00   1.05049E+00   5.40146E-01   1.16720E+00
 3.63750E+01   2.16051E+00   1.05043E+00   5.39935E-01   1.16654E+00
 3.64250E+01   2.16014E+00   1.05038E+00   5.39731E-01   1.16590E+00
 3.64750E+01   2.15978E+00   1.05033E+00   5.39536E-01   1.16528E+00
 3.65250E+01   2.15944E+00   1.05028E+00   5.39347E-01   1.16469E+00
 3.65750E+01   2.15911E+00   1.05023E+00   5.39167E-01   1.16412E+00
 3.66250E+01   2.15879E+00   1.05018E+00   5.38995E-01   1.16358E+00
 3.66750E+01   2.15849E+00   1.05014E+00   5.38830E-01   1.16306E+00
 3.67250E+01   2.15819E+00   1.05010E+00   5.38673E-01   1.16256E+00
 3.67750E+01   2.15792E+00   1.05006E+00   5.38524E-01   1.16209E+00
 3.68250E+01   2.15765E+00   1.05002E+00   5.38382E-01   1.16164E+00
 3.68750E+01   2.15740E+00   1.04998E+00   5.38247E-01   1.16121E+00
 3.69250E+01   2.15716E+00   1.04994E+00   5.38121E-01   1.16081E+00
 3.69750E+01   2.15693E+00   1.04991E+00   5.38001E-01   1.16043E+00
 3.70250E+01   2.15671E+00   1.04988E+00   5.37888E-01   1.16007E+00
 3.70750E+01   2.15651E+00   1.04985E+00   5.37783E-01   1.15973E+00
 3.71250E+01   2.15632E+00   1.04982E+00   5.37684E-01   1.15942E+00
 3.71750E+01   2.15614E+00   1.04979E+00   5.37592E-01   1.15912E+00
 3.72250E+01   2.15597E+00   1.04976E+00   5.37507E-01   1.15885E+00
 3.72750E+01   2.15581E+00   1.04974E+00   5.37427E-01   1.15859E+00
 3.73250E+01   2.15566E+00   1.04972E+00   5.37354E-01   1.15835E+00
 3.73750E+01   2.15552E+00   1.04969E+00   5.37287E-01   1.15813E+00
 3.74250E+01   2.15539E+00   1.04967E+00   5.37226E-01   1.15793E+00
 3.74750E+01   2.15527E+00   1.04966E+00   5.37171E-01   1.15775E+00
 3.75250E+01   2.15517E+00   1.04964E+00   5.37121E-01   1.15759E+00
 3.75750E+01   2.15507E+00   1.04962E+00   5.37077E-01   1.15744E+00
 3.76250E+01   2.15498E+00   1.04961E+00   5.37038E-01   1.15730E+00
 3.76750E+01   2.15490E+00   1.04959E+00   5.37004E-01   1.15719E+00
 3.77250E+01   2.15482E+00   1.04958E+00   5.36974E-01   1.15708E+00
 3.77750E+01   2.15476E+00   1.04957E+00   5.36949E-01   1.15700E+00
 3.78250E+01   2.15470E+00   1.04956E+00   5.36929E-01   1.15692E+00
 3.78750E+01   2.15466E+00   1.04955E+00   5.36912E-01   1.15686E+00
 3.79250E+01   2.15461E+00   1.04954E+00   5.36900E-01   1.15681E+00
 3.79750E+01   2.15458E+00   1.04954E+00   5.36892E-01   1.15678E+00
 3.80250E+01   2.15455E+00   1.04953E+00   5.36888E-01   1.15675E+00
 3.80750E+01   2.15453E+00   1.04953E+00   5.36887E-01   1.15674E+00
 3.81250E+01   2.15452E+00   1.04952E+00   5.36889E-01   1.15674E+00
 3.81750E+01   2.15451E+00   1.04952E+00   5.36895E-01   1.15675E+00
 3.82250E+01   2.15451E+00   1.04952E+00   5.36904E-01   1.15677E+00
 3.82750E+01   2.15452E+00   1.04952E+00   5.36916E-01   1.15680E+00
 3.83250E+01   2.15453E+00   1.04952E+00   5.36931E-01   1.15684E+00
 3.83750E+01   2.15455E+00   1.04952E+00   5.36949E-01   1.15688E+00
 3.84250E+01   2.15458E+00   1.04952E+00   5.36969E-01   1.15694E+00
 3.84750E+01   2.15460E+00   1.04953E+00   5.36992E-01   1.15701E+00
 3.85250E+01   2.15464E+00   1.04953E+00   5.37017E-01   1.15708E+00
 3.85750E+01   2.15468E+00   1.04953E+00   5.37045E-01   1.15716E+00
 3.86250E+01   2.15472E+00   1.04954E+00   5.37074E-01   1.15725E+00
 3.86750E+01   2.15477E+00   1.04955E+00   5.37106E-01   1.15734E+00
 3.87250E+01   2.15483E+00   1.04955E+00   5.37139E-01   1.15744E+00
 3.87750E+01   2.15489E+00   1.04956E+00   5.37174E-01   1.15755E+00
 3.88250E+01   2.15495E+00   1.04957E+00   5.37211E-01   1.15766E+00
 3.88750E+01   2.15502E+00   1.04958E+00   5.37249E-01   1.15778E+00
 3.89250E+01   2.15509E+00   1.04959E+00   5.37289E-01   1.15791E+00
 3.89750E+01   2.15517E+00   1.04960E+00   5.37330E-01   1.15804E+00
 3.90250E+01   2.15525E+00   1.04961E+00   5.37372E-01   1.15817E+00
 3.90750E+01   2.15534E+00   1.04962E+00   5.37415E-01   1.15831E+00
 3.91250E+01   2.15543E+00   1.04963E+00   5.37459E-01   1.15845E+00
 3.91750E+01   2.15552E+00   1.04964E+00   5.37505E-01   1.15860E+00
 3.92250E+01   2.15562E+00   1.04966E+00   5.37551E-01   1.15875E+00
 3.92750E+01   2.15572E+00   1.04967E+00   5.37598E-01   1.15891E+00
 3.93250E+01   2.15582E+00   1.04969E+00   5.37647E-01   1.15907E+00
 3.93750E+01   2.15593E+00   1.04970E+00   5.37696E-01   1.15924E+00
 3.94250E+01   2.15604E+00   1.04972E+00   5.37746E-01   1.15940E+00
 3.94750E+01   2.15616E+00   1.04973E+00   5.37797E-01   1.15958E+00
 3.95250E+01   2.15628E+00   1.04975E+00   5.37849E-01   1.15975E+00
 3.95750E+01   2.15640E+00   1.04977E+00   5.37901E-01   1.15993E+00
 3.96250E+01   2.15652E+00   1.04979E+00   5.37954E-01   1.16011E+00
 3.96750E+01   2.15665E+00   1.04981E+00   5.38008E-01   1.16030E+00
 3.97250E+01   2.15678E+00   1.04983E+00   5.38063E-01   1.16048E+00
 3.97750E+01   2.15692E+00   1.04985E+00   5.38118E-01   1.16068E+00
 3.98250E+01   2.15705E+00   1.04986E+00   5.38175E-01   1.16087E+00
 3.98750E+01   2.15720E+00   1.04989E+00   5.38232E-01   1.16107E+00
 3.99250E+01   2.15734E+00   1.04991E+00   5.38290E-01   1.16127E+00
 3.99750E+01   2.15749E+00   1.04993E+00   5.38348E-01   1.16148E+00
 4.00250E+01   2.15764E+00   1.04995E+00   5.38408E-01   1.16169E+00
 4.00750E+01   2.15779E+00   1.04997E+00   5.38469E-01   1.16190E+00
 4.01250E+01   2.15794E+00   1.04999E+00   5.38530E-01   1.16212E+00
 4.01750E+01   2.15810E+00   1.05002E+00   5.38593E-01   1.16234E+00
 4.02250E+01   2.15826E+00   1.05004E+00   5.38656E-01   1.16256E+00
 4.02750E+01   2.15843E+00   1.05006E+00   5.38721E-01   1.16279E+00
 4.03250E+01   2.15859E+00   1.05009E+00   5.38787E-01   1.16302E+00
 4.03750E+01   2.15876E+00   1.05011E+00   5.38854E-01   1.16326E+00
 4.04250E+01   2.15893E+00   1.05013E+00   5.38922E-01   1.16350E+00
 4.04750E+01   2.15910E+00   1.05016E+00   5.38992E-01   1.16374E+00
 4.05250E+01   2.15928E+00   1.05018E+00   5.39064E-01   1.16399E+00
 4.05750E+01   2.15946E+00   1.05021E+00   5.39136E-01   1.16424E+00
 4.06250E+01   2.15964E+00   1.05023E+00   5.39211E-01   1.16450E+00
 4.06750E+01   2.15982E+00   1.05026E+00   5.39286E-01   1.16476E+00
 4.07250E+01   2.16000E+00   1.05029E+00   5.39364E-01   1.16503E+00
 4.07750E+01   2.16019E+00   1.05031E+00   5.39443E-01   1.16530E+00
 4.08250E+01   2.16038E+00   1.05034E+00   5.39524E-01   1.16558E+00
 4.08750E+01   2.16057E+00   1.05037E+00   5.39607E-01   1.16586E+00
 4.09250E+01   2.16076E+00   1.05039E+00   5.39692E-01   1.16614E+00
 4.09750E+01   2.16096E+00   1.05042E+00   5.39778E-01   1.16644E+00
 4.10250E+01   2.16115E+00   1.05045E+00   5.39867E-01   1.16673E+00
 4.10750E+01   2.16135E+00   1.05047E+00   5.39958E-01   1.16704E+00
 4.11250E+01   2.16155E+00   1.05050E+00   5.40051E-01   1.16735E+00
 4.11750E+01   2.16175E+00   1.05053E+00   5.40146E-01   1.16766E+00
 4.12250E+01   2.16195E+00   1.05056E+00   5.40244E-01   1.16798E+00
 4.12750E+01   2.16216E+00   1.05059E+00   5.40344E-01   1.16831E+00
 4.13250E+01   2.16236E+00   1.05061E+00   5.40446E-01   1.16864E+00
 4.13750E+01   2.16257E+00   1.05064E+00   5.40551E-01   1.16898E+00
 4.14250E+01   2.16278E+00   1.05067E+00   5.40658E-01   1.16933E+00
 4.14750E+01   2.16299E+00   1.05070E+00   5.40768E-01   1.16968E+00
 4.15250E+01   2.16321E+00   1.05073E+00   5.40880E-01   1.17004E+00
 4.15750E+01   2.16342E+00   1.05076E+00   5.40996E-01   1.17040E+00
 4.16250E+01   2.16364E+00   1.05079E+00   5.41114E-01   1.17077E+00
 4.16750E+01   2.16385E+00   1.05082E+00   5.41234E-01   1.17115E+00
 4.17250E+01   2.16407E+00   1.05085E+00   5.41357E-01   1.17154E+00
 4.17750E+01   2.16429E+00   1.05088E+00   5.41483E-01   1.17193E+00
 4.18250E+01   2.16452E+00   1.05091E+00   5.41611E-01   1.17233E+00
 4.18750E+01   2.16474E+00   1.05094E+00   5.41742E-01   1.17273E+00
 4.19250E+01   2.16496E+00   1.05097E+00   5.41876E-01   1.17314E+00
 4.19750E+01   2.16519E+00   1.05100E+00   5.42012E-01   1.17356E+00
 4.20250E+01   2.16542E+00   1.05103E+00   5.42151E-01   1.17398E+00
 4.20750E+01   2.16565E+00   1.05106E+00   5.42293E-01   1.17442E+00
 4.21250E+01   2.16588E+00   1.05109E+00   5.42437E-01   1.17485E+00
 4.21750E+01   2.16612E+00   1.05112E+00   5.42584E-01   1.17530E+00
 4.22250E+01   2.16635E+00   1.05116E+00   5.42733E-01   1.17575E+00
 4.22750E+01   2.16659E+00   1.05119E+00   5.42886E-01   1.17621E+00
 4.23250E+01   2.16683E+00   1.05122E+00   5.43040E-01   1.17668E+00
 4.23750E+01   2.16707E+00   1.05125E+00   5.43197E-01   1.17715E+00
 4.24250E+01   2.16732E+00   1.05129E+00   5.43356E-01   1.17762E+00
 4.24750E+01   2.16756E+00   1.05132E+00   5.43518E-01   1.17811E+00
 4.25250E+01   2.16781E+00   1.05135E+00   5.43682E-01   1.17860E+00
 4.25750E+01   2.16806E+00   1.05139E+00   5.43848E-01   1.17910E+00
 4.26250E+01   2.16832E+00   1.05142E+00   5.44015E-01   1.17960E+00
 4.26750E+01   2.16857E+00   1.05146E+00   5.44185E-01   1.18010E+00
 4.27250E+01   2.16883E+00   1.05149E+00   5.44357E-01   1.18062E+00
 4.27750E+01   2.16909E+00   1.05153E+00   5.44531E-01   1.18114E+00
 4.28250E+01   2.16936E+00   1.05157E+00   5.44706E-01   1.18166E+00
 4.28750E+01   2.16962E+00   1.05160E+00   5.44884E-01   1.18219E+00
 4.29250E+01   2.16989E+00   1.05164E+00   5.45062E-01   1.18273E+00
 4.29750E+01   2.17017E+00   1.05168E+00   5.45242E-01   1.18327E+00
 4.30250E+01   2.17044E+00   1.05171E+00   5.45424E-01   1.18381E+00
 4.30750E+01   2.17072E+00   1.05175E+00   5.45607E-01   1.18436E+00
 4.31250E+01   2.17100E+00   1.05179E+00   5.45790E-01   1.18491E+00
 4.31750E+01   2.17128E+00   1.05183E+00   5.45975E-01   1.18547E+00
 4.32250E+01   2.17157E+00   1.05187E+00   5.46160E-01   1.18602E+00
 4.32750E+01   2.17186E+00   1.05191E+00   5.46346E-01   1.18659E+00
 4.33250E+01   2.17216E+00   1.05195E+00   5.46532E-01   1.18715E+00
 4.33750E+01   2.17245E+00   1.05200E+00   5.46719E-01   1.18772E+00
 4.34250E+01   2.17275E+00   1.05204E+00   5.46906E-01   1.18829E+00
 4.34750E+01   2.17306E+00   1.05208E+00   5.47093E-01   1.18886E+00
 4.35250E+01   2.17336E+00   1.05212E+00   5.47280E-01   1.18944E+00
 4.35750E+01   2.17367E+00   1.05217E+00   5.47468E-01   1.19002E+00
 4.36250E+01   2.17399E+00   1.05221E+00   5.47655E-01   1.19059E+00
 4.36750E+01   2.17430E+00   1.05226E+00   5.47842E-01   1.19117E+00
 4.37250E+01   2.17462E+00   1.05230E+00   5.48028E-01   1.19175E+00
 4.37750E+01   2.17494E+00   1.05235E+00   5.48213E-01   1.19233E+00
 4.38250E+01   2.17527E+00   1.05239E+00   5.48397E-01   1.19291E+00
 4.38750E+01   2.17559E+00   1.05244E+00   5.48580E-01   1.19349E+00
 4.39250E+01   2.17592E+00   1.05248E+00   5.48762E-01   1.19406E+00
 4.39750E+01   2.17625E+00   1.05253E+00   5.48943E-01   1.19464E+00
 4.40250E+01   2.17658E+00   1.05258E+00   5.49122E-01   1.19521E+00
 4.40750E+01   2.17692E+00   1.05263E+00   5.49299E-01   1.19578E+00
 4.41250E+01   2.17726E+00   1.05268E+00   5.49475E-01   1.19635E+00
 4.41750E+01   2.17759E+00   1.05272E+00   5.49649E-01   1.19691E+00
 4.42250E+01   2.17793E+00   1.05277E+00   5.49820E-01   1.19747E+00
 4.42750E+01   2.17827E+00   1.05282E+00   5.49990E-01   1.19803E+00
 4.43250E+01   2.17862E+00   1.05287E+00   5.50156E-01   1.19858E+00
 4.43750E+01   2.17896E+00   1.05292E+00   5.50320E-01   1.19912E+00
 4.44250E+01   2.17930E+00   1.05297E+00   5.50482E-01   1.19966E+00
 4.44750E+01   2.17964E+00   1.05302E+00   5.50640E-01   1.20020E+00
 4.45250E+01   2.17998E+00   1.05307E+00   5.50796E-01   1.20073E+00
 4.45750E+01   2.18032E+00   1.05312E+00   5.50948E-01   1.20125E+00
 4.46250E+01   2.18066E+00   1.05317E+00   5.51098E-01   1.20176E+00
 4.46750E+01   2.18100E+00   1.05322E+00   5.51243E-01   1.20226E+00
 4.47250E+01   2.18134E+00   1.05327E+00   5.51386E-01   1.20276E+00
 4.47750E+01   2.18167E+00   1.05331E+00   5.51525E-01   1.20324E+00
 4.48250E+01   2.18200E+00   1.05336E+00   5.51659E-01   1.20372E+00
 4.48750E+01   2.18233E+00   1.05341E+00   5.51791E-01   1.20419E+00
 4.49250E+01   2.18265E+00   1.05346E+00   5.51917E-01   1.20464E+00
 4.49750E+01   2.18297E+00   1.05350E+00   5.52040E-01   1.20509E+00
 4.50250E+01   2.18329E+00   1.05355E+00   5.52159E-01   1.20552E+00
 4.50750E+01   2.18360E+00   1.05360E+00   5.52274E-01   1.20594E+00
 4.51250E+01   2.18390E+00   1.05364E+00   5.52384E-01   1.20635E+00
 4.51750E+01   2.18419E+00   1.05368E+00   5.52489E-01   1.20674E+00
 4.52250E+01   2.18448E+00   1.05373E+00   5.52590E-01   1.20712E+00
 4.52750E+01   2.18476E+00   1.05377E+00   5.52686E-01   1.20749E+00
 4.53250E+01   2.18504E+00   1.05381E+00   5.52778E-01   1.20784E+00
 4.53750E+01   2.18530E+00   1.05385E+00   5.52864E-01   1.20817E+00
 4.54250E+01   2.18556E+00   1.05388E+00   5.52946E-01   1.20849E+00
 4.54750E+01   2.18580E+00   1.05392E+00   5.53023E-01   1.20880E+00
 4.55250E+01   2.18603E+00   1.05396E+00   5.53095E-01   1.20908E+00
 4.55750E+01   2.18625E+00   1.05399E+00   5.53162E-01   1.20935E+00
 4.56250E+01   2.18646E+00   1.05402E+00   5.53223E-01   1.20960E+00
 4.56750E+01   2.18666E+00   1.05405E+00   5.53280E-01   1.20984E+00
 4.57250E+01   2.18685E+00   1.05408E+00   5.53332E-01   1.21005E+00
 4.57750E+01   2.18702E+00   1.05411E+00   5.53378E-01   1.21025E+00
 4.58250E+01   2.18717E+00   1.05413E+00   5.53419E-01   1.21042E+00
 4.58750E+01   2.18731E+00   1.05415E+00   5.53454E-01   1.21058E+00
 4.59250E+01   2.18744E+00   1.05417E+00   5.53484E-01   1.21071E+00
 4.59750E+01   2.18755E+00   1.05419E+00   5.53508E-01   1.21083E+00
 4.60250E+01   2.18764E+00   1.05421E+00   5.53527E-01   1.21092E+00
 4.60750E+01   2.18772E+00   1.05422E+00   5.53540E-01   1.21099E+00
 4.61250E+01   2.18778E+00   1.05423E+00   5.53548E-01   1.21104E+00
 4.61750E+01   2.18782E+00   1.05424E+00   5.53550E-01   1.21107E+00
 4.62250E+01   2.18784E+00   1.05425E+00   5.53546E-01   1.21107E+00
 4.62750E+01   2.18785E+00   1.05425E+00   5.53536E-01   1.21105E+00
 4.63250E+01   2.18783E+00   1.05425E+00   5.53521E-01   1.21101E+00
 4.63750E+01   2.18779E+00   1.05425E+00   5.53500E-01   1.21094E+00
 4.64250E+01   2.18774E+00   1.05424E+00   5.53473E-01   1.21085E+00
 4.64750E+01   2.18767E+00   1.05424E+00   5.53440E-01   1.21074E+00
 4.65250E+01   2.18757E+00   1.05423E+00   5.53401E-01   1.21060E+00
 4.65750E+01   2.18746E+00   1.05421E+00   5.53355E-01   1.21044E+00
 4.66250E+01   2.18732E+00   1.05420E+00   5.53304E-01   1.21025E+00
 4.66750E+01   2.18717E+00   1.05418E+00   5.53246E-01   1.21004E+00
 4.67250E+01   2.18699E+00   1.05416E+00   5.53182E-01   1.20981E+00
 4.67750E+01   2.18680E+00   1.05414E+00   5.53113E-01   1.20955E+00
 4.68250E+01   2.18658E+00   1.05411E+00   5.53037E-01   1.20926E+00
 4.68750E+01   2.18635E+00   1.05408E+00   5.52955E-01   1.20895E+00
 4.69250E+01   2.18609E+00   1.05405E+00   5.52866E-01   1.20862E+00
 4.69750E+01   2.18582E+00   1.05402E+00   5.52771E-01   1.20826E+00
 4.70250E+01   2.18553E+00   1.05398E+00   5.52670E-01   1.20788E+00
 4.70750E+01   2.18522E+00   1.05394E+00   5.52564E-01   1.20747E+00
 4.71250E+01   2.18489E+00   1.05390E+00   5.52450E-01   1.20704E+00
 4.71750E+01   2.18454E+00   1.05386E+00   5.52331E-01   1.20659E+00
 4.72250E+01   2.18418E+00   1.05381E+00   5.52205E-01   1.20611E+00
 4.72750E+01   2.18379E+00   1.05376E+00   5.52073E-01   1.20561E+00
 4.73250E+01   2.18340E+00   1.05371E+00   5.51935E-01   1.20509E+00
 4.73750E+01   2.18298E+00   1.05366E+00   5.51791E-01   1.20455E+00
 4.74250E+01   2.18255E+00   1.05360E+00   5.51641E-01   1.20399E+00
 4.74750E+01   2.18211E+00   1.05355E+00   5.51486E-01   1.20340E+00
 4.75250E+01   2.18165E+00   1.05349E+00   5.51324E-01   1.20280E+00
 4.75750E+01   2.18118E+00   1.05343E+00   5.51157E-01   1.20217E+00
 4.76250E+01   2.18070E+00   1.05337E+00   5.50985E-01   1.20153E+00
 4.76750E+01   2.18020E+00   1.05331E+00   5.50808E-01   1.20087E+00
 4.77250E+01   2.17969E+00   1.05325E+00   5.50627E-01   1.20019E+00
 4.77750E+01   2.17916E+00   1.05319E+00   5.50440E-01   1.19950E+00
 4.78250E+01   2.17862E+00   1.05313E+00   5.50249E-01   1.19879E+00
 4.78750E+01   2.17807E+00   1.05308E+00   5.50054E-01   1.19806E+00
 4.79250E+01   2.17751E+00   1.05302E+00   5.49856E-01   1.19732E+00
 4.79750E+01   2.17693E+00   1.05297E+00   5.49655E-01   1.19656E+00
 4.80250E+01   2.17633E+00   1.05292E+00   5.49451E-01   1.19579E+00
 4.80750E+01   2.17572E+00   1.05288E+00   5.49246E-01   1.19500E+00
 4.81250E+01   2.17507E+00   1.05285E+00   5.49040E-01   1.19420E+00
 4.81750E+01   2.17440E+00   1.05284E+00   5.48835E-01   1.19339E+00
 4.82250E+01   2.17370E+00   1.05283E+00   5.48632E-01   1.19256E+00
 4.82750E+01   2.17295E+00   1.05285E+00   5.48434E-01   1.19172E+00
 4.83250E+01   2.17214E+00   1.05290E+00   5.48242E-01   1.19086E+00
 4.83750E+01   2.17125E+00   1.05298E+00   5.48060E-01   1.18998E+00
 4.84250E+01   2.17028E+00   1.05310E+00   5.47891E-01   1.18908E+00
 4.84750E+01   2.16918E+00   1.05329E+00   5.47742E-01   1.18815E+00
 4.85250E+01   2.16792E+00   1.05355E+00   5.47617E-01   1.18719E+00
 4.85750E+01   2.16646E+00   1.05391E+00   5.47527E-01   1.18619E+00
 4.86250E+01   2.16473E+00   1.05440E+00   5.47481E-01   1.18515E+00
 4.86750E+01   2.16265E+00   1.05505E+00   5.47493E-01   1.18404E+00
 4.87250E+01   2.16014E+00   1.05593E+00   5.47584E-01   1.18286E+00
 4.87750E+01   2.15707E+00   1.05708E+00   5.47781E-01   1.18160E+00
 4.88250E+01   2.15338E+00   1.05859E+00   5.48140E-01   1.18035E+00
 4.88750E+01   2.14941E+00   1.06059E+00   5.48841E-01   1.17969E+00
 4.89250E+01   2.14797E+00   1.06328E+00   5.50700E-01   1.18289E+00
 4.89750E+01   2.16562E+00   1.06717E+00   5.57956E-01   1.20832E+00
