      xx/10.          rhoa          temp           vel      vel*rhoa
         [-]           [-]           [-]           [-]           [-]
 1.02500E+00   2.60655E+00   9.22363E-01   4.78217E-01   1.24650E+00
 1.07500E+00   2.60569E+00   9.22775E-01   4.78332E-01   1.24639E+00
 1.12500E+00   2.60396E+00   9.23214E-01   4.78689E-01   1.24649E+00
 1.17500E+00   2.60165E+00   9.23698E-01   4.79193E-01   1.24669E+00
 1.22500E+00   2.59891E+00   9.24236E-01   4.79791E-01   1.24693E+00
 1.27500E+00   2.59587E+00   9.24829E-01   4.80452E-01   1.24719E+00
 1.32500E+00   2.59258E+00   9.25476E-01   4.81160E-01   1.24745E+00
 1.37500E+00   2.58910E+00   9.26170E-01   4.81907E-01   1.24770E+00
 1.42500E+00   2.58545E+00   9.26905E-01   4.82686E-01   1.24796E+00
 1.47500E+00   2.58168E+00   9.27673E-01   4.83493E-01   1.24822E+00
 1.52500E+00   2.57781E+00   9.28467E-01   4.84325E-01   1.24850E+00
 1.57500E+00   2.57386E+00   9.29280E-01   4.85178E-01   1.24878E+00
 1.62500E+00   2.56985E+00   9.30109E-01   4.86049E-01   1.24907E+00
 1.67500E+00   2.56578E+00   9.30953E-01   4.86934E-01   1.24936E+00
 1.72500E+00   2.56165E+00   9.31811E-01   4.87829E-01   1.24965E+00
 1.77500E+00   2.55747E+00   9.32688E-01   4.88732E-01   1.24992E+00
 1.82500E+00   2.55321E+00   9.33589E-01   4.89638E-01   1.25015E+00
 1.87500E+00   2.54885E+00   9.34522E-01   4.90546E-01   1.25033E+00
 1.92500E+00   2.54438E+00   9.35498E-01   4.91453E-01   1.25044E+00
 1.97500E+00   2.53974E+00   9.36530E-01   4.92357E-01   1.25046E+00
 2.02500E+00   2.53490E+00   9.37631E-01   4.93258E-01   1.25036E+00
 2.07500E+00   2.52982E+00   9.38819E-01   4.94156E-01   1.25013E+00
 2.12500E+00   2.52445E+00   9.40110E-01   4.95050E-01   1.24973E+00
 2.17500E+00   2.51873E+00   9.41521E-01   4.95943E-01   1.24914E+00
 2.22500E+00   2.51261E+00   9.43069E-01   4.96836E-01   1.24835E+00
 2.27500E+00   2.50604E+00   9.44771E-01   4.97732E-01   1.24734E+00
 2.32500E+00   2.49898E+00   9.46643E-01   4.98633E-01   1.24607E+00
 2.37500E+00   2.49137E+00   9.48700E-01   4.99544E-01   1.24455E+00
 2.42500E+00   2.48318E+00   9.50954E-01   5.00466E-01   1.24275E+00
 2.47500E+00   2.47438E+00   9.53414E-01   5.01404E-01   1.24066E+00
 2.52500E+00   2.46494E+00   9.56088E-01   5.02361E-01   1.23829E+00
 2.57500E+00   2.45485E+00   9.58979E-01   5.03339E-01   1.23562E+00
 2.62500E+00   2.44412E+00   9.62085E-01   5.04342E-01   1.23267E+00
 2.67500E+00   2.43276E+00   9.65403E-01   5.05371E-01   1.22944E+00
 2.72500E+00   2.42079E+00   9.68921E-01   5.06428E-01   1.22596E+00
 2.77500E+00   2.40827E+00   9.72625E-01   5.07512E-01   1.22223E+00
 2.82500E+00   2.39525E+00   9.76497E-01   5.08625E-01   1.21828E+00
 2.87500E+00   2.38181E+00   9.80510E-01   5.09763E-01   1.21416E+00
 2.92500E+00   2.36804E+00   9.84636E-01   5.10925E-01   1.20989E+00
 2.97500E+00   2.35404E+00   9.88840E-01   5.12106E-01   1.20552E+00
 3.02500E+00   2.33993E+00   9.93087E-01   5.13301E-01   1.20109E+00
 3.07500E+00   2.32583E+00   9.97336E-01   5.14504E-01   1.19665E+00
 3.12500E+00   2.31185E+00   1.00155E+00   5.15709E-01   1.19224E+00
 3.17500E+00   2.29813E+00   1.00568E+00   5.16907E-01   1.18792E+00
 3.22500E+00   2.28478E+00   1.00970E+00   5.18090E-01   1.18372E+00
 3.27500E+00   2.27192E+00   1.01357E+00   5.19250E-01   1.17969E+00
 3.32500E+00   2.25963E+00   1.01726E+00   5.20378E-01   1.17586E+00
 3.37500E+00   2.24800E+00   1.02074E+00   5.21468E-01   1.17226E+00
 3.42500E+00   2.23710E+00   1.02399E+00   5.22511E-01   1.16891E+00
 3.47500E+00   2.22697E+00   1.02700E+00   5.23504E-01   1.16582E+00
 3.52500E+00   2.21764E+00   1.02975E+00   5.24440E-01   1.16302E+00
 3.57500E+00   2.20912E+00   1.03226E+00   5.25316E-01   1.16048E+00
 3.62500E+00   2.20140E+00   1.03452E+00   5.26132E-01   1.15823E+00
 3.67500E+00   2.19447E+00   1.03653E+00   5.26885E-01   1.15623E+00
 3.72500E+00   2.18829E+00   1.03831E+00   5.27578E-01   1.15450E+00
 3.77500E+00   2.18282E+00   1.03988E+00   5.28212E-01   1.15299E+00
 3.82500E+00   2.17802E+00   1.04125E+00   5.28788E-01   1.15171E+00
 3.87500E+00   2.17382E+00   1.04243E+00   5.29312E-01   1.15063E+00
 3.92500E+00   2.17018E+00   1.04345E+00   5.29786E-01   1.14973E+00
 3.97500E+00   2.16704E+00   1.04432E+00   5.30215E-01   1.14900E+00
 4.02500E+00   2.16435E+00   1.04506E+00   5.30604E-01   1.14841E+00
 4.07500E+00   2.16206E+00   1.04569E+00   5.30955E-01   1.14796E+00
 4.12500E+00   2.16011E+00   1.04622E+00   5.31273E-01   1.14761E+00
 4.17500E+00   2.15848E+00   1.04667E+00   5.31563E-01   1.14736E+00
 4.22500E+00   2.15710E+00   1.04704E+00   5.31827E-01   1.14720E+00
 4.27500E+00   2.15596E+00   1.04735E+00   5.32069E-01   1.14712E+00
 4.32500E+00   2.15502E+00   1.04760E+00   5.32291E-01   1.14710E+00
 4.37500E+00   2.15425E+00   1.04782E+00   5.32497E-01   1.14713E+00
 4.42500E+00   2.15362E+00   1.04799E+00   5.32689E-01   1.14721E+00
 4.47500E+00   2.15313E+00   1.04814E+00   5.32868E-01   1.14733E+00
 4.52500E+00   2.15275E+00   1.04826E+00   5.33036E-01   1.14749E+00
 4.57500E+00   2.15246E+00   1.04836E+00   5.33196E-01   1.14768E+00
 4.62500E+00   2.15226E+00   1.04844E+00   5.33348E-01   1.14790E+00
 4.67500E+00   2.15213E+00   1.04851E+00   5.33494E-01   1.14815E+00
 4.72500E+00   2.15207E+00   1.04857E+00   5.33633E-01   1.14842E+00
 4.77500E+00   2.15206E+00   1.04862E+00   5.33768E-01   1.14870E+00
 4.82500E+00   2.15211E+00   1.04866E+00   5.33899E-01   1.14901E+00
 4.87500E+00   2.15221E+00   1.04869E+00   5.34027E-01   1.14934E+00
 4.92500E+00   2.15235E+00   1.04873E+00   5.34151E-01   1.14968E+00
 4.97500E+00   2.15254E+00   1.04875E+00   5.34272E-01   1.15004E+00
 5.02500E+00   2.15276E+00   1.04878E+00   5.34391E-01   1.15042E+00
 5.07500E+00   2.15302E+00   1.04880E+00   5.34508E-01   1.15081E+00
 5.12500E+00   2.15332E+00   1.04882E+00   5.34624E-01   1.15122E+00
 5.17500E+00   2.15365E+00   1.04884E+00   5.34738E-01   1.15164E+00
 5.22500E+00   2.15402E+00   1.04886E+00   5.34850E-01   1.15208E+00
 5.27500E+00   2.15441E+00   1.04887E+00   5.34961E-01   1.15253E+00
 5.32500E+00   2.15484E+00   1.04889E+00   5.35071E-01   1.15300E+00
 5.37500E+00   2.15530E+00   1.04891E+00   5.35181E-01   1.15348E+00
 5.42500E+00   2.15579E+00   1.04892E+00   5.35289E-01   1.15397E+00
 5.47500E+00   2.15631E+00   1.04894E+00   5.35397E-01   1.15448E+00
 5.52500E+00   2.15685E+00   1.04895E+00   5.35504E-01   1.15500E+00
 5.57500E+00   2.15741E+00   1.04897E+00   5.35611E-01   1.15553E+00
 5.62500E+00   2.15800E+00   1.04898E+00   5.35717E-01   1.15608E+00
 5.67500E+00   2.15861E+00   1.04900E+00   5.35823E-01   1.15663E+00
 5.72500E+00   2.15924E+00   1.04901E+00   5.35928E-01   1.15720E+00
 5.77500E+00   2.15987E+00   1.04902E+00   5.36034E-01   1.15777E+00
 5.82500E+00   2.16052E+00   1.04904E+00   5.36139E-01   1.15834E+00
 5.87500E+00   2.16118E+00   1.04905E+00   5.36244E-01   1.15892E+00
 5.92500E+00   2.16185E+00   1.04906E+00   5.36349E-01   1.15950E+00
 5.97500E+00   2.16251E+00   1.04907E+00   5.36454E-01   1.16009E+00
 6.02500E+00   2.16317E+00   1.04908E+00   5.36559E-01   1.16067E+00
 6.07500E+00   2.16382E+00   1.04909E+00   5.36665E-01   1.16124E+00
 6.12500E+00   2.16445E+00   1.04909E+00   5.36771E-01   1.16181E+00
 6.17500E+00   2.16507E+00   1.04910E+00   5.36877E-01   1.16238E+00
 6.22500E+00   2.16567E+00   1.04910E+00   5.36983E-01   1.16293E+00
 6.27500E+00   2.16624E+00   1.04911E+00   5.37090E-01   1.16347E+00
 6.32500E+00   2.16678E+00   1.04911E+00   5.37197E-01   1.16399E+00
 6.37500E+00   2.16728E+00   1.04911E+00   5.37305E-01   1.16449E+00
 6.42500E+00   2.16775E+00   1.04911E+00   5.37413E-01   1.16498E+00
 6.47500E+00   2.16817E+00   1.04911E+00   5.37522E-01   1.16544E+00
 6.52500E+00   2.16855E+00   1.04910E+00   5.37632E-01   1.16588E+00
 6.57500E+00   2.16888E+00   1.04910E+00   5.37742E-01   1.16630E+00
 6.62500E+00   2.16916E+00   1.04909E+00   5.37853E-01   1.16669E+00
 6.67500E+00   2.16938E+00   1.04909E+00   5.37965E-01   1.16705E+00
 6.72500E+00   2.16956E+00   1.04908E+00   5.38078E-01   1.16739E+00
 6.77500E+00   2.16968E+00   1.04907E+00   5.38192E-01   1.16770E+00
 6.82500E+00   2.16975E+00   1.04907E+00   5.38306E-01   1.16799E+00
 6.87500E+00   2.16976E+00   1.04906E+00   5.38422E-01   1.16825E+00
 6.92500E+00   2.16973E+00   1.04905E+00   5.38538E-01   1.16848E+00
 6.97500E+00   2.16965E+00   1.04904E+00   5.38656E-01   1.16869E+00
 7.02500E+00   2.16952E+00   1.04904E+00   5.38775E-01   1.16888E+00
 7.07500E+00   2.16936E+00   1.04903E+00   5.38894E-01   1.16906E+00
 7.12500E+00   2.16916E+00   1.04902E+00   5.39015E-01   1.16921E+00
 7.17500E+00   2.16893E+00   1.04902E+00   5.39137E-01   1.16935E+00
 7.22500E+00   2.16867E+00   1.04901E+00   5.39261E-01   1.16948E+00
 7.27500E+00   2.16839E+00   1.04901E+00   5.39385E-01   1.16960E+00
 7.32500E+00   2.16810E+00   1.04900E+00   5.39511E-01   1.16971E+00
 7.37500E+00   2.16779E+00   1.04900E+00   5.39639E-01   1.16982E+00
 7.42500E+00   2.16748E+00   1.04900E+00   5.39767E-01   1.16994E+00
 7.47500E+00   2.16717E+00   1.04900E+00   5.39898E-01   1.17005E+00
 7.52500E+00   2.16686E+00   1.04899E+00   5.40030E-01   1.17017E+00
 7.57500E+00   2.16656E+00   1.04899E+00   5.40163E-01   1.17029E+00
 7.62500E+00   2.16627E+00   1.04899E+00   5.40299E-01   1.17043E+00
 7.67500E+00   2.16599E+00   1.04900E+00   5.40436E-01   1.17058E+00
 7.72500E+00   2.16573E+00   1.04900E+00   5.40574E-01   1.17074E+00
 7.77500E+00   2.16550E+00   1.04900E+00   5.40715E-01   1.17092E+00
 7.82500E+00   2.16529E+00   1.04900E+00   5.40858E-01   1.17111E+00
 7.87500E+00   2.16510E+00   1.04901E+00   5.41002E-01   1.17133E+00
 7.92500E+00   2.16495E+00   1.04902E+00   5.41149E-01   1.17156E+00
 7.97500E+00   2.16482E+00   1.04902E+00   5.41298E-01   1.17181E+00
 8.02500E+00   2.16472E+00   1.04903E+00   5.41449E-01   1.17209E+00
 8.07500E+00   2.16465E+00   1.04904E+00   5.41603E-01   1.17238E+00
 8.12500E+00   2.16462E+00   1.04905E+00   5.41759E-01   1.17270E+00
 8.17500E+00   2.16461E+00   1.04906E+00   5.41917E-01   1.17304E+00
 8.22500E+00   2.16463E+00   1.04908E+00   5.42077E-01   1.17340E+00
 8.27500E+00   2.16468E+00   1.04910E+00   5.42240E-01   1.17378E+00
 8.32500E+00   2.16476E+00   1.04912E+00   5.42405E-01   1.17418E+00
 8.37500E+00   2.16487E+00   1.04914E+00   5.42572E-01   1.17460E+00
 8.42500E+00   2.16500E+00   1.04916E+00   5.42741E-01   1.17504E+00
 8.47500E+00   2.16516E+00   1.04919E+00   5.42912E-01   1.17549E+00
 8.52500E+00   2.16534E+00   1.04923E+00   5.43085E-01   1.17596E+00
 8.57500E+00   2.16554E+00   1.04926E+00   5.43260E-01   1.17645E+00
 8.62500E+00   2.16575E+00   1.04931E+00   5.43435E-01   1.17695E+00
 8.67500E+00   2.16598E+00   1.04936E+00   5.43612E-01   1.17745E+00
 8.72500E+00   2.16621E+00   1.04942E+00   5.43789E-01   1.17796E+00
 8.77500E+00   2.16646E+00   1.04948E+00   5.43967E-01   1.17848E+00
 8.82500E+00   2.16671E+00   1.04956E+00   5.44147E-01   1.17901E+00
 8.87500E+00   2.16697E+00   1.04965E+00   5.44329E-01   1.17955E+00
 8.92500E+00   2.16726E+00   1.04974E+00   5.44514E-01   1.18010E+00
 8.97500E+00   2.16756E+00   1.04984E+00   5.44702E-01   1.18067E+00
 9.02500E+00   2.16788E+00   1.04994E+00   5.44894E-01   1.18126E+00
 9.07500E+00   2.16823E+00   1.05005E+00   5.45088E-01   1.18187E+00
 9.12500E+00   2.16860E+00   1.05016E+00   5.45286E-01   1.18251E+00
 9.17500E+00   2.16900E+00   1.05027E+00   5.45488E-01   1.18316E+00
 9.22500E+00   2.16942E+00   1.05038E+00   5.45694E-01   1.18384E+00
 9.27500E+00   2.16988E+00   1.05050E+00   5.45905E-01   1.18455E+00
 9.32500E+00   2.17036E+00   1.05061E+00   5.46120E-01   1.18528E+00
 9.37500E+00   2.17086E+00   1.05073E+00   5.46340E-01   1.18603E+00
 9.42500E+00   2.17140E+00   1.05084E+00   5.46565E-01   1.18681E+00
 9.47500E+00   2.17196E+00   1.05096E+00   5.46794E-01   1.18762E+00
 9.52500E+00   2.17255E+00   1.05108E+00   5.47029E-01   1.18845E+00
 9.57500E+00   2.17316E+00   1.05119E+00   5.47270E-01   1.18931E+00
 9.62500E+00   2.17380E+00   1.05131E+00   5.47515E-01   1.19019E+00
 9.67500E+00   2.17446E+00   1.05142E+00   5.47767E-01   1.19110E+00
 9.72500E+00   2.17515E+00   1.05154E+00   5.48023E-01   1.19203E+00
 9.77500E+00   2.17585E+00   1.05165E+00   5.48286E-01   1.19299E+00
 9.82500E+00   2.17657E+00   1.05176E+00   5.48554E-01   1.19397E+00
 9.87500E+00   2.17732E+00   1.05187E+00   5.48828E-01   1.19497E+00
 9.92500E+00   2.17807E+00   1.05198E+00   5.49107E-01   1.19600E+00
 9.97500E+00   2.17884E+00   1.05209E+00   5.49393E-01   1.19704E+00
 1.00250E+01   2.17963E+00   1.05220E+00   5.49683E-01   1.19810E+00
 1.00750E+01   2.18042E+00   1.05231E+00   5.49980E-01   1.19919E+00
 1.01250E+01   2.18122E+00   1.05242E+00   5.50281E-01   1.20028E+00
 1.01750E+01   2.18203E+00   1.05252E+00   5.50588E-01   1.20140E+00
 1.02250E+01   2.18284E+00   1.05263E+00   5.50899E-01   1.20252E+00
 1.02750E+01   2.18365E+00   1.05274E+00   5.51215E-01   1.20366E+00
 1.03250E+01   2.18446E+00   1.05284E+00   5.51536E-01   1.20481E+00
 1.03750E+01   2.18527E+00   1.05294E+00   5.51861E-01   1.20596E+00
 1.04250E+01   2.18607E+00   1.05305E+00   5.52190E-01   1.20713E+00
 1.04750E+01   2.18687E+00   1.05315E+00   5.52522E-01   1.20829E+00
 1.05250E+01   2.18765E+00   1.05325E+00   5.52857E-01   1.20946E+00
 1.05750E+01   2.18843E+00   1.05336E+00   5.53195E-01   1.21063E+00
 1.06250E+01   2.18919E+00   1.05346E+00   5.53535E-01   1.21179E+00
 1.06750E+01   2.18993E+00   1.05356E+00   5.53876E-01   1.21295E+00
 1.07250E+01   2.19066E+00   1.05366E+00   5.54219E-01   1.21411E+00
 1.07750E+01   2.19137E+00   1.05375E+00   5.54562E-01   1.21525E+00
 1.08250E+01   2.19205E+00   1.05385E+00   5.54904E-01   1.21638E+00
 1.08750E+01   2.19272E+00   1.05395E+00   5.55246E-01   1.21750E+00
 1.09250E+01   2.19335E+00   1.05404E+00   5.55586E-01   1.21860E+00
 1.09750E+01   2.19396E+00   1.05414E+00   5.55924E-01   1.21968E+00
 1.10250E+01   2.19455E+00   1.05423E+00   5.56258E-01   1.22073E+00
 1.10750E+01   2.19510E+00   1.05432E+00   5.56588E-01   1.22177E+00
 1.11250E+01   2.19562E+00   1.05441E+00   5.56914E-01   1.22277E+00
 1.11750E+01   2.19611E+00   1.05449E+00   5.57233E-01   1.22375E+00
 1.12250E+01   2.19657E+00   1.05458E+00   5.57546E-01   1.22469E+00
 1.12750E+01   2.19700E+00   1.05466E+00   5.57852E-01   1.22560E+00
 1.13250E+01   2.19739E+00   1.05474E+00   5.58149E-01   1.22647E+00
 1.13750E+01   2.19774E+00   1.05482E+00   5.58437E-01   1.22730E+00
 1.14250E+01   2.19806E+00   1.05489E+00   5.58714E-01   1.22809E+00
 1.14750E+01   2.19834E+00   1.05496E+00   5.58980E-01   1.22883E+00
 1.15250E+01   2.19859E+00   1.05503E+00   5.59234E-01   1.22952E+00
 1.15750E+01   2.19879E+00   1.05509E+00   5.59474E-01   1.23017E+00
 1.16250E+01   2.19896E+00   1.05515E+00   5.59700E-01   1.23076E+00
 1.16750E+01   2.19909E+00   1.05521E+00   5.59911E-01   1.23130E+00
 1.17250E+01   2.19919E+00   1.05526E+00   5.60106E-01   1.23178E+00
 1.17750E+01   2.19924E+00   1.05531E+00   5.60283E-01   1.23220E+00
 1.18250E+01   2.19926E+00   1.05535E+00   5.60443E-01   1.23256E+00
 1.18750E+01   2.19924E+00   1.05539E+00   5.60584E-01   1.23286E+00
 1.19250E+01   2.19918E+00   1.05542E+00   5.60706E-01   1.23309E+00
 1.19750E+01   2.19908E+00   1.05545E+00   5.60807E-01   1.23326E+00
 1.20250E+01   2.19895E+00   1.05547E+00   5.60887E-01   1.23336E+00
 1.20750E+01   2.19878E+00   1.05549E+00   5.60946E-01   1.23339E+00
 1.21250E+01   2.19857E+00   1.05550E+00   5.60982E-01   1.23336E+00
 1.21750E+01   2.19833E+00   1.05550E+00   5.60995E-01   1.23325E+00
 1.22250E+01   2.19805E+00   1.05550E+00   5.60985E-01   1.23307E+00
 1.22750E+01   2.19773E+00   1.05549E+00   5.60952E-01   1.23282E+00
 1.23250E+01   2.19738E+00   1.05548E+00   5.60894E-01   1.23250E+00
 1.23750E+01   2.19700E+00   1.05546E+00   5.60813E-01   1.23210E+00
 1.24250E+01   2.19658E+00   1.05544E+00   5.60707E-01   1.23164E+00
 1.24750E+01   2.19613E+00   1.05541E+00   5.60576E-01   1.23110E+00
 1.25250E+01   2.19565E+00   1.05537E+00   5.60422E-01   1.23049E+00
 1.25750E+01   2.19514E+00   1.05533E+00   5.60243E-01   1.22981E+00
 1.26250E+01   2.19460E+00   1.05528E+00   5.60040E-01   1.22906E+00
 1.26750E+01   2.19403E+00   1.05522E+00   5.59814E-01   1.22825E+00
 1.27250E+01   2.19343E+00   1.05516E+00   5.59565E-01   1.22737E+00
 1.27750E+01   2.19281E+00   1.05509E+00   5.59293E-01   1.22642E+00
 1.28250E+01   2.19216E+00   1.05502E+00   5.58999E-01   1.22542E+00
 1.28750E+01   2.19149E+00   1.05494E+00   5.58683E-01   1.22435E+00
 1.29250E+01   2.19080E+00   1.05486E+00   5.58347E-01   1.22323E+00
 1.29750E+01   2.19009E+00   1.05477E+00   5.57992E-01   1.22205E+00
 1.30250E+01   2.18936E+00   1.05468E+00   5.57617E-01   1.22082E+00
 1.30750E+01   2.18862E+00   1.05458E+00   5.57224E-01   1.21955E+00
 1.31250E+01   2.18785E+00   1.05448E+00   5.56814E-01   1.21823E+00
 1.31750E+01   2.18708E+00   1.05437E+00   5.56389E-01   1.21687E+00
 1.32250E+01   2.18629E+00   1.05426E+00   5.55949E-01   1.21547E+00
 1.32750E+01   2.18550E+00   1.05414E+00   5.55496E-01   1.21403E+00
 1.33250E+01   2.18469E+00   1.05403E+00   5.55030E-01   1.21257E+00
 1.33750E+01   2.18388E+00   1.05391E+00   5.54553E-01   1.21107E+00
 1.34250E+01   2.18306E+00   1.05378E+00   5.54066E-01   1.20956E+00
 1.34750E+01   2.18224E+00   1.05366E+00   5.53570E-01   1.20802E+00
 1.35250E+01   2.18141E+00   1.05353E+00   5.53067E-01   1.20647E+00
 1.35750E+01   2.18059E+00   1.05340E+00   5.52559E-01   1.20490E+00
 1.36250E+01   2.17977E+00   1.05327E+00   5.52045E-01   1.20333E+00
 1.36750E+01   2.17895E+00   1.05314E+00   5.51528E-01   1.20175E+00
 1.37250E+01   2.17813E+00   1.05301E+00   5.51009E-01   1.20017E+00
 1.37750E+01   2.17732E+00   1.05288E+00   5.50489E-01   1.19859E+00
 1.38250E+01   2.17651E+00   1.05274E+00   5.49969E-01   1.19701E+00
 1.38750E+01   2.17572E+00   1.05261E+00   5.49450E-01   1.19545E+00
 1.39250E+01   2.17493E+00   1.05248E+00   5.48934E-01   1.19389E+00
 1.39750E+01   2.17415E+00   1.05235E+00   5.48422E-01   1.19235E+00
 1.40250E+01   2.17339E+00   1.05222E+00   5.47914E-01   1.19083E+00
 1.40750E+01   2.17263E+00   1.05209E+00   5.47411E-01   1.18932E+00
 1.41250E+01   2.17189E+00   1.05196E+00   5.46915E-01   1.18784E+00
 1.41750E+01   2.17116E+00   1.05184E+00   5.46426E-01   1.18638E+00
 1.42250E+01   2.17044E+00   1.05171E+00   5.45945E-01   1.18494E+00
 1.42750E+01   2.16974E+00   1.05159E+00   5.45473E-01   1.18353E+00
 1.43250E+01   2.16905E+00   1.05147E+00   5.45010E-01   1.18215E+00
 1.43750E+01   2.16837E+00   1.05135E+00   5.44557E-01   1.18080E+00
 1.44250E+01   2.16771E+00   1.05124E+00   5.44114E-01   1.17948E+00
 1.44750E+01   2.16706E+00   1.05113E+00   5.43682E-01   1.17819E+00
 1.45250E+01   2.16643E+00   1.05102E+00   5.43262E-01   1.17694E+00
 1.45750E+01   2.16581E+00   1.05091E+00   5.42853E-01   1.17572E+00
 1.46250E+01   2.16521E+00   1.05081E+00   5.42456E-01   1.17453E+00
 1.46750E+01   2.16462E+00   1.05071E+00   5.42071E-01   1.17338E+00
 1.47250E+01   2.16404E+00   1.05061E+00   5.41699E-01   1.17226E+00
 1.47750E+01   2.16348E+00   1.05052E+00   5.41340E-01   1.17118E+00
 1.48250E+01   2.16293E+00   1.05042E+00   5.40994E-01   1.17013E+00
 1.48750E+01   2.16240E+00   1.05034E+00   5.40661E-01   1.16912E+00
 1.49250E+01   2.16188E+00   1.05025E+00   5.40340E-01   1.16815E+00
 1.49750E+01   2.16137E+00   1.05017E+00   5.40033E-01   1.16721E+00
 1.50250E+01   2.16087E+00   1.05009E+00   5.39739E-01   1.16631E+00
 1.50750E+01   2.16039E+00   1.05002E+00   5.39458E-01   1.16544E+00
 1.51250E+01   2.15992E+00   1.04994E+00   5.39189E-01   1.16461E+00
 1.51750E+01   2.15947E+00   1.04988E+00   5.38934E-01   1.16381E+00
 1.52250E+01   2.15902E+00   1.04981E+00   5.38691E-01   1.16305E+00
 1.52750E+01   2.15859E+00   1.04975E+00   5.38460E-01   1.16231E+00
 1.53250E+01   2.15817E+00   1.04969E+00   5.38241E-01   1.16162E+00
 1.53750E+01   2.15776E+00   1.04963E+00   5.38034E-01   1.16095E+00
 1.54250E+01   2.15736E+00   1.04958E+00   5.37839E-01   1.16032E+00
 1.54750E+01   2.15698E+00   1.04953E+00   5.37656E-01   1.15971E+00
 1.55250E+01   2.15660E+00   1.04948E+00   5.37484E-01   1.15914E+00
 1.55750E+01   2.15624E+00   1.04943E+00   5.37323E-01   1.15860E+00
 1.56250E+01   2.15589E+00   1.04939E+00   5.37172E-01   1.15808E+00
 1.56750E+01   2.15555E+00   1.04935E+00   5.37033E-01   1.15760E+00
 1.57250E+01   2.15522E+00   1.04931E+00   5.36903E-01   1.15715E+00
 1.57750E+01   2.15491E+00   1.04928E+00   5.36784E-01   1.15672E+00
 1.58250E+01   2.15460E+00   1.04925E+00   5.36675E-01   1.15632E+00
 1.58750E+01   2.15431E+00   1.04922E+00   5.36575E-01   1.15595E+00
 1.59250E+01   2.15403E+00   1.04919E+00   5.36484E-01   1.15560E+00
 1.59750E+01   2.15376E+00   1.04917E+00   5.36402E-01   1.15528E+00
 1.60250E+01   2.15350E+00   1.04915E+00   5.36329E-01   1.15498E+00
 1.60750E+01   2.15325E+00   1.04913E+00   5.36264E-01   1.15471E+00
 1.61250E+01   2.15302E+00   1.04911E+00   5.36206E-01   1.15446E+00
 1.61750E+01   2.15280E+00   1.04909E+00   5.36156E-01   1.15424E+00
 1.62250E+01   2.15259E+00   1.04908E+00   5.36114E-01   1.15403E+00
 1.62750E+01   2.15239E+00   1.04907E+00   5.36078E-01   1.15385E+00
 1.63250E+01   2.15221E+00   1.04906E+00   5.36048E-01   1.15369E+00
 1.63750E+01   2.15204E+00   1.04905E+00   5.36024E-01   1.15355E+00
 1.64250E+01   2.15188E+00   1.04905E+00   5.36006E-01   1.15342E+00
 1.64750E+01   2.15174E+00   1.04904E+00   5.35994E-01   1.15332E+00
 1.65250E+01   2.15160E+00   1.04904E+00   5.35985E-01   1.15323E+00
 1.65750E+01   2.15148E+00   1.04904E+00   5.35982E-01   1.15316E+00
 1.66250E+01   2.15138E+00   1.04904E+00   5.35983E-01   1.15310E+00
 1.66750E+01   2.15128E+00   1.04904E+00   5.35987E-01   1.15306E+00
 1.67250E+01   2.15120E+00   1.04904E+00   5.35996E-01   1.15304E+00
 1.67750E+01   2.15113E+00   1.04905E+00   5.36008E-01   1.15302E+00
 1.68250E+01   2.15108E+00   1.04905E+00   5.36023E-01   1.15303E+00
 1.68750E+01   2.15103E+00   1.04906E+00   5.36041E-01   1.15304E+00
 1.69250E+01   2.15100E+00   1.04906E+00   5.36061E-01   1.15307E+00
 1.69750E+01   2.15099E+00   1.04907E+00   5.36084E-01   1.15311E+00
 1.70250E+01   2.15098E+00   1.04907E+00   5.36110E-01   1.15316E+00
 1.70750E+01   2.15099E+00   1.04908E+00   5.36137E-01   1.15323E+00
 1.71250E+01   2.15101E+00   1.04909E+00   5.36167E-01   1.15330E+00
 1.71750E+01   2.15105E+00   1.04910E+00   5.36199E-01   1.15339E+00
 1.72250E+01   2.15109E+00   1.04911E+00   5.36232E-01   1.15348E+00
 1.72750E+01   2.15115E+00   1.04912E+00   5.36267E-01   1.15359E+00
 1.73250E+01   2.15122E+00   1.04913E+00   5.36304E-01   1.15371E+00
 1.73750E+01   2.15130E+00   1.04914E+00   5.36343E-01   1.15383E+00
 1.74250E+01   2.15139E+00   1.04915E+00   5.36382E-01   1.15397E+00
 1.74750E+01   2.15149E+00   1.04916E+00   5.36424E-01   1.15411E+00
 1.75250E+01   2.15160E+00   1.04917E+00   5.36466E-01   1.15426E+00
 1.75750E+01   2.15172E+00   1.04918E+00   5.36510E-01   1.15442E+00
 1.76250E+01   2.15185E+00   1.04919E+00   5.36555E-01   1.15459E+00
 1.76750E+01   2.15199E+00   1.04921E+00   5.36601E-01   1.15476E+00
 1.77250E+01   2.15214E+00   1.04922E+00   5.36648E-01   1.15494E+00
 1.77750E+01   2.15229E+00   1.04923E+00   5.36696E-01   1.15513E+00
 1.78250E+01   2.15246E+00   1.04925E+00   5.36745E-01   1.15532E+00
 1.78750E+01   2.15263E+00   1.04926E+00   5.36794E-01   1.15552E+00
 1.79250E+01   2.15281E+00   1.04927E+00   5.36845E-01   1.15572E+00
 1.79750E+01   2.15299E+00   1.04929E+00   5.36897E-01   1.15593E+00
 1.80250E+01   2.15318E+00   1.04930E+00   5.36950E-01   1.15615E+00
 1.80750E+01   2.15337E+00   1.04932E+00   5.37004E-01   1.15637E+00
 1.81250E+01   2.15357E+00   1.04933E+00   5.37058E-01   1.15659E+00
 1.81750E+01   2.15377E+00   1.04934E+00   5.37113E-01   1.15682E+00
 1.82250E+01   2.15397E+00   1.04936E+00   5.37168E-01   1.15704E+00
 1.82750E+01   2.15418E+00   1.04938E+00   5.37225E-01   1.15728E+00
 1.83250E+01   2.15439E+00   1.04939E+00   5.37282E-01   1.15751E+00
 1.83750E+01   2.15460E+00   1.04941E+00   5.37340E-01   1.15775E+00
 1.84250E+01   2.15481E+00   1.04942E+00   5.37399E-01   1.15799E+00
 1.84750E+01   2.15502E+00   1.04944E+00   5.37459E-01   1.15823E+00
 1.85250E+01   2.15523E+00   1.04945E+00   5.37519E-01   1.15848E+00
 1.85750E+01   2.15544E+00   1.04947E+00   5.37580E-01   1.15872E+00
 1.86250E+01   2.15564E+00   1.04949E+00   5.37642E-01   1.15896E+00
 1.86750E+01   2.15585E+00   1.04951E+00   5.37704E-01   1.15921E+00
 1.87250E+01   2.15605E+00   1.04952E+00   5.37768E-01   1.15946E+00
 1.87750E+01   2.15626E+00   1.04954E+00   5.37832E-01   1.15970E+00
 1.88250E+01   2.15645E+00   1.04956E+00   5.37897E-01   1.15995E+00
 1.88750E+01   2.15665E+00   1.04958E+00   5.37962E-01   1.16020E+00
 1.89250E+01   2.15684E+00   1.04959E+00   5.38028E-01   1.16044E+00
 1.89750E+01   2.15703E+00   1.04961E+00   5.38095E-01   1.16069E+00
 1.90250E+01   2.15721E+00   1.04963E+00   5.38163E-01   1.16093E+00
 1.90750E+01   2.15739E+00   1.04965E+00   5.38231E-01   1.16118E+00
 1.91250E+01   2.15757E+00   1.04967E+00   5.38300E-01   1.16142E+00
 1.91750E+01   2.15774E+00   1.04969E+00   5.38370E-01   1.16166E+00
 1.92250E+01   2.15791E+00   1.04970E+00   5.38441E-01   1.16191E+00
 1.92750E+01   2.15807E+00   1.04972E+00   5.38513E-01   1.16215E+00
 1.93250E+01   2.15822E+00   1.04974E+00   5.38585E-01   1.16239E+00
 1.93750E+01   2.15838E+00   1.04976E+00   5.38659E-01   1.16263E+00
 1.94250E+01   2.15852E+00   1.04978E+00   5.38733E-01   1.16287E+00
 1.94750E+01   2.15866E+00   1.04980E+00   5.38808E-01   1.16311E+00
 1.95250E+01   2.15880E+00   1.04982E+00   5.38884E-01   1.16334E+00
 1.95750E+01   2.15893E+00   1.04984E+00   5.38960E-01   1.16358E+00
 1.96250E+01   2.15906E+00   1.04987E+00   5.39038E-01   1.16382E+00
 1.96750E+01   2.15919E+00   1.04989E+00   5.39117E-01   1.16406E+00
 1.97250E+01   2.15931E+00   1.04991E+00   5.39197E-01   1.16429E+00
 1.97750E+01   2.15943E+00   1.04993E+00   5.39278E-01   1.16453E+00
 1.98250E+01   2.15954E+00   1.04995E+00   5.39360E-01   1.16477E+00
 1.98750E+01   2.15966E+00   1.04997E+00   5.39443E-01   1.16501E+00
 1.99250E+01   2.15977E+00   1.05000E+00   5.39528E-01   1.16525E+00
 1.99750E+01   2.15987E+00   1.05002E+00   5.39613E-01   1.16550E+00
 2.00250E+01   2.15998E+00   1.05004E+00   5.39700E-01   1.16574E+00
 2.00750E+01   2.16008E+00   1.05006E+00   5.39788E-01   1.16599E+00
 2.01250E+01   2.16019E+00   1.05009E+00   5.39877E-01   1.16624E+00
 2.01750E+01   2.16029E+00   1.05011E+00   5.39968E-01   1.16649E+00
 2.02250E+01   2.16040E+00   1.05014E+00   5.40060E-01   1.16674E+00
 2.02750E+01   2.16050E+00   1.05016E+00   5.40153E-01   1.16700E+00
 2.03250E+01   2.16061E+00   1.05019E+00   5.40248E-01   1.16726E+00
 2.03750E+01   2.16072E+00   1.05021E+00   5.40344E-01   1.16753E+00
 2.04250E+01   2.16082E+00   1.05024E+00   5.40442E-01   1.16780E+00
 2.04750E+01   2.16094E+00   1.05026E+00   5.40542E-01   1.16808E+00
 2.05250E+01   2.16105E+00   1.05029E+00   5.40642E-01   1.16836E+00
 2.05750E+01   2.16117E+00   1.05032E+00   5.40745E-01   1.16864E+00
 2.06250E+01   2.16129E+00   1.05034E+00   5.40850E-01   1.16893E+00
 2.06750E+01   2.16142E+00   1.05037E+00   5.40956E-01   1.16923E+00
 2.07250E+01   2.16155E+00   1.05040E+00   5.41064E-01   1.16954E+00
 2.07750E+01   2.16169E+00   1.05043E+00   5.41173E-01   1.16985E+00
 2.08250E+01   2.16184E+00   1.05046E+00   5.41285E-01   1.17017E+00
 2.08750E+01   2.16199E+00   1.05049E+00   5.41399E-01   1.17050E+00
 2.09250E+01   2.16215E+00   1.05052E+00   5.41515E-01   1.17083E+00
 2.09750E+01   2.16231E+00   1.05055E+00   5.41633E-01   1.17118E+00
 2.10250E+01   2.16248E+00   1.05058E+00   5.41753E-01   1.17153E+00
 2.10750E+01   2.16266E+00   1.05061E+00   5.41875E-01   1.17189E+00
 2.11250E+01   2.16285E+00   1.05064E+00   5.41999E-01   1.17226E+00
 2.11750E+01   2.16305E+00   1.05068E+00   5.42126E-01   1.17265E+00
 2.12250E+01   2.16326E+00   1.05071E+00   5.42255E-01   1.17304E+00
 2.12750E+01   2.16347E+00   1.05074E+00   5.42387E-01   1.17344E+00
 2.13250E+01   2.16370E+00   1.05078E+00   5.42521E-01   1.17385E+00
 2.13750E+01   2.16393E+00   1.05081E+00   5.42658E-01   1.17427E+00
 2.14250E+01   2.16418E+00   1.05085E+00   5.42797E-01   1.17471E+00
 2.14750E+01   2.16443E+00   1.05088E+00   5.42939E-01   1.17515E+00
 2.15250E+01   2.16470E+00   1.05092E+00   5.43084E-01   1.17561E+00
 2.15750E+01   2.16497E+00   1.05096E+00   5.43232E-01   1.17608E+00
 2.16250E+01   2.16525E+00   1.05100E+00   5.43382E-01   1.17656E+00
 2.16750E+01   2.16555E+00   1.05104E+00   5.43536E-01   1.17705E+00
 2.17250E+01   2.16585E+00   1.05108E+00   5.43692E-01   1.17755E+00
 2.17750E+01   2.16616E+00   1.05112E+00   5.43851E-01   1.17807E+00
 2.18250E+01   2.16649E+00   1.05116E+00   5.44013E-01   1.17860E+00
 2.18750E+01   2.16682E+00   1.05120E+00   5.44178E-01   1.17914E+00
 2.19250E+01   2.16717E+00   1.05125E+00   5.44346E-01   1.17969E+00
 2.19750E+01   2.16752E+00   1.05129E+00   5.44518E-01   1.18025E+00
 2.20250E+01   2.16788E+00   1.05134E+00   5.44692E-01   1.18083E+00
 2.20750E+01   2.16825E+00   1.05138E+00   5.44870E-01   1.18141E+00
 2.21250E+01   2.16863E+00   1.05143E+00   5.45050E-01   1.18201E+00
 2.21750E+01   2.16902E+00   1.05148E+00   5.45234E-01   1.18262E+00
 2.22250E+01   2.16942E+00   1.05152E+00   5.45421E-01   1.18325E+00
 2.22750E+01   2.16983E+00   1.05157E+00   5.45612E-01   1.18388E+00
 2.23250E+01   2.17024E+00   1.05162E+00   5.45805E-01   1.18453E+00
 2.23750E+01   2.17066E+00   1.05167E+00   5.46002E-01   1.18519E+00
 2.24250E+01   2.17109E+00   1.05172E+00   5.46203E-01   1.18586E+00
 2.24750E+01   2.17153E+00   1.05178E+00   5.46406E-01   1.18654E+00
 2.25250E+01   2.17197E+00   1.05183E+00   5.46612E-01   1.18723E+00
 2.25750E+01   2.17242E+00   1.05188E+00   5.46821E-01   1.18793E+00
 2.26250E+01   2.17288E+00   1.05194E+00   5.47034E-01   1.18864E+00
 2.26750E+01   2.17334E+00   1.05199E+00   5.47249E-01   1.18936E+00
 2.27250E+01   2.17380E+00   1.05205E+00   5.47467E-01   1.19009E+00
 2.27750E+01   2.17427E+00   1.05211E+00   5.47689E-01   1.19082E+00
 2.28250E+01   2.17475E+00   1.05217E+00   5.47913E-01   1.19157E+00
 2.28750E+01   2.17522E+00   1.05222E+00   5.48139E-01   1.19232E+00
 2.29250E+01   2.17570E+00   1.05228E+00   5.48368E-01   1.19309E+00
 2.29750E+01   2.17619E+00   1.05234E+00   5.48599E-01   1.19385E+00
 2.30250E+01   2.17667E+00   1.05241E+00   5.48833E-01   1.19463E+00
 2.30750E+01   2.17716E+00   1.05247E+00   5.49069E-01   1.19541E+00
 2.31250E+01   2.17765E+00   1.05253E+00   5.49307E-01   1.19620E+00
 2.31750E+01   2.17813E+00   1.05259E+00   5.49547E-01   1.19699E+00
 2.32250E+01   2.17862E+00   1.05265E+00   5.49789E-01   1.19778E+00
 2.32750E+01   2.17911E+00   1.05272E+00   5.50032E-01   1.19858E+00
 2.33250E+01   2.17960E+00   1.05278E+00   5.50276E-01   1.19938E+00
 2.33750E+01   2.18009E+00   1.05285E+00   5.50522E-01   1.20019E+00
 2.34250E+01   2.18057E+00   1.05291E+00   5.50769E-01   1.20099E+00
 2.34750E+01   2.18105E+00   1.05298E+00   5.51016E-01   1.20180E+00
 2.35250E+01   2.18153E+00   1.05304E+00   5.51263E-01   1.20260E+00
 2.35750E+01   2.18201E+00   1.05311E+00   5.51511E-01   1.20340E+00
 2.36250E+01   2.18248E+00   1.05317E+00   5.51758E-01   1.20420E+00
 2.36750E+01   2.18295E+00   1.05324E+00   5.52005E-01   1.20500E+00
 2.37250E+01   2.18341E+00   1.05330E+00   5.52251E-01   1.20579E+00
 2.37750E+01   2.18387E+00   1.05336E+00   5.52496E-01   1.20658E+00
 2.38250E+01   2.18432E+00   1.05343E+00   5.52740E-01   1.20736E+00
 2.38750E+01   2.18476E+00   1.05349E+00   5.52982E-01   1.20813E+00
 2.39250E+01   2.18520E+00   1.05356E+00   5.53222E-01   1.20890E+00
 2.39750E+01   2.18562E+00   1.05362E+00   5.53459E-01   1.20965E+00
 2.40250E+01   2.18604E+00   1.05368E+00   5.53693E-01   1.21040E+00
 2.40750E+01   2.18645E+00   1.05374E+00   5.53925E-01   1.21113E+00
 2.41250E+01   2.18685E+00   1.05381E+00   5.54152E-01   1.21185E+00
 2.41750E+01   2.18724E+00   1.05387E+00   5.54376E-01   1.21255E+00
 2.42250E+01   2.18762E+00   1.05393E+00   5.54595E-01   1.21324E+00
 2.42750E+01   2.18799E+00   1.05398E+00   5.54809E-01   1.21392E+00
 2.43250E+01   2.18834E+00   1.05404E+00   5.55018E-01   1.21457E+00
 2.43750E+01   2.18869E+00   1.05410E+00   5.55221E-01   1.21521E+00
 2.44250E+01   2.18902E+00   1.05415E+00   5.55419E-01   1.21582E+00
 2.44750E+01   2.18933E+00   1.05420E+00   5.55610E-01   1.21641E+00
 2.45250E+01   2.18963E+00   1.05425E+00   5.55794E-01   1.21698E+00
 2.45750E+01   2.18992E+00   1.05430E+00   5.55970E-01   1.21753E+00
 2.46250E+01   2.19019E+00   1.05435E+00   5.56140E-01   1.21805E+00
 2.46750E+01   2.19044E+00   1.05439E+00   5.56301E-01   1.21855E+00
 2.47250E+01   2.19068E+00   1.05443E+00   5.56453E-01   1.21901E+00
 2.47750E+01   2.19090E+00   1.05448E+00   5.56596E-01   1.21945E+00
 2.48250E+01   2.19110E+00   1.05451E+00   5.56729E-01   1.21985E+00
 2.48750E+01   2.19128E+00   1.05455E+00   5.56852E-01   1.22022E+00
 2.49250E+01   2.19145E+00   1.05458E+00   5.56966E-01   1.22056E+00
 2.49750E+01   2.19159E+00   1.05461E+00   5.57068E-01   1.22087E+00
 2.50250E+01   2.19172E+00   1.05464E+00   5.57159E-01   1.22114E+00
 2.50750E+01   2.19182E+00   1.05466E+00   5.57239E-01   1.22137E+00
 2.51250E+01   2.19190E+00   1.05469E+00   5.57307E-01   1.22156E+00
 2.51750E+01   2.19196E+00   1.05470E+00   5.57363E-01   1.22172E+00
 2.52250E+01   2.19200E+00   1.05472E+00   5.57406E-01   1.22183E+00
 2.52750E+01   2.19201E+00   1.05473E+00   5.57436E-01   1.22191E+00
 2.53250E+01   2.19200E+00   1.05474E+00   5.57453E-01   1.22194E+00
 2.53750E+01   2.19197E+00   1.05475E+00   5.57457E-01   1.22193E+00
 2.54250E+01   2.19192E+00   1.05475E+00   5.57447E-01   1.22188E+00
 2.54750E+01   2.19184E+00   1.05475E+00   5.57424E-01   1.22178E+00
 2.55250E+01   2.19174E+00   1.05474E+00   5.57386E-01   1.22164E+00
 2.55750E+01   2.19161E+00   1.05473E+00   5.57334E-01   1.22146E+00
 2.56250E+01   2.19146E+00   1.05472E+00   5.57268E-01   1.22123E+00
 2.56750E+01   2.19128E+00   1.05470E+00   5.57187E-01   1.22095E+00
 2.57250E+01   2.19108E+00   1.05468E+00   5.57092E-01   1.22063E+00
 2.57750E+01   2.19085E+00   1.05466E+00   5.56982E-01   1.22027E+00
 2.58250E+01   2.19060E+00   1.05463E+00   5.56858E-01   1.21986E+00
 2.58750E+01   2.19033E+00   1.05460E+00   5.56719E-01   1.21940E+00
 2.59250E+01   2.19003E+00   1.05456E+00   5.56567E-01   1.21890E+00
 2.59750E+01   2.18971E+00   1.05452E+00   5.56400E-01   1.21835E+00
 2.60250E+01   2.18936E+00   1.05448E+00   5.56219E-01   1.21776E+00
 2.60750E+01   2.18899E+00   1.05443E+00   5.56025E-01   1.21713E+00
 2.61250E+01   2.18859E+00   1.05438E+00   5.55817E-01   1.21646E+00
 2.61750E+01   2.18818E+00   1.05433E+00   5.55596E-01   1.21574E+00
 2.62250E+01   2.18774E+00   1.05427E+00   5.55362E-01   1.21499E+00
 2.62750E+01   2.18728E+00   1.05421E+00   5.55115E-01   1.21419E+00
 2.63250E+01   2.18680E+00   1.05415E+00   5.54856E-01   1.21336E+00
 2.63750E+01   2.18630E+00   1.05408E+00   5.54585E-01   1.21249E+00
 2.64250E+01   2.18578E+00   1.05401E+00   5.54303E-01   1.21158E+00
 2.64750E+01   2.18524E+00   1.05394E+00   5.54011E-01   1.21065E+00
 2.65250E+01   2.18468E+00   1.05386E+00   5.53708E-01   1.20968E+00
 2.65750E+01   2.18411E+00   1.05378E+00   5.53395E-01   1.20867E+00
 2.66250E+01   2.18352E+00   1.05370E+00   5.53072E-01   1.20764E+00
 2.66750E+01   2.18292E+00   1.05362E+00   5.52742E-01   1.20659E+00
 2.67250E+01   2.18230E+00   1.05353E+00   5.52403E-01   1.20551E+00
 2.67750E+01   2.18167E+00   1.05345E+00   5.52057E-01   1.20440E+00
 2.68250E+01   2.18102E+00   1.05336E+00   5.51704E-01   1.20328E+00
 2.68750E+01   2.18037E+00   1.05326E+00   5.51345E-01   1.20214E+00
 2.69250E+01   2.17971E+00   1.05317E+00   5.50980E-01   1.20098E+00
 2.69750E+01   2.17903E+00   1.05308E+00   5.50611E-01   1.19980E+00
 2.70250E+01   2.17836E+00   1.05298E+00   5.50238E-01   1.19861E+00
 2.70750E+01   2.17767E+00   1.05289E+00   5.49861E-01   1.19742E+00
 2.71250E+01   2.17698E+00   1.05279E+00   5.49482E-01   1.19621E+00
 2.71750E+01   2.17628E+00   1.05269E+00   5.49101E-01   1.19500E+00
 2.72250E+01   2.17559E+00   1.05260E+00   5.48718E-01   1.19378E+00
 2.72750E+01   2.17489E+00   1.05250E+00   5.48335E-01   1.19257E+00
 2.73250E+01   2.17419E+00   1.05240E+00   5.47951E-01   1.19135E+00
 2.73750E+01   2.17349E+00   1.05230E+00   5.47568E-01   1.19013E+00
 2.74250E+01   2.17279E+00   1.05220E+00   5.47186E-01   1.18892E+00
 2.74750E+01   2.17210E+00   1.05210E+00   5.46806E-01   1.18772E+00
 2.75250E+01   2.17141E+00   1.05201E+00   5.46429E-01   1.18652E+00
 2.75750E+01   2.17073E+00   1.05191E+00   5.46054E-01   1.18533E+00
 2.76250E+01   2.17005E+00   1.05182E+00   5.45683E-01   1.18416E+00
 2.76750E+01   2.16938E+00   1.05172E+00   5.45317E-01   1.18300E+00
 2.77250E+01   2.16871E+00   1.05163E+00   5.44954E-01   1.18185E+00
 2.77750E+01   2.16806E+00   1.05154E+00   5.44598E-01   1.18072E+00
 2.78250E+01   2.16741E+00   1.05144E+00   5.44246E-01   1.17961E+00
 2.78750E+01   2.16678E+00   1.05136E+00   5.43901E-01   1.17851E+00
 2.79250E+01   2.16615E+00   1.05127E+00   5.43562E-01   1.17744E+00
 2.79750E+01   2.16554E+00   1.05118E+00   5.43230E-01   1.17639E+00
 2.80250E+01   2.16494E+00   1.05110E+00   5.42905E-01   1.17536E+00
 2.80750E+01   2.16435E+00   1.05101E+00   5.42588E-01   1.17435E+00
 2.81250E+01   2.16378E+00   1.05093E+00   5.42278E-01   1.17337E+00
 2.81750E+01   2.16322E+00   1.05086E+00   5.41976E-01   1.17241E+00
 2.82250E+01   2.16267E+00   1.05078E+00   5.41683E-01   1.17148E+00
 2.82750E+01   2.16214E+00   1.05071E+00   5.41398E-01   1.17058E+00
 2.83250E+01   2.16163E+00   1.05063E+00   5.41121E-01   1.16970E+00
 2.83750E+01   2.16113E+00   1.05056E+00   5.40853E-01   1.16885E+00
 2.84250E+01   2.16064E+00   1.05050E+00   5.40594E-01   1.16803E+00
 2.84750E+01   2.16017E+00   1.05043E+00   5.40344E-01   1.16724E+00
 2.85250E+01   2.15972E+00   1.05037E+00   5.40103E-01   1.16647E+00
 2.85750E+01   2.15928E+00   1.05031E+00   5.39871E-01   1.16573E+00
 2.86250E+01   2.15886E+00   1.05025E+00   5.39648E-01   1.16502E+00
 2.86750E+01   2.15846E+00   1.05019E+00   5.39433E-01   1.16434E+00
 2.87250E+01   2.15807E+00   1.05014E+00   5.39228E-01   1.16369E+00
 2.87750E+01   2.15770E+00   1.05009E+00   5.39031E-01   1.16307E+00
 2.88250E+01   2.15734E+00   1.05004E+00   5.38843E-01   1.16247E+00
 2.88750E+01   2.15700E+00   1.04999E+00   5.38664E-01   1.16190E+00
 2.89250E+01   2.15668E+00   1.04995E+00   5.38494E-01   1.16136E+00
 2.89750E+01   2.15637E+00   1.04991E+00   5.38332E-01   1.16084E+00
 2.90250E+01   2.15608E+00   1.04987E+00   5.38178E-01   1.16035E+00
 2.90750E+01   2.15580E+00   1.04983E+00   5.38033E-01   1.15989E+00
 2.91250E+01   2.15554E+00   1.04979E+00   5.37896E-01   1.15945E+00
 2.91750E+01   2.15529E+00   1.04976E+00   5.37766E-01   1.15904E+00
 2.92250E+01   2.15506E+00   1.04973E+00   5.37644E-01   1.15866E+00
 2.92750E+01   2.15484E+00   1.04970E+00   5.37530E-01   1.15829E+00
 2.93250E+01   2.15464E+00   1.04967E+00   5.37424E-01   1.15796E+00
 2.93750E+01   2.15445E+00   1.04964E+00   5.37324E-01   1.15764E+00
 2.94250E+01   2.15428E+00   1.04962E+00   5.37232E-01   1.15735E+00
 2.94750E+01   2.15411E+00   1.04960E+00   5.37146E-01   1.15707E+00
 2.95250E+01   2.15397E+00   1.04958E+00   5.37067E-01   1.15682E+00
 2.95750E+01   2.15383E+00   1.04956E+00   5.36995E-01   1.15660E+00
 2.96250E+01   2.15371E+00   1.04954E+00   5.36929E-01   1.15639E+00
 2.96750E+01   2.15359E+00   1.04953E+00   5.36868E-01   1.15620E+00
 2.97250E+01   2.15349E+00   1.04951E+00   5.36814E-01   1.15603E+00
 2.97750E+01   2.15340E+00   1.04950E+00   5.36765E-01   1.15587E+00
 2.98250E+01   2.15333E+00   1.04949E+00   5.36722E-01   1.15574E+00
 2.98750E+01   2.15326E+00   1.04948E+00   5.36684E-01   1.15562E+00
 2.99250E+01   2.15320E+00   1.04947E+00   5.36651E-01   1.15552E+00
 2.99750E+01   2.15315E+00   1.04946E+00   5.36623E-01   1.15543E+00
 3.00250E+01   2.15312E+00   1.04946E+00   5.36600E-01   1.15536E+00
 3.00750E+01   2.15309E+00   1.04945E+00   5.36581E-01   1.15530E+00
 3.01250E+01   2.15306E+00   1.04945E+00   5.36567E-01   1.15526E+00
 3.01750E+01   2.15305E+00   1.04945E+00   5.36556E-01   1.15523E+00
 3.02250E+01   2.15305E+00   1.04944E+00   5.36550E-01   1.15522E+00
 3.02750E+01   2.15305E+00   1.04944E+00   5.36548E-01   1.15521E+00
 3.03250E+01   2.15306E+00   1.04944E+00   5.36549E-01   1.15522E+00
 3.03750E+01   2.15308E+00   1.04944E+00   5.36554E-01   1.15524E+00
 3.04250E+01   2.15310E+00   1.04945E+00   5.36562E-01   1.15527E+00
 3.04750E+01   2.15313E+00   1.04945E+00   5.36574E-01   1.15531E+00
 3.05250E+01   2.15317E+00   1.04945E+00   5.36588E-01   1.15537E+00
 3.05750E+01   2.15321E+00   1.04946E+00   5.36606E-01   1.15543E+00
 3.06250E+01   2.15326E+00   1.04946E+00   5.36627E-01   1.15550E+00
 3.06750E+01   2.15332E+00   1.04947E+00   5.36650E-01   1.15558E+00
 3.07250E+01   2.15338E+00   1.04947E+00   5.36676E-01   1.15567E+00
 3.07750E+01   2.15344E+00   1.04948E+00   5.36705E-01   1.15576E+00
 3.08250E+01   2.15351E+00   1.04949E+00   5.36736E-01   1.15586E+00
 3.08750E+01   2.15358E+00   1.04950E+00   5.36770E-01   1.15598E+00
 3.09250E+01   2.15365E+00   1.04950E+00   5.36806E-01   1.15609E+00
 3.09750E+01   2.15373E+00   1.04951E+00   5.36844E-01   1.15622E+00
 3.10250E+01   2.15381E+00   1.04952E+00   5.36883E-01   1.15635E+00
 3.10750E+01   2.15390E+00   1.04953E+00   5.36925E-01   1.15648E+00
 3.11250E+01   2.15399E+00   1.04954E+00   5.36969E-01   1.15662E+00
 3.11750E+01   2.15408E+00   1.04955E+00   5.37014E-01   1.15677E+00
 3.12250E+01   2.15417E+00   1.04957E+00   5.37061E-01   1.15692E+00
 3.12750E+01   2.15427E+00   1.04958E+00   5.37109E-01   1.15708E+00
 3.13250E+01   2.15437E+00   1.04959E+00   5.37160E-01   1.15724E+00
 3.13750E+01   2.15447E+00   1.04960E+00   5.37211E-01   1.15740E+00
 3.14250E+01   2.15457E+00   1.04962E+00   5.37264E-01   1.15757E+00
 3.14750E+01   2.15467E+00   1.04963E+00   5.37318E-01   1.15774E+00
 3.15250E+01   2.15478E+00   1.04964E+00   5.37374E-01   1.15792E+00
 3.15750E+01   2.15488E+00   1.04966E+00   5.37431E-01   1.15810E+00
 3.16250E+01   2.15499E+00   1.04967E+00   5.37488E-01   1.15828E+00
 3.16750E+01   2.15510E+00   1.04969E+00   5.37548E-01   1.15847E+00
 3.17250E+01   2.15521E+00   1.04970E+00   5.37608E-01   1.15866E+00
 3.17750E+01   2.15533E+00   1.04972E+00   5.37669E-01   1.15885E+00
 3.18250E+01   2.15544E+00   1.04974E+00   5.37731E-01   1.15905E+00
 3.18750E+01   2.15556E+00   1.04975E+00   5.37795E-01   1.15925E+00
 3.19250E+01   2.15567E+00   1.04977E+00   5.37859E-01   1.15945E+00
 3.19750E+01   2.15579E+00   1.04979E+00   5.37924E-01   1.15965E+00
 3.20250E+01   2.15591E+00   1.04980E+00   5.37991E-01   1.15986E+00
 3.20750E+01   2.15603E+00   1.04982E+00   5.38058E-01   1.16007E+00
 3.21250E+01   2.15616E+00   1.04984E+00   5.38126E-01   1.16028E+00
 3.21750E+01   2.15628E+00   1.04986E+00   5.38196E-01   1.16050E+00
 3.22250E+01   2.15640E+00   1.04988E+00   5.38266E-01   1.16072E+00
 3.22750E+01   2.15653E+00   1.04990E+00   5.38337E-01   1.16094E+00
 3.23250E+01   2.15666E+00   1.04992E+00   5.38408E-01   1.16116E+00
 3.23750E+01   2.15679E+00   1.04994E+00   5.38481E-01   1.16139E+00
 3.24250E+01   2.15691E+00   1.04996E+00   5.38554E-01   1.16162E+00
 3.24750E+01   2.15705E+00   1.04998E+00   5.38629E-01   1.16185E+00
 3.25250E+01   2.15718E+00   1.05000E+00   5.38704E-01   1.16208E+00
 3.25750E+01   2.15731E+00   1.05002E+00   5.38780E-01   1.16232E+00
 3.26250E+01   2.15745E+00   1.05004E+00   5.38857E-01   1.16256E+00
 3.26750E+01   2.15759E+00   1.05006E+00   5.38935E-01   1.16280E+00
 3.27250E+01   2.15773E+00   1.05008E+00   5.39014E-01   1.16305E+00
 3.27750E+01   2.15788E+00   1.05011E+00   5.39094E-01   1.16330E+00
 3.28250E+01   2.15802E+00   1.05013E+00   5.39175E-01   1.16355E+00
 3.28750E+01   2.15817E+00   1.05015E+00   5.39257E-01   1.16381E+00
 3.29250E+01   2.15832E+00   1.05018E+00   5.39341E-01   1.16407E+00
 3.29750E+01   2.15847E+00   1.05020E+00   5.39425E-01   1.16433E+00
 3.30250E+01   2.15863E+00   1.05022E+00   5.39511E-01   1.16460E+00
 3.30750E+01   2.15878E+00   1.05025E+00   5.39597E-01   1.16487E+00
 3.31250E+01   2.15894E+00   1.05027E+00   5.39685E-01   1.16515E+00
 3.31750E+01   2.15911E+00   1.05030E+00   5.39774E-01   1.16543E+00
 3.32250E+01   2.15927E+00   1.05033E+00   5.39864E-01   1.16571E+00
 3.32750E+01   2.15944E+00   1.05035E+00   5.39955E-01   1.16600E+00
 3.33250E+01   2.15962E+00   1.05038E+00   5.40048E-01   1.16630E+00
 3.33750E+01   2.15979E+00   1.05041E+00   5.40142E-01   1.16659E+00
 3.34250E+01   2.15997E+00   1.05043E+00   5.40237E-01   1.16690E+00
 3.34750E+01   2.16015E+00   1.05046E+00   5.40334E-01   1.16720E+00
 3.35250E+01   2.16034E+00   1.05049E+00   5.40432E-01   1.16752E+00
 3.35750E+01   2.16053E+00   1.05052E+00   5.40531E-01   1.16783E+00
 3.36250E+01   2.16072E+00   1.05055E+00   5.40633E-01   1.16816E+00
 3.36750E+01   2.16092E+00   1.05058E+00   5.40735E-01   1.16849E+00
 3.37250E+01   2.16112E+00   1.05061E+00   5.40840E-01   1.16882E+00
 3.37750E+01   2.16132E+00   1.05064E+00   5.40946E-01   1.16916E+00
 3.38250E+01   2.16153E+00   1.05067E+00   5.41054E-01   1.16951E+00
 3.38750E+01   2.16175E+00   1.05070E+00   5.41163E-01   1.16986E+00
 3.39250E+01   2.16196E+00   1.05073E+00   5.41275E-01   1.17022E+00
 3.39750E+01   2.16218E+00   1.05077E+00   5.41388E-01   1.17058E+00
 3.40250E+01   2.16241E+00   1.05080E+00   5.41503E-01   1.17095E+00
 3.40750E+01   2.16264E+00   1.05083E+00   5.41620E-01   1.17133E+00
 3.41250E+01   2.16287E+00   1.05086E+00   5.41740E-01   1.17171E+00
 3.41750E+01   2.16311E+00   1.05090E+00   5.41862E-01   1.17211E+00
 3.42250E+01   2.16335E+00   1.05093E+00   5.41986E-01   1.17251E+00
 3.42750E+01   2.16360E+00   1.05097E+00   5.42111E-01   1.17291E+00
 3.43250E+01   2.16385E+00   1.05100E+00   5.42239E-01   1.17332E+00
 3.43750E+01   2.16410E+00   1.05104E+00   5.42369E-01   1.17374E+00
 3.44250E+01   2.16436E+00   1.05108E+00   5.42501E-01   1.17417E+00
 3.44750E+01   2.16462E+00   1.05111E+00   5.42636E-01   1.17460E+00
 3.45250E+01   2.16489E+00   1.05115E+00   5.42773E-01   1.17504E+00
 3.45750E+01   2.16516E+00   1.05119E+00   5.42912E-01   1.17549E+00
 3.46250E+01   2.16543E+00   1.05123E+00   5.43053E-01   1.17594E+00
 3.46750E+01   2.16571E+00   1.05126E+00   5.43198E-01   1.17641E+00
 3.47250E+01   2.16599E+00   1.05130E+00   5.43344E-01   1.17688E+00
 3.47750E+01   2.16628E+00   1.05134E+00   5.43493E-01   1.17736E+00
 3.48250E+01   2.16657E+00   1.05138E+00   5.43645E-01   1.17784E+00
 3.48750E+01   2.16686E+00   1.05142E+00   5.43799E-01   1.17834E+00
 3.49250E+01   2.16716E+00   1.05147E+00   5.43955E-01   1.17884E+00
 3.49750E+01   2.16746E+00   1.05151E+00   5.44114E-01   1.17935E+00
 3.50250E+01   2.16777E+00   1.05155E+00   5.44276E-01   1.17986E+00
 3.50750E+01   2.16808E+00   1.05159E+00   5.44440E-01   1.18039E+00
 3.51250E+01   2.16839E+00   1.05163E+00   5.44606E-01   1.18092E+00
 3.51750E+01   2.16870E+00   1.05168E+00   5.44774E-01   1.18145E+00
 3.52250E+01   2.16902E+00   1.05172E+00   5.44945E-01   1.18200E+00
 3.52750E+01   2.16934E+00   1.05177E+00   5.45119E-01   1.18255E+00
 3.53250E+01   2.16967E+00   1.05181E+00   5.45295E-01   1.18311E+00
 3.53750E+01   2.17000E+00   1.05186E+00   5.45473E-01   1.18367E+00
 3.54250E+01   2.17033E+00   1.05190E+00   5.45653E-01   1.18425E+00
 3.54750E+01   2.17066E+00   1.05195E+00   5.45835E-01   1.18482E+00
 3.55250E+01   2.17100E+00   1.05199E+00   5.46020E-01   1.18541E+00
 3.55750E+01   2.17134E+00   1.05204E+00   5.46206E-01   1.18600E+00
 3.56250E+01   2.17168E+00   1.05209E+00   5.46395E-01   1.18659E+00
 3.56750E+01   2.17202E+00   1.05214E+00   5.46585E-01   1.18719E+00
 3.57250E+01   2.17237E+00   1.05219E+00   5.46777E-01   1.18780E+00
 3.57750E+01   2.17272E+00   1.05224E+00   5.46971E-01   1.18841E+00
 3.58250E+01   2.17306E+00   1.05228E+00   5.47166E-01   1.18903E+00
 3.58750E+01   2.17342E+00   1.05233E+00   5.47363E-01   1.18965E+00
 3.59250E+01   2.17377E+00   1.05238E+00   5.47561E-01   1.19027E+00
 3.59750E+01   2.17412E+00   1.05243E+00   5.47760E-01   1.19090E+00
 3.60250E+01   2.17448E+00   1.05248E+00   5.47961E-01   1.19153E+00
 3.60750E+01   2.17484E+00   1.05254E+00   5.48163E-01   1.19216E+00
 3.61250E+01   2.17519E+00   1.05259E+00   5.48365E-01   1.19280E+00
 3.61750E+01   2.17555E+00   1.05264E+00   5.48569E-01   1.19344E+00
 3.62250E+01   2.17591E+00   1.05269E+00   5.48773E-01   1.19408E+00
 3.62750E+01   2.17627E+00   1.05274E+00   5.48977E-01   1.19472E+00
 3.63250E+01   2.17663E+00   1.05279E+00   5.49182E-01   1.19536E+00
 3.63750E+01   2.17699E+00   1.05285E+00   5.49386E-01   1.19601E+00
 3.64250E+01   2.17735E+00   1.05290E+00   5.49590E-01   1.19665E+00
 3.64750E+01   2.17770E+00   1.05295E+00   5.49794E-01   1.19729E+00
 3.65250E+01   2.17806E+00   1.05300E+00   5.49998E-01   1.19793E+00
 3.65750E+01   2.17842E+00   1.05305E+00   5.50201E-01   1.19857E+00
 3.66250E+01   2.17877E+00   1.05311E+00   5.50403E-01   1.19920E+00
 3.66750E+01   2.17912E+00   1.05316E+00   5.50603E-01   1.19983E+00
 3.67250E+01   2.17947E+00   1.05321E+00   5.50803E-01   1.20046E+00
 3.67750E+01   2.17982E+00   1.05326E+00   5.51001E-01   1.20108E+00
 3.68250E+01   2.18016E+00   1.05331E+00   5.51197E-01   1.20170E+00
 3.68750E+01   2.18051E+00   1.05337E+00   5.51391E-01   1.20231E+00
 3.69250E+01   2.18084E+00   1.05342E+00   5.51583E-01   1.20292E+00
 3.69750E+01   2.18118E+00   1.05347E+00   5.51773E-01   1.20352E+00
 3.70250E+01   2.18151E+00   1.05352E+00   5.51959E-01   1.20411E+00
 3.70750E+01   2.18184E+00   1.05357E+00   5.52143E-01   1.20469E+00
 3.71250E+01   2.18216E+00   1.05362E+00   5.52323E-01   1.20526E+00
 3.71750E+01   2.18248E+00   1.05367E+00   5.52500E-01   1.20582E+00
 3.72250E+01   2.18279E+00   1.05371E+00   5.52674E-01   1.20637E+00
 3.72750E+01   2.18309E+00   1.05376E+00   5.52843E-01   1.20691E+00
 3.73250E+01   2.18339E+00   1.05381E+00   5.53008E-01   1.20743E+00
 3.73750E+01   2.18368E+00   1.05385E+00   5.53169E-01   1.20795E+00
 3.74250E+01   2.18397E+00   1.05390E+00   5.53325E-01   1.20844E+00
 3.74750E+01   2.18425E+00   1.05394E+00   5.53476E-01   1.20893E+00
 3.75250E+01   2.18451E+00   1.05398E+00   5.53622E-01   1.20940E+00
 3.75750E+01   2.18477E+00   1.05402E+00   5.53762E-01   1.20985E+00
 3.76250E+01   2.18502E+00   1.05407E+00   5.53897E-01   1.21028E+00
 3.76750E+01   2.18527E+00   1.05410E+00   5.54026E-01   1.21069E+00
 3.77250E+01   2.18550E+00   1.05414E+00   5.54148E-01   1.21109E+00
 3.77750E+01   2.18572E+00   1.05418E+00   5.54264E-01   1.21146E+00
 3.78250E+01   2.18593E+00   1.05421E+00   5.54373E-01   1.21182E+00
 3.78750E+01   2.18613E+00   1.05425E+00   5.54475E-01   1.21215E+00
 3.79250E+01   2.18631E+00   1.05428E+00   5.54570E-01   1.21246E+00
 3.79750E+01   2.18649E+00   1.05431E+00   5.54658E-01   1.21275E+00
 3.80250E+01   2.18665E+00   1.05434E+00   5.54738E-01   1.21302E+00
 3.80750E+01   2.18679E+00   1.05436E+00   5.54810E-01   1.21326E+00
 3.81250E+01   2.18693E+00   1.05439E+00   5.54875E-01   1.21347E+00
 3.81750E+01   2.18705E+00   1.05441E+00   5.54931E-01   1.21366E+00
 3.82250E+01   2.18715E+00   1.05443E+00   5.54978E-01   1.21382E+00
 3.82750E+01   2.18724E+00   1.05445E+00   5.55017E-01   1.21396E+00
 3.83250E+01   2.18731E+00   1.05447E+00   5.55047E-01   1.21406E+00
 3.83750E+01   2.18737E+00   1.05448E+00   5.55069E-01   1.21414E+00
 3.84250E+01   2.18741E+00   1.05449E+00   5.55081E-01   1.21419E+00
 3.84750E+01   2.18744E+00   1.05450E+00   5.55085E-01   1.21421E+00
 3.85250E+01   2.18745E+00   1.05451E+00   5.55079E-01   1.21420E+00
 3.85750E+01   2.18744E+00   1.05451E+00   5.55063E-01   1.21416E+00
 3.86250E+01   2.18741E+00   1.05452E+00   5.55037E-01   1.21409E+00
 3.86750E+01   2.18736E+00   1.05452E+00   5.55003E-01   1.21399E+00
 3.87250E+01   2.18730E+00   1.05451E+00   5.54958E-01   1.21386E+00
 3.87750E+01   2.18721E+00   1.05451E+00   5.54904E-01   1.21369E+00
 3.88250E+01   2.18711E+00   1.05450E+00   5.54839E-01   1.21349E+00
 3.88750E+01   2.18699E+00   1.05449E+00   5.54765E-01   1.21326E+00
 3.89250E+01   2.18685E+00   1.05448E+00   5.54681E-01   1.21300E+00
 3.89750E+01   2.18669E+00   1.05446E+00   5.54587E-01   1.21271E+00
 3.90250E+01   2.18651E+00   1.05444E+00   5.54484E-01   1.21238E+00
 3.90750E+01   2.18631E+00   1.05442E+00   5.54371E-01   1.21203E+00
 3.91250E+01   2.18609E+00   1.05440E+00   5.54248E-01   1.21164E+00
 3.91750E+01   2.18585E+00   1.05437E+00   5.54116E-01   1.21122E+00
 3.92250E+01   2.18560E+00   1.05434E+00   5.53974E-01   1.21077E+00
 3.92750E+01   2.18532E+00   1.05431E+00   5.53824E-01   1.21028E+00
 3.93250E+01   2.18503E+00   1.05427E+00   5.53664E-01   1.20977E+00
 3.93750E+01   2.18471E+00   1.05424E+00   5.53495E-01   1.20923E+00
 3.94250E+01   2.18438E+00   1.05420E+00   5.53318E-01   1.20866E+00
 3.94750E+01   2.18404E+00   1.05415E+00   5.53132E-01   1.20806E+00
 3.95250E+01   2.18367E+00   1.05411E+00   5.52939E-01   1.20743E+00
 3.95750E+01   2.18328E+00   1.05406E+00   5.52737E-01   1.20678E+00
 3.96250E+01   2.18288E+00   1.05401E+00   5.52527E-01   1.20610E+00
 3.96750E+01   2.18247E+00   1.05396E+00   5.52310E-01   1.20540E+00
 3.97250E+01   2.18203E+00   1.05390E+00   5.52086E-01   1.20467E+00
 3.97750E+01   2.18159E+00   1.05385E+00   5.51855E-01   1.20392E+00
 3.98250E+01   2.18113E+00   1.05379E+00   5.51618E-01   1.20315E+00
 3.98750E+01   2.18065E+00   1.05373E+00   5.51374E-01   1.20235E+00
 3.99250E+01   2.18016E+00   1.05367E+00   5.51125E-01   1.20154E+00
 3.99750E+01   2.17966E+00   1.05360E+00   5.50870E-01   1.20071E+00
 4.00250E+01   2.17915E+00   1.05354E+00   5.50611E-01   1.19986E+00
 4.00750E+01   2.17862E+00   1.05347E+00   5.50346E-01   1.19900E+00
 4.01250E+01   2.17809E+00   1.05340E+00   5.50077E-01   1.19812E+00
 4.01750E+01   2.17754E+00   1.05333E+00   5.49804E-01   1.19722E+00
 4.02250E+01   2.17699E+00   1.05326E+00   5.49528E-01   1.19632E+00
 4.02750E+01   2.17643E+00   1.05318E+00   5.49248E-01   1.19540E+00
 4.03250E+01   2.17586E+00   1.05311E+00   5.48966E-01   1.19448E+00
 4.03750E+01   2.17529E+00   1.05303E+00   5.48682E-01   1.19354E+00
 4.04250E+01   2.17471E+00   1.05296E+00   5.48396E-01   1.19260E+00
 4.04750E+01   2.17413E+00   1.05288E+00   5.48108E-01   1.19166E+00
 4.05250E+01   2.17354E+00   1.05280E+00   5.47819E-01   1.19071E+00
 4.05750E+01   2.17296E+00   1.05272E+00   5.47530E-01   1.18976E+00
 4.06250E+01   2.17237E+00   1.05265E+00   5.47240E-01   1.18881E+00
 4.06750E+01   2.17178E+00   1.05257E+00   5.46951E-01   1.18785E+00
 4.07250E+01   2.17118E+00   1.05249E+00   5.46661E-01   1.18690E+00
 4.07750E+01   2.17059E+00   1.05241E+00   5.46373E-01   1.18595E+00
 4.08250E+01   2.17001E+00   1.05233E+00   5.46085E-01   1.18501E+00
 4.08750E+01   2.16942E+00   1.05225E+00   5.45800E-01   1.18407E+00
 4.09250E+01   2.16884E+00   1.05218E+00   5.45516E-01   1.18314E+00
 4.09750E+01   2.16826E+00   1.05210E+00   5.45234E-01   1.18221E+00
 4.10250E+01   2.16769E+00   1.05202E+00   5.44955E-01   1.18129E+00
 4.10750E+01   2.16712E+00   1.05195E+00   5.44678E-01   1.18039E+00
 4.11250E+01   2.16657E+00   1.05187E+00   5.44405E-01   1.17949E+00
 4.11750E+01   2.16601E+00   1.05180E+00   5.44135E-01   1.17860E+00
 4.12250E+01   2.16547E+00   1.05172E+00   5.43868E-01   1.17773E+00
 4.12750E+01   2.16493E+00   1.05165E+00   5.43605E-01   1.17687E+00
 4.13250E+01   2.16441E+00   1.05158E+00   5.43347E-01   1.17602E+00
 4.13750E+01   2.16389E+00   1.05151E+00   5.43092E-01   1.17519E+00
 4.14250E+01   2.16339E+00   1.05144E+00   5.42842E-01   1.17438E+00
 4.14750E+01   2.16289E+00   1.05137E+00   5.42597E-01   1.17358E+00
 4.15250E+01   2.16241E+00   1.05131E+00   5.42357E-01   1.17280E+00
 4.15750E+01   2.16193E+00   1.05124E+00   5.42121E-01   1.17203E+00
 4.16250E+01   2.16147E+00   1.05118E+00   5.41890E-01   1.17128E+00
 4.16750E+01   2.16103E+00   1.05112E+00   5.41665E-01   1.17055E+00
 4.17250E+01   2.16059E+00   1.05106E+00   5.41445E-01   1.16984E+00
 4.17750E+01   2.16017E+00   1.05101E+00   5.41230E-01   1.16915E+00
 4.18250E+01   2.15976E+00   1.05095E+00   5.41020E-01   1.16847E+00
 4.18750E+01   2.15937E+00   1.05090E+00   5.40816E-01   1.16782E+00
 4.19250E+01   2.15899E+00   1.05084E+00   5.40617E-01   1.16719E+00
 4.19750E+01   2.15862E+00   1.05079E+00   5.40424E-01   1.16657E+00
 4.20250E+01   2.15827E+00   1.05075E+00   5.40236E-01   1.16597E+00
 4.20750E+01   2.15793E+00   1.05070E+00   5.40054E-01   1.16540E+00
 4.21250E+01   2.15761E+00   1.05066E+00   5.39878E-01   1.16484E+00
 4.21750E+01   2.15730E+00   1.05061E+00   5.39707E-01   1.16431E+00
 4.22250E+01   2.15700E+00   1.05057E+00   5.39541E-01   1.16379E+00
 4.22750E+01   2.15672E+00   1.05054E+00   5.39380E-01   1.16329E+00
 4.23250E+01   2.15645E+00   1.05050E+00   5.39226E-01   1.16282E+00
 4.23750E+01   2.15620E+00   1.05047E+00   5.39077E-01   1.16236E+00
 4.24250E+01   2.15596E+00   1.05043E+00   5.38933E-01   1.16192E+00
 4.24750E+01   2.15573E+00   1.05040E+00   5.38794E-01   1.16150E+00
 4.25250E+01   2.15552E+00   1.05037E+00   5.38660E-01   1.16109E+00
 4.25750E+01   2.15532E+00   1.05035E+00   5.38532E-01   1.16071E+00
 4.26250E+01   2.15514E+00   1.05032E+00   5.38409E-01   1.16035E+00
 4.26750E+01   2.15497E+00   1.05030E+00   5.38291E-01   1.16000E+00
 4.27250E+01   2.15481E+00   1.05028E+00   5.38179E-01   1.15967E+00
 4.27750E+01   2.15466E+00   1.05026E+00   5.38071E-01   1.15936E+00
 4.28250E+01   2.15453E+00   1.05024E+00   5.37968E-01   1.15907E+00
 4.28750E+01   2.15440E+00   1.05022E+00   5.37869E-01   1.15879E+00
 4.29250E+01   2.15429E+00   1.05021E+00   5.37775E-01   1.15853E+00
 4.29750E+01   2.15419E+00   1.05020E+00   5.37686E-01   1.15828E+00
 4.30250E+01   2.15410E+00   1.05019E+00   5.37602E-01   1.15805E+00
 4.30750E+01   2.15403E+00   1.05017E+00   5.37522E-01   1.15784E+00
 4.31250E+01   2.15396E+00   1.05017E+00   5.37447E-01   1.15764E+00
 4.31750E+01   2.15390E+00   1.05016E+00   5.37377E-01   1.15746E+00
 4.32250E+01   2.15385E+00   1.05015E+00   5.37311E-01   1.15729E+00
 4.32750E+01   2.15381E+00   1.05015E+00   5.37249E-01   1.15713E+00
 4.33250E+01   2.15378E+00   1.05014E+00   5.37192E-01   1.15699E+00
 4.33750E+01   2.15375E+00   1.05014E+00   5.37139E-01   1.15686E+00
 4.34250E+01   2.15374E+00   1.05014E+00   5.37090E-01   1.15675E+00
 4.34750E+01   2.15373E+00   1.05014E+00   5.37045E-01   1.15665E+00
 4.35250E+01   2.15373E+00   1.05014E+00   5.37004E-01   1.15656E+00
 4.35750E+01   2.15373E+00   1.05014E+00   5.36968E-01   1.15649E+00
 4.36250E+01   2.15375E+00   1.05015E+00   5.36936E-01   1.15642E+00
 4.36750E+01   2.15376E+00   1.05015E+00   5.36908E-01   1.15637E+00
 4.37250E+01   2.15379E+00   1.05015E+00   5.36884E-01   1.15633E+00
 4.37750E+01   2.15382E+00   1.05016E+00   5.36864E-01   1.15631E+00
 4.38250E+01   2.15385E+00   1.05016E+00   5.36848E-01   1.15629E+00
 4.38750E+01   2.15389E+00   1.05017E+00   5.36837E-01   1.15629E+00
 4.39250E+01   2.15393E+00   1.05018E+00   5.36829E-01   1.15629E+00
 4.39750E+01   2.15398E+00   1.05018E+00   5.36826E-01   1.15631E+00
 4.40250E+01   2.15403E+00   1.05019E+00   5.36827E-01   1.15634E+00
 4.40750E+01   2.15408E+00   1.05020E+00   5.36831E-01   1.15638E+00
 4.41250E+01   2.15414E+00   1.05021E+00   5.36840E-01   1.15643E+00
 4.41750E+01   2.15419E+00   1.05022E+00   5.36852E-01   1.15648E+00
 4.42250E+01   2.15425E+00   1.05023E+00   5.36869E-01   1.15655E+00
 4.42750E+01   2.15432E+00   1.05024E+00   5.36889E-01   1.15663E+00
 4.43250E+01   2.15438E+00   1.05025E+00   5.36913E-01   1.15672E+00
 4.43750E+01   2.15445E+00   1.05026E+00   5.36941E-01   1.15681E+00
 4.44250E+01   2.15452E+00   1.05027E+00   5.36973E-01   1.15692E+00
 4.44750E+01   2.15458E+00   1.05028E+00   5.37008E-01   1.15703E+00
 4.45250E+01   2.15465E+00   1.05029E+00   5.37046E-01   1.15715E+00
 4.45750E+01   2.15472E+00   1.05030E+00   5.37089E-01   1.15728E+00
 4.46250E+01   2.15479E+00   1.05031E+00   5.37135E-01   1.15741E+00
 4.46750E+01   2.15486E+00   1.05032E+00   5.37184E-01   1.15756E+00
 4.47250E+01   2.15494E+00   1.05034E+00   5.37237E-01   1.15771E+00
 4.47750E+01   2.15501E+00   1.05035E+00   5.37294E-01   1.15787E+00
 4.48250E+01   2.15508E+00   1.05036E+00   5.37354E-01   1.15804E+00
 4.48750E+01   2.15516E+00   1.05037E+00   5.37417E-01   1.15822E+00
 4.49250E+01   2.15523E+00   1.05038E+00   5.37483E-01   1.15840E+00
 4.49750E+01   2.15530E+00   1.05039E+00   5.37553E-01   1.15859E+00
 4.50250E+01   2.15538E+00   1.05041E+00   5.37625E-01   1.15879E+00
 4.50750E+01   2.15545E+00   1.05042E+00   5.37701E-01   1.15899E+00
 4.51250E+01   2.15553E+00   1.05043E+00   5.37780E-01   1.15920E+00
 4.51750E+01   2.15560E+00   1.05044E+00   5.37861E-01   1.15941E+00
 4.52250E+01   2.15568E+00   1.05045E+00   5.37945E-01   1.15964E+00
 4.52750E+01   2.15575E+00   1.05047E+00   5.38032E-01   1.15986E+00
 4.53250E+01   2.15583E+00   1.05048E+00   5.38122E-01   1.16010E+00
 4.53750E+01   2.15591E+00   1.05049E+00   5.38213E-01   1.16034E+00
 4.54250E+01   2.15599E+00   1.05050E+00   5.38308E-01   1.16059E+00
 4.54750E+01   2.15607E+00   1.05052E+00   5.38404E-01   1.16084E+00
 4.55250E+01   2.15615E+00   1.05053E+00   5.38503E-01   1.16109E+00
 4.55750E+01   2.15623E+00   1.05054E+00   5.38603E-01   1.16135E+00
 4.56250E+01   2.15632E+00   1.05056E+00   5.38706E-01   1.16162E+00
 4.56750E+01   2.15641E+00   1.05057E+00   5.38810E-01   1.16189E+00
 4.57250E+01   2.15650E+00   1.05059E+00   5.38916E-01   1.16217E+00
 4.57750E+01   2.15659E+00   1.05060E+00   5.39023E-01   1.16245E+00
 4.58250E+01   2.15668E+00   1.05062E+00   5.39132E-01   1.16273E+00
 4.58750E+01   2.15678E+00   1.05063E+00   5.39242E-01   1.16302E+00
 4.59250E+01   2.15687E+00   1.05065E+00   5.39353E-01   1.16332E+00
 4.59750E+01   2.15698E+00   1.05067E+00   5.39465E-01   1.16361E+00
 4.60250E+01   2.15708E+00   1.05068E+00   5.39579E-01   1.16392E+00
 4.60750E+01   2.15719E+00   1.05070E+00   5.39693E-01   1.16422E+00
 4.61250E+01   2.15730E+00   1.05072E+00   5.39808E-01   1.16453E+00
 4.61750E+01   2.15742E+00   1.05074E+00   5.39924E-01   1.16484E+00
 4.62250E+01   2.15754E+00   1.05076E+00   5.40040E-01   1.16516E+00
 4.62750E+01   2.15767E+00   1.05078E+00   5.40157E-01   1.16548E+00
 4.63250E+01   2.15780E+00   1.05080E+00   5.40274E-01   1.16580E+00
 4.63750E+01   2.15793E+00   1.05082E+00   5.40391E-01   1.16613E+00
 4.64250E+01   2.15807E+00   1.05084E+00   5.40508E-01   1.16646E+00
 4.64750E+01   2.15822E+00   1.05086E+00   5.40625E-01   1.16679E+00
 4.65250E+01   2.15837E+00   1.05089E+00   5.40742E-01   1.16712E+00
 4.65750E+01   2.15853E+00   1.05091E+00   5.40860E-01   1.16746E+00
 4.66250E+01   2.15869E+00   1.05094E+00   5.40977E-01   1.16780E+00
 4.66750E+01   2.15886E+00   1.05096E+00   5.41094E-01   1.16815E+00
 4.67250E+01   2.15904E+00   1.05099E+00   5.41211E-01   1.16849E+00
 4.67750E+01   2.15922E+00   1.05102E+00   5.41327E-01   1.16884E+00
 4.68250E+01   2.15940E+00   1.05105E+00   5.41443E-01   1.16919E+00
 4.68750E+01   2.15960E+00   1.05108E+00   5.41558E-01   1.16955E+00
 4.69250E+01   2.15980E+00   1.05111E+00   5.41673E-01   1.16991E+00
 4.69750E+01   2.16001E+00   1.05114E+00   5.41788E-01   1.17027E+00
 4.70250E+01   2.16022E+00   1.05117E+00   5.41901E-01   1.17063E+00
 4.70750E+01   2.16045E+00   1.05120E+00   5.42014E-01   1.17099E+00
 4.71250E+01   2.16068E+00   1.05124E+00   5.42127E-01   1.17136E+00
 4.71750E+01   2.16091E+00   1.05128E+00   5.42239E-01   1.17173E+00
 4.72250E+01   2.16116E+00   1.05131E+00   5.42351E-01   1.17210E+00
 4.72750E+01   2.16141E+00   1.05135E+00   5.42462E-01   1.17248E+00
 4.73250E+01   2.16166E+00   1.05139E+00   5.42572E-01   1.17286E+00
 4.73750E+01   2.16193E+00   1.05143E+00   5.42682E-01   1.17324E+00
 4.74250E+01   2.16220E+00   1.05147E+00   5.42791E-01   1.17362E+00
 4.74750E+01   2.16248E+00   1.05151E+00   5.42900E-01   1.17401E+00
 4.75250E+01   2.16276E+00   1.05156E+00   5.43009E-01   1.17440E+00
 4.75750E+01   2.16305E+00   1.05160E+00   5.43118E-01   1.17479E+00
 4.76250E+01   2.16335E+00   1.05165E+00   5.43226E-01   1.17519E+00
 4.76750E+01   2.16364E+00   1.05170E+00   5.43335E-01   1.17558E+00
 4.77250E+01   2.16395E+00   1.05175E+00   5.43444E-01   1.17598E+00
 4.77750E+01   2.16425E+00   1.05180E+00   5.43552E-01   1.17638E+00
 4.78250E+01   2.16456E+00   1.05186E+00   5.43661E-01   1.17679E+00
 4.78750E+01   2.16487E+00   1.05192E+00   5.43770E-01   1.17719E+00
 4.79250E+01   2.16518E+00   1.05198E+00   5.43880E-01   1.17760E+00
 4.79750E+01   2.16548E+00   1.05205E+00   5.43991E-01   1.17800E+00
 4.80250E+01   2.16578E+00   1.05212E+00   5.44104E-01   1.17841E+00
 4.80750E+01   2.16607E+00   1.05221E+00   5.44220E-01   1.17882E+00
 4.81250E+01   2.16635E+00   1.05230E+00   5.44340E-01   1.17923E+00
 4.81750E+01   2.16660E+00   1.05240E+00   5.44465E-01   1.17964E+00
 4.82250E+01   2.16682E+00   1.05252E+00   5.44596E-01   1.18004E+00
 4.82750E+01   2.16701E+00   1.05266E+00   5.44735E-01   1.18045E+00
 4.83250E+01   2.16714E+00   1.05283E+00   5.44884E-01   1.18084E+00
 4.83750E+01   2.16721E+00   1.05303E+00   5.45046E-01   1.18123E+00
 4.84250E+01   2.16718E+00   1.05328E+00   5.45226E-01   1.18160E+00
 4.84750E+01   2.16703E+00   1.05358E+00   5.45429E-01   1.18196E+00
 4.85250E+01   2.16672E+00   1.05396E+00   5.45660E-01   1.18229E+00
 4.85750E+01   2.16621E+00   1.05444E+00   5.45928E-01   1.18260E+00
 4.86250E+01   2.16543E+00   1.05504E+00   5.46244E-01   1.18286E+00
 4.86750E+01   2.16431E+00   1.05580E+00   5.46622E-01   1.18306E+00
 4.87250E+01   2.16274E+00   1.05677E+00   5.47079E-01   1.18319E+00
 4.87750E+01   2.16062E+00   1.05801E+00   5.47643E-01   1.18325E+00
 4.88250E+01   2.15788E+00   1.05961E+00   5.48370E-01   1.18331E+00
 4.88750E+01   2.15484E+00   1.06168E+00   5.49433E-01   1.18394E+00
 4.89250E+01   2.15425E+00   1.06443E+00   5.51631E-01   1.18835E+00
 4.89750E+01   2.17240E+00   1.06834E+00   5.59119E-01   1.21463E+00
