      xx/10.          rhoa          temp           vel      vel*rhoa
         [-]           [-]           [-]           [-]           [-]
 1.02500E+00   2.64810E+00   9.37408E-01   4.51721E-01   1.19620E+00
 1.07500E+00   2.64656E+00   9.37929E-01   4.51713E-01   1.19548E+00
 1.12500E+00   2.64562E+00   9.38720E-01   4.51371E-01   1.19415E+00
 1.17500E+00   2.64451E+00   9.39784E-01   4.50911E-01   1.19244E+00
 1.22500E+00   2.64274E+00   9.41139E-01   4.50463E-01   1.19046E+00
 1.27500E+00   2.63996E+00   9.42812E-01   4.50108E-01   1.18827E+00
 1.32500E+00   2.63592E+00   9.44830E-01   4.49902E-01   1.18590E+00
 1.37500E+00   2.63041E+00   9.47221E-01   4.49885E-01   1.18338E+00
 1.42500E+00   2.62330E+00   9.50008E-01   4.50087E-01   1.18072E+00
 1.47500E+00   2.61449E+00   9.53202E-01   4.50535E-01   1.17792E+00
 1.52500E+00   2.60393E+00   9.56806E-01   4.51247E-01   1.17502E+00
 1.57500E+00   2.59164E+00   9.60810E-01   4.52238E-01   1.17204E+00
 1.62500E+00   2.57769E+00   9.65186E-01   4.53516E-01   1.16902E+00
 1.67500E+00   2.56222E+00   9.69892E-01   4.55082E-01   1.16602E+00
 1.72500E+00   2.54541E+00   9.74872E-01   4.56932E-01   1.16308E+00
 1.77500E+00   2.52753E+00   9.80055E-01   4.59053E-01   1.16027E+00
 1.82500E+00   2.50885E+00   9.85361E-01   4.61423E-01   1.15764E+00
 1.87500E+00   2.48969E+00   9.90704E-01   4.64014E-01   1.15525E+00
 1.92500E+00   2.47038E+00   9.95997E-01   4.66793E-01   1.15316E+00
 1.97500E+00   2.45122E+00   1.00115E+00   4.69721E-01   1.15139E+00
 2.02500E+00   2.43250E+00   1.00610E+00   4.72754E-01   1.14998E+00
 2.07500E+00   2.41450E+00   1.01078E+00   4.75853E-01   1.14894E+00
 2.12500E+00   2.39740E+00   1.01513E+00   4.78975E-01   1.14829E+00
 2.17500E+00   2.38136E+00   1.01912E+00   4.82084E-01   1.14802E+00
 2.22500E+00   2.36651E+00   1.02274E+00   4.85148E-01   1.14811E+00
 2.27500E+00   2.35288E+00   1.02598E+00   4.88141E-01   1.14854E+00
 2.32500E+00   2.34051E+00   1.02885E+00   4.91044E-01   1.14929E+00
 2.37500E+00   2.32937E+00   1.03137E+00   4.93842E-01   1.15034E+00
 2.42500E+00   2.31942E+00   1.03354E+00   4.96529E-01   1.15166E+00
 2.47500E+00   2.31061E+00   1.03542E+00   4.99100E-01   1.15323E+00
 2.52500E+00   2.30285E+00   1.03700E+00   5.01559E-01   1.15502E+00
 2.57500E+00   2.29607E+00   1.03834E+00   5.03909E-01   1.15701E+00
 2.62500E+00   2.29020E+00   1.03945E+00   5.06156E-01   1.15920E+00
 2.67500E+00   2.28516E+00   1.04036E+00   5.08310E-01   1.16157E+00
 2.72500E+00   2.28087E+00   1.04108E+00   5.10379E-01   1.16411E+00
 2.77500E+00   2.27729E+00   1.04165E+00   5.12374E-01   1.16682E+00
 2.82500E+00   2.27434E+00   1.04207E+00   5.14304E-01   1.16971E+00
 2.87500E+00   2.27199E+00   1.04236E+00   5.16179E-01   1.17276E+00
 2.92500E+00   2.27019E+00   1.04253E+00   5.18008E-01   1.17598E+00
 2.97500E+00   2.26890E+00   1.04259E+00   5.19798E-01   1.17937E+00
 3.02500E+00   2.26810E+00   1.04256E+00   5.21557E-01   1.18294E+00
 3.07500E+00   2.26775E+00   1.04243E+00   5.23291E-01   1.18669E+00
 3.12500E+00   2.26783E+00   1.04221E+00   5.25007E-01   1.19063E+00
 3.17500E+00   2.26830E+00   1.04192E+00   5.26709E-01   1.19474E+00
 3.22500E+00   2.26915E+00   1.04155E+00   5.28401E-01   1.19902E+00
 3.27500E+00   2.27034E+00   1.04111E+00   5.30083E-01   1.20347E+00
 3.32500E+00   2.27183E+00   1.04061E+00   5.31758E-01   1.20806E+00
 3.37500E+00   2.27359E+00   1.04005E+00   5.33426E-01   1.21279E+00
 3.42500E+00   2.27556E+00   1.03946E+00   5.35085E-01   1.21762E+00
 3.47500E+00   2.27770E+00   1.03883E+00   5.36733E-01   1.22252E+00
 3.52500E+00   2.27994E+00   1.03818E+00   5.38367E-01   1.22744E+00
 3.57500E+00   2.28221E+00   1.03753E+00   5.39982E-01   1.23235E+00
 3.62500E+00   2.28444E+00   1.03689E+00   5.41572E-01   1.23719E+00
 3.67500E+00   2.28656E+00   1.03628E+00   5.43133E-01   1.24190E+00
 3.72500E+00   2.28847E+00   1.03572E+00   5.44657E-01   1.24643E+00
 3.77500E+00   2.29010E+00   1.03522E+00   5.46138E-01   1.25071E+00
 3.82500E+00   2.29138E+00   1.03481E+00   5.47569E-01   1.25469E+00
 3.87500E+00   2.29223E+00   1.03449E+00   5.48944E-01   1.25831E+00
 3.92500E+00   2.29260E+00   1.03429E+00   5.50257E-01   1.26152E+00
 3.97500E+00   2.29243E+00   1.03420E+00   5.51501E-01   1.26428E+00
 4.02500E+00   2.29170E+00   1.03425E+00   5.52670E-01   1.26655E+00
 4.07500E+00   2.29038E+00   1.03443E+00   5.53762E-01   1.26832E+00
 4.12500E+00   2.28847E+00   1.03474E+00   5.54771E-01   1.26958E+00
 4.17500E+00   2.28599E+00   1.03518E+00   5.55694E-01   1.27031E+00
 4.22500E+00   2.28297E+00   1.03574E+00   5.56528E-01   1.27054E+00
 4.27500E+00   2.27946E+00   1.03640E+00   5.57272E-01   1.27028E+00
 4.32500E+00   2.27550E+00   1.03716E+00   5.57923E-01   1.26955E+00
 4.37500E+00   2.27117E+00   1.03799E+00   5.58482E-01   1.26841E+00
 4.42500E+00   2.26653E+00   1.03887E+00   5.58949E-01   1.26688E+00
 4.47500E+00   2.26167E+00   1.03979E+00   5.59325E-01   1.26501E+00
 4.52500E+00   2.25664E+00   1.04074E+00   5.59609E-01   1.26284E+00
 4.57500E+00   2.25153E+00   1.04168E+00   5.59805E-01   1.26042E+00
 4.62500E+00   2.24640E+00   1.04261E+00   5.59914E-01   1.25779E+00
 4.67500E+00   2.24131E+00   1.04351E+00   5.59939E-01   1.25500E+00
 4.72500E+00   2.23631E+00   1.04436E+00   5.59884E-01   1.25207E+00
 4.77500E+00   2.23144E+00   1.04517E+00   5.59752E-01   1.24905E+00
 4.82500E+00   2.22674E+00   1.04592E+00   5.59547E-01   1.24597E+00
 4.87500E+00   2.22223E+00   1.04661E+00   5.59274E-01   1.24283E+00
 4.92500E+00   2.21792E+00   1.04724E+00   5.58938E-01   1.23968E+00
 4.97500E+00   2.21384E+00   1.04779E+00   5.58542E-01   1.23652E+00
 5.02500E+00   2.20998E+00   1.04829E+00   5.58093E-01   1.23337E+00
 5.07500E+00   2.20634E+00   1.04872E+00   5.57595E-01   1.23024E+00
 5.12500E+00   2.20291E+00   1.04909E+00   5.57054E-01   1.22714E+00
 5.17500E+00   2.19970E+00   1.04941E+00   5.56475E-01   1.22408E+00
 5.22500E+00   2.19667E+00   1.04968E+00   5.55864E-01   1.22105E+00
 5.27500E+00   2.19382E+00   1.04991E+00   5.55225E-01   1.21807E+00
 5.32500E+00   2.19113E+00   1.05010E+00   5.54565E-01   1.21513E+00
 5.37500E+00   2.18857E+00   1.05027E+00   5.53889E-01   1.21223E+00
 5.42500E+00   2.18613E+00   1.05041E+00   5.53205E-01   1.20938E+00
 5.47500E+00   2.18380E+00   1.05054E+00   5.52518E-01   1.20659E+00
 5.52500E+00   2.18157E+00   1.05064E+00   5.51832E-01   1.20386E+00
 5.57500E+00   2.17944E+00   1.05073E+00   5.51150E-01   1.20120E+00
 5.62500E+00   2.17742E+00   1.05079E+00   5.50474E-01   1.19861E+00
 5.67500E+00   2.17550E+00   1.05084E+00   5.49806E-01   1.19610E+00
 5.72500E+00   2.17367E+00   1.05087E+00   5.49148E-01   1.19367E+00
 5.77500E+00   2.17194E+00   1.05089E+00   5.48501E-01   1.19131E+00
 5.82500E+00   2.17030E+00   1.05089E+00   5.47866E-01   1.18903E+00
 5.87500E+00   2.16874E+00   1.05088E+00   5.47245E-01   1.18683E+00
 5.92500E+00   2.16728E+00   1.05085E+00   5.46638E-01   1.18472E+00
 5.97500E+00   2.16590E+00   1.05082E+00   5.46047E-01   1.18268E+00
 6.02500E+00   2.16461E+00   1.05078E+00   5.45471E-01   1.18073E+00
 6.07500E+00   2.16340E+00   1.05073E+00   5.44913E-01   1.17886E+00
 6.12500E+00   2.16226E+00   1.05068E+00   5.44371E-01   1.17707E+00
 6.17500E+00   2.16121E+00   1.05062E+00   5.43846E-01   1.17537E+00
 6.22500E+00   2.16023E+00   1.05056E+00   5.43340E-01   1.17374E+00
 6.27500E+00   2.15932E+00   1.05049E+00   5.42851E-01   1.17219E+00
 6.32500E+00   2.15848E+00   1.05042E+00   5.42380E-01   1.17072E+00
 6.37500E+00   2.15771E+00   1.05035E+00   5.41927E-01   1.16932E+00
 6.42500E+00   2.15701E+00   1.05028E+00   5.41491E-01   1.16800E+00
 6.47500E+00   2.15638E+00   1.05021E+00   5.41074E-01   1.16676E+00
 6.52500E+00   2.15580E+00   1.05014E+00   5.40674E-01   1.16559E+00
 6.57500E+00   2.15529E+00   1.05007E+00   5.40292E-01   1.16449E+00
 6.62500E+00   2.15484E+00   1.05000E+00   5.39928E-01   1.16346E+00
 6.67500E+00   2.15445E+00   1.04994E+00   5.39580E-01   1.16250E+00
 6.72500E+00   2.15411E+00   1.04987E+00   5.39250E-01   1.16160E+00
 6.77500E+00   2.15382E+00   1.04981E+00   5.38936E-01   1.16077E+00
 6.82500E+00   2.15358E+00   1.04975E+00   5.38637E-01   1.16000E+00
 6.87500E+00   2.15339E+00   1.04969E+00   5.38355E-01   1.15929E+00
 6.92500E+00   2.15325E+00   1.04964E+00   5.38088E-01   1.15864E+00
 6.97500E+00   2.15315E+00   1.04958E+00   5.37836E-01   1.15804E+00
 7.02500E+00   2.15309E+00   1.04953E+00   5.37598E-01   1.15750E+00
 7.07500E+00   2.15307E+00   1.04949E+00   5.37375E-01   1.15701E+00
 7.12500E+00   2.15308E+00   1.04944E+00   5.37165E-01   1.15656E+00
 7.17500E+00   2.15312E+00   1.04940E+00   5.36969E-01   1.15616E+00
 7.22500E+00   2.15319E+00   1.04936E+00   5.36785E-01   1.15580E+00
 7.27500E+00   2.15328E+00   1.04933E+00   5.36614E-01   1.15548E+00
 7.32500E+00   2.15340E+00   1.04930E+00   5.36454E-01   1.15520E+00
 7.37500E+00   2.15353E+00   1.04926E+00   5.36305E-01   1.15495E+00
 7.42500E+00   2.15368E+00   1.04924E+00   5.36168E-01   1.15473E+00
 7.47500E+00   2.15383E+00   1.04921E+00   5.36042E-01   1.15454E+00
 7.52500E+00   2.15400E+00   1.04919E+00   5.35926E-01   1.15438E+00
 7.57500E+00   2.15416E+00   1.04916E+00   5.35819E-01   1.15424E+00
 7.62500E+00   2.15433E+00   1.04914E+00   5.35723E-01   1.15412E+00
 7.67500E+00   2.15449E+00   1.04913E+00   5.35635E-01   1.15402E+00
 7.72500E+00   2.15465E+00   1.04911E+00   5.35557E-01   1.15394E+00
 7.77500E+00   2.15481E+00   1.04910E+00   5.35487E-01   1.15387E+00
 7.82500E+00   2.15495E+00   1.04908E+00   5.35426E-01   1.15381E+00
 7.87500E+00   2.15507E+00   1.04907E+00   5.35374E-01   1.15377E+00
 7.92500E+00   2.15518E+00   1.04906E+00   5.35330E-01   1.15374E+00
 7.97500E+00   2.15528E+00   1.04905E+00   5.35294E-01   1.15371E+00
 8.02500E+00   2.15536E+00   1.04904E+00   5.35265E-01   1.15369E+00
 8.07500E+00   2.15541E+00   1.04903E+00   5.35243E-01   1.15367E+00
 8.12500E+00   2.15545E+00   1.04902E+00   5.35227E-01   1.15365E+00
 8.17500E+00   2.15546E+00   1.04901E+00   5.35217E-01   1.15364E+00
 8.22500E+00   2.15544E+00   1.04900E+00   5.35213E-01   1.15362E+00
 8.27500E+00   2.15540E+00   1.04899E+00   5.35214E-01   1.15360E+00
 8.32500E+00   2.15533E+00   1.04898E+00   5.35220E-01   1.15358E+00
 8.37500E+00   2.15524E+00   1.04897E+00   5.35230E-01   1.15355E+00
 8.42500E+00   2.15513E+00   1.04896E+00   5.35245E-01   1.15352E+00
 8.47500E+00   2.15499E+00   1.04895E+00   5.35263E-01   1.15349E+00
 8.52500E+00   2.15483E+00   1.04894E+00   5.35285E-01   1.15345E+00
 8.57500E+00   2.15465E+00   1.04893E+00   5.35311E-01   1.15341E+00
 8.62500E+00   2.15445E+00   1.04892E+00   5.35340E-01   1.15336E+00
 8.67500E+00   2.15423E+00   1.04891E+00   5.35372E-01   1.15331E+00
 8.72500E+00   2.15400E+00   1.04891E+00   5.35407E-01   1.15326E+00
 8.77500E+00   2.15375E+00   1.04890E+00   5.35444E-01   1.15321E+00
 8.82500E+00   2.15349E+00   1.04889E+00   5.35484E-01   1.15316E+00
 8.87500E+00   2.15322E+00   1.04888E+00   5.35526E-01   1.15311E+00
 8.92500E+00   2.15295E+00   1.04887E+00   5.35571E-01   1.15306E+00
 8.97500E+00   2.15268E+00   1.04886E+00   5.35618E-01   1.15301E+00
 9.02500E+00   2.15240E+00   1.04885E+00   5.35667E-01   1.15297E+00
 9.07500E+00   2.15213E+00   1.04885E+00   5.35717E-01   1.15293E+00
 9.12500E+00   2.15186E+00   1.04884E+00   5.35770E-01   1.15290E+00
 9.17500E+00   2.15160E+00   1.04883E+00   5.35824E-01   1.15288E+00
 9.22500E+00   2.15134E+00   1.04882E+00   5.35879E-01   1.15286E+00
 9.27500E+00   2.15110E+00   1.04882E+00   5.35936E-01   1.15285E+00
 9.32500E+00   2.15087E+00   1.04881E+00   5.35994E-01   1.15285E+00
 9.37500E+00   2.15065E+00   1.04881E+00   5.36054E-01   1.15287E+00
 9.42500E+00   2.15045E+00   1.04880E+00   5.36115E-01   1.15289E+00
 9.47500E+00   2.15027E+00   1.04880E+00   5.36177E-01   1.15293E+00
 9.52500E+00   2.15011E+00   1.04880E+00   5.36240E-01   1.15297E+00
 9.57500E+00   2.14997E+00   1.04879E+00   5.36304E-01   1.15304E+00
 9.62500E+00   2.14985E+00   1.04879E+00   5.36370E-01   1.15311E+00
 9.67500E+00   2.14975E+00   1.04879E+00   5.36436E-01   1.15320E+00
 9.72500E+00   2.14967E+00   1.04879E+00   5.36503E-01   1.15330E+00
 9.77500E+00   2.14961E+00   1.04879E+00   5.36571E-01   1.15342E+00
 9.82500E+00   2.14958E+00   1.04879E+00   5.36640E-01   1.15355E+00
 9.87500E+00   2.14957E+00   1.04879E+00   5.36710E-01   1.15370E+00
 9.92500E+00   2.14959E+00   1.04879E+00   5.36780E-01   1.15385E+00
 9.97500E+00   2.14962E+00   1.04879E+00   5.36851E-01   1.15403E+00
 1.00250E+01   2.14968E+00   1.04880E+00   5.36923E-01   1.15421E+00
 1.00750E+01   2.14977E+00   1.04880E+00   5.36996E-01   1.15442E+00
 1.01250E+01   2.14987E+00   1.04881E+00   5.37069E-01   1.15463E+00
 1.01750E+01   2.15000E+00   1.04881E+00   5.37142E-01   1.15486E+00
 1.02250E+01   2.15015E+00   1.04882E+00   5.37216E-01   1.15510E+00
 1.02750E+01   2.15032E+00   1.04882E+00   5.37291E-01   1.15535E+00
 1.03250E+01   2.15051E+00   1.04883E+00   5.37366E-01   1.15561E+00
 1.03750E+01   2.15072E+00   1.04884E+00   5.37442E-01   1.15589E+00
 1.04250E+01   2.15095E+00   1.04885E+00   5.37519E-01   1.15618E+00
 1.04750E+01   2.15120E+00   1.04886E+00   5.37595E-01   1.15647E+00
 1.05250E+01   2.15146E+00   1.04887E+00   5.37673E-01   1.15678E+00
 1.05750E+01   2.15174E+00   1.04888E+00   5.37750E-01   1.15710E+00
 1.06250E+01   2.15203E+00   1.04890E+00   5.37828E-01   1.15742E+00
 1.06750E+01   2.15234E+00   1.04891E+00   5.37905E-01   1.15775E+00
 1.07250E+01   2.15265E+00   1.04893E+00   5.37983E-01   1.15809E+00
 1.07750E+01   2.15298E+00   1.04895E+00   5.38061E-01   1.15844E+00
 1.08250E+01   2.15332E+00   1.04897E+00   5.38138E-01   1.15878E+00
 1.08750E+01   2.15366E+00   1.04899E+00   5.38216E-01   1.15913E+00
 1.09250E+01   2.15400E+00   1.04901E+00   5.38292E-01   1.15948E+00
 1.09750E+01   2.15435E+00   1.04904E+00   5.38368E-01   1.15983E+00
 1.10250E+01   2.15470E+00   1.04907E+00   5.38444E-01   1.16018E+00
 1.10750E+01   2.15505E+00   1.04910E+00   5.38519E-01   1.16053E+00
 1.11250E+01   2.15539E+00   1.04913E+00   5.38594E-01   1.16088E+00
 1.11750E+01   2.15574E+00   1.04917E+00   5.38668E-01   1.16123E+00
 1.12250E+01   2.15608E+00   1.04921E+00   5.38743E-01   1.16157E+00
 1.12750E+01   2.15643E+00   1.04925E+00   5.38818E-01   1.16192E+00
 1.13250E+01   2.15677E+00   1.04930E+00   5.38894E-01   1.16227E+00
 1.13750E+01   2.15712E+00   1.04934E+00   5.38969E-01   1.16262E+00
 1.14250E+01   2.15746E+00   1.04938E+00   5.39046E-01   1.16297E+00
 1.14750E+01   2.15779E+00   1.04943E+00   5.39123E-01   1.16332E+00
 1.15250E+01   2.15813E+00   1.04947E+00   5.39200E-01   1.16366E+00
 1.15750E+01   2.15846E+00   1.04952E+00   5.39278E-01   1.16401E+00
 1.16250E+01   2.15879E+00   1.04956E+00   5.39357E-01   1.16436E+00
 1.16750E+01   2.15910E+00   1.04961E+00   5.39437E-01   1.16470E+00
 1.17250E+01   2.15942E+00   1.04965E+00   5.39517E-01   1.16504E+00
 1.17750E+01   2.15972E+00   1.04969E+00   5.39599E-01   1.16538E+00
 1.18250E+01   2.16002E+00   1.04974E+00   5.39682E-01   1.16572E+00
 1.18750E+01   2.16031E+00   1.04978E+00   5.39765E-01   1.16606E+00
 1.19250E+01   2.16058E+00   1.04982E+00   5.39850E-01   1.16639E+00
 1.19750E+01   2.16085E+00   1.04986E+00   5.39936E-01   1.16672E+00
 1.20250E+01   2.16110E+00   1.04990E+00   5.40023E-01   1.16705E+00
 1.20750E+01   2.16135E+00   1.04994E+00   5.40111E-01   1.16737E+00
 1.21250E+01   2.16158E+00   1.04998E+00   5.40202E-01   1.16769E+00
 1.21750E+01   2.16180E+00   1.05002E+00   5.40293E-01   1.16800E+00
 1.22250E+01   2.16201E+00   1.05006E+00   5.40386E-01   1.16832E+00
 1.22750E+01   2.16220E+00   1.05010E+00   5.40480E-01   1.16863E+00
 1.23250E+01   2.16238E+00   1.05014E+00   5.40577E-01   1.16893E+00
 1.23750E+01   2.16255E+00   1.05017E+00   5.40674E-01   1.16923E+00
 1.24250E+01   2.16271E+00   1.05021E+00   5.40773E-01   1.16953E+00
 1.24750E+01   2.16285E+00   1.05024E+00   5.40874E-01   1.16983E+00
 1.25250E+01   2.16299E+00   1.05028E+00   5.40976E-01   1.17012E+00
 1.25750E+01   2.16311E+00   1.05031E+00   5.41081E-01   1.17042E+00
 1.26250E+01   2.16322E+00   1.05035E+00   5.41188E-01   1.17071E+00
 1.26750E+01   2.16332E+00   1.05038E+00   5.41297E-01   1.17100E+00
 1.27250E+01   2.16342E+00   1.05042E+00   5.41408E-01   1.17129E+00
 1.27750E+01   2.16350E+00   1.05045E+00   5.41521E-01   1.17158E+00
 1.28250E+01   2.16358E+00   1.05049E+00   5.41636E-01   1.17188E+00
 1.28750E+01   2.16366E+00   1.05052E+00   5.41754E-01   1.17217E+00
 1.29250E+01   2.16373E+00   1.05055E+00   5.41874E-01   1.17247E+00
 1.29750E+01   2.16379E+00   1.05059E+00   5.41996E-01   1.17277E+00
 1.30250E+01   2.16386E+00   1.05062E+00   5.42122E-01   1.17307E+00
 1.30750E+01   2.16392E+00   1.05066E+00   5.42250E-01   1.17338E+00
 1.31250E+01   2.16398E+00   1.05069E+00   5.42380E-01   1.17370E+00
 1.31750E+01   2.16404E+00   1.05073E+00   5.42514E-01   1.17402E+00
 1.32250E+01   2.16411E+00   1.05076E+00   5.42650E-01   1.17435E+00
 1.32750E+01   2.16418E+00   1.05080E+00   5.42790E-01   1.17469E+00
 1.33250E+01   2.16425E+00   1.05083E+00   5.42932E-01   1.17504E+00
 1.33750E+01   2.16434E+00   1.05087E+00   5.43078E-01   1.17540E+00
 1.34250E+01   2.16443E+00   1.05091E+00   5.43227E-01   1.17578E+00
 1.34750E+01   2.16453E+00   1.05095E+00   5.43380E-01   1.17616E+00
 1.35250E+01   2.16463E+00   1.05099E+00   5.43536E-01   1.17656E+00
 1.35750E+01   2.16476E+00   1.05103E+00   5.43695E-01   1.17697E+00
 1.36250E+01   2.16489E+00   1.05107E+00   5.43858E-01   1.17739E+00
 1.36750E+01   2.16504E+00   1.05111E+00   5.44025E-01   1.17784E+00
 1.37250E+01   2.16521E+00   1.05115E+00   5.44196E-01   1.17830E+00
 1.37750E+01   2.16539E+00   1.05119E+00   5.44370E-01   1.17877E+00
 1.38250E+01   2.16558E+00   1.05124E+00   5.44549E-01   1.17927E+00
 1.38750E+01   2.16580E+00   1.05128E+00   5.44732E-01   1.17978E+00
 1.39250E+01   2.16603E+00   1.05133E+00   5.44919E-01   1.18031E+00
 1.39750E+01   2.16629E+00   1.05138E+00   5.45111E-01   1.18087E+00
 1.40250E+01   2.16656E+00   1.05143E+00   5.45307E-01   1.18144E+00
 1.40750E+01   2.16685E+00   1.05147E+00   5.45508E-01   1.18203E+00
 1.41250E+01   2.16716E+00   1.05153E+00   5.45713E-01   1.18265E+00
 1.41750E+01   2.16750E+00   1.05158E+00   5.45922E-01   1.18329E+00
 1.42250E+01   2.16786E+00   1.05163E+00   5.46136E-01   1.18394E+00
 1.42750E+01   2.16823E+00   1.05169E+00   5.46355E-01   1.18462E+00
 1.43250E+01   2.16863E+00   1.05174E+00   5.46578E-01   1.18533E+00
 1.43750E+01   2.16905E+00   1.05180E+00   5.46806E-01   1.18605E+00
 1.44250E+01   2.16949E+00   1.05186E+00   5.47038E-01   1.18680E+00
 1.44750E+01   2.16996E+00   1.05192E+00   5.47275E-01   1.18756E+00
 1.45250E+01   2.17044E+00   1.05198E+00   5.47517E-01   1.18835E+00
 1.45750E+01   2.17095E+00   1.05204E+00   5.47764E-01   1.18917E+00
 1.46250E+01   2.17147E+00   1.05211E+00   5.48015E-01   1.19000E+00
 1.46750E+01   2.17202E+00   1.05217E+00   5.48270E-01   1.19085E+00
 1.47250E+01   2.17258E+00   1.05224E+00   5.48530E-01   1.19172E+00
 1.47750E+01   2.17316E+00   1.05231E+00   5.48794E-01   1.19262E+00
 1.48250E+01   2.17376E+00   1.05238E+00   5.49063E-01   1.19353E+00
 1.48750E+01   2.17437E+00   1.05245E+00   5.49335E-01   1.19446E+00
 1.49250E+01   2.17500E+00   1.05252E+00   5.49611E-01   1.19540E+00
 1.49750E+01   2.17564E+00   1.05259E+00   5.49891E-01   1.19637E+00
 1.50250E+01   2.17630E+00   1.05267E+00   5.50175E-01   1.19735E+00
 1.50750E+01   2.17697E+00   1.05274E+00   5.50462E-01   1.19834E+00
 1.51250E+01   2.17765E+00   1.05282E+00   5.50752E-01   1.19934E+00
 1.51750E+01   2.17834E+00   1.05290E+00   5.51045E-01   1.20036E+00
 1.52250E+01   2.17904E+00   1.05297E+00   5.51340E-01   1.20139E+00
 1.52750E+01   2.17974E+00   1.05305E+00   5.51638E-01   1.20243E+00
 1.53250E+01   2.18045E+00   1.05313E+00   5.51937E-01   1.20347E+00
 1.53750E+01   2.18116E+00   1.05321E+00   5.52238E-01   1.20452E+00
 1.54250E+01   2.18187E+00   1.05329E+00   5.52539E-01   1.20557E+00
 1.54750E+01   2.18259E+00   1.05337E+00   5.52842E-01   1.20663E+00
 1.55250E+01   2.18330E+00   1.05346E+00   5.53145E-01   1.20768E+00
 1.55750E+01   2.18401E+00   1.05354E+00   5.53447E-01   1.20874E+00
 1.56250E+01   2.18472E+00   1.05362E+00   5.53749E-01   1.20979E+00
 1.56750E+01   2.18542E+00   1.05370E+00   5.54050E-01   1.21083E+00
 1.57250E+01   2.18611E+00   1.05378E+00   5.54349E-01   1.21186E+00
 1.57750E+01   2.18679E+00   1.05386E+00   5.54645E-01   1.21289E+00
 1.58250E+01   2.18745E+00   1.05394E+00   5.54939E-01   1.21390E+00
 1.58750E+01   2.18811E+00   1.05402E+00   5.55229E-01   1.21490E+00
 1.59250E+01   2.18875E+00   1.05410E+00   5.55514E-01   1.21588E+00
 1.59750E+01   2.18937E+00   1.05418E+00   5.55795E-01   1.21684E+00
 1.60250E+01   2.18997E+00   1.05425E+00   5.56071E-01   1.21778E+00
 1.60750E+01   2.19056E+00   1.05433E+00   5.56340E-01   1.21869E+00
 1.61250E+01   2.19112E+00   1.05440E+00   5.56603E-01   1.21958E+00
 1.61750E+01   2.19165E+00   1.05447E+00   5.56857E-01   1.22044E+00
 1.62250E+01   2.19216E+00   1.05454E+00   5.57104E-01   1.22126E+00
 1.62750E+01   2.19265E+00   1.05461E+00   5.57341E-01   1.22205E+00
 1.63250E+01   2.19310E+00   1.05468E+00   5.57569E-01   1.22280E+00
 1.63750E+01   2.19352E+00   1.05474E+00   5.57787E-01   1.22352E+00
 1.64250E+01   2.19392E+00   1.05480E+00   5.57993E-01   1.22419E+00
 1.64750E+01   2.19428E+00   1.05486E+00   5.58188E-01   1.22482E+00
 1.65250E+01   2.19460E+00   1.05491E+00   5.58370E-01   1.22540E+00
 1.65750E+01   2.19490E+00   1.05496E+00   5.58539E-01   1.22593E+00
 1.66250E+01   2.19515E+00   1.05501E+00   5.58694E-01   1.22642E+00
 1.66750E+01   2.19537E+00   1.05505E+00   5.58834E-01   1.22685E+00
 1.67250E+01   2.19554E+00   1.05509E+00   5.58959E-01   1.22722E+00
 1.67750E+01   2.19568E+00   1.05513E+00   5.59068E-01   1.22754E+00
 1.68250E+01   2.19578E+00   1.05516E+00   5.59161E-01   1.22780E+00
 1.68750E+01   2.19584E+00   1.05519E+00   5.59237E-01   1.22800E+00
 1.69250E+01   2.19586E+00   1.05521E+00   5.59295E-01   1.22814E+00
 1.69750E+01   2.19584E+00   1.05523E+00   5.59336E-01   1.22821E+00
 1.70250E+01   2.19578E+00   1.05524E+00   5.59358E-01   1.22823E+00
 1.70750E+01   2.19567E+00   1.05525E+00   5.59361E-01   1.22818E+00
 1.71250E+01   2.19553E+00   1.05526E+00   5.59345E-01   1.22806E+00
 1.71750E+01   2.19534E+00   1.05526E+00   5.59310E-01   1.22788E+00
 1.72250E+01   2.19511E+00   1.05525E+00   5.59254E-01   1.22763E+00
 1.72750E+01   2.19484E+00   1.05524E+00   5.59179E-01   1.22731E+00
 1.73250E+01   2.19453E+00   1.05522E+00   5.59084E-01   1.22693E+00
 1.73750E+01   2.19418E+00   1.05520E+00   5.58968E-01   1.22648E+00
 1.74250E+01   2.19380E+00   1.05517E+00   5.58833E-01   1.22596E+00
 1.74750E+01   2.19337E+00   1.05514E+00   5.58677E-01   1.22539E+00
 1.75250E+01   2.19291E+00   1.05510E+00   5.58501E-01   1.22474E+00
 1.75750E+01   2.19241E+00   1.05506E+00   5.58306E-01   1.22403E+00
 1.76250E+01   2.19187E+00   1.05501E+00   5.58091E-01   1.22326E+00
 1.76750E+01   2.19131E+00   1.05496E+00   5.57857E-01   1.22244E+00
 1.77250E+01   2.19071E+00   1.05490E+00   5.57604E-01   1.22155E+00
 1.77750E+01   2.19008E+00   1.05484E+00   5.57333E-01   1.22060E+00
 1.78250E+01   2.18942E+00   1.05477E+00   5.57044E-01   1.21961E+00
 1.78750E+01   2.18874E+00   1.05470E+00   5.56738E-01   1.21856E+00
 1.79250E+01   2.18803E+00   1.05462E+00   5.56416E-01   1.21746E+00
 1.79750E+01   2.18730E+00   1.05454E+00   5.56078E-01   1.21631E+00
 1.80250E+01   2.18654E+00   1.05445E+00   5.55725E-01   1.21512E+00
 1.80750E+01   2.18577E+00   1.05436E+00   5.55357E-01   1.21388E+00
 1.81250E+01   2.18498E+00   1.05427E+00   5.54976E-01   1.21261E+00
 1.81750E+01   2.18417E+00   1.05417E+00   5.54582E-01   1.21130E+00
 1.82250E+01   2.18335E+00   1.05407E+00   5.54176E-01   1.20996E+00
 1.82750E+01   2.18252E+00   1.05397E+00   5.53760E-01   1.20859E+00
 1.83250E+01   2.18168E+00   1.05386E+00   5.53335E-01   1.20720E+00
 1.83750E+01   2.18083E+00   1.05376E+00   5.52900E-01   1.20578E+00
 1.84250E+01   2.17998E+00   1.05365E+00   5.52458E-01   1.20435E+00
 1.84750E+01   2.17912E+00   1.05353E+00   5.52009E-01   1.20289E+00
 1.85250E+01   2.17826E+00   1.05342E+00   5.51555E-01   1.20143E+00
 1.85750E+01   2.17739E+00   1.05330E+00   5.51095E-01   1.19995E+00
 1.86250E+01   2.17653E+00   1.05319E+00   5.50632E-01   1.19847E+00
 1.86750E+01   2.17568E+00   1.05307E+00   5.50167E-01   1.19699E+00
 1.87250E+01   2.17483E+00   1.05295E+00   5.49700E-01   1.19550E+00
 1.87750E+01   2.17398E+00   1.05283E+00   5.49232E-01   1.19402E+00
 1.88250E+01   2.17314E+00   1.05271E+00   5.48765E-01   1.19254E+00
 1.88750E+01   2.17231E+00   1.05259E+00   5.48299E-01   1.19108E+00
 1.89250E+01   2.17150E+00   1.05247E+00   5.47835E-01   1.18962E+00
 1.89750E+01   2.17069E+00   1.05236E+00   5.47375E-01   1.18818E+00
 1.90250E+01   2.16990E+00   1.05224E+00   5.46918E-01   1.18676E+00
 1.90750E+01   2.16913E+00   1.05212E+00   5.46466E-01   1.18535E+00
 1.91250E+01   2.16836E+00   1.05201E+00   5.46020E-01   1.18397E+00
 1.91750E+01   2.16762E+00   1.05189E+00   5.45580E-01   1.18261E+00
 1.92250E+01   2.16689E+00   1.05178E+00   5.45147E-01   1.18127E+00
 1.92750E+01   2.16618E+00   1.05167E+00   5.44722E-01   1.17997E+00
 1.93250E+01   2.16549E+00   1.05157E+00   5.44305E-01   1.17869E+00
 1.93750E+01   2.16481E+00   1.05146E+00   5.43897E-01   1.17743E+00
 1.94250E+01   2.16415E+00   1.05136E+00   5.43497E-01   1.17621E+00
 1.94750E+01   2.16352E+00   1.05126E+00   5.43108E-01   1.17502E+00
 1.95250E+01   2.16290E+00   1.05116E+00   5.42728E-01   1.17387E+00
 1.95750E+01   2.16230E+00   1.05106E+00   5.42359E-01   1.17274E+00
 1.96250E+01   2.16172E+00   1.05097E+00   5.42001E-01   1.17166E+00
 1.96750E+01   2.16117E+00   1.05088E+00   5.41654E-01   1.17060E+00
 1.97250E+01   2.16063E+00   1.05079E+00   5.41318E-01   1.16959E+00
 1.97750E+01   2.16011E+00   1.05071E+00   5.40994E-01   1.16860E+00
 1.98250E+01   2.15961E+00   1.05063E+00   5.40681E-01   1.16766E+00
 1.98750E+01   2.15913E+00   1.05055E+00   5.40379E-01   1.16675E+00
 1.99250E+01   2.15866E+00   1.05048E+00   5.40090E-01   1.16587E+00
 1.99750E+01   2.15822E+00   1.05041E+00   5.39812E-01   1.16503E+00
 2.00250E+01   2.15779E+00   1.05034E+00   5.39545E-01   1.16423E+00
 2.00750E+01   2.15738E+00   1.05027E+00   5.39290E-01   1.16346E+00
 2.01250E+01   2.15699E+00   1.05021E+00   5.39047E-01   1.16272E+00
 2.01750E+01   2.15662E+00   1.05015E+00   5.38815E-01   1.16202E+00
 2.02250E+01   2.15626E+00   1.05009E+00   5.38595E-01   1.16135E+00
 2.02750E+01   2.15591E+00   1.05004E+00   5.38385E-01   1.16071E+00
 2.03250E+01   2.15559E+00   1.04999E+00   5.38187E-01   1.16011E+00
 2.03750E+01   2.15527E+00   1.04994E+00   5.37999E-01   1.15953E+00
 2.04250E+01   2.15497E+00   1.04990E+00   5.37822E-01   1.15899E+00
 2.04750E+01   2.15469E+00   1.04985E+00   5.37655E-01   1.15848E+00
 2.05250E+01   2.15441E+00   1.04981E+00   5.37498E-01   1.15799E+00
 2.05750E+01   2.15416E+00   1.04978E+00   5.37351E-01   1.15754E+00
 2.06250E+01   2.15391E+00   1.04974E+00   5.37214E-01   1.15711E+00
 2.06750E+01   2.15367E+00   1.04971E+00   5.37086E-01   1.15671E+00
 2.07250E+01   2.15345E+00   1.04968E+00   5.36967E-01   1.15633E+00
 2.07750E+01   2.15324E+00   1.04965E+00   5.36856E-01   1.15598E+00
 2.08250E+01   2.15304E+00   1.04963E+00   5.36754E-01   1.15565E+00
 2.08750E+01   2.15285E+00   1.04960E+00   5.36661E-01   1.15535E+00
 2.09250E+01   2.15266E+00   1.04958E+00   5.36575E-01   1.15507E+00
 2.09750E+01   2.15249E+00   1.04957E+00   5.36497E-01   1.15481E+00
 2.10250E+01   2.15233E+00   1.04955E+00   5.36426E-01   1.15457E+00
 2.10750E+01   2.15218E+00   1.04953E+00   5.36363E-01   1.15435E+00
 2.11250E+01   2.15203E+00   1.04952E+00   5.36306E-01   1.15415E+00
 2.11750E+01   2.15190E+00   1.04951E+00   5.36256E-01   1.15397E+00
 2.12250E+01   2.15177E+00   1.04950E+00   5.36211E-01   1.15380E+00
 2.12750E+01   2.15165E+00   1.04949E+00   5.36173E-01   1.15366E+00
 2.13250E+01   2.15154E+00   1.04948E+00   5.36140E-01   1.15353E+00
 2.13750E+01   2.15144E+00   1.04948E+00   5.36113E-01   1.15341E+00
 2.14250E+01   2.15134E+00   1.04948E+00   5.36091E-01   1.15332E+00
 2.14750E+01   2.15126E+00   1.04947E+00   5.36074E-01   1.15323E+00
 2.15250E+01   2.15118E+00   1.04947E+00   5.36061E-01   1.15316E+00
 2.15750E+01   2.15110E+00   1.04947E+00   5.36053E-01   1.15311E+00
 2.16250E+01   2.15104E+00   1.04947E+00   5.36049E-01   1.15306E+00
 2.16750E+01   2.15098E+00   1.04948E+00   5.36049E-01   1.15303E+00
 2.17250E+01   2.15093E+00   1.04948E+00   5.36053E-01   1.15301E+00
 2.17750E+01   2.15089E+00   1.04948E+00   5.36061E-01   1.15301E+00
 2.18250E+01   2.15086E+00   1.04949E+00   5.36072E-01   1.15301E+00
 2.18750E+01   2.15083E+00   1.04949E+00   5.36086E-01   1.15303E+00
 2.19250E+01   2.15081E+00   1.04950E+00   5.36103E-01   1.15306E+00
 2.19750E+01   2.15080E+00   1.04951E+00   5.36124E-01   1.15309E+00
 2.20250E+01   2.15079E+00   1.04952E+00   5.36147E-01   1.15314E+00
 2.20750E+01   2.15079E+00   1.04952E+00   5.36172E-01   1.15320E+00
 2.21250E+01   2.15080E+00   1.04953E+00   5.36200E-01   1.15326E+00
 2.21750E+01   2.15082E+00   1.04954E+00   5.36231E-01   1.15334E+00
 2.22250E+01   2.15085E+00   1.04955E+00   5.36263E-01   1.15342E+00
 2.22750E+01   2.15088E+00   1.04957E+00   5.36298E-01   1.15351E+00
 2.23250E+01   2.15092E+00   1.04958E+00   5.36335E-01   1.15361E+00
 2.23750E+01   2.15096E+00   1.04959E+00   5.36374E-01   1.15372E+00
 2.24250E+01   2.15102E+00   1.04960E+00   5.36415E-01   1.15384E+00
 2.24750E+01   2.15107E+00   1.04962E+00   5.36458E-01   1.15396E+00
 2.25250E+01   2.15114E+00   1.04963E+00   5.36502E-01   1.15409E+00
 2.25750E+01   2.15121E+00   1.04964E+00   5.36548E-01   1.15423E+00
 2.26250E+01   2.15129E+00   1.04966E+00   5.36595E-01   1.15437E+00
 2.26750E+01   2.15138E+00   1.04967E+00   5.36644E-01   1.15452E+00
 2.27250E+01   2.15147E+00   1.04969E+00   5.36694E-01   1.15468E+00
 2.27750E+01   2.15157E+00   1.04970E+00   5.36745E-01   1.15484E+00
 2.28250E+01   2.15167E+00   1.04972E+00   5.36797E-01   1.15501E+00
 2.28750E+01   2.15178E+00   1.04974E+00   5.36851E-01   1.15518E+00
 2.29250E+01   2.15189E+00   1.04975E+00   5.36906E-01   1.15536E+00
 2.29750E+01   2.15202E+00   1.04977E+00   5.36962E-01   1.15555E+00
 2.30250E+01   2.15214E+00   1.04979E+00   5.37019E-01   1.15574E+00
 2.30750E+01   2.15227E+00   1.04980E+00   5.37077E-01   1.15594E+00
 2.31250E+01   2.15241E+00   1.04982E+00   5.37137E-01   1.15614E+00
 2.31750E+01   2.15255E+00   1.04984E+00   5.37197E-01   1.15634E+00
 2.32250E+01   2.15269E+00   1.04986E+00   5.37258E-01   1.15655E+00
 2.32750E+01   2.15284E+00   1.04988E+00   5.37320E-01   1.15676E+00
 2.33250E+01   2.15299E+00   1.04990E+00   5.37384E-01   1.15698E+00
 2.33750E+01   2.15315E+00   1.04991E+00   5.37448E-01   1.15720E+00
 2.34250E+01   2.15331E+00   1.04993E+00   5.37513E-01   1.15743E+00
 2.34750E+01   2.15347E+00   1.04995E+00   5.37579E-01   1.15766E+00
 2.35250E+01   2.15363E+00   1.04997E+00   5.37646E-01   1.15789E+00
 2.35750E+01   2.15380E+00   1.04999E+00   5.37714E-01   1.15813E+00
 2.36250E+01   2.15397E+00   1.05001E+00   5.37783E-01   1.15837E+00
 2.36750E+01   2.15414E+00   1.05003E+00   5.37853E-01   1.15861E+00
 2.37250E+01   2.15431E+00   1.05005E+00   5.37924E-01   1.15886E+00
 2.37750E+01   2.15449E+00   1.05007E+00   5.37996E-01   1.15911E+00
 2.38250E+01   2.15467E+00   1.05009E+00   5.38069E-01   1.15936E+00
 2.38750E+01   2.15484E+00   1.05012E+00   5.38143E-01   1.15961E+00
 2.39250E+01   2.15502E+00   1.05014E+00   5.38218E-01   1.15987E+00
 2.39750E+01   2.15520E+00   1.05016E+00   5.38294E-01   1.16013E+00
 2.40250E+01   2.15538E+00   1.05018E+00   5.38371E-01   1.16040E+00
 2.40750E+01   2.15556E+00   1.05020E+00   5.38449E-01   1.16066E+00
 2.41250E+01   2.15574E+00   1.05023E+00   5.38528E-01   1.16093E+00
 2.41750E+01   2.15592E+00   1.05025E+00   5.38609E-01   1.16120E+00
 2.42250E+01   2.15610E+00   1.05027E+00   5.38690E-01   1.16147E+00
 2.42750E+01   2.15628E+00   1.05030E+00   5.38773E-01   1.16175E+00
 2.43250E+01   2.15646E+00   1.05032E+00   5.38857E-01   1.16202E+00
 2.43750E+01   2.15664E+00   1.05034E+00   5.38942E-01   1.16230E+00
 2.44250E+01   2.15682E+00   1.05037E+00   5.39028E-01   1.16259E+00
 2.44750E+01   2.15700E+00   1.05039E+00   5.39116E-01   1.16287E+00
 2.45250E+01   2.15718E+00   1.05042E+00   5.39205E-01   1.16316E+00
 2.45750E+01   2.15736E+00   1.05044E+00   5.39295E-01   1.16345E+00
 2.46250E+01   2.15753E+00   1.05047E+00   5.39387E-01   1.16374E+00
 2.46750E+01   2.15771E+00   1.05049E+00   5.39480E-01   1.16404E+00
 2.47250E+01   2.15789E+00   1.05052E+00   5.39574E-01   1.16434E+00
 2.47750E+01   2.15806E+00   1.05055E+00   5.39670E-01   1.16464E+00
 2.48250E+01   2.15824E+00   1.05057E+00   5.39767E-01   1.16495E+00
 2.48750E+01   2.15842E+00   1.05060E+00   5.39866E-01   1.16526E+00
 2.49250E+01   2.15859E+00   1.05063E+00   5.39967E-01   1.16557E+00
 2.49750E+01   2.15877E+00   1.05066E+00   5.40068E-01   1.16588E+00
 2.50250E+01   2.15895E+00   1.05069E+00   5.40172E-01   1.16620E+00
 2.50750E+01   2.15913E+00   1.05072E+00   5.40278E-01   1.16653E+00
 2.51250E+01   2.15930E+00   1.05075E+00   5.40385E-01   1.16686E+00
 2.51750E+01   2.15948E+00   1.05078E+00   5.40494E-01   1.16719E+00
 2.52250E+01   2.15967E+00   1.05081E+00   5.40605E-01   1.16753E+00
 2.52750E+01   2.15985E+00   1.05084E+00   5.40717E-01   1.16787E+00
 2.53250E+01   2.16003E+00   1.05087E+00   5.40832E-01   1.16822E+00
 2.53750E+01   2.16022E+00   1.05090E+00   5.40949E-01   1.16857E+00
 2.54250E+01   2.16041E+00   1.05093E+00   5.41068E-01   1.16893E+00
 2.54750E+01   2.16060E+00   1.05097E+00   5.41188E-01   1.16929E+00
 2.55250E+01   2.16080E+00   1.05100E+00   5.41311E-01   1.16966E+00
 2.55750E+01   2.16100E+00   1.05103E+00   5.41436E-01   1.17004E+00
 2.56250E+01   2.16120E+00   1.05107E+00   5.41563E-01   1.17043E+00
 2.56750E+01   2.16140E+00   1.05110E+00   5.41693E-01   1.17082E+00
 2.57250E+01   2.16161E+00   1.05114E+00   5.41825E-01   1.17121E+00
 2.57750E+01   2.16183E+00   1.05118E+00   5.41959E-01   1.17162E+00
 2.58250E+01   2.16204E+00   1.05121E+00   5.42095E-01   1.17203E+00
 2.58750E+01   2.16227E+00   1.05125E+00   5.42234E-01   1.17246E+00
 2.59250E+01   2.16249E+00   1.05129E+00   5.42376E-01   1.17288E+00
 2.59750E+01   2.16273E+00   1.05133E+00   5.42520E-01   1.17332E+00
 2.60250E+01   2.16297E+00   1.05137E+00   5.42666E-01   1.17377E+00
 2.60750E+01   2.16321E+00   1.05141E+00   5.42815E-01   1.17422E+00
 2.61250E+01   2.16346E+00   1.05145E+00   5.42967E-01   1.17469E+00
 2.61750E+01   2.16372E+00   1.05149E+00   5.43121E-01   1.17516E+00
 2.62250E+01   2.16398E+00   1.05153E+00   5.43278E-01   1.17564E+00
 2.62750E+01   2.16425E+00   1.05157E+00   5.43437E-01   1.17613E+00
 2.63250E+01   2.16453E+00   1.05162E+00   5.43599E-01   1.17663E+00
 2.63750E+01   2.16481E+00   1.05166E+00   5.43763E-01   1.17715E+00
 2.64250E+01   2.16510E+00   1.05171E+00   5.43931E-01   1.17767E+00
 2.64750E+01   2.16540E+00   1.05175E+00   5.44101E-01   1.17820E+00
 2.65250E+01   2.16571E+00   1.05180E+00   5.44274E-01   1.17874E+00
 2.65750E+01   2.16603E+00   1.05185E+00   5.44450E-01   1.17929E+00
 2.66250E+01   2.16635E+00   1.05189E+00   5.44628E-01   1.17985E+00
 2.66750E+01   2.16668E+00   1.05194E+00   5.44810E-01   1.18043E+00
 2.67250E+01   2.16701E+00   1.05199E+00   5.44994E-01   1.18101E+00
 2.67750E+01   2.16736E+00   1.05204E+00   5.45182E-01   1.18160E+00
 2.68250E+01   2.16771E+00   1.05209E+00   5.45371E-01   1.18221E+00
 2.68750E+01   2.16807E+00   1.05214E+00   5.45564E-01   1.18282E+00
 2.69250E+01   2.16844E+00   1.05220E+00   5.45759E-01   1.18344E+00
 2.69750E+01   2.16881E+00   1.05225E+00   5.45957E-01   1.18408E+00
 2.70250E+01   2.16919E+00   1.05230E+00   5.46158E-01   1.18472E+00
 2.70750E+01   2.16958E+00   1.05236E+00   5.46361E-01   1.18537E+00
 2.71250E+01   2.16997E+00   1.05241E+00   5.46566E-01   1.18603E+00
 2.71750E+01   2.17037E+00   1.05247E+00   5.46774E-01   1.18670E+00
 2.72250E+01   2.17078E+00   1.05252E+00   5.46984E-01   1.18738E+00
 2.72750E+01   2.17120E+00   1.05258E+00   5.47197E-01   1.18807E+00
 2.73250E+01   2.17162E+00   1.05264E+00   5.47411E-01   1.18877E+00
 2.73750E+01   2.17204E+00   1.05270E+00   5.47628E-01   1.18947E+00
 2.74250E+01   2.17247E+00   1.05275E+00   5.47847E-01   1.19018E+00
 2.74750E+01   2.17291E+00   1.05281E+00   5.48068E-01   1.19090E+00
 2.75250E+01   2.17335E+00   1.05287E+00   5.48290E-01   1.19162E+00
 2.75750E+01   2.17379E+00   1.05293E+00   5.48514E-01   1.19235E+00
 2.76250E+01   2.17424E+00   1.05299E+00   5.48739E-01   1.19309E+00
 2.76750E+01   2.17469E+00   1.05305E+00   5.48966E-01   1.19383E+00
 2.77250E+01   2.17514E+00   1.05311E+00   5.49194E-01   1.19458E+00
 2.77750E+01   2.17560E+00   1.05318E+00   5.49423E-01   1.19532E+00
 2.78250E+01   2.17606E+00   1.05324E+00   5.49653E-01   1.19608E+00
 2.78750E+01   2.17652E+00   1.05330E+00   5.49884E-01   1.19683E+00
 2.79250E+01   2.17697E+00   1.05336E+00   5.50115E-01   1.19759E+00
 2.79750E+01   2.17743E+00   1.05342E+00   5.50347E-01   1.19834E+00
 2.80250E+01   2.17789E+00   1.05349E+00   5.50578E-01   1.19910E+00
 2.80750E+01   2.17835E+00   1.05355E+00   5.50809E-01   1.19985E+00
 2.81250E+01   2.17880E+00   1.05361E+00   5.51039E-01   1.20060E+00
 2.81750E+01   2.17925E+00   1.05367E+00   5.51269E-01   1.20135E+00
 2.82250E+01   2.17970E+00   1.05373E+00   5.51497E-01   1.20210E+00
 2.82750E+01   2.18015E+00   1.05379E+00   5.51724E-01   1.20284E+00
 2.83250E+01   2.18059E+00   1.05385E+00   5.51950E-01   1.20358E+00
 2.83750E+01   2.18103E+00   1.05391E+00   5.52174E-01   1.20430E+00
 2.84250E+01   2.18146E+00   1.05397E+00   5.52395E-01   1.20503E+00
 2.84750E+01   2.18188E+00   1.05403E+00   5.52614E-01   1.20574E+00
 2.85250E+01   2.18230E+00   1.05409E+00   5.52830E-01   1.20644E+00
 2.85750E+01   2.18270E+00   1.05415E+00   5.53043E-01   1.20713E+00
 2.86250E+01   2.18310E+00   1.05421E+00   5.53253E-01   1.20781E+00
 2.86750E+01   2.18349E+00   1.05426E+00   5.53459E-01   1.20847E+00
 2.87250E+01   2.18387E+00   1.05432E+00   5.53661E-01   1.20912E+00
 2.87750E+01   2.18424E+00   1.05437E+00   5.53858E-01   1.20976E+00
 2.88250E+01   2.18460E+00   1.05443E+00   5.54050E-01   1.21038E+00
 2.88750E+01   2.18495E+00   1.05448E+00   5.54237E-01   1.21098E+00
 2.89250E+01   2.18528E+00   1.05453E+00   5.54418E-01   1.21156E+00
 2.89750E+01   2.18560E+00   1.05458E+00   5.54593E-01   1.21212E+00
 2.90250E+01   2.18590E+00   1.05462E+00   5.54762E-01   1.21266E+00
 2.90750E+01   2.18619E+00   1.05467E+00   5.54924E-01   1.21317E+00
 2.91250E+01   2.18647E+00   1.05471E+00   5.55079E-01   1.21366E+00
 2.91750E+01   2.18673E+00   1.05475E+00   5.55227E-01   1.21413E+00
 2.92250E+01   2.18697E+00   1.05479E+00   5.55366E-01   1.21457E+00
 2.92750E+01   2.18719E+00   1.05483E+00   5.55498E-01   1.21498E+00
 2.93250E+01   2.18740E+00   1.05487E+00   5.55620E-01   1.21536E+00
 2.93750E+01   2.18758E+00   1.05490E+00   5.55735E-01   1.21571E+00
 2.94250E+01   2.18775E+00   1.05493E+00   5.55839E-01   1.21604E+00
 2.94750E+01   2.18790E+00   1.05496E+00   5.55934E-01   1.21633E+00
 2.95250E+01   2.18802E+00   1.05498E+00   5.56019E-01   1.21658E+00
 2.95750E+01   2.18813E+00   1.05501E+00   5.56094E-01   1.21681E+00
 2.96250E+01   2.18822E+00   1.05503E+00   5.56158E-01   1.21699E+00
 2.96750E+01   2.18828E+00   1.05505E+00   5.56212E-01   1.21715E+00
 2.97250E+01   2.18832E+00   1.05506E+00   5.56254E-01   1.21726E+00
 2.97750E+01   2.18834E+00   1.05507E+00   5.56285E-01   1.21734E+00
 2.98250E+01   2.18834E+00   1.05508E+00   5.56305E-01   1.21738E+00
 2.98750E+01   2.18831E+00   1.05509E+00   5.56312E-01   1.21738E+00
 2.99250E+01   2.18826E+00   1.05509E+00   5.56307E-01   1.21735E+00
 2.99750E+01   2.18819E+00   1.05509E+00   5.56290E-01   1.21727E+00
 3.00250E+01   2.18809E+00   1.05509E+00   5.56261E-01   1.21715E+00
 3.00750E+01   2.18797E+00   1.05508E+00   5.56219E-01   1.21699E+00
 3.01250E+01   2.18782E+00   1.05507E+00   5.56164E-01   1.21679E+00
 3.01750E+01   2.18765E+00   1.05506E+00   5.56096E-01   1.21655E+00
 3.02250E+01   2.18746E+00   1.05504E+00   5.56015E-01   1.21626E+00
 3.02750E+01   2.18724E+00   1.05502E+00   5.55921E-01   1.21593E+00
 3.03250E+01   2.18700E+00   1.05500E+00   5.55814E-01   1.21557E+00
 3.03750E+01   2.18674E+00   1.05497E+00   5.55694E-01   1.21516E+00
 3.04250E+01   2.18645E+00   1.05494E+00   5.55560E-01   1.21471E+00
 3.04750E+01   2.18615E+00   1.05491E+00   5.55415E-01   1.21422E+00
 3.05250E+01   2.18581E+00   1.05487E+00   5.55256E-01   1.21369E+00
 3.05750E+01   2.18546E+00   1.05483E+00   5.55085E-01   1.21312E+00
 3.06250E+01   2.18509E+00   1.05479E+00   5.54902E-01   1.21251E+00
 3.06750E+01   2.18469E+00   1.05474E+00   5.54706E-01   1.21186E+00
 3.07250E+01   2.18427E+00   1.05469E+00   5.54499E-01   1.21118E+00
 3.07750E+01   2.18384E+00   1.05464E+00   5.54280E-01   1.21046E+00
 3.08250E+01   2.18338E+00   1.05458E+00   5.54050E-01   1.20970E+00
 3.08750E+01   2.18291E+00   1.05453E+00   5.53809E-01   1.20892E+00
 3.09250E+01   2.18242E+00   1.05446E+00   5.53558E-01   1.20809E+00
 3.09750E+01   2.18191E+00   1.05440E+00   5.53296E-01   1.20724E+00
 3.10250E+01   2.18138E+00   1.05433E+00   5.53025E-01   1.20636E+00
 3.10750E+01   2.18084E+00   1.05427E+00   5.52744E-01   1.20545E+00
 3.11250E+01   2.18029E+00   1.05419E+00   5.52454E-01   1.20451E+00
 3.11750E+01   2.17972E+00   1.05412E+00   5.52156E-01   1.20355E+00
 3.12250E+01   2.17915E+00   1.05405E+00   5.51850E-01   1.20256E+00
 3.12750E+01   2.17855E+00   1.05397E+00   5.51537E-01   1.20155E+00
 3.13250E+01   2.17795E+00   1.05389E+00   5.51217E-01   1.20052E+00
 3.13750E+01   2.17734E+00   1.05381E+00   5.50890E-01   1.19948E+00
 3.14250E+01   2.17672E+00   1.05372E+00   5.50558E-01   1.19841E+00
 3.14750E+01   2.17610E+00   1.05364E+00   5.50220E-01   1.19733E+00
 3.15250E+01   2.17546E+00   1.05355E+00   5.49878E-01   1.19624E+00
 3.15750E+01   2.17482E+00   1.05347E+00   5.49533E-01   1.19514E+00
 3.16250E+01   2.17418E+00   1.05338E+00   5.49183E-01   1.19402E+00
 3.16750E+01   2.17354E+00   1.05329E+00   5.48832E-01   1.19291E+00
 3.17250E+01   2.17289E+00   1.05320E+00   5.48478E-01   1.19178E+00
 3.17750E+01   2.17224E+00   1.05311E+00   5.48123E-01   1.19066E+00
 3.18250E+01   2.17160E+00   1.05302E+00   5.47767E-01   1.18953E+00
 3.18750E+01   2.17095E+00   1.05293E+00   5.47411E-01   1.18840E+00
 3.19250E+01   2.17031E+00   1.05284E+00   5.47055E-01   1.18728E+00
 3.19750E+01   2.16967E+00   1.05275E+00   5.46700E-01   1.18616E+00
 3.20250E+01   2.16903E+00   1.05267E+00   5.46347E-01   1.18504E+00
 3.20750E+01   2.16839E+00   1.05258E+00   5.45995E-01   1.18393E+00
 3.21250E+01   2.16777E+00   1.05249E+00   5.45646E-01   1.18283E+00
 3.21750E+01   2.16715E+00   1.05240E+00   5.45300E-01   1.18174E+00
 3.22250E+01   2.16653E+00   1.05231E+00   5.44958E-01   1.18067E+00
 3.22750E+01   2.16592E+00   1.05223E+00   5.44619E-01   1.17960E+00
 3.23250E+01   2.16533E+00   1.05214E+00   5.44285E-01   1.17855E+00
 3.23750E+01   2.16474E+00   1.05206E+00   5.43955E-01   1.17752E+00
 3.24250E+01   2.16416E+00   1.05198E+00   5.43631E-01   1.17650E+00
 3.24750E+01   2.16359E+00   1.05190E+00   5.43312E-01   1.17551E+00
 3.25250E+01   2.16303E+00   1.05182E+00   5.43000E-01   1.17453E+00
 3.25750E+01   2.16249E+00   1.05174E+00   5.42693E-01   1.17357E+00
 3.26250E+01   2.16195E+00   1.05166E+00   5.42393E-01   1.17263E+00
 3.26750E+01   2.16143E+00   1.05159E+00   5.42100E-01   1.17171E+00
 3.27250E+01   2.16093E+00   1.05151E+00   5.41814E-01   1.17082E+00
 3.27750E+01   2.16043E+00   1.05144E+00   5.41536E-01   1.16995E+00
 3.28250E+01   2.15995E+00   1.05137E+00   5.41264E-01   1.16910E+00
 3.28750E+01   2.15948E+00   1.05131E+00   5.41001E-01   1.16828E+00
 3.29250E+01   2.15902E+00   1.05124E+00   5.40745E-01   1.16748E+00
 3.29750E+01   2.15858E+00   1.05118E+00   5.40498E-01   1.16671E+00
 3.30250E+01   2.15815E+00   1.05112E+00   5.40259E-01   1.16596E+00
 3.30750E+01   2.15774E+00   1.05106E+00   5.40028E-01   1.16524E+00
 3.31250E+01   2.15734E+00   1.05100E+00   5.39806E-01   1.16454E+00
 3.31750E+01   2.15695E+00   1.05094E+00   5.39591E-01   1.16387E+00
 3.32250E+01   2.15658E+00   1.05089E+00   5.39384E-01   1.16323E+00
 3.32750E+01   2.15623E+00   1.05084E+00   5.39186E-01   1.16261E+00
 3.33250E+01   2.15588E+00   1.05079E+00   5.38997E-01   1.16201E+00
 3.33750E+01   2.15555E+00   1.05074E+00   5.38815E-01   1.16144E+00
 3.34250E+01   2.15524E+00   1.05070E+00   5.38642E-01   1.16090E+00
 3.34750E+01   2.15493E+00   1.05066E+00   5.38477E-01   1.16038E+00
 3.35250E+01   2.15464E+00   1.05062E+00   5.38320E-01   1.15989E+00
 3.35750E+01   2.15437E+00   1.05058E+00   5.38171E-01   1.15942E+00
 3.36250E+01   2.15411E+00   1.05054E+00   5.38030E-01   1.15897E+00
 3.36750E+01   2.15386E+00   1.05050E+00   5.37896E-01   1.15855E+00
 3.37250E+01   2.15362E+00   1.05047E+00   5.37771E-01   1.15816E+00
 3.37750E+01   2.15340E+00   1.05044E+00   5.37652E-01   1.15778E+00
 3.38250E+01   2.15319E+00   1.05041E+00   5.37542E-01   1.15743E+00
 3.38750E+01   2.15299E+00   1.05038E+00   5.37438E-01   1.15710E+00
 3.39250E+01   2.15280E+00   1.05036E+00   5.37341E-01   1.15679E+00
 3.39750E+01   2.15262E+00   1.05033E+00   5.37252E-01   1.15650E+00
 3.40250E+01   2.15246E+00   1.05031E+00   5.37168E-01   1.15623E+00
 3.40750E+01   2.15231E+00   1.05029E+00   5.37092E-01   1.15599E+00
 3.41250E+01   2.15216E+00   1.05027E+00   5.37022E-01   1.15576E+00
 3.41750E+01   2.15203E+00   1.05025E+00   5.36958E-01   1.15555E+00
 3.42250E+01   2.15191E+00   1.05024E+00   5.36901E-01   1.15536E+00
 3.42750E+01   2.15180E+00   1.05022E+00   5.36849E-01   1.15519E+00
 3.43250E+01   2.15170E+00   1.05021E+00   5.36802E-01   1.15503E+00
 3.43750E+01   2.15160E+00   1.05020E+00   5.36761E-01   1.15490E+00
 3.44250E+01   2.15152E+00   1.05019E+00   5.36725E-01   1.15477E+00
 3.44750E+01   2.15144E+00   1.05018E+00   5.36694E-01   1.15467E+00
 3.45250E+01   2.15138E+00   1.05017E+00   5.36667E-01   1.15457E+00
 3.45750E+01   2.15132E+00   1.05016E+00   5.36646E-01   1.15450E+00
 3.46250E+01   2.15127E+00   1.05016E+00   5.36629E-01   1.15444E+00
 3.46750E+01   2.15123E+00   1.05015E+00   5.36617E-01   1.15439E+00
 3.47250E+01   2.15120E+00   1.05015E+00   5.36609E-01   1.15435E+00
 3.47750E+01   2.15118E+00   1.05015E+00   5.36604E-01   1.15433E+00
 3.48250E+01   2.15116E+00   1.05014E+00   5.36604E-01   1.15432E+00
 3.48750E+01   2.15115E+00   1.05014E+00   5.36608E-01   1.15433E+00
 3.49250E+01   2.15115E+00   1.05014E+00   5.36615E-01   1.15434E+00
 3.49750E+01   2.15116E+00   1.05014E+00   5.36626E-01   1.15437E+00
 3.50250E+01   2.15117E+00   1.05015E+00   5.36641E-01   1.15440E+00
 3.50750E+01   2.15119E+00   1.05015E+00   5.36659E-01   1.15445E+00
 3.51250E+01   2.15121E+00   1.05015E+00   5.36679E-01   1.15451E+00
 3.51750E+01   2.15124E+00   1.05016E+00   5.36703E-01   1.15458E+00
 3.52250E+01   2.15128E+00   1.05016E+00   5.36729E-01   1.15465E+00
 3.52750E+01   2.15132E+00   1.05017E+00   5.36758E-01   1.15474E+00
 3.53250E+01   2.15137E+00   1.05017E+00   5.36790E-01   1.15484E+00
 3.53750E+01   2.15143E+00   1.05018E+00   5.36825E-01   1.15494E+00
 3.54250E+01   2.15149E+00   1.05019E+00   5.36861E-01   1.15505E+00
 3.54750E+01   2.15155E+00   1.05020E+00   5.36900E-01   1.15517E+00
 3.55250E+01   2.15163E+00   1.05021E+00   5.36941E-01   1.15530E+00
 3.55750E+01   2.15170E+00   1.05022E+00   5.36984E-01   1.15543E+00
 3.56250E+01   2.15178E+00   1.05023E+00   5.37029E-01   1.15557E+00
 3.56750E+01   2.15187E+00   1.05024E+00   5.37075E-01   1.15571E+00
 3.57250E+01   2.15195E+00   1.05025E+00   5.37123E-01   1.15587E+00
 3.57750E+01   2.15205E+00   1.05027E+00   5.37173E-01   1.15602E+00
 3.58250E+01   2.15215E+00   1.05028E+00   5.37225E-01   1.15619E+00
 3.58750E+01   2.15225E+00   1.05029E+00   5.37278E-01   1.15636E+00
 3.59250E+01   2.15236E+00   1.05031E+00   5.37332E-01   1.15653E+00
 3.59750E+01   2.15247E+00   1.05032E+00   5.37388E-01   1.15671E+00
 3.60250E+01   2.15258E+00   1.05034E+00   5.37445E-01   1.15690E+00
 3.60750E+01   2.15270E+00   1.05035E+00   5.37504E-01   1.15709E+00
 3.61250E+01   2.15282E+00   1.05037E+00   5.37564E-01   1.15728E+00
 3.61750E+01   2.15295E+00   1.05038E+00   5.37625E-01   1.15748E+00
 3.62250E+01   2.15308E+00   1.05040E+00   5.37688E-01   1.15768E+00
 3.62750E+01   2.15321E+00   1.05042E+00   5.37751E-01   1.15789E+00
 3.63250E+01   2.15335E+00   1.05044E+00   5.37817E-01   1.15811E+00
 3.63750E+01   2.15349E+00   1.05046E+00   5.37883E-01   1.15832E+00
 3.64250E+01   2.15363E+00   1.05047E+00   5.37950E-01   1.15855E+00
 3.64750E+01   2.15377E+00   1.05049E+00   5.38019E-01   1.15877E+00
 3.65250E+01   2.15392E+00   1.05051E+00   5.38088E-01   1.15900E+00
 3.65750E+01   2.15407E+00   1.05053E+00   5.38158E-01   1.15923E+00
 3.66250E+01   2.15422E+00   1.05055E+00   5.38230E-01   1.15947E+00
 3.66750E+01   2.15438E+00   1.05058E+00   5.38302E-01   1.15971E+00
 3.67250E+01   2.15454E+00   1.05060E+00   5.38376E-01   1.15995E+00
 3.67750E+01   2.15470E+00   1.05062E+00   5.38451E-01   1.16020E+00
 3.68250E+01   2.15486E+00   1.05064E+00   5.38526E-01   1.16045E+00
 3.68750E+01   2.15503E+00   1.05067E+00   5.38603E-01   1.16071E+00
 3.69250E+01   2.15520E+00   1.05069E+00   5.38681E-01   1.16096E+00
 3.69750E+01   2.15537E+00   1.05071E+00   5.38760E-01   1.16123E+00
 3.70250E+01   2.15554E+00   1.05074E+00   5.38841E-01   1.16150E+00
 3.70750E+01   2.15572E+00   1.05076E+00   5.38923E-01   1.16177E+00
 3.71250E+01   2.15590E+00   1.05079E+00   5.39005E-01   1.16204E+00
 3.71750E+01   2.15608E+00   1.05081E+00   5.39089E-01   1.16232E+00
 3.72250E+01   2.15626E+00   1.05084E+00   5.39175E-01   1.16260E+00
 3.72750E+01   2.15645E+00   1.05086E+00   5.39261E-01   1.16289E+00
 3.73250E+01   2.15664E+00   1.05089E+00   5.39349E-01   1.16318E+00
 3.73750E+01   2.15683E+00   1.05092E+00   5.39439E-01   1.16348E+00
 3.74250E+01   2.15702E+00   1.05095E+00   5.39530E-01   1.16378E+00
 3.74750E+01   2.15721E+00   1.05097E+00   5.39623E-01   1.16408E+00
 3.75250E+01   2.15741E+00   1.05100E+00   5.39718E-01   1.16439E+00
 3.75750E+01   2.15761E+00   1.05103E+00   5.39814E-01   1.16471E+00
 3.76250E+01   2.15781E+00   1.05106E+00   5.39912E-01   1.16503E+00
 3.76750E+01   2.15802E+00   1.05109E+00   5.40011E-01   1.16535E+00
 3.77250E+01   2.15822E+00   1.05112E+00   5.40112E-01   1.16568E+00
 3.77750E+01   2.15843E+00   1.05115E+00   5.40215E-01   1.16602E+00
 3.78250E+01   2.15864E+00   1.05118E+00   5.40320E-01   1.16636E+00
 3.78750E+01   2.15886E+00   1.05121E+00   5.40428E-01   1.16671E+00
 3.79250E+01   2.15907E+00   1.05124E+00   5.40537E-01   1.16706E+00
 3.79750E+01   2.15929E+00   1.05127E+00   5.40648E-01   1.16742E+00
 3.80250E+01   2.15951E+00   1.05131E+00   5.40761E-01   1.16778E+00
 3.80750E+01   2.15974E+00   1.05134E+00   5.40877E-01   1.16815E+00
 3.81250E+01   2.15997E+00   1.05137E+00   5.40995E-01   1.16853E+00
 3.81750E+01   2.16019E+00   1.05140E+00   5.41115E-01   1.16891E+00
 3.82250E+01   2.16043E+00   1.05144E+00   5.41237E-01   1.16930E+00
 3.82750E+01   2.16066E+00   1.05147E+00   5.41362E-01   1.16970E+00
 3.83250E+01   2.16090E+00   1.05151E+00   5.41489E-01   1.17010E+00
 3.83750E+01   2.16114E+00   1.05154E+00   5.41618E-01   1.17051E+00
 3.84250E+01   2.16138E+00   1.05158E+00   5.41749E-01   1.17092E+00
 3.84750E+01   2.16162E+00   1.05161E+00   5.41883E-01   1.17135E+00
 3.85250E+01   2.16187E+00   1.05165E+00   5.42019E-01   1.17177E+00
 3.85750E+01   2.16212E+00   1.05168E+00   5.42158E-01   1.17221E+00
 3.86250E+01   2.16237E+00   1.05172E+00   5.42299E-01   1.17265E+00
 3.86750E+01   2.16263E+00   1.05176E+00   5.42442E-01   1.17310E+00
 3.87250E+01   2.16289E+00   1.05179E+00   5.42589E-01   1.17356E+00
 3.87750E+01   2.16315E+00   1.05183E+00   5.42738E-01   1.17402E+00
 3.88250E+01   2.16342E+00   1.05187E+00   5.42889E-01   1.17450E+00
 3.88750E+01   2.16369E+00   1.05191E+00   5.43043E-01   1.17497E+00
 3.89250E+01   2.16396E+00   1.05194E+00   5.43199E-01   1.17546E+00
 3.89750E+01   2.16423E+00   1.05198E+00   5.43358E-01   1.17595E+00
 3.90250E+01   2.16451E+00   1.05202E+00   5.43520E-01   1.17645E+00
 3.90750E+01   2.16479E+00   1.05206E+00   5.43684E-01   1.17696E+00
 3.91250E+01   2.16508E+00   1.05210E+00   5.43850E-01   1.17748E+00
 3.91750E+01   2.16536E+00   1.05214E+00   5.44019E-01   1.17800E+00
 3.92250E+01   2.16565E+00   1.05218E+00   5.44189E-01   1.17853E+00
 3.92750E+01   2.16595E+00   1.05222E+00   5.44362E-01   1.17906E+00
 3.93250E+01   2.16624E+00   1.05227E+00   5.44537E-01   1.17960E+00
 3.93750E+01   2.16654E+00   1.05231E+00   5.44714E-01   1.18015E+00
 3.94250E+01   2.16685E+00   1.05235E+00   5.44893E-01   1.18070E+00
 3.94750E+01   2.16716E+00   1.05239E+00   5.45074E-01   1.18126E+00
 3.95250E+01   2.16747E+00   1.05243E+00   5.45257E-01   1.18183E+00
 3.95750E+01   2.16778E+00   1.05248E+00   5.45442E-01   1.18240E+00
 3.96250E+01   2.16810E+00   1.05252E+00   5.45630E-01   1.18298E+00
 3.96750E+01   2.16842E+00   1.05257E+00   5.45818E-01   1.18356E+00
 3.97250E+01   2.16875E+00   1.05261E+00   5.46008E-01   1.18415E+00
 3.97750E+01   2.16907E+00   1.05265E+00   5.46200E-01   1.18475E+00
 3.98250E+01   2.16940E+00   1.05270E+00   5.46392E-01   1.18534E+00
 3.98750E+01   2.16973E+00   1.05275E+00   5.46586E-01   1.18595E+00
 3.99250E+01   2.17007E+00   1.05279E+00   5.46781E-01   1.18655E+00
 3.99750E+01   2.17040E+00   1.05284E+00   5.46977E-01   1.18716E+00
 4.00250E+01   2.17074E+00   1.05288E+00   5.47174E-01   1.18777E+00
 4.00750E+01   2.17108E+00   1.05293E+00   5.47371E-01   1.18839E+00
 4.01250E+01   2.17142E+00   1.05298E+00   5.47569E-01   1.18900E+00
 4.01750E+01   2.17177E+00   1.05303E+00   5.47767E-01   1.18962E+00
 4.02250E+01   2.17212E+00   1.05307E+00   5.47965E-01   1.19024E+00
 4.02750E+01   2.17247E+00   1.05312E+00   5.48163E-01   1.19087E+00
 4.03250E+01   2.17282E+00   1.05317E+00   5.48361E-01   1.19149E+00
 4.03750E+01   2.17317E+00   1.05322E+00   5.48559E-01   1.19211E+00
 4.04250E+01   2.17352E+00   1.05327E+00   5.48757E-01   1.19274E+00
 4.04750E+01   2.17388E+00   1.05331E+00   5.48954E-01   1.19336E+00
 4.05250E+01   2.17423E+00   1.05336E+00   5.49151E-01   1.19398E+00
 4.05750E+01   2.17458E+00   1.05341E+00   5.49346E-01   1.19460E+00
 4.06250E+01   2.17494E+00   1.05346E+00   5.49541E-01   1.19522E+00
 4.06750E+01   2.17529E+00   1.05351E+00   5.49734E-01   1.19583E+00
 4.07250E+01   2.17564E+00   1.05356E+00   5.49925E-01   1.19644E+00
 4.07750E+01   2.17600E+00   1.05361E+00   5.50115E-01   1.19705E+00
 4.08250E+01   2.17635E+00   1.05366E+00   5.50302E-01   1.19765E+00
 4.08750E+01   2.17670E+00   1.05371E+00   5.50488E-01   1.19824E+00
 4.09250E+01   2.17704E+00   1.05376E+00   5.50671E-01   1.19883E+00
 4.09750E+01   2.17739E+00   1.05381E+00   5.50851E-01   1.19942E+00
 4.10250E+01   2.17773E+00   1.05385E+00   5.51029E-01   1.19999E+00
 4.10750E+01   2.17807E+00   1.05390E+00   5.51204E-01   1.20056E+00
 4.11250E+01   2.17841E+00   1.05395E+00   5.51375E-01   1.20112E+00
 4.11750E+01   2.17874E+00   1.05400E+00   5.51543E-01   1.20167E+00
 4.12250E+01   2.17907E+00   1.05405E+00   5.51707E-01   1.20221E+00
 4.12750E+01   2.17939E+00   1.05409E+00   5.51868E-01   1.20274E+00
 4.13250E+01   2.17971E+00   1.05414E+00   5.52025E-01   1.20325E+00
 4.13750E+01   2.18002E+00   1.05418E+00   5.52177E-01   1.20376E+00
 4.14250E+01   2.18033E+00   1.05423E+00   5.52325E-01   1.20425E+00
 4.14750E+01   2.18063E+00   1.05427E+00   5.52469E-01   1.20473E+00
 4.15250E+01   2.18092E+00   1.05432E+00   5.52607E-01   1.20519E+00
 4.15750E+01   2.18121E+00   1.05436E+00   5.52741E-01   1.20564E+00
 4.16250E+01   2.18149E+00   1.05440E+00   5.52869E-01   1.20608E+00
 4.16750E+01   2.18176E+00   1.05444E+00   5.52992E-01   1.20649E+00
 4.17250E+01   2.18202E+00   1.05448E+00   5.53110E-01   1.20690E+00
 4.17750E+01   2.18227E+00   1.05452E+00   5.53222E-01   1.20728E+00
 4.18250E+01   2.18251E+00   1.05456E+00   5.53328E-01   1.20764E+00
 4.18750E+01   2.18274E+00   1.05459E+00   5.53428E-01   1.20799E+00
 4.19250E+01   2.18296E+00   1.05463E+00   5.53521E-01   1.20831E+00
 4.19750E+01   2.18317E+00   1.05466E+00   5.53609E-01   1.20862E+00
 4.20250E+01   2.18336E+00   1.05469E+00   5.53689E-01   1.20890E+00
 4.20750E+01   2.18355E+00   1.05472E+00   5.53763E-01   1.20917E+00
 4.21250E+01   2.18372E+00   1.05475E+00   5.53830E-01   1.20941E+00
 4.21750E+01   2.18387E+00   1.05478E+00   5.53889E-01   1.20962E+00
 4.22250E+01   2.18402E+00   1.05480E+00   5.53942E-01   1.20982E+00
 4.22750E+01   2.18414E+00   1.05482E+00   5.53987E-01   1.20999E+00
 4.23250E+01   2.18426E+00   1.05484E+00   5.54025E-01   1.21013E+00
 4.23750E+01   2.18436E+00   1.05486E+00   5.54056E-01   1.21025E+00
 4.24250E+01   2.18444E+00   1.05488E+00   5.54079E-01   1.21035E+00
 4.24750E+01   2.18450E+00   1.05489E+00   5.54094E-01   1.21042E+00
 4.25250E+01   2.18455E+00   1.05490E+00   5.54101E-01   1.21046E+00
 4.25750E+01   2.18458E+00   1.05491E+00   5.54100E-01   1.21048E+00
 4.26250E+01   2.18460E+00   1.05492E+00   5.54091E-01   1.21047E+00
 4.26750E+01   2.18459E+00   1.05493E+00   5.54074E-01   1.21043E+00
 4.27250E+01   2.18457E+00   1.05493E+00   5.54048E-01   1.21036E+00
 4.27750E+01   2.18453E+00   1.05493E+00   5.54015E-01   1.21026E+00
 4.28250E+01   2.18447E+00   1.05492E+00   5.53973E-01   1.21014E+00
 4.28750E+01   2.18440E+00   1.05492E+00   5.53923E-01   1.20999E+00
 4.29250E+01   2.18430E+00   1.05491E+00   5.53865E-01   1.20981E+00
 4.29750E+01   2.18419E+00   1.05490E+00   5.53799E-01   1.20960E+00
 4.30250E+01   2.18405E+00   1.05488E+00   5.53724E-01   1.20936E+00
 4.30750E+01   2.18390E+00   1.05487E+00   5.53642E-01   1.20910E+00
 4.31250E+01   2.18373E+00   1.05485E+00   5.53551E-01   1.20880E+00
 4.31750E+01   2.18353E+00   1.05483E+00   5.53452E-01   1.20848E+00
 4.32250E+01   2.18332E+00   1.05480E+00   5.53345E-01   1.20813E+00
 4.32750E+01   2.18309E+00   1.05477E+00   5.53230E-01   1.20775E+00
 4.33250E+01   2.18284E+00   1.05474E+00   5.53107E-01   1.20734E+00
 4.33750E+01   2.18257E+00   1.05471E+00   5.52976E-01   1.20691E+00
 4.34250E+01   2.18229E+00   1.05468E+00   5.52838E-01   1.20645E+00
 4.34750E+01   2.18198E+00   1.05464E+00   5.52693E-01   1.20597E+00
 4.35250E+01   2.18166E+00   1.05460E+00   5.52541E-01   1.20546E+00
 4.35750E+01   2.18132E+00   1.05455E+00   5.52382E-01   1.20492E+00
 4.36250E+01   2.18096E+00   1.05451E+00   5.52215E-01   1.20436E+00
 4.36750E+01   2.18058E+00   1.05446E+00   5.52041E-01   1.20377E+00
 4.37250E+01   2.18019E+00   1.05441E+00   5.51860E-01   1.20316E+00
 4.37750E+01   2.17979E+00   1.05436E+00   5.51672E-01   1.20253E+00
 4.38250E+01   2.17937E+00   1.05430E+00   5.51479E-01   1.20187E+00
 4.38750E+01   2.17893E+00   1.05424E+00   5.51279E-01   1.20120E+00
 4.39250E+01   2.17848E+00   1.05418E+00   5.51074E-01   1.20050E+00
 4.39750E+01   2.17802E+00   1.05412E+00   5.50863E-01   1.19979E+00
 4.40250E+01   2.17754E+00   1.05406E+00   5.50647E-01   1.19905E+00
 4.40750E+01   2.17705E+00   1.05399E+00   5.50425E-01   1.19830E+00
 4.41250E+01   2.17655E+00   1.05393E+00   5.50199E-01   1.19754E+00
 4.41750E+01   2.17604E+00   1.05386E+00   5.49968E-01   1.19675E+00
 4.42250E+01   2.17552E+00   1.05379E+00   5.49733E-01   1.19596E+00
 4.42750E+01   2.17500E+00   1.05372E+00   5.49494E-01   1.19515E+00
 4.43250E+01   2.17446E+00   1.05364E+00   5.49251E-01   1.19433E+00
 4.43750E+01   2.17392E+00   1.05357E+00   5.49004E-01   1.19349E+00
 4.44250E+01   2.17337E+00   1.05350E+00   5.48755E-01   1.19265E+00
 4.44750E+01   2.17282E+00   1.05342E+00   5.48503E-01   1.19180E+00
 4.45250E+01   2.17226E+00   1.05334E+00   5.48248E-01   1.19094E+00
 4.45750E+01   2.17170E+00   1.05327E+00   5.47991E-01   1.19007E+00
 4.46250E+01   2.17114E+00   1.05319E+00   5.47732E-01   1.18920E+00
 4.46750E+01   2.17058E+00   1.05311E+00   5.47471E-01   1.18833E+00
 4.47250E+01   2.17001E+00   1.05303E+00   5.47210E-01   1.18745E+00
 4.47750E+01   2.16945E+00   1.05296E+00   5.46947E-01   1.18657E+00
 4.48250E+01   2.16889E+00   1.05288E+00   5.46684E-01   1.18570E+00
 4.48750E+01   2.16833E+00   1.05280E+00   5.46420E-01   1.18482E+00
 4.49250E+01   2.16777E+00   1.05272E+00   5.46157E-01   1.18394E+00
 4.49750E+01   2.16721E+00   1.05265E+00   5.45893E-01   1.18307E+00
 4.50250E+01   2.16666E+00   1.05257E+00   5.45630E-01   1.18220E+00
 4.50750E+01   2.16612E+00   1.05249E+00   5.45368E-01   1.18133E+00
 4.51250E+01   2.16558E+00   1.05242E+00   5.45106E-01   1.18047E+00
 4.51750E+01   2.16504E+00   1.05235E+00   5.44845E-01   1.17961E+00
 4.52250E+01   2.16452E+00   1.05227E+00   5.44585E-01   1.17877E+00
 4.52750E+01   2.16400E+00   1.05220E+00   5.44328E-01   1.17793E+00
 4.53250E+01   2.16349E+00   1.05213E+00   5.44072E-01   1.17710E+00
 4.53750E+01   2.16300E+00   1.05206E+00   5.43819E-01   1.17628E+00
 4.54250E+01   2.16251E+00   1.05199E+00   5.43567E-01   1.17547E+00
 4.54750E+01   2.16203E+00   1.05193E+00   5.43319E-01   1.17467E+00
 4.55250E+01   2.16156E+00   1.05186E+00   5.43073E-01   1.17389E+00
 4.55750E+01   2.16111E+00   1.05180E+00   5.42830E-01   1.17311E+00
 4.56250E+01   2.16066E+00   1.05174E+00   5.42589E-01   1.17235E+00
 4.56750E+01   2.16023E+00   1.05168E+00   5.42352E-01   1.17161E+00
 4.57250E+01   2.15981E+00   1.05162E+00   5.42118E-01   1.17087E+00
 4.57750E+01   2.15941E+00   1.05156E+00   5.41887E-01   1.17016E+00
 4.58250E+01   2.15902E+00   1.05151E+00   5.41660E-01   1.16945E+00
 4.58750E+01   2.15864E+00   1.05146E+00   5.41437E-01   1.16877E+00
 4.59250E+01   2.15828E+00   1.05141E+00   5.41218E-01   1.16810E+00
 4.59750E+01   2.15793E+00   1.05136E+00   5.41002E-01   1.16744E+00
 4.60250E+01   2.15759E+00   1.05131E+00   5.40791E-01   1.16681E+00
 4.60750E+01   2.15727E+00   1.05127E+00   5.40584E-01   1.16618E+00
 4.61250E+01   2.15696E+00   1.05122E+00   5.40381E-01   1.16558E+00
 4.61750E+01   2.15667E+00   1.05118E+00   5.40182E-01   1.16500E+00
 4.62250E+01   2.15639E+00   1.05114E+00   5.39988E-01   1.16443E+00
 4.62750E+01   2.15613E+00   1.05111E+00   5.39798E-01   1.16387E+00
 4.63250E+01   2.15588E+00   1.05107E+00   5.39612E-01   1.16334E+00
 4.63750E+01   2.15564E+00   1.05104E+00   5.39431E-01   1.16282E+00
 4.64250E+01   2.15542E+00   1.05101E+00   5.39255E-01   1.16232E+00
 4.64750E+01   2.15522E+00   1.05098E+00   5.39083E-01   1.16184E+00
 4.65250E+01   2.15502E+00   1.05095E+00   5.38917E-01   1.16138E+00
 4.65750E+01   2.15485E+00   1.05093E+00   5.38755E-01   1.16093E+00
 4.66250E+01   2.15468E+00   1.05091E+00   5.38599E-01   1.16051E+00
 4.66750E+01   2.15452E+00   1.05088E+00   5.38447E-01   1.16010E+00
 4.67250E+01   2.15438E+00   1.05086E+00   5.38301E-01   1.15971E+00
 4.67750E+01   2.15425E+00   1.05085E+00   5.38160E-01   1.15933E+00
 4.68250E+01   2.15414E+00   1.05083E+00   5.38024E-01   1.15898E+00
 4.68750E+01   2.15403E+00   1.05081E+00   5.37893E-01   1.15864E+00
 4.69250E+01   2.15393E+00   1.05080E+00   5.37768E-01   1.15832E+00
 4.69750E+01   2.15385E+00   1.05079E+00   5.37649E-01   1.15801E+00
 4.70250E+01   2.15377E+00   1.05078E+00   5.37535E-01   1.15773E+00
 4.70750E+01   2.15371E+00   1.05077E+00   5.37427E-01   1.15746E+00
 4.71250E+01   2.15365E+00   1.05076E+00   5.37324E-01   1.15721E+00
 4.71750E+01   2.15360E+00   1.05075E+00   5.37228E-01   1.15697E+00
 4.72250E+01   2.15356E+00   1.05075E+00   5.37137E-01   1.15676E+00
 4.72750E+01   2.15352E+00   1.05074E+00   5.37052E-01   1.15655E+00
 4.73250E+01   2.15349E+00   1.05074E+00   5.36973E-01   1.15637E+00
 4.73750E+01   2.15347E+00   1.05073E+00   5.36901E-01   1.15620E+00
 4.74250E+01   2.15346E+00   1.05073E+00   5.36835E-01   1.15605E+00
 4.74750E+01   2.15344E+00   1.05073E+00   5.36776E-01   1.15592E+00
 4.75250E+01   2.15343E+00   1.05073E+00   5.36724E-01   1.15580E+00
 4.75750E+01   2.15343E+00   1.05073E+00   5.36678E-01   1.15570E+00
 4.76250E+01   2.15342E+00   1.05073E+00   5.36639E-01   1.15561E+00
 4.76750E+01   2.15342E+00   1.05074E+00   5.36606E-01   1.15554E+00
 4.77250E+01   2.15341E+00   1.05074E+00   5.36581E-01   1.15548E+00
 4.77750E+01   2.15341E+00   1.05075E+00   5.36563E-01   1.15544E+00
 4.78250E+01   2.15340E+00   1.05076E+00   5.36552E-01   1.15541E+00
 4.78750E+01   2.15339E+00   1.05077E+00   5.36549E-01   1.15540E+00
 4.79250E+01   2.15337E+00   1.05078E+00   5.36553E-01   1.15540E+00
 4.79750E+01   2.15334E+00   1.05080E+00   5.36566E-01   1.15541E+00
 4.80250E+01   2.15330E+00   1.05083E+00   5.36587E-01   1.15543E+00
 4.80750E+01   2.15324E+00   1.05087E+00   5.36618E-01   1.15547E+00
 4.81250E+01   2.15316E+00   1.05091E+00   5.36657E-01   1.15551E+00
 4.81750E+01   2.15306E+00   1.05097E+00   5.36707E-01   1.15556E+00
 4.82250E+01   2.15292E+00   1.05104E+00   5.36770E-01   1.15562E+00
 4.82750E+01   2.15274E+00   1.05113E+00   5.36846E-01   1.15569E+00
 4.83250E+01   2.15250E+00   1.05125E+00   5.36937E-01   1.15576E+00
 4.83750E+01   2.15218E+00   1.05141E+00   5.37047E-01   1.15582E+00
 4.84250E+01   2.15177E+00   1.05161E+00   5.37179E-01   1.15589E+00
 4.84750E+01   2.15124E+00   1.05187E+00   5.37337E-01   1.15594E+00
 4.85250E+01   2.15054E+00   1.05220E+00   5.37528E-01   1.15597E+00
 4.85750E+01   2.14963E+00   1.05264E+00   5.37759E-01   1.15598E+00
 4.86250E+01   2.14846E+00   1.05320E+00   5.38039E-01   1.15596E+00
 4.86750E+01   2.14695E+00   1.05392E+00   5.38383E-01   1.15588E+00
 4.87250E+01   2.14499E+00   1.05485E+00   5.38809E-01   1.15574E+00
 4.87750E+01   2.14250E+00   1.05606E+00   5.39342E-01   1.15554E+00
 4.88250E+01   2.13940E+00   1.05762E+00   5.40039E-01   1.15536E+00
 4.88750E+01   2.13605E+00   1.05964E+00   5.41075E-01   1.15576E+00
 4.89250E+01   2.13522E+00   1.06234E+00   5.43255E-01   1.15997E+00
 4.89750E+01   2.15304E+00   1.06619E+00   5.50726E-01   1.18573E+00
