      xx/10.          rhoa          temp           vel      vel*rhoa
         [-]           [-]           [-]           [-]           [-]
 1.02500E+00   2.53976E+00   9.15318E-01   5.01306E-01   1.27320E+00
 1.07500E+00   2.53699E+00   9.16593E-01   5.01409E-01   1.27207E+00
 1.12500E+00   2.53364E+00   9.18122E-01   5.01563E-01   1.27078E+00
 1.17500E+00   2.52955E+00   9.19902E-01   5.01819E-01   1.26938E+00
 1.22500E+00   2.52469E+00   9.21919E-01   5.02208E-01   1.26792E+00
 1.27500E+00   2.51909E+00   9.24142E-01   5.02751E-01   1.26648E+00
 1.32500E+00   2.51283E+00   9.26526E-01   5.03459E-01   1.26511E+00
 1.37500E+00   2.50604E+00   9.29017E-01   5.04337E-01   1.26389E+00
 1.42500E+00   2.49887E+00   9.31556E-01   5.05380E-01   1.26288E+00
 1.47500E+00   2.49148E+00   9.34083E-01   5.06577E-01   1.26213E+00
 1.52500E+00   2.48405E+00   9.36543E-01   5.07910E-01   1.26167E+00
 1.57500E+00   2.47669E+00   9.38893E-01   5.09356E-01   1.26152E+00
 1.62500E+00   2.46952E+00   9.41104E-01   5.10892E-01   1.26166E+00
 1.67500E+00   2.46261E+00   9.43157E-01   5.12490E-01   1.26207E+00
 1.72500E+00   2.45600E+00   9.45046E-01   5.14128E-01   1.26270E+00
 1.77500E+00   2.44967E+00   9.46780E-01   5.15779E-01   1.26349E+00
 1.82500E+00   2.44360E+00   9.48379E-01   5.17425E-01   1.26438E+00
 1.87500E+00   2.43772E+00   9.49872E-01   5.19047E-01   1.26529E+00
 1.92500E+00   2.43192E+00   9.51298E-01   5.20630E-01   1.26613E+00
 1.97500E+00   2.42610E+00   9.52700E-01   5.22164E-01   1.26682E+00
 2.02500E+00   2.42013E+00   9.54127E-01   5.23643E-01   1.26729E+00
 2.07500E+00   2.41389E+00   9.55626E-01   5.25063E-01   1.26744E+00
 2.12500E+00   2.40722E+00   9.57244E-01   5.26425E-01   1.26722E+00
 2.17500E+00   2.40003E+00   9.59028E-01   5.27730E-01   1.26657E+00
 2.22500E+00   2.39218E+00   9.61016E-01   5.28984E-01   1.26543E+00
 2.27500E+00   2.38360E+00   9.63243E-01   5.30194E-01   1.26377E+00
 2.32500E+00   2.37420E+00   9.65732E-01   5.31366E-01   1.26157E+00
 2.37500E+00   2.36396E+00   9.68502E-01   5.32510E-01   1.25883E+00
 2.42500E+00   2.35284E+00   9.71558E-01   5.33632E-01   1.25555E+00
 2.47500E+00   2.34087E+00   9.74896E-01   5.34740E-01   1.25176E+00
 2.52500E+00   2.32811E+00   9.78502E-01   5.35841E-01   1.24750E+00
 2.57500E+00   2.31462E+00   9.82350E-01   5.36940E-01   1.24281E+00
 2.62500E+00   2.30053E+00   9.86405E-01   5.38038E-01   1.23777E+00
 2.67500E+00   2.28597E+00   9.90622E-01   5.39135E-01   1.23245E+00
 2.72500E+00   2.27110E+00   9.94950E-01   5.40231E-01   1.22692E+00
 2.77500E+00   2.25610E+00   9.99333E-01   5.41321E-01   1.22128E+00
 2.82500E+00   2.24115E+00   1.00371E+00   5.42399E-01   1.21560E+00
 2.87500E+00   2.22644E+00   1.00802E+00   5.43458E-01   1.20998E+00
 2.92500E+00   2.21214E+00   1.01221E+00   5.44490E-01   1.20449E+00
 2.97500E+00   2.19843E+00   1.01622E+00   5.45484E-01   1.19921E+00
 3.02500E+00   2.18544E+00   1.02001E+00   5.46433E-01   1.19420E+00
 3.07500E+00   2.17329E+00   1.02354E+00   5.47327E-01   1.18950E+00
 3.12500E+00   2.16206E+00   1.02679E+00   5.48159E-01   1.18515E+00
 3.17500E+00   2.15182E+00   1.02973E+00   5.48924E-01   1.18118E+00
 3.22500E+00   2.14258E+00   1.03237E+00   5.49618E-01   1.17760E+00
 3.27500E+00   2.13434E+00   1.03470E+00   5.50240E-01   1.17440E+00
 3.32500E+00   2.12707E+00   1.03674E+00   5.50790E-01   1.17157E+00
 3.37500E+00   2.12073E+00   1.03851E+00   5.51271E-01   1.16910E+00
 3.42500E+00   2.11526E+00   1.04002E+00   5.51686E-01   1.16696E+00
 3.47500E+00   2.11059E+00   1.04130E+00   5.52041E-01   1.16513E+00
 3.52500E+00   2.10663E+00   1.04237E+00   5.52342E-01   1.16358E+00
 3.57500E+00   2.10332E+00   1.04326E+00   5.52594E-01   1.16228E+00
 3.62500E+00   2.10057E+00   1.04400E+00   5.52803E-01   1.16120E+00
 3.67500E+00   2.09832E+00   1.04460E+00   5.52977E-01   1.16032E+00
 3.72500E+00   2.09649E+00   1.04509E+00   5.53120E-01   1.15961E+00
 3.77500E+00   2.09504E+00   1.04548E+00   5.53238E-01   1.15905E+00
 3.82500E+00   2.09389E+00   1.04580E+00   5.53335E-01   1.15863E+00
 3.87500E+00   2.09302E+00   1.04605E+00   5.53417E-01   1.15831E+00
 3.92500E+00   2.09237E+00   1.04626E+00   5.53486E-01   1.15810E+00
 3.97500E+00   2.09191E+00   1.04642E+00   5.53545E-01   1.15797E+00
 4.02500E+00   2.09162E+00   1.04655E+00   5.53598E-01   1.15792E+00
 4.07500E+00   2.09146E+00   1.04665E+00   5.53646E-01   1.15793E+00
 4.12500E+00   2.09142E+00   1.04673E+00   5.53690E-01   1.15800E+00
 4.17500E+00   2.09149E+00   1.04679E+00   5.53733E-01   1.15812E+00
 4.22500E+00   2.09164E+00   1.04685E+00   5.53775E-01   1.15830E+00
 4.27500E+00   2.09186E+00   1.04689E+00   5.53816E-01   1.15851E+00
 4.32500E+00   2.09215E+00   1.04693E+00   5.53859E-01   1.15876E+00
 4.37500E+00   2.09249E+00   1.04696E+00   5.53903E-01   1.15904E+00
 4.42500E+00   2.09288E+00   1.04699E+00   5.53947E-01   1.15935E+00
 4.47500E+00   2.09332E+00   1.04701E+00   5.53994E-01   1.15968E+00
 4.52500E+00   2.09378E+00   1.04704E+00   5.54042E-01   1.16004E+00
 4.57500E+00   2.09427E+00   1.04706E+00   5.54092E-01   1.16042E+00
 4.62500E+00   2.09479E+00   1.04708E+00   5.54144E-01   1.16081E+00
 4.67500E+00   2.09532E+00   1.04709E+00   5.54198E-01   1.16122E+00
 4.72500E+00   2.09586E+00   1.04711E+00   5.54253E-01   1.16164E+00
 4.77500E+00   2.09640E+00   1.04713E+00   5.54311E-01   1.16206E+00
 4.82500E+00   2.09694E+00   1.04714E+00   5.54370E-01   1.16248E+00
 4.87500E+00   2.09747E+00   1.04716E+00   5.54432E-01   1.16290E+00
 4.92500E+00   2.09799E+00   1.04717E+00   5.54494E-01   1.16332E+00
 4.97500E+00   2.09849E+00   1.04718E+00   5.54559E-01   1.16373E+00
 5.02500E+00   2.09896E+00   1.04719E+00   5.54624E-01   1.16414E+00
 5.07500E+00   2.09941E+00   1.04720E+00   5.54692E-01   1.16453E+00
 5.12500E+00   2.09982E+00   1.04721E+00   5.54761E-01   1.16490E+00
 5.17500E+00   2.10020E+00   1.04722E+00   5.54832E-01   1.16526E+00
 5.22500E+00   2.10054E+00   1.04723E+00   5.54904E-01   1.16560E+00
 5.27500E+00   2.10084E+00   1.04723E+00   5.54977E-01   1.16592E+00
 5.32500E+00   2.10109E+00   1.04724E+00   5.55052E-01   1.16621E+00
 5.37500E+00   2.10129E+00   1.04724E+00   5.55129E-01   1.16649E+00
 5.42500E+00   2.10145E+00   1.04725E+00   5.55206E-01   1.16674E+00
 5.47500E+00   2.10156E+00   1.04725E+00   5.55285E-01   1.16697E+00
 5.52500E+00   2.10163E+00   1.04725E+00   5.55366E-01   1.16717E+00
 5.57500E+00   2.10165E+00   1.04725E+00   5.55448E-01   1.16736E+00
 5.62500E+00   2.10164E+00   1.04724E+00   5.55531E-01   1.16752E+00
 5.67500E+00   2.10159E+00   1.04724E+00   5.55615E-01   1.16767E+00
 5.72500E+00   2.10150E+00   1.04724E+00   5.55700E-01   1.16780E+00
 5.77500E+00   2.10138E+00   1.04724E+00   5.55787E-01   1.16792E+00
 5.82500E+00   2.10125E+00   1.04724E+00   5.55875E-01   1.16803E+00
 5.87500E+00   2.10109E+00   1.04723E+00   5.55965E-01   1.16813E+00
 5.92500E+00   2.10091E+00   1.04723E+00   5.56055E-01   1.16822E+00
 5.97500E+00   2.10073E+00   1.04723E+00   5.56148E-01   1.16832E+00
 6.02500E+00   2.10054E+00   1.04723E+00   5.56241E-01   1.16841E+00
 6.07500E+00   2.10035E+00   1.04723E+00   5.56336E-01   1.16850E+00
 6.12500E+00   2.10017E+00   1.04723E+00   5.56432E-01   1.16860E+00
 6.17500E+00   2.10000E+00   1.04723E+00   5.56529E-01   1.16871E+00
 6.22500E+00   2.09984E+00   1.04723E+00   5.56627E-01   1.16883E+00
 6.27500E+00   2.09969E+00   1.04724E+00   5.56726E-01   1.16895E+00
 6.32500E+00   2.09956E+00   1.04725E+00   5.56826E-01   1.16909E+00
 6.37500E+00   2.09944E+00   1.04727E+00   5.56927E-01   1.16923E+00
 6.42500E+00   2.09934E+00   1.04729E+00   5.57028E-01   1.16939E+00
 6.47500E+00   2.09925E+00   1.04732E+00   5.57129E-01   1.16955E+00
 6.52500E+00   2.09917E+00   1.04735E+00   5.57231E-01   1.16972E+00
 6.57500E+00   2.09910E+00   1.04740E+00   5.57334E-01   1.16990E+00
 6.62500E+00   2.09904E+00   1.04746E+00   5.57438E-01   1.17009E+00
 6.67500E+00   2.09900E+00   1.04752E+00   5.57544E-01   1.17029E+00
 6.72500E+00   2.09898E+00   1.04759E+00   5.57651E-01   1.17050E+00
 6.77500E+00   2.09897E+00   1.04767E+00   5.57759E-01   1.17072E+00
 6.82500E+00   2.09898E+00   1.04776E+00   5.57868E-01   1.17096E+00
 6.87500E+00   2.09901E+00   1.04785E+00   5.57978E-01   1.17120E+00
 6.92500E+00   2.09907E+00   1.04796E+00   5.58090E-01   1.17147E+00
 6.97500E+00   2.09913E+00   1.04806E+00   5.58203E-01   1.17174E+00
 7.02500E+00   2.09922E+00   1.04818E+00   5.58318E-01   1.17203E+00
 7.07500E+00   2.09931E+00   1.04830E+00   5.58435E-01   1.17233E+00
 7.12500E+00   2.09943E+00   1.04842E+00   5.58553E-01   1.17264E+00
 7.17500E+00   2.09955E+00   1.04855E+00   5.58673E-01   1.17296E+00
 7.22500E+00   2.09969E+00   1.04868E+00   5.58794E-01   1.17329E+00
 7.27500E+00   2.09983E+00   1.04882E+00   5.58918E-01   1.17364E+00
 7.32500E+00   2.09999E+00   1.04896E+00   5.59044E-01   1.17398E+00
 7.37500E+00   2.10014E+00   1.04910E+00   5.59172E-01   1.17434E+00
 7.42500E+00   2.10030E+00   1.04925E+00   5.59303E-01   1.17470E+00
 7.47500E+00   2.10046E+00   1.04940E+00   5.59436E-01   1.17507E+00
 7.52500E+00   2.10061E+00   1.04955E+00   5.59572E-01   1.17544E+00
 7.57500E+00   2.10076E+00   1.04970E+00   5.59711E-01   1.17582E+00
 7.62500E+00   2.10091E+00   1.04986E+00   5.59853E-01   1.17620E+00
 7.67500E+00   2.10105E+00   1.05002E+00   5.59998E-01   1.17658E+00
 7.72500E+00   2.10118E+00   1.05018E+00   5.60146E-01   1.17697E+00
 7.77500E+00   2.10130E+00   1.05035E+00   5.60298E-01   1.17735E+00
 7.82500E+00   2.10141E+00   1.05051E+00   5.60453E-01   1.17774E+00
 7.87500E+00   2.10151E+00   1.05068E+00   5.60613E-01   1.17813E+00
 7.92500E+00   2.10160E+00   1.05085E+00   5.60776E-01   1.17853E+00
 7.97500E+00   2.10167E+00   1.05102E+00   5.60944E-01   1.17892E+00
 8.02500E+00   2.10174E+00   1.05120E+00   5.61115E-01   1.17932E+00
 8.07500E+00   2.10179E+00   1.05137E+00   5.61291E-01   1.17972E+00
 8.12500E+00   2.10184E+00   1.05155E+00   5.61472E-01   1.18012E+00
 8.17500E+00   2.10187E+00   1.05173E+00   5.61657E-01   1.18053E+00
 8.22500E+00   2.10189E+00   1.05191E+00   5.61847E-01   1.18094E+00
 8.27500E+00   2.10191E+00   1.05209E+00   5.62041E-01   1.18136E+00
 8.32500E+00   2.10192E+00   1.05228E+00   5.62241E-01   1.18179E+00
 8.37500E+00   2.10193E+00   1.05247E+00   5.62445E-01   1.18222E+00
 8.42500E+00   2.10193E+00   1.05266E+00   5.62655E-01   1.18266E+00
 8.47500E+00   2.10193E+00   1.05285E+00   5.62869E-01   1.18311E+00
 8.52500E+00   2.10193E+00   1.05305E+00   5.63089E-01   1.18358E+00
 8.57500E+00   2.10194E+00   1.05324E+00   5.63313E-01   1.18405E+00
 8.62500E+00   2.10194E+00   1.05344E+00   5.63543E-01   1.18453E+00
 8.67500E+00   2.10195E+00   1.05365E+00   5.63777E-01   1.18503E+00
 8.72500E+00   2.10197E+00   1.05385E+00   5.64017E-01   1.18555E+00
 8.77500E+00   2.10200E+00   1.05406E+00   5.64260E-01   1.18607E+00
 8.82500E+00   2.10203E+00   1.05426E+00   5.64508E-01   1.18662E+00
 8.87500E+00   2.10208E+00   1.05447E+00   5.64761E-01   1.18717E+00
 8.92500E+00   2.10214E+00   1.05469E+00   5.65017E-01   1.18774E+00
 8.97500E+00   2.10220E+00   1.05490E+00   5.65277E-01   1.18833E+00
 9.02500E+00   2.10228E+00   1.05512E+00   5.65540E-01   1.18892E+00
 9.07500E+00   2.10237E+00   1.05533E+00   5.65805E-01   1.18953E+00
 9.12500E+00   2.10248E+00   1.05555E+00   5.66073E-01   1.19016E+00
 9.17500E+00   2.10259E+00   1.05577E+00   5.66343E-01   1.19079E+00
 9.22500E+00   2.10272E+00   1.05600E+00   5.66613E-01   1.19143E+00
 9.27500E+00   2.10285E+00   1.05622E+00   5.66884E-01   1.19207E+00
 9.32500E+00   2.10299E+00   1.05644E+00   5.67155E-01   1.19272E+00
 9.37500E+00   2.10314E+00   1.05666E+00   5.67425E-01   1.19338E+00
 9.42500E+00   2.10330E+00   1.05689E+00   5.67693E-01   1.19403E+00
 9.47500E+00   2.10345E+00   1.05711E+00   5.67959E-01   1.19467E+00
 9.52500E+00   2.10361E+00   1.05733E+00   5.68221E-01   1.19532E+00
 9.57500E+00   2.10377E+00   1.05756E+00   5.68478E-01   1.19595E+00
 9.62500E+00   2.10392E+00   1.05778E+00   5.68731E-01   1.19656E+00
 9.67500E+00   2.10407E+00   1.05800E+00   5.68977E-01   1.19717E+00
 9.72500E+00   2.10420E+00   1.05822E+00   5.69216E-01   1.19775E+00
 9.77500E+00   2.10433E+00   1.05843E+00   5.69446E-01   1.19830E+00
 9.82500E+00   2.10444E+00   1.05864E+00   5.69667E-01   1.19883E+00
 9.87500E+00   2.10453E+00   1.05886E+00   5.69877E-01   1.19932E+00
 9.92500E+00   2.10460E+00   1.05906E+00   5.70075E-01   1.19978E+00
 9.97500E+00   2.10465E+00   1.05927E+00   5.70260E-01   1.20020E+00
 1.00250E+01   2.10467E+00   1.05947E+00   5.70431E-01   1.20057E+00
 1.00750E+01   2.10466E+00   1.05966E+00   5.70587E-01   1.20089E+00
 1.01250E+01   2.10462E+00   1.05986E+00   5.70727E-01   1.20116E+00
 1.01750E+01   2.10455E+00   1.06004E+00   5.70850E-01   1.20138E+00
 1.02250E+01   2.10444E+00   1.06022E+00   5.70953E-01   1.20154E+00
 1.02750E+01   2.10430E+00   1.06040E+00   5.71038E-01   1.20163E+00
 1.03250E+01   2.10411E+00   1.06057E+00   5.71102E-01   1.20166E+00
 1.03750E+01   2.10389E+00   1.06073E+00   5.71146E-01   1.20163E+00
 1.04250E+01   2.10362E+00   1.06089E+00   5.71167E-01   1.20152E+00
 1.04750E+01   2.10332E+00   1.06104E+00   5.71167E-01   1.20134E+00
 1.05250E+01   2.10296E+00   1.06118E+00   5.71143E-01   1.20109E+00
 1.05750E+01   2.10257E+00   1.06132E+00   5.71096E-01   1.20077E+00
 1.06250E+01   2.10213E+00   1.06145E+00   5.71025E-01   1.20037E+00
 1.06750E+01   2.10165E+00   1.06157E+00   5.70929E-01   1.19989E+00
 1.07250E+01   2.10113E+00   1.06169E+00   5.70809E-01   1.19934E+00
 1.07750E+01   2.10056E+00   1.06179E+00   5.70665E-01   1.19872E+00
 1.08250E+01   2.09995E+00   1.06189E+00   5.70497E-01   1.19802E+00
 1.08750E+01   2.09931E+00   1.06198E+00   5.70304E-01   1.19724E+00
 1.09250E+01   2.09862E+00   1.06207E+00   5.70088E-01   1.19640E+00
 1.09750E+01   2.09790E+00   1.06214E+00   5.69849E-01   1.19548E+00
 1.10250E+01   2.09714E+00   1.06221E+00   5.69586E-01   1.19450E+00
 1.10750E+01   2.09635E+00   1.06227E+00   5.69302E-01   1.19346E+00
 1.11250E+01   2.09553E+00   1.06233E+00   5.68997E-01   1.19235E+00
 1.11750E+01   2.09468E+00   1.06238E+00   5.68672E-01   1.19118E+00
 1.12250E+01   2.09380E+00   1.06242E+00   5.68327E-01   1.18996E+00
 1.12750E+01   2.09290E+00   1.06245E+00   5.67964E-01   1.18869E+00
 1.13250E+01   2.09198E+00   1.06248E+00   5.67585E-01   1.18738E+00
 1.13750E+01   2.09104E+00   1.06250E+00   5.67190E-01   1.18602E+00
 1.14250E+01   2.09009E+00   1.06252E+00   5.66780E-01   1.18462E+00
 1.14750E+01   2.08912E+00   1.06253E+00   5.66358E-01   1.18319E+00
 1.15250E+01   2.08815E+00   1.06254E+00   5.65924E-01   1.18173E+00
 1.15750E+01   2.08716E+00   1.06254E+00   5.65481E-01   1.18025E+00
 1.16250E+01   2.08617E+00   1.06254E+00   5.65028E-01   1.17875E+00
 1.16750E+01   2.08518E+00   1.06254E+00   5.64569E-01   1.17723E+00
 1.17250E+01   2.08419E+00   1.06253E+00   5.64104E-01   1.17570E+00
 1.17750E+01   2.08319E+00   1.06252E+00   5.63635E-01   1.17416E+00
 1.18250E+01   2.08221E+00   1.06250E+00   5.63163E-01   1.17262E+00
 1.18750E+01   2.08123E+00   1.06249E+00   5.62690E-01   1.17109E+00
 1.19250E+01   2.08025E+00   1.06247E+00   5.62217E-01   1.16955E+00
 1.19750E+01   2.07929E+00   1.06245E+00   5.61746E-01   1.16803E+00
 1.20250E+01   2.07835E+00   1.06243E+00   5.61278E-01   1.16653E+00
 1.20750E+01   2.07741E+00   1.06241E+00   5.60814E-01   1.16504E+00
 1.21250E+01   2.07649E+00   1.06239E+00   5.60355E-01   1.16357E+00
 1.21750E+01   2.07559E+00   1.06237E+00   5.59903E-01   1.16213E+00
 1.22250E+01   2.07470E+00   1.06236E+00   5.59458E-01   1.16071E+00
 1.22750E+01   2.07384E+00   1.06234E+00   5.59021E-01   1.15932E+00
 1.23250E+01   2.07299E+00   1.06232E+00   5.58593E-01   1.15796E+00
 1.23750E+01   2.07217E+00   1.06230E+00   5.58175E-01   1.15663E+00
 1.24250E+01   2.07137E+00   1.06229E+00   5.57767E-01   1.15534E+00
 1.24750E+01   2.07059E+00   1.06227E+00   5.57371E-01   1.15408E+00
 1.25250E+01   2.06983E+00   1.06226E+00   5.56986E-01   1.15287E+00
 1.25750E+01   2.06910E+00   1.06225E+00   5.56613E-01   1.15169E+00
 1.26250E+01   2.06839E+00   1.06224E+00   5.56252E-01   1.15055E+00
 1.26750E+01   2.06771E+00   1.06224E+00   5.55903E-01   1.14945E+00
 1.27250E+01   2.06706E+00   1.06223E+00   5.55568E-01   1.14839E+00
 1.27750E+01   2.06643E+00   1.06223E+00   5.55245E-01   1.14737E+00
 1.28250E+01   2.06582E+00   1.06223E+00   5.54936E-01   1.14640E+00
 1.28750E+01   2.06524E+00   1.06224E+00   5.54640E-01   1.14547E+00
 1.29250E+01   2.06469E+00   1.06224E+00   5.54356E-01   1.14458E+00
 1.29750E+01   2.06417E+00   1.06225E+00   5.54086E-01   1.14373E+00
 1.30250E+01   2.06367E+00   1.06226E+00   5.53829E-01   1.14292E+00
 1.30750E+01   2.06319E+00   1.06227E+00   5.53584E-01   1.14215E+00
 1.31250E+01   2.06274E+00   1.06229E+00   5.53352E-01   1.14142E+00
 1.31750E+01   2.06231E+00   1.06230E+00   5.53132E-01   1.14073E+00
 1.32250E+01   2.06191E+00   1.06232E+00   5.52924E-01   1.14008E+00
 1.32750E+01   2.06153E+00   1.06235E+00   5.52727E-01   1.13947E+00
 1.33250E+01   2.06118E+00   1.06237E+00   5.52542E-01   1.13889E+00
 1.33750E+01   2.06085E+00   1.06240E+00   5.52368E-01   1.13835E+00
 1.34250E+01   2.06054E+00   1.06242E+00   5.52205E-01   1.13784E+00
 1.34750E+01   2.06026E+00   1.06245E+00   5.52052E-01   1.13737E+00
 1.35250E+01   2.06000E+00   1.06249E+00   5.51910E-01   1.13693E+00
 1.35750E+01   2.05975E+00   1.06252E+00   5.51777E-01   1.13652E+00
 1.36250E+01   2.05953E+00   1.06255E+00   5.51653E-01   1.13615E+00
 1.36750E+01   2.05933E+00   1.06259E+00   5.51539E-01   1.13580E+00
 1.37250E+01   2.05915E+00   1.06263E+00   5.51433E-01   1.13548E+00
 1.37750E+01   2.05899E+00   1.06267E+00   5.51335E-01   1.13519E+00
 1.38250E+01   2.05885E+00   1.06271E+00   5.51245E-01   1.13493E+00
 1.38750E+01   2.05872E+00   1.06276E+00   5.51164E-01   1.13469E+00
 1.39250E+01   2.05861E+00   1.06280E+00   5.51089E-01   1.13448E+00
 1.39750E+01   2.05852E+00   1.06285E+00   5.51022E-01   1.13429E+00
 1.40250E+01   2.05845E+00   1.06289E+00   5.50962E-01   1.13413E+00
 1.40750E+01   2.05839E+00   1.06294E+00   5.50908E-01   1.13398E+00
 1.41250E+01   2.05834E+00   1.06299E+00   5.50860E-01   1.13386E+00
 1.41750E+01   2.05831E+00   1.06304E+00   5.50819E-01   1.13376E+00
 1.42250E+01   2.05829E+00   1.06309E+00   5.50783E-01   1.13367E+00
 1.42750E+01   2.05829E+00   1.06314E+00   5.50753E-01   1.13361E+00
 1.43250E+01   2.05830E+00   1.06320E+00   5.50729E-01   1.13356E+00
 1.43750E+01   2.05832E+00   1.06325E+00   5.50709E-01   1.13353E+00
 1.44250E+01   2.05835E+00   1.06330E+00   5.50694E-01   1.13352E+00
 1.44750E+01   2.05839E+00   1.06336E+00   5.50685E-01   1.13352E+00
 1.45250E+01   2.05844E+00   1.06342E+00   5.50680E-01   1.13354E+00
 1.45750E+01   2.05851E+00   1.06347E+00   5.50679E-01   1.13358E+00
 1.46250E+01   2.05858E+00   1.06353E+00   5.50683E-01   1.13363E+00
 1.46750E+01   2.05866E+00   1.06359E+00   5.50692E-01   1.13369E+00
 1.47250E+01   2.05875E+00   1.06365E+00   5.50704E-01   1.13376E+00
 1.47750E+01   2.05885E+00   1.06371E+00   5.50721E-01   1.13385E+00
 1.48250E+01   2.05896E+00   1.06377E+00   5.50741E-01   1.13396E+00
 1.48750E+01   2.05908E+00   1.06383E+00   5.50766E-01   1.13407E+00
 1.49250E+01   2.05921E+00   1.06389E+00   5.50794E-01   1.13420E+00
 1.49750E+01   2.05934E+00   1.06395E+00   5.50825E-01   1.13434E+00
 1.50250E+01   2.05948E+00   1.06401E+00   5.50861E-01   1.13449E+00
 1.50750E+01   2.05963E+00   1.06407E+00   5.50899E-01   1.13465E+00
 1.51250E+01   2.05979E+00   1.06414E+00   5.50942E-01   1.13483E+00
 1.51750E+01   2.05996E+00   1.06420E+00   5.50987E-01   1.13501E+00
 1.52250E+01   2.06013E+00   1.06427E+00   5.51036E-01   1.13521E+00
 1.52750E+01   2.06031E+00   1.06433E+00   5.51088E-01   1.13542E+00
 1.53250E+01   2.06050E+00   1.06440E+00   5.51144E-01   1.13563E+00
 1.53750E+01   2.06070E+00   1.06446E+00   5.51203E-01   1.13586E+00
 1.54250E+01   2.06090E+00   1.06453E+00   5.51265E-01   1.13610E+00
 1.54750E+01   2.06111E+00   1.06460E+00   5.51330E-01   1.13635E+00
 1.55250E+01   2.06133E+00   1.06466E+00   5.51398E-01   1.13662E+00
 1.55750E+01   2.06156E+00   1.06473E+00   5.51470E-01   1.13689E+00
 1.56250E+01   2.06180E+00   1.06480E+00   5.51545E-01   1.13717E+00
 1.56750E+01   2.06204E+00   1.06487E+00   5.51623E-01   1.13747E+00
 1.57250E+01   2.06229E+00   1.06494E+00   5.51704E-01   1.13778E+00
 1.57750E+01   2.06255E+00   1.06501E+00   5.51789E-01   1.13809E+00
 1.58250E+01   2.06282E+00   1.06508E+00   5.51877E-01   1.13842E+00
 1.58750E+01   2.06309E+00   1.06516E+00   5.51969E-01   1.13876E+00
 1.59250E+01   2.06338E+00   1.06523E+00   5.52063E-01   1.13912E+00
 1.59750E+01   2.06367E+00   1.06530E+00   5.52161E-01   1.13948E+00
 1.60250E+01   2.06397E+00   1.06537E+00   5.52262E-01   1.13985E+00
 1.60750E+01   2.06428E+00   1.06545E+00   5.52367E-01   1.14024E+00
 1.61250E+01   2.06460E+00   1.06552E+00   5.52474E-01   1.14064E+00
 1.61750E+01   2.06492E+00   1.06560E+00   5.52585E-01   1.14105E+00
 1.62250E+01   2.06526E+00   1.06568E+00   5.52700E-01   1.14147E+00
 1.62750E+01   2.06560E+00   1.06575E+00   5.52817E-01   1.14190E+00
 1.63250E+01   2.06595E+00   1.06583E+00   5.52938E-01   1.14234E+00
 1.63750E+01   2.06631E+00   1.06591E+00   5.53063E-01   1.14280E+00
 1.64250E+01   2.06667E+00   1.06599E+00   5.53190E-01   1.14326E+00
 1.64750E+01   2.06704E+00   1.06607E+00   5.53321E-01   1.14374E+00
 1.65250E+01   2.06742E+00   1.06615E+00   5.53455E-01   1.14423E+00
 1.65750E+01   2.06781E+00   1.06623E+00   5.53592E-01   1.14472E+00
 1.66250E+01   2.06821E+00   1.06631E+00   5.53732E-01   1.14523E+00
 1.66750E+01   2.06861E+00   1.06639E+00   5.53875E-01   1.14575E+00
 1.67250E+01   2.06901E+00   1.06648E+00   5.54021E-01   1.14628E+00
 1.67750E+01   2.06943E+00   1.06656E+00   5.54170E-01   1.14682E+00
 1.68250E+01   2.06985E+00   1.06665E+00   5.54322E-01   1.14736E+00
 1.68750E+01   2.07028E+00   1.06673E+00   5.54476E-01   1.14792E+00
 1.69250E+01   2.07071E+00   1.06681E+00   5.54633E-01   1.14848E+00
 1.69750E+01   2.07115E+00   1.06690E+00   5.54793E-01   1.14906E+00
 1.70250E+01   2.07159E+00   1.06699E+00   5.54954E-01   1.14964E+00
 1.70750E+01   2.07204E+00   1.06707E+00   5.55117E-01   1.15022E+00
 1.71250E+01   2.07249E+00   1.06716E+00   5.55282E-01   1.15081E+00
 1.71750E+01   2.07294E+00   1.06725E+00   5.55449E-01   1.15141E+00
 1.72250E+01   2.07339E+00   1.06733E+00   5.55616E-01   1.15201E+00
 1.72750E+01   2.07385E+00   1.06742E+00   5.55784E-01   1.15261E+00
 1.73250E+01   2.07431E+00   1.06751E+00   5.55953E-01   1.15322E+00
 1.73750E+01   2.07477E+00   1.06760E+00   5.56123E-01   1.15383E+00
 1.74250E+01   2.07523E+00   1.06768E+00   5.56292E-01   1.15443E+00
 1.74750E+01   2.07569E+00   1.06777E+00   5.56460E-01   1.15504E+00
 1.75250E+01   2.07615E+00   1.06786E+00   5.56628E-01   1.15564E+00
 1.75750E+01   2.07661E+00   1.06795E+00   5.56795E-01   1.15624E+00
 1.76250E+01   2.07706E+00   1.06803E+00   5.56960E-01   1.15684E+00
 1.76750E+01   2.07751E+00   1.06812E+00   5.57123E-01   1.15743E+00
 1.77250E+01   2.07796E+00   1.06820E+00   5.57283E-01   1.15801E+00
 1.77750E+01   2.07840E+00   1.06829E+00   5.57440E-01   1.15858E+00
 1.78250E+01   2.07884E+00   1.06837E+00   5.57593E-01   1.15915E+00
 1.78750E+01   2.07927E+00   1.06845E+00   5.57743E-01   1.15970E+00
 1.79250E+01   2.07969E+00   1.06853E+00   5.57887E-01   1.16023E+00
 1.79750E+01   2.08010E+00   1.06861E+00   5.58027E-01   1.16075E+00
 1.80250E+01   2.08050E+00   1.06869E+00   5.58161E-01   1.16125E+00
 1.80750E+01   2.08089E+00   1.06877E+00   5.58288E-01   1.16173E+00
 1.81250E+01   2.08126E+00   1.06884E+00   5.58408E-01   1.16219E+00
 1.81750E+01   2.08163E+00   1.06892E+00   5.58520E-01   1.16263E+00
 1.82250E+01   2.08198E+00   1.06899E+00   5.58625E-01   1.16305E+00
 1.82750E+01   2.08232E+00   1.06906E+00   5.58721E-01   1.16343E+00
 1.83250E+01   2.08263E+00   1.06912E+00   5.58808E-01   1.16379E+00
 1.83750E+01   2.08294E+00   1.06919E+00   5.58885E-01   1.16412E+00
 1.84250E+01   2.08322E+00   1.06925E+00   5.58952E-01   1.16442E+00
 1.84750E+01   2.08348E+00   1.06931E+00   5.59008E-01   1.16468E+00
 1.85250E+01   2.08373E+00   1.06936E+00   5.59053E-01   1.16491E+00
 1.85750E+01   2.08395E+00   1.06941E+00   5.59085E-01   1.16511E+00
 1.86250E+01   2.08415E+00   1.06946E+00   5.59106E-01   1.16526E+00
 1.86750E+01   2.08433E+00   1.06951E+00   5.59114E-01   1.16538E+00
 1.87250E+01   2.08449E+00   1.06955E+00   5.59109E-01   1.16546E+00
 1.87750E+01   2.08462E+00   1.06959E+00   5.59090E-01   1.16549E+00
 1.88250E+01   2.08473E+00   1.06963E+00   5.59058E-01   1.16548E+00
 1.88750E+01   2.08481E+00   1.06966E+00   5.59011E-01   1.16543E+00
 1.89250E+01   2.08486E+00   1.06968E+00   5.58950E-01   1.16533E+00
 1.89750E+01   2.08490E+00   1.06971E+00   5.58874E-01   1.16519E+00
 1.90250E+01   2.08490E+00   1.06973E+00   5.58784E-01   1.16501E+00
 1.90750E+01   2.08488E+00   1.06974E+00   5.58679E-01   1.16478E+00
 1.91250E+01   2.08483E+00   1.06976E+00   5.58560E-01   1.16450E+00
 1.91750E+01   2.08476E+00   1.06976E+00   5.58426E-01   1.16418E+00
 1.92250E+01   2.08466E+00   1.06977E+00   5.58277E-01   1.16382E+00
 1.92750E+01   2.08453E+00   1.06977E+00   5.58114E-01   1.16341E+00
 1.93250E+01   2.08438E+00   1.06976E+00   5.57936E-01   1.16295E+00
 1.93750E+01   2.08421E+00   1.06976E+00   5.57745E-01   1.16246E+00
 1.94250E+01   2.08401E+00   1.06975E+00   5.57540E-01   1.16192E+00
 1.94750E+01   2.08379E+00   1.06973E+00   5.57321E-01   1.16134E+00
 1.95250E+01   2.08355E+00   1.06971E+00   5.57090E-01   1.16072E+00
 1.95750E+01   2.08328E+00   1.06969E+00   5.56846E-01   1.16007E+00
 1.96250E+01   2.08300E+00   1.06966E+00   5.56591E-01   1.15938E+00
 1.96750E+01   2.08269E+00   1.06964E+00   5.56325E-01   1.15865E+00
 1.97250E+01   2.08237E+00   1.06960E+00   5.56048E-01   1.15790E+00
 1.97750E+01   2.08203E+00   1.06957E+00   5.55761E-01   1.15711E+00
 1.98250E+01   2.08168E+00   1.06953E+00   5.55466E-01   1.15630E+00
 1.98750E+01   2.08131E+00   1.06949E+00   5.55163E-01   1.15547E+00
 1.99250E+01   2.08093E+00   1.06945E+00   5.54852E-01   1.15461E+00
 1.99750E+01   2.08054E+00   1.06941E+00   5.54535E-01   1.15373E+00
 2.00250E+01   2.08014E+00   1.06936E+00   5.54212E-01   1.15284E+00
 2.00750E+01   2.07973E+00   1.06931E+00   5.53884E-01   1.15193E+00
 2.01250E+01   2.07932E+00   1.06927E+00   5.53553E-01   1.15101E+00
 2.01750E+01   2.07890E+00   1.06922E+00   5.53219E-01   1.15009E+00
 2.02250E+01   2.07848E+00   1.06916E+00   5.52882E-01   1.14916E+00
 2.02750E+01   2.07806E+00   1.06911E+00   5.52545E-01   1.14822E+00
 2.03250E+01   2.07764E+00   1.06906E+00   5.52208E-01   1.14729E+00
 2.03750E+01   2.07722E+00   1.06901E+00   5.51871E-01   1.14636E+00
 2.04250E+01   2.07681E+00   1.06896E+00   5.51536E-01   1.14543E+00
 2.04750E+01   2.07640E+00   1.06891E+00   5.51203E-01   1.14451E+00
 2.05250E+01   2.07599E+00   1.06885E+00   5.50873E-01   1.14361E+00
 2.05750E+01   2.07560E+00   1.06880E+00   5.50548E-01   1.14271E+00
 2.06250E+01   2.07521E+00   1.06875E+00   5.50227E-01   1.14184E+00
 2.06750E+01   2.07483E+00   1.06870E+00   5.49912E-01   1.14098E+00
 2.07250E+01   2.07447E+00   1.06866E+00   5.49603E-01   1.14013E+00
 2.07750E+01   2.07412E+00   1.06861E+00   5.49301E-01   1.13931E+00
 2.08250E+01   2.07378E+00   1.06857E+00   5.49007E-01   1.13852E+00
 2.08750E+01   2.07345E+00   1.06852E+00   5.48720E-01   1.13775E+00
 2.09250E+01   2.07315E+00   1.06848E+00   5.48442E-01   1.13700E+00
 2.09750E+01   2.07286E+00   1.06845E+00   5.48174E-01   1.13629E+00
 2.10250E+01   2.07258E+00   1.06841E+00   5.47916E-01   1.13560E+00
 2.10750E+01   2.07232E+00   1.06838E+00   5.47667E-01   1.13494E+00
 2.11250E+01   2.07209E+00   1.06834E+00   5.47428E-01   1.13432E+00
 2.11750E+01   2.07187E+00   1.06831E+00   5.47201E-01   1.13373E+00
 2.12250E+01   2.07167E+00   1.06829E+00   5.46984E-01   1.13317E+00
 2.12750E+01   2.07148E+00   1.06827E+00   5.46778E-01   1.13264E+00
 2.13250E+01   2.07132E+00   1.06824E+00   5.46583E-01   1.13215E+00
 2.13750E+01   2.07118E+00   1.06823E+00   5.46400E-01   1.13169E+00
 2.14250E+01   2.07106E+00   1.06821E+00   5.46228E-01   1.13127E+00
 2.14750E+01   2.07096E+00   1.06820E+00   5.46068E-01   1.13088E+00
 2.15250E+01   2.07087E+00   1.06819E+00   5.45920E-01   1.13053E+00
 2.15750E+01   2.07081E+00   1.06818E+00   5.45783E-01   1.13021E+00
 2.16250E+01   2.07077E+00   1.06818E+00   5.45657E-01   1.12993E+00
 2.16750E+01   2.07075E+00   1.06818E+00   5.45543E-01   1.12968E+00
 2.17250E+01   2.07075E+00   1.06818E+00   5.45441E-01   1.12947E+00
 2.17750E+01   2.07076E+00   1.06818E+00   5.45349E-01   1.12929E+00
 2.18250E+01   2.07080E+00   1.06819E+00   5.45269E-01   1.12914E+00
 2.18750E+01   2.07085E+00   1.06820E+00   5.45200E-01   1.12903E+00
 2.19250E+01   2.07092E+00   1.06821E+00   5.45141E-01   1.12895E+00
 2.19750E+01   2.07101E+00   1.06823E+00   5.45093E-01   1.12890E+00
 2.20250E+01   2.07112E+00   1.06825E+00   5.45056E-01   1.12888E+00
 2.20750E+01   2.07125E+00   1.06827E+00   5.45029E-01   1.12889E+00
 2.21250E+01   2.07139E+00   1.06829E+00   5.45011E-01   1.12893E+00
 2.21750E+01   2.07155E+00   1.06832E+00   5.45004E-01   1.12900E+00
 2.22250E+01   2.07173E+00   1.06835E+00   5.45006E-01   1.12910E+00
 2.22750E+01   2.07192E+00   1.06838E+00   5.45017E-01   1.12923E+00
 2.23250E+01   2.07212E+00   1.06841E+00   5.45038E-01   1.12939E+00
 2.23750E+01   2.07235E+00   1.06844E+00   5.45067E-01   1.12957E+00
 2.24250E+01   2.07258E+00   1.06848E+00   5.45105E-01   1.12978E+00
 2.24750E+01   2.07283E+00   1.06852E+00   5.45152E-01   1.13001E+00
 2.25250E+01   2.07310E+00   1.06856E+00   5.45206E-01   1.13027E+00
 2.25750E+01   2.07338E+00   1.06861E+00   5.45269E-01   1.13055E+00
 2.26250E+01   2.07367E+00   1.06865E+00   5.45339E-01   1.13085E+00
 2.26750E+01   2.07397E+00   1.06870E+00   5.45417E-01   1.13118E+00
 2.27250E+01   2.07428E+00   1.06875E+00   5.45501E-01   1.13152E+00
 2.27750E+01   2.07461E+00   1.06880E+00   5.45592E-01   1.13189E+00
 2.28250E+01   2.07495E+00   1.06885E+00   5.45690E-01   1.13228E+00
 2.28750E+01   2.07529E+00   1.06890E+00   5.45794E-01   1.13268E+00
 2.29250E+01   2.07565E+00   1.06896E+00   5.45904E-01   1.13311E+00
 2.29750E+01   2.07602E+00   1.06901E+00   5.46020E-01   1.13355E+00
 2.30250E+01   2.07639E+00   1.06907E+00   5.46141E-01   1.13400E+00
 2.30750E+01   2.07678E+00   1.06913E+00   5.46268E-01   1.13448E+00
 2.31250E+01   2.07717E+00   1.06919E+00   5.46400E-01   1.13497E+00
 2.31750E+01   2.07757E+00   1.06925E+00   5.46537E-01   1.13547E+00
 2.32250E+01   2.07798E+00   1.06932E+00   5.46678E-01   1.13598E+00
 2.32750E+01   2.07839E+00   1.06938E+00   5.46823E-01   1.13651E+00
 2.33250E+01   2.07881E+00   1.06945E+00   5.46972E-01   1.13705E+00
 2.33750E+01   2.07924E+00   1.06951E+00   5.47125E-01   1.13761E+00
 2.34250E+01   2.07967E+00   1.06958E+00   5.47282E-01   1.13817E+00
 2.34750E+01   2.08011E+00   1.06964E+00   5.47441E-01   1.13874E+00
 2.35250E+01   2.08055E+00   1.06971E+00   5.47603E-01   1.13932E+00
 2.35750E+01   2.08100E+00   1.06978E+00   5.47768E-01   1.13990E+00
 2.36250E+01   2.08145E+00   1.06985E+00   5.47935E-01   1.14050E+00
 2.36750E+01   2.08190E+00   1.06992E+00   5.48104E-01   1.14110E+00
 2.37250E+01   2.08235E+00   1.06999E+00   5.48275E-01   1.14170E+00
 2.37750E+01   2.08281E+00   1.07006E+00   5.48447E-01   1.14231E+00
 2.38250E+01   2.08326E+00   1.07013E+00   5.48620E-01   1.14292E+00
 2.38750E+01   2.08372E+00   1.07020E+00   5.48794E-01   1.14353E+00
 2.39250E+01   2.08417E+00   1.07027E+00   5.48968E-01   1.14414E+00
 2.39750E+01   2.08463E+00   1.07034E+00   5.49142E-01   1.14476E+00
 2.40250E+01   2.08508E+00   1.07041E+00   5.49316E-01   1.14537E+00
 2.40750E+01   2.08553E+00   1.07048E+00   5.49488E-01   1.14598E+00
 2.41250E+01   2.08598E+00   1.07055E+00   5.49660E-01   1.14658E+00
 2.41750E+01   2.08643E+00   1.07062E+00   5.49830E-01   1.14718E+00
 2.42250E+01   2.08687E+00   1.07069E+00   5.49998E-01   1.14777E+00
 2.42750E+01   2.08730E+00   1.07076E+00   5.50164E-01   1.14836E+00
 2.43250E+01   2.08773E+00   1.07083E+00   5.50327E-01   1.14894E+00
 2.43750E+01   2.08816E+00   1.07089E+00   5.50487E-01   1.14950E+00
 2.44250E+01   2.08857E+00   1.07096E+00   5.50643E-01   1.15006E+00
 2.44750E+01   2.08898E+00   1.07102E+00   5.50796E-01   1.15060E+00
 2.45250E+01   2.08938E+00   1.07109E+00   5.50944E-01   1.15113E+00
 2.45750E+01   2.08977E+00   1.07115E+00   5.51088E-01   1.15165E+00
 2.46250E+01   2.09015E+00   1.07121E+00   5.51226E-01   1.15215E+00
 2.46750E+01   2.09052E+00   1.07127E+00   5.51359E-01   1.15263E+00
 2.47250E+01   2.09088E+00   1.07133E+00   5.51486E-01   1.15309E+00
 2.47750E+01   2.09122E+00   1.07138E+00   5.51606E-01   1.15353E+00
 2.48250E+01   2.09156E+00   1.07144E+00   5.51720E-01   1.15395E+00
 2.48750E+01   2.09188E+00   1.07149E+00   5.51826E-01   1.15435E+00
 2.49250E+01   2.09218E+00   1.07154E+00   5.51925E-01   1.15473E+00
 2.49750E+01   2.09247E+00   1.07159E+00   5.52016E-01   1.15508E+00
 2.50250E+01   2.09274E+00   1.07163E+00   5.52098E-01   1.15540E+00
 2.50750E+01   2.09300E+00   1.07168E+00   5.52172E-01   1.15570E+00
 2.51250E+01   2.09324E+00   1.07172E+00   5.52237E-01   1.15596E+00
 2.51750E+01   2.09346E+00   1.07175E+00   5.52292E-01   1.15620E+00
 2.52250E+01   2.09367E+00   1.07179E+00   5.52338E-01   1.15641E+00
 2.52750E+01   2.09385E+00   1.07182E+00   5.52374E-01   1.15659E+00
 2.53250E+01   2.09402E+00   1.07185E+00   5.52399E-01   1.15673E+00
 2.53750E+01   2.09416E+00   1.07188E+00   5.52414E-01   1.15685E+00
 2.54250E+01   2.09429E+00   1.07191E+00   5.52419E-01   1.15693E+00
 2.54750E+01   2.09440E+00   1.07193E+00   5.52413E-01   1.15697E+00
 2.55250E+01   2.09449E+00   1.07195E+00   5.52397E-01   1.15699E+00
 2.55750E+01   2.09455E+00   1.07196E+00   5.52369E-01   1.15696E+00
 2.56250E+01   2.09460E+00   1.07198E+00   5.52330E-01   1.15691E+00
 2.56750E+01   2.09462E+00   1.07199E+00   5.52279E-01   1.15681E+00
 2.57250E+01   2.09462E+00   1.07199E+00   5.52218E-01   1.15669E+00
 2.57750E+01   2.09460E+00   1.07200E+00   5.52145E-01   1.15652E+00
 2.58250E+01   2.09456E+00   1.07200E+00   5.52060E-01   1.15632E+00
 2.58750E+01   2.09450E+00   1.07200E+00   5.51965E-01   1.15609E+00
 2.59250E+01   2.09442E+00   1.07199E+00   5.51858E-01   1.15582E+00
 2.59750E+01   2.09432E+00   1.07198E+00   5.51741E-01   1.15552E+00
 2.60250E+01   2.09421E+00   1.07197E+00   5.51614E-01   1.15519E+00
 2.60750E+01   2.09407E+00   1.07196E+00   5.51476E-01   1.15483E+00
 2.61250E+01   2.09392E+00   1.07194E+00   5.51329E-01   1.15444E+00
 2.61750E+01   2.09374E+00   1.07192E+00   5.51173E-01   1.15401E+00
 2.62250E+01   2.09355E+00   1.07190E+00   5.51007E-01   1.15356E+00
 2.62750E+01   2.09335E+00   1.07188E+00   5.50832E-01   1.15308E+00
 2.63250E+01   2.09313E+00   1.07185E+00   5.50649E-01   1.15258E+00
 2.63750E+01   2.09289E+00   1.07182E+00   5.50458E-01   1.15205E+00
 2.64250E+01   2.09265E+00   1.07179E+00   5.50260E-01   1.15150E+00
 2.64750E+01   2.09239E+00   1.07175E+00   5.50054E-01   1.15093E+00
 2.65250E+01   2.09211E+00   1.07172E+00   5.49842E-01   1.15033E+00
 2.65750E+01   2.09183E+00   1.07168E+00   5.49625E-01   1.14972E+00
 2.66250E+01   2.09154E+00   1.07164E+00   5.49403E-01   1.14910E+00
 2.66750E+01   2.09125E+00   1.07160E+00   5.49176E-01   1.14846E+00
 2.67250E+01   2.09094E+00   1.07156E+00   5.48947E-01   1.14782E+00
 2.67750E+01   2.09063E+00   1.07152E+00   5.48714E-01   1.14716E+00
 2.68250E+01   2.09031E+00   1.07147E+00   5.48479E-01   1.14649E+00
 2.68750E+01   2.08999E+00   1.07143E+00   5.48241E-01   1.14582E+00
 2.69250E+01   2.08967E+00   1.07139E+00   5.48003E-01   1.14515E+00
 2.69750E+01   2.08935E+00   1.07134E+00   5.47764E-01   1.14447E+00
 2.70250E+01   2.08903E+00   1.07129E+00   5.47525E-01   1.14379E+00
 2.70750E+01   2.08871E+00   1.07125E+00   5.47287E-01   1.14312E+00
 2.71250E+01   2.08839E+00   1.07120E+00   5.47050E-01   1.14245E+00
 2.71750E+01   2.08808E+00   1.07116E+00   5.46816E-01   1.14179E+00
 2.72250E+01   2.08777E+00   1.07111E+00   5.46584E-01   1.14114E+00
 2.72750E+01   2.08746E+00   1.07107E+00   5.46356E-01   1.14050E+00
 2.73250E+01   2.08717E+00   1.07102E+00   5.46131E-01   1.13987E+00
 2.73750E+01   2.08688E+00   1.07098E+00   5.45912E-01   1.13925E+00
 2.74250E+01   2.08661E+00   1.07094E+00   5.45698E-01   1.13866E+00
 2.74750E+01   2.08634E+00   1.07090E+00   5.45490E-01   1.13808E+00
 2.75250E+01   2.08608E+00   1.07086E+00   5.45288E-01   1.13751E+00
 2.75750E+01   2.08583E+00   1.07082E+00   5.45093E-01   1.13697E+00
 2.76250E+01   2.08559E+00   1.07079E+00   5.44905E-01   1.13645E+00
 2.76750E+01   2.08537E+00   1.07075E+00   5.44724E-01   1.13595E+00
 2.77250E+01   2.08516E+00   1.07072E+00   5.44551E-01   1.13548E+00
 2.77750E+01   2.08497E+00   1.07069E+00   5.44386E-01   1.13503E+00
 2.78250E+01   2.08479E+00   1.07066E+00   5.44229E-01   1.13460E+00
 2.78750E+01   2.08462E+00   1.07063E+00   5.44081E-01   1.13420E+00
 2.79250E+01   2.08447E+00   1.07061E+00   5.43942E-01   1.13383E+00
 2.79750E+01   2.08433E+00   1.07059E+00   5.43813E-01   1.13349E+00
 2.80250E+01   2.08421E+00   1.07057E+00   5.43692E-01   1.13317E+00
 2.80750E+01   2.08411E+00   1.07055E+00   5.43581E-01   1.13288E+00
 2.81250E+01   2.08402E+00   1.07053E+00   5.43480E-01   1.13262E+00
 2.81750E+01   2.08395E+00   1.07052E+00   5.43388E-01   1.13240E+00
 2.82250E+01   2.08390E+00   1.07051E+00   5.43306E-01   1.13219E+00
 2.82750E+01   2.08386E+00   1.07050E+00   5.43234E-01   1.13202E+00
 2.83250E+01   2.08384E+00   1.07050E+00   5.43171E-01   1.13188E+00
 2.83750E+01   2.08384E+00   1.07049E+00   5.43118E-01   1.13177E+00
 2.84250E+01   2.08385E+00   1.07049E+00   5.43075E-01   1.13169E+00
 2.84750E+01   2.08388E+00   1.07049E+00   5.43041E-01   1.13163E+00
 2.85250E+01   2.08392E+00   1.07049E+00   5.43018E-01   1.13161E+00
 2.85750E+01   2.08399E+00   1.07050E+00   5.43003E-01   1.13161E+00
 2.86250E+01   2.08407E+00   1.07051E+00   5.42999E-01   1.13165E+00
 2.86750E+01   2.08416E+00   1.07052E+00   5.43005E-01   1.13171E+00
 2.87250E+01   2.08427E+00   1.07053E+00   5.43019E-01   1.13180E+00
 2.87750E+01   2.08439E+00   1.07055E+00   5.43042E-01   1.13191E+00
 2.88250E+01   2.08453E+00   1.07056E+00   5.43075E-01   1.13206E+00
 2.88750E+01   2.08469E+00   1.07058E+00   5.43116E-01   1.13223E+00
 2.89250E+01   2.08485E+00   1.07060E+00   5.43165E-01   1.13242E+00
 2.89750E+01   2.08503E+00   1.07063E+00   5.43223E-01   1.13264E+00
 2.90250E+01   2.08523E+00   1.07065E+00   5.43288E-01   1.13288E+00
 2.90750E+01   2.08543E+00   1.07068E+00   5.43361E-01   1.13314E+00
 2.91250E+01   2.08565E+00   1.07071E+00   5.43442E-01   1.13343E+00
 2.91750E+01   2.08588E+00   1.07074E+00   5.43530E-01   1.13374E+00
 2.92250E+01   2.08612E+00   1.07077E+00   5.43625E-01   1.13407E+00
 2.92750E+01   2.08637E+00   1.07081E+00   5.43726E-01   1.13442E+00
 2.93250E+01   2.08663E+00   1.07084E+00   5.43834E-01   1.13478E+00
 2.93750E+01   2.08691E+00   1.07088E+00   5.43948E-01   1.13517E+00
 2.94250E+01   2.08719E+00   1.07092E+00   5.44067E-01   1.13557E+00
 2.94750E+01   2.08747E+00   1.07096E+00   5.44192E-01   1.13599E+00
 2.95250E+01   2.08777E+00   1.07100E+00   5.44323E-01   1.13642E+00
 2.95750E+01   2.08807E+00   1.07105E+00   5.44458E-01   1.13687E+00
 2.96250E+01   2.08838E+00   1.07109E+00   5.44598E-01   1.13733E+00
 2.96750E+01   2.08870E+00   1.07114E+00   5.44741E-01   1.13780E+00
 2.97250E+01   2.08902E+00   1.07118E+00   5.44888E-01   1.13828E+00
 2.97750E+01   2.08934E+00   1.07123E+00   5.45039E-01   1.13877E+00
 2.98250E+01   2.08967E+00   1.07128E+00   5.45192E-01   1.13927E+00
 2.98750E+01   2.09000E+00   1.07133E+00   5.45348E-01   1.13978E+00
 2.99250E+01   2.09034E+00   1.07138E+00   5.45507E-01   1.14029E+00
 2.99750E+01   2.09068E+00   1.07143E+00   5.45667E-01   1.14081E+00
 3.00250E+01   2.09101E+00   1.07148E+00   5.45829E-01   1.14134E+00
 3.00750E+01   2.09136E+00   1.07153E+00   5.45992E-01   1.14186E+00
 3.01250E+01   2.09170E+00   1.07158E+00   5.46156E-01   1.14239E+00
 3.01750E+01   2.09204E+00   1.07163E+00   5.46320E-01   1.14292E+00
 3.02250E+01   2.09238E+00   1.07168E+00   5.46485E-01   1.14346E+00
 3.02750E+01   2.09272E+00   1.07173E+00   5.46650E-01   1.14399E+00
 3.03250E+01   2.09306E+00   1.07178E+00   5.46814E-01   1.14451E+00
 3.03750E+01   2.09339E+00   1.07183E+00   5.46978E-01   1.14504E+00
 3.04250E+01   2.09372E+00   1.07189E+00   5.47139E-01   1.14556E+00
 3.04750E+01   2.09405E+00   1.07194E+00   5.47300E-01   1.14607E+00
 3.05250E+01   2.09438E+00   1.07198E+00   5.47458E-01   1.14658E+00
 3.05750E+01   2.09469E+00   1.07203E+00   5.47614E-01   1.14708E+00
 3.06250E+01   2.09501E+00   1.07208E+00   5.47767E-01   1.14758E+00
 3.06750E+01   2.09531E+00   1.07213E+00   5.47917E-01   1.14806E+00
 3.07250E+01   2.09561E+00   1.07218E+00   5.48063E-01   1.14853E+00
 3.07750E+01   2.09590E+00   1.07222E+00   5.48206E-01   1.14899E+00
 3.08250E+01   2.09619E+00   1.07226E+00   5.48345E-01   1.14943E+00
 3.08750E+01   2.09646E+00   1.07231E+00   5.48479E-01   1.14987E+00
 3.09250E+01   2.09673E+00   1.07235E+00   5.48608E-01   1.15028E+00
 3.09750E+01   2.09699E+00   1.07239E+00   5.48733E-01   1.15069E+00
 3.10250E+01   2.09723E+00   1.07243E+00   5.48853E-01   1.15107E+00
 3.10750E+01   2.09747E+00   1.07246E+00   5.48966E-01   1.15144E+00
 3.11250E+01   2.09769E+00   1.07250E+00   5.49075E-01   1.15179E+00
 3.11750E+01   2.09790E+00   1.07253E+00   5.49177E-01   1.15212E+00
 3.12250E+01   2.09810E+00   1.07257E+00   5.49272E-01   1.15243E+00
 3.12750E+01   2.09829E+00   1.07260E+00   5.49360E-01   1.15271E+00
 3.13250E+01   2.09846E+00   1.07262E+00   5.49441E-01   1.15298E+00
 3.13750E+01   2.09861E+00   1.07265E+00   5.49515E-01   1.15322E+00
 3.14250E+01   2.09876E+00   1.07268E+00   5.49581E-01   1.15344E+00
 3.14750E+01   2.09889E+00   1.07270E+00   5.49640E-01   1.15363E+00
 3.15250E+01   2.09900E+00   1.07272E+00   5.49690E-01   1.15380E+00
 3.15750E+01   2.09910E+00   1.07274E+00   5.49733E-01   1.15394E+00
 3.16250E+01   2.09918E+00   1.07275E+00   5.49766E-01   1.15406E+00
 3.16750E+01   2.09924E+00   1.07276E+00   5.49791E-01   1.15415E+00
 3.17250E+01   2.09930E+00   1.07278E+00   5.49808E-01   1.15421E+00
 3.17750E+01   2.09933E+00   1.07279E+00   5.49816E-01   1.15424E+00
 3.18250E+01   2.09935E+00   1.07279E+00   5.49815E-01   1.15425E+00
 3.18750E+01   2.09935E+00   1.07280E+00   5.49806E-01   1.15423E+00
 3.19250E+01   2.09934E+00   1.07280E+00   5.49787E-01   1.15419E+00
 3.19750E+01   2.09931E+00   1.07280E+00   5.49760E-01   1.15411E+00
 3.20250E+01   2.09926E+00   1.07280E+00   5.49724E-01   1.15401E+00
 3.20750E+01   2.09920E+00   1.07279E+00   5.49679E-01   1.15388E+00
 3.21250E+01   2.09912E+00   1.07278E+00   5.49626E-01   1.15373E+00
 3.21750E+01   2.09902E+00   1.07277E+00   5.49565E-01   1.15355E+00
 3.22250E+01   2.09891E+00   1.07276E+00   5.49495E-01   1.15334E+00
 3.22750E+01   2.09879E+00   1.07275E+00   5.49417E-01   1.15311E+00
 3.23250E+01   2.09865E+00   1.07273E+00   5.49330E-01   1.15285E+00
 3.23750E+01   2.09850E+00   1.07271E+00   5.49236E-01   1.15257E+00
 3.24250E+01   2.09833E+00   1.07269E+00   5.49135E-01   1.15227E+00
 3.24750E+01   2.09815E+00   1.07267E+00   5.49027E-01   1.15194E+00
 3.25250E+01   2.09796E+00   1.07264E+00   5.48911E-01   1.15159E+00
 3.25750E+01   2.09775E+00   1.07262E+00   5.48789E-01   1.15122E+00
 3.26250E+01   2.09754E+00   1.07259E+00   5.48660E-01   1.15084E+00
 3.26750E+01   2.09731E+00   1.07256E+00   5.48525E-01   1.15043E+00
 3.27250E+01   2.09708E+00   1.07252E+00   5.48386E-01   1.15001E+00
 3.27750E+01   2.09683E+00   1.07249E+00   5.48241E-01   1.14957E+00
 3.28250E+01   2.09658E+00   1.07246E+00   5.48091E-01   1.14912E+00
 3.28750E+01   2.09632E+00   1.07242E+00   5.47937E-01   1.14865E+00
 3.29250E+01   2.09606E+00   1.07238E+00   5.47780E-01   1.14818E+00
 3.29750E+01   2.09578E+00   1.07235E+00   5.47619E-01   1.14769E+00
 3.30250E+01   2.09551E+00   1.07231E+00   5.47456E-01   1.14720E+00
 3.30750E+01   2.09523E+00   1.07227E+00   5.47290E-01   1.14670E+00
 3.31250E+01   2.09494E+00   1.07223E+00   5.47123E-01   1.14619E+00
 3.31750E+01   2.09466E+00   1.07219E+00   5.46954E-01   1.14568E+00
 3.32250E+01   2.09437E+00   1.07214E+00   5.46784E-01   1.14517E+00
 3.32750E+01   2.09408E+00   1.07210E+00   5.46614E-01   1.14465E+00
 3.33250E+01   2.09380E+00   1.07206E+00   5.46444E-01   1.14414E+00
 3.33750E+01   2.09351E+00   1.07202E+00   5.46274E-01   1.14363E+00
 3.34250E+01   2.09322E+00   1.07198E+00   5.46106E-01   1.14312E+00
 3.34750E+01   2.09294E+00   1.07194E+00   5.45939E-01   1.14262E+00
 3.35250E+01   2.09267E+00   1.07189E+00   5.45775E-01   1.14213E+00
 3.35750E+01   2.09240E+00   1.07185E+00   5.45613E-01   1.14164E+00
 3.36250E+01   2.09213E+00   1.07181E+00   5.45453E-01   1.14116E+00
 3.36750E+01   2.09187E+00   1.07177E+00   5.45297E-01   1.14069E+00
 3.37250E+01   2.09162E+00   1.07174E+00   5.45146E-01   1.14024E+00
 3.37750E+01   2.09137E+00   1.07170E+00   5.44998E-01   1.13979E+00
 3.38250E+01   2.09113E+00   1.07166E+00   5.44854E-01   1.13936E+00
 3.38750E+01   2.09091E+00   1.07163E+00   5.44716E-01   1.13895E+00
 3.39250E+01   2.09069E+00   1.07159E+00   5.44583E-01   1.13855E+00
 3.39750E+01   2.09048E+00   1.07156E+00   5.44456E-01   1.13817E+00
 3.40250E+01   2.09028E+00   1.07153E+00   5.44334E-01   1.13781E+00
 3.40750E+01   2.09010E+00   1.07150E+00   5.44219E-01   1.13747E+00
 3.41250E+01   2.08992E+00   1.07147E+00   5.44111E-01   1.13715E+00
 3.41750E+01   2.08976E+00   1.07144E+00   5.44009E-01   1.13685E+00
 3.42250E+01   2.08961E+00   1.07142E+00   5.43914E-01   1.13657E+00
 3.42750E+01   2.08947E+00   1.07140E+00   5.43826E-01   1.13631E+00
 3.43250E+01   2.08934E+00   1.07138E+00   5.43744E-01   1.13607E+00
 3.43750E+01   2.08923E+00   1.07136E+00   5.43670E-01   1.13585E+00
 3.44250E+01   2.08913E+00   1.07134E+00   5.43604E-01   1.13566E+00
 3.44750E+01   2.08905E+00   1.07132E+00   5.43545E-01   1.13549E+00
 3.45250E+01   2.08898E+00   1.07131E+00   5.43494E-01   1.13535E+00
 3.45750E+01   2.08892E+00   1.07130E+00   5.43451E-01   1.13522E+00
 3.46250E+01   2.08888E+00   1.07129E+00   5.43415E-01   1.13513E+00
 3.46750E+01   2.08885E+00   1.07128E+00   5.43388E-01   1.13505E+00
 3.47250E+01   2.08883E+00   1.07127E+00   5.43368E-01   1.13500E+00
 3.47750E+01   2.08883E+00   1.07127E+00   5.43356E-01   1.13498E+00
 3.48250E+01   2.08884E+00   1.07126E+00   5.43352E-01   1.13498E+00
 3.48750E+01   2.08887E+00   1.07126E+00   5.43356E-01   1.13500E+00
 3.49250E+01   2.08890E+00   1.07126E+00   5.43367E-01   1.13504E+00
 3.49750E+01   2.08895E+00   1.07127E+00   5.43386E-01   1.13511E+00
 3.50250E+01   2.08902E+00   1.07127E+00   5.43412E-01   1.13520E+00
 3.50750E+01   2.08910E+00   1.07128E+00   5.43445E-01   1.13531E+00
 3.51250E+01   2.08919E+00   1.07129E+00   5.43486E-01   1.13544E+00
 3.51750E+01   2.08929E+00   1.07130E+00   5.43534E-01   1.13560E+00
 3.52250E+01   2.08940E+00   1.07131E+00   5.43589E-01   1.13577E+00
 3.52750E+01   2.08953E+00   1.07133E+00   5.43650E-01   1.13597E+00
 3.53250E+01   2.08966E+00   1.07134E+00   5.43718E-01   1.13619E+00
 3.53750E+01   2.08981E+00   1.07136E+00   5.43792E-01   1.13642E+00
 3.54250E+01   2.08996E+00   1.07138E+00   5.43872E-01   1.13667E+00
 3.54750E+01   2.09013E+00   1.07140E+00   5.43958E-01   1.13694E+00
 3.55250E+01   2.09030E+00   1.07143E+00   5.44049E-01   1.13723E+00
 3.55750E+01   2.09049E+00   1.07145E+00   5.44146E-01   1.13753E+00
 3.56250E+01   2.09068E+00   1.07148E+00   5.44248E-01   1.13785E+00
 3.56750E+01   2.09088E+00   1.07150E+00   5.44354E-01   1.13818E+00
 3.57250E+01   2.09108E+00   1.07153E+00   5.44465E-01   1.13852E+00
 3.57750E+01   2.09130E+00   1.07156E+00   5.44579E-01   1.13888E+00
 3.58250E+01   2.09151E+00   1.07159E+00   5.44697E-01   1.13924E+00
 3.58750E+01   2.09174E+00   1.07162E+00   5.44819E-01   1.13962E+00
 3.59250E+01   2.09197E+00   1.07166E+00   5.44944E-01   1.14001E+00
 3.59750E+01   2.09221E+00   1.07169E+00   5.45072E-01   1.14040E+00
 3.60250E+01   2.09245E+00   1.07172E+00   5.45202E-01   1.14081E+00
 3.60750E+01   2.09269E+00   1.07176E+00   5.45335E-01   1.14122E+00
 3.61250E+01   2.09294E+00   1.07179E+00   5.45469E-01   1.14163E+00
 3.61750E+01   2.09319E+00   1.07183E+00   5.45606E-01   1.14205E+00
 3.62250E+01   2.09344E+00   1.07187E+00   5.45744E-01   1.14248E+00
 3.62750E+01   2.09369E+00   1.07190E+00   5.45883E-01   1.14291E+00
 3.63250E+01   2.09395E+00   1.07194E+00   5.46022E-01   1.14334E+00
 3.63750E+01   2.09420E+00   1.07198E+00   5.46163E-01   1.14377E+00
 3.64250E+01   2.09445E+00   1.07201E+00   5.46303E-01   1.14421E+00
 3.64750E+01   2.09471E+00   1.07205E+00   5.46444E-01   1.14464E+00
 3.65250E+01   2.09496E+00   1.07209E+00   5.46583E-01   1.14507E+00
 3.65750E+01   2.09521E+00   1.07213E+00   5.46722E-01   1.14550E+00
 3.66250E+01   2.09546E+00   1.07216E+00   5.46860E-01   1.14592E+00
 3.66750E+01   2.09571E+00   1.07220E+00   5.46997E-01   1.14634E+00
 3.67250E+01   2.09595E+00   1.07224E+00   5.47131E-01   1.14676E+00
 3.67750E+01   2.09619E+00   1.07227E+00   5.47264E-01   1.14717E+00
 3.68250E+01   2.09642E+00   1.07231E+00   5.47394E-01   1.14757E+00
 3.68750E+01   2.09665E+00   1.07234E+00   5.47522E-01   1.14796E+00
 3.69250E+01   2.09687E+00   1.07237E+00   5.47647E-01   1.14834E+00
 3.69750E+01   2.09709E+00   1.07241E+00   5.47768E-01   1.14872E+00
 3.70250E+01   2.09730E+00   1.07244E+00   5.47886E-01   1.14908E+00
 3.70750E+01   2.09750E+00   1.07247E+00   5.48000E-01   1.14943E+00
 3.71250E+01   2.09770E+00   1.07250E+00   5.48110E-01   1.14977E+00
 3.71750E+01   2.09788E+00   1.07253E+00   5.48216E-01   1.15009E+00
 3.72250E+01   2.09806E+00   1.07256E+00   5.48318E-01   1.15041E+00
 3.72750E+01   2.09823E+00   1.07259E+00   5.48415E-01   1.15070E+00
 3.73250E+01   2.09839E+00   1.07261E+00   5.48506E-01   1.15098E+00
 3.73750E+01   2.09854E+00   1.07264E+00   5.48593E-01   1.15124E+00
 3.74250E+01   2.09868E+00   1.07266E+00   5.48673E-01   1.15149E+00
 3.74750E+01   2.09881E+00   1.07268E+00   5.48748E-01   1.15172E+00
 3.75250E+01   2.09893E+00   1.07270E+00   5.48818E-01   1.15193E+00
 3.75750E+01   2.09904E+00   1.07272E+00   5.48881E-01   1.15213E+00
 3.76250E+01   2.09914E+00   1.07274E+00   5.48938E-01   1.15230E+00
 3.76750E+01   2.09923E+00   1.07275E+00   5.48989E-01   1.15245E+00
 3.77250E+01   2.09930E+00   1.07277E+00   5.49034E-01   1.15259E+00
 3.77750E+01   2.09936E+00   1.07278E+00   5.49071E-01   1.15270E+00
 3.78250E+01   2.09941E+00   1.07279E+00   5.49102E-01   1.15279E+00
 3.78750E+01   2.09945E+00   1.07280E+00   5.49127E-01   1.15287E+00
 3.79250E+01   2.09948E+00   1.07280E+00   5.49144E-01   1.15292E+00
 3.79750E+01   2.09949E+00   1.07281E+00   5.49155E-01   1.15295E+00
 3.80250E+01   2.09949E+00   1.07281E+00   5.49159E-01   1.15296E+00
 3.80750E+01   2.09948E+00   1.07281E+00   5.49156E-01   1.15294E+00
 3.81250E+01   2.09946E+00   1.07281E+00   5.49146E-01   1.15291E+00
 3.81750E+01   2.09942E+00   1.07281E+00   5.49129E-01   1.15285E+00
 3.82250E+01   2.09937E+00   1.07281E+00   5.49105E-01   1.15278E+00
 3.82750E+01   2.09931E+00   1.07280E+00   5.49074E-01   1.15268E+00
 3.83250E+01   2.09924E+00   1.07279E+00   5.49037E-01   1.15256E+00
 3.83750E+01   2.09915E+00   1.07279E+00   5.48993E-01   1.15242E+00
 3.84250E+01   2.09906E+00   1.07277E+00   5.48942E-01   1.15226E+00
 3.84750E+01   2.09895E+00   1.07276E+00   5.48885E-01   1.15208E+00
 3.85250E+01   2.09883E+00   1.07275E+00   5.48821E-01   1.15188E+00
 3.85750E+01   2.09870E+00   1.07273E+00   5.48751E-01   1.15166E+00
 3.86250E+01   2.09856E+00   1.07271E+00   5.48676E-01   1.15143E+00
 3.86750E+01   2.09841E+00   1.07269E+00   5.48595E-01   1.15118E+00
 3.87250E+01   2.09825E+00   1.07267E+00   5.48508E-01   1.15091E+00
 3.87750E+01   2.09808E+00   1.07265E+00   5.48416E-01   1.15062E+00
 3.88250E+01   2.09790E+00   1.07263E+00   5.48320E-01   1.15032E+00
 3.88750E+01   2.09772E+00   1.07260E+00   5.48219E-01   1.15001E+00
 3.89250E+01   2.09753E+00   1.07258E+00   5.48113E-01   1.14968E+00
 3.89750E+01   2.09733E+00   1.07255E+00   5.48003E-01   1.14934E+00
 3.90250E+01   2.09712E+00   1.07252E+00   5.47890E-01   1.14899E+00
 3.90750E+01   2.09691E+00   1.07249E+00   5.47773E-01   1.14863E+00
 3.91250E+01   2.09669E+00   1.07246E+00   5.47653E-01   1.14826E+00
 3.91750E+01   2.09647E+00   1.07243E+00   5.47530E-01   1.14788E+00
 3.92250E+01   2.09625E+00   1.07240E+00   5.47406E-01   1.14750E+00
 3.92750E+01   2.09602E+00   1.07237E+00   5.47279E-01   1.14711E+00
 3.93250E+01   2.09579E+00   1.07234E+00   5.47151E-01   1.14671E+00
 3.93750E+01   2.09556E+00   1.07230E+00   5.47021E-01   1.14632E+00
 3.94250E+01   2.09533E+00   1.07227E+00   5.46891E-01   1.14591E+00
 3.94750E+01   2.09509E+00   1.07224E+00   5.46760E-01   1.14551E+00
 3.95250E+01   2.09486E+00   1.07220E+00   5.46629E-01   1.14511E+00
 3.95750E+01   2.09463E+00   1.07217E+00   5.46499E-01   1.14471E+00
 3.96250E+01   2.09440E+00   1.07214E+00   5.46369E-01   1.14431E+00
 3.96750E+01   2.09417E+00   1.07210E+00   5.46240E-01   1.14392E+00
 3.97250E+01   2.09394E+00   1.07207E+00   5.46113E-01   1.14353E+00
 3.97750E+01   2.09372E+00   1.07204E+00   5.45987E-01   1.14314E+00
 3.98250E+01   2.09350E+00   1.07200E+00   5.45863E-01   1.14277E+00
 3.98750E+01   2.09329E+00   1.07197E+00   5.45742E-01   1.14240E+00
 3.99250E+01   2.09308E+00   1.07194E+00   5.45623E-01   1.14203E+00
 3.99750E+01   2.09288E+00   1.07191E+00   5.45507E-01   1.14168E+00
 4.00250E+01   2.09268E+00   1.07188E+00   5.45395E-01   1.14134E+00
 4.00750E+01   2.09249E+00   1.07185E+00   5.45286E-01   1.14101E+00
 4.01250E+01   2.09231E+00   1.07182E+00   5.45181E-01   1.14069E+00
 4.01750E+01   2.09214E+00   1.07180E+00   5.45080E-01   1.14038E+00
 4.02250E+01   2.09197E+00   1.07177E+00   5.44984E-01   1.14009E+00
 4.02750E+01   2.09181E+00   1.07175E+00   5.44892E-01   1.13981E+00
 4.03250E+01   2.09166E+00   1.07172E+00   5.44806E-01   1.13955E+00
 4.03750E+01   2.09152E+00   1.07170E+00   5.44724E-01   1.13930E+00
 4.04250E+01   2.09139E+00   1.07168E+00   5.44647E-01   1.13907E+00
 4.04750E+01   2.09127E+00   1.07166E+00   5.44576E-01   1.13886E+00
 4.05250E+01   2.09116E+00   1.07164E+00   5.44511E-01   1.13866E+00
 4.05750E+01   2.09106E+00   1.07163E+00   5.44451E-01   1.13848E+00
 4.06250E+01   2.09097E+00   1.07161E+00   5.44397E-01   1.13832E+00
 4.06750E+01   2.09089E+00   1.07160E+00   5.44348E-01   1.13817E+00
 4.07250E+01   2.09082E+00   1.07158E+00   5.44306E-01   1.13805E+00
 4.07750E+01   2.09076E+00   1.07157E+00   5.44270E-01   1.13794E+00
 4.08250E+01   2.09072E+00   1.07156E+00   5.44240E-01   1.13785E+00
 4.08750E+01   2.09068E+00   1.07156E+00   5.44216E-01   1.13778E+00
 4.09250E+01   2.09065E+00   1.07155E+00   5.44198E-01   1.13773E+00
 4.09750E+01   2.09064E+00   1.07155E+00   5.44186E-01   1.13770E+00
 4.10250E+01   2.09064E+00   1.07154E+00   5.44180E-01   1.13768E+00
 4.10750E+01   2.09064E+00   1.07154E+00   5.44180E-01   1.13769E+00
 4.11250E+01   2.09066E+00   1.07154E+00   5.44186E-01   1.13771E+00
 4.11750E+01   2.09069E+00   1.07154E+00   5.44199E-01   1.13775E+00
 4.12250E+01   2.09073E+00   1.07155E+00   5.44218E-01   1.13781E+00
 4.12750E+01   2.09078E+00   1.07155E+00   5.44242E-01   1.13789E+00
 4.13250E+01   2.09084E+00   1.07156E+00   5.44272E-01   1.13799E+00
 4.13750E+01   2.09091E+00   1.07157E+00   5.44308E-01   1.13810E+00
 4.14250E+01   2.09099E+00   1.07158E+00   5.44349E-01   1.13823E+00
 4.14750E+01   2.09108E+00   1.07159E+00   5.44396E-01   1.13837E+00
 4.15250E+01   2.09117E+00   1.07160E+00   5.44447E-01   1.13853E+00
 4.15750E+01   2.09128E+00   1.07161E+00   5.44504E-01   1.13871E+00
 4.16250E+01   2.09140E+00   1.07163E+00   5.44565E-01   1.13890E+00
 4.16750E+01   2.09152E+00   1.07165E+00   5.44631E-01   1.13911E+00
 4.17250E+01   2.09165E+00   1.07166E+00   5.44702E-01   1.13933E+00
 4.17750E+01   2.09179E+00   1.07168E+00   5.44777E-01   1.13956E+00
 4.18250E+01   2.09194E+00   1.07170E+00   5.44856E-01   1.13981E+00
 4.18750E+01   2.09209E+00   1.07172E+00   5.44939E-01   1.14006E+00
 4.19250E+01   2.09225E+00   1.07174E+00   5.45026E-01   1.14033E+00
 4.19750E+01   2.09241E+00   1.07177E+00   5.45116E-01   1.14061E+00
 4.20250E+01   2.09258E+00   1.07179E+00   5.45209E-01   1.14089E+00
 4.20750E+01   2.09276E+00   1.07182E+00   5.45305E-01   1.14119E+00
 4.21250E+01   2.09294E+00   1.07184E+00   5.45403E-01   1.14150E+00
 4.21750E+01   2.09312E+00   1.07187E+00   5.45505E-01   1.14181E+00
 4.22250E+01   2.09331E+00   1.07189E+00   5.45608E-01   1.14212E+00
 4.22750E+01   2.09350E+00   1.07192E+00   5.45713E-01   1.14245E+00
 4.23250E+01   2.09369E+00   1.07195E+00   5.45820E-01   1.14278E+00
 4.23750E+01   2.09389E+00   1.07198E+00   5.45929E-01   1.14311E+00
 4.24250E+01   2.09408E+00   1.07201E+00   5.46038E-01   1.14345E+00
 4.24750E+01   2.09428E+00   1.07203E+00   5.46149E-01   1.14379E+00
 4.25250E+01   2.09448E+00   1.07206E+00   5.46260E-01   1.14413E+00
 4.25750E+01   2.09468E+00   1.07209E+00   5.46372E-01   1.14447E+00
 4.26250E+01   2.09488E+00   1.07212E+00   5.46484E-01   1.14482E+00
 4.26750E+01   2.09508E+00   1.07215E+00   5.46596E-01   1.14516E+00
 4.27250E+01   2.09527E+00   1.07218E+00   5.46707E-01   1.14550E+00
 4.27750E+01   2.09547E+00   1.07221E+00   5.46817E-01   1.14584E+00
 4.28250E+01   2.09567E+00   1.07224E+00   5.46927E-01   1.14618E+00
 4.28750E+01   2.09586E+00   1.07227E+00   5.47035E-01   1.14651E+00
 4.29250E+01   2.09605E+00   1.07230E+00   5.47143E-01   1.14684E+00
 4.29750E+01   2.09623E+00   1.07232E+00   5.47248E-01   1.14716E+00
 4.30250E+01   2.09642E+00   1.07235E+00   5.47351E-01   1.14748E+00
 4.30750E+01   2.09659E+00   1.07238E+00   5.47453E-01   1.14779E+00
 4.31250E+01   2.09677E+00   1.07241E+00   5.47552E-01   1.14809E+00
 4.31750E+01   2.09694E+00   1.07243E+00   5.47649E-01   1.14839E+00
 4.32250E+01   2.09710E+00   1.07246E+00   5.47742E-01   1.14867E+00
 4.32750E+01   2.09726E+00   1.07248E+00   5.47833E-01   1.14895E+00
 4.33250E+01   2.09741E+00   1.07250E+00   5.47920E-01   1.14921E+00
 4.33750E+01   2.09756E+00   1.07253E+00   5.48004E-01   1.14947E+00
 4.34250E+01   2.09769E+00   1.07255E+00   5.48084E-01   1.14971E+00
 4.34750E+01   2.09783E+00   1.07257E+00   5.48159E-01   1.14994E+00
 4.35250E+01   2.09795E+00   1.07259E+00   5.48231E-01   1.15016E+00
 4.35750E+01   2.09807E+00   1.07261E+00   5.48299E-01   1.15037E+00
 4.36250E+01   2.09818E+00   1.07263E+00   5.48362E-01   1.15056E+00
 4.36750E+01   2.09828E+00   1.07264E+00   5.48421E-01   1.15074E+00
 4.37250E+01   2.09837E+00   1.07266E+00   5.48476E-01   1.15090E+00
 4.37750E+01   2.09845E+00   1.07267E+00   5.48525E-01   1.15105E+00
 4.38250E+01   2.09853E+00   1.07269E+00   5.48570E-01   1.15119E+00
 4.38750E+01   2.09859E+00   1.07270E+00   5.48609E-01   1.15131E+00
 4.39250E+01   2.09865E+00   1.07271E+00   5.48643E-01   1.15141E+00
 4.39750E+01   2.09870E+00   1.07272E+00   5.48672E-01   1.15150E+00
 4.40250E+01   2.09873E+00   1.07273E+00   5.48695E-01   1.15156E+00
 4.40750E+01   2.09876E+00   1.07273E+00   5.48713E-01   1.15162E+00
 4.41250E+01   2.09878E+00   1.07274E+00   5.48725E-01   1.15166E+00
 4.41750E+01   2.09880E+00   1.07274E+00   5.48732E-01   1.15168E+00
 4.42250E+01   2.09880E+00   1.07274E+00   5.48734E-01   1.15168E+00
 4.42750E+01   2.09879E+00   1.07274E+00   5.48730E-01   1.15167E+00
 4.43250E+01   2.09877E+00   1.07274E+00   5.48721E-01   1.15164E+00
 4.43750E+01   2.09874E+00   1.07274E+00   5.48707E-01   1.15160E+00
 4.44250E+01   2.09871E+00   1.07274E+00   5.48688E-01   1.15153E+00
 4.44750E+01   2.09866E+00   1.07273E+00   5.48663E-01   1.15146E+00
 4.45250E+01   2.09860E+00   1.07272E+00   5.48633E-01   1.15136E+00
 4.45750E+01   2.09854E+00   1.07271E+00   5.48598E-01   1.15125E+00
 4.46250E+01   2.09846E+00   1.07271E+00   5.48558E-01   1.15113E+00
 4.46750E+01   2.09838E+00   1.07269E+00   5.48513E-01   1.15099E+00
 4.47250E+01   2.09829E+00   1.07268E+00   5.48463E-01   1.15083E+00
 4.47750E+01   2.09819E+00   1.07267E+00   5.48408E-01   1.15067E+00
 4.48250E+01   2.09808E+00   1.07265E+00   5.48350E-01   1.15048E+00
 4.48750E+01   2.09797E+00   1.07264E+00   5.48287E-01   1.15029E+00
 4.49250E+01   2.09784E+00   1.07262E+00   5.48220E-01   1.15008E+00
 4.49750E+01   2.09771E+00   1.07260E+00   5.48149E-01   1.14986E+00
 4.50250E+01   2.09758E+00   1.07258E+00   5.48075E-01   1.14963E+00
 4.50750E+01   2.09743E+00   1.07256E+00   5.47997E-01   1.14939E+00
 4.51250E+01   2.09728E+00   1.07254E+00   5.47917E-01   1.14913E+00
 4.51750E+01   2.09712E+00   1.07252E+00   5.47832E-01   1.14887E+00
 4.52250E+01   2.09696E+00   1.07250E+00   5.47745E-01   1.14860E+00
 4.52750E+01   2.09680E+00   1.07248E+00   5.47655E-01   1.14832E+00
 4.53250E+01   2.09663E+00   1.07245E+00   5.47563E-01   1.14803E+00
 4.53750E+01   2.09645E+00   1.07243E+00   5.47468E-01   1.14774E+00
 4.54250E+01   2.09628E+00   1.07240E+00   5.47372E-01   1.14744E+00
 4.54750E+01   2.09610E+00   1.07238E+00   5.47274E-01   1.14714E+00
 4.55250E+01   2.09592E+00   1.07235E+00   5.47175E-01   1.14683E+00
 4.55750E+01   2.09573E+00   1.07233E+00   5.47076E-01   1.14653E+00
 4.56250E+01   2.09555E+00   1.07230E+00   5.46975E-01   1.14621E+00
 4.56750E+01   2.09537E+00   1.07227E+00   5.46874E-01   1.14590E+00
 4.57250E+01   2.09518E+00   1.07225E+00   5.46773E-01   1.14559E+00
 4.57750E+01   2.09500E+00   1.07222E+00   5.46672E-01   1.14528E+00
 4.58250E+01   2.09482E+00   1.07219E+00   5.46571E-01   1.14496E+00
 4.58750E+01   2.09463E+00   1.07217E+00   5.46470E-01   1.14466E+00
 4.59250E+01   2.09445E+00   1.07214E+00   5.46371E-01   1.14435E+00
 4.59750E+01   2.09428E+00   1.07212E+00   5.46273E-01   1.14405E+00
 4.60250E+01   2.09411E+00   1.07209E+00   5.46176E-01   1.14375E+00
 4.60750E+01   2.09394E+00   1.07206E+00   5.46081E-01   1.14346E+00
 4.61250E+01   2.09377E+00   1.07204E+00   5.45987E-01   1.14317E+00
 4.61750E+01   2.09361E+00   1.07202E+00   5.45896E-01   1.14289E+00
 4.62250E+01   2.09345E+00   1.07199E+00   5.45807E-01   1.14262E+00
 4.62750E+01   2.09330E+00   1.07197E+00   5.45721E-01   1.14236E+00
 4.63250E+01   2.09316E+00   1.07195E+00   5.45637E-01   1.14210E+00
 4.63750E+01   2.09302E+00   1.07193E+00   5.45557E-01   1.14186E+00
 4.64250E+01   2.09288E+00   1.07191E+00   5.45479E-01   1.14163E+00
 4.64750E+01   2.09276E+00   1.07189E+00   5.45406E-01   1.14140E+00
 4.65250E+01   2.09264E+00   1.07187E+00   5.45335E-01   1.14119E+00
 4.65750E+01   2.09253E+00   1.07185E+00   5.45269E-01   1.14099E+00
 4.66250E+01   2.09242E+00   1.07183E+00   5.45205E-01   1.14080E+00
 4.66750E+01   2.09233E+00   1.07182E+00   5.45146E-01   1.14063E+00
 4.67250E+01   2.09224E+00   1.07180E+00   5.45091E-01   1.14046E+00
 4.67750E+01   2.09216E+00   1.07179E+00   5.45041E-01   1.14031E+00
 4.68250E+01   2.09209E+00   1.07178E+00   5.44994E-01   1.14018E+00
 4.68750E+01   2.09203E+00   1.07177E+00   5.44953E-01   1.14006E+00
 4.69250E+01   2.09197E+00   1.07176E+00   5.44916E-01   1.13995E+00
 4.69750E+01   2.09192E+00   1.07175E+00   5.44884E-01   1.13985E+00
 4.70250E+01   2.09188E+00   1.07174E+00   5.44856E-01   1.13978E+00
 4.70750E+01   2.09185E+00   1.07174E+00   5.44833E-01   1.13971E+00
 4.71250E+01   2.09183E+00   1.07173E+00   5.44815E-01   1.13966E+00
 4.71750E+01   2.09182E+00   1.07173E+00   5.44802E-01   1.13963E+00
 4.72250E+01   2.09181E+00   1.07173E+00   5.44795E-01   1.13961E+00
 4.72750E+01   2.09181E+00   1.07173E+00   5.44792E-01   1.13960E+00
 4.73250E+01   2.09182E+00   1.07173E+00   5.44794E-01   1.13961E+00
 4.73750E+01   2.09184E+00   1.07173E+00   5.44801E-01   1.13964E+00
 4.74250E+01   2.09186E+00   1.07173E+00   5.44814E-01   1.13967E+00
 4.74750E+01   2.09189E+00   1.07174E+00   5.44832E-01   1.13973E+00
 4.75250E+01   2.09193E+00   1.07175E+00   5.44855E-01   1.13980E+00
 4.75750E+01   2.09197E+00   1.07175E+00   5.44883E-01   1.13988E+00
 4.76250E+01   2.09202E+00   1.07177E+00   5.44916E-01   1.13998E+00
 4.76750E+01   2.09207E+00   1.07178E+00   5.44954E-01   1.14008E+00
 4.77250E+01   2.09213E+00   1.07180E+00   5.44998E-01   1.14020E+00
 4.77750E+01   2.09219E+00   1.07182E+00   5.45047E-01   1.14034E+00
 4.78250E+01   2.09224E+00   1.07184E+00   5.45100E-01   1.14048E+00
 4.78750E+01   2.09230E+00   1.07187E+00   5.45160E-01   1.14064E+00
 4.79250E+01   2.09236E+00   1.07190E+00   5.45225E-01   1.14080E+00
 4.79750E+01   2.09240E+00   1.07194E+00   5.45295E-01   1.14098E+00
 4.80250E+01   2.09244E+00   1.07199E+00   5.45372E-01   1.14116E+00
 4.80750E+01   2.09246E+00   1.07205E+00   5.45456E-01   1.14135E+00
 4.81250E+01   2.09246E+00   1.07212E+00   5.45548E-01   1.14154E+00
 4.81750E+01   2.09243E+00   1.07221E+00   5.45648E-01   1.14173E+00
 4.82250E+01   2.09237E+00   1.07232E+00   5.45758E-01   1.14193E+00
 4.82750E+01   2.09225E+00   1.07246E+00   5.45881E-01   1.14212E+00
 4.83250E+01   2.09207E+00   1.07263E+00   5.46019E-01   1.14231E+00
 4.83750E+01   2.09180E+00   1.07285E+00   5.46175E-01   1.14249E+00
 4.84250E+01   2.09141E+00   1.07313E+00   5.46353E-01   1.14265E+00
 4.84750E+01   2.09087E+00   1.07349E+00   5.46559E-01   1.14279E+00
 4.85250E+01   2.09015E+00   1.07394E+00   5.46802E-01   1.14290E+00
 4.85750E+01   2.08917E+00   1.07452E+00   5.47090E-01   1.14297E+00
 4.86250E+01   2.08788E+00   1.07525E+00   5.47437E-01   1.14298E+00
 4.86750E+01   2.08617E+00   1.07620E+00   5.47860E-01   1.14293E+00
 4.87250E+01   2.08394E+00   1.07741E+00   5.48380E-01   1.14279E+00
 4.87750E+01   2.08105E+00   1.07896E+00   5.49031E-01   1.14256E+00
 4.88250E+01   2.07744E+00   1.08096E+00   5.49880E-01   1.14234E+00
 4.88750E+01   2.07350E+00   1.08354E+00   5.51140E-01   1.14279E+00
 4.89250E+01   2.07250E+00   1.08696E+00   5.53781E-01   1.14771E+00
 4.89750E+01   2.09356E+00   1.09179E+00   5.62822E-01   1.17830E+00
