      xx/10.        Omega0        Omega1        Omega2           C_l         r_avg
         [-]       [kg^-1]     [m kg^-1]   [m^2 kg^-1]           [-]           [m]
 1.02500E+00   4.51881E+18   8.98455E+09   3.36911E+01   8.01721E-04   3.49088E-09
 1.07500E+00   5.75688E+18   1.33338E+10   5.69429E+01   1.42594E-03   3.90157E-09
 1.12500E+00   6.35508E+18   1.57827E+10   8.36293E+01   2.23976E-03   4.38829E-09
 1.17500E+00   6.63204E+18   2.11806E+10   1.15349E+02   3.23885E-03   4.89234E-09
 1.22500E+00   6.71938E+18   2.68043E+10   1.50630E+02   4.40055E-03   5.39503E-09
 1.27500E+00   6.66402E+18   3.20686E+10   1.87252E+02   5.68115E-03   5.89072E-09
 1.32500E+00   6.48859E+18   3.68657E+10   2.22594E+02   7.01998E-03   6.37769E-09
 1.37500E+00   6.21364E+18   4.00584E+10   2.53412E+02   8.34794E-03   6.85508E-09
 1.42500E+00   5.86061E+18   4.04985E+10   2.77485E+02   9.60327E-03   7.32420E-09
 1.47500E+00   5.45114E+18   4.07418E+10   2.95020E+02   1.07422E-02   7.78879E-09
 1.52500E+00   5.00593E+18   4.01246E+10   3.05733E+02   1.17378E-02   8.25344E-09
 1.57500E+00   4.54390E+18   3.84488E+10   3.09634E+02   1.25807E-02   8.72355E-09
 1.62500E+00   4.08152E+18   3.59557E+10   3.07384E+02   1.32798E-02   9.20574E-09
 1.67500E+00   3.63245E+18   3.29465E+10   3.00118E+02   1.38607E-02   9.70801E-09
 1.72500E+00   3.20749E+18   2.96784E+10   2.89208E+02   1.43617E-02   1.02396E-08
 1.77500E+00   2.81463E+18   2.63604E+10   2.76113E+02   1.48295E-02   1.08103E-08
 1.82500E+00   2.45930E+18   2.31641E+10   2.62259E+02   1.53147E-02   1.14297E-08
 1.87500E+00   2.14469E+18   2.02189E+10   2.48952E+02   1.58668E-02   1.21053E-08
 1.92500E+00   1.87218E+18   1.76143E+10   2.37317E+02   1.65300E-02   1.28404E-08
 1.97500E+00   1.64168E+18   1.54083E+10   2.28263E+02   1.73393E-02   1.36306E-08
 2.02500E+00   1.45208E+18   1.36323E+10   2.22462E+02   1.83175E-02   1.44620E-08
 2.07500E+00   1.30153E+18   1.22948E+10   2.20348E+02   1.94732E-02   1.53084E-08
 2.12500E+00   1.18780E+18   1.13865E+10   2.22121E+02   2.08000E-02   1.61327E-08
 2.17500E+00   1.10844E+18   1.08801E+10   2.27778E+02   2.22774E-02   1.68909E-08
 2.22500E+00   1.06097E+18   1.07914E+10   2.37146E+02   2.38728E-02   1.75389E-08
 2.27500E+00   1.04301E+18   1.08576E+10   2.49895E+02   2.55447E-02   1.80415E-08
 2.32500E+00   1.05231E+18   1.09224E+10   2.65725E+02   2.72469E-02   1.83792E-08
 2.37500E+00   1.08678E+18   1.15542E+10   2.84400E+02   2.89324E-02   1.85502E-08
 2.42500E+00   1.14450E+18   1.27352E+10   3.05444E+02   3.05567E-02   1.85680E-08
 2.47500E+00   1.22364E+18   1.41110E+10   3.28264E+02   3.20819E-02   1.84560E-08
 2.52500E+00   1.32247E+18   1.56313E+10   3.52340E+02   3.34788E-02   1.82416E-08
 2.57500E+00   1.43926E+18   1.73321E+10   3.77229E+02   3.47282E-02   1.79521E-08
 2.62500E+00   1.57224E+18   1.92516E+10   4.02545E+02   3.58203E-02   1.76119E-08
 2.67500E+00   1.71959E+18   2.14093E+10   4.27950E+02   3.67539E-02   1.72410E-08
 2.72500E+00   1.87935E+18   2.38149E+10   4.53141E+02   3.75342E-02   1.68555E-08
 2.77500E+00   2.04941E+18   2.64730E+10   4.77851E+02   3.81710E-02   1.64678E-08
 2.82500E+00   2.22754E+18   2.93812E+10   5.01837E+02   3.86769E-02   1.60871E-08
 2.87500E+00   2.41131E+18   3.25284E+10   5.24882E+02   3.90660E-02   1.57199E-08
 2.92500E+00   2.59817E+18   3.58975E+10   5.46787E+02   3.93521E-02   1.53710E-08
 2.97500E+00   2.78544E+18   3.94717E+10   5.67370E+02   3.95486E-02   1.50434E-08
 3.02500E+00   2.97037E+18   4.32389E+10   5.86460E+02   3.96674E-02   1.47393E-08
 3.07500E+00   3.15017E+18   4.71842E+10   6.03900E+02   3.97190E-02   1.44596E-08
 3.12500E+00   3.32209E+18   5.12704E+10   6.19543E+02   3.97126E-02   1.42050E-08
 3.17500E+00   3.48344E+18   5.54118E+10   6.33258E+02   3.96557E-02   1.39755E-08
 3.22500E+00   3.63169E+18   5.94565E+10   6.44927E+02   3.95547E-02   1.37710E-08
 3.27500E+00   3.76453E+18   6.31923E+10   6.54454E+02   3.94151E-02   1.35910E-08
 3.32500E+00   3.87989E+18   6.63813E+10   6.61768E+02   3.92414E-02   1.34352E-08
 3.37500E+00   3.97604E+18   6.88145E+10   6.66819E+02   3.90378E-02   1.33029E-08
 3.42500E+00   4.05161E+18   7.03629E+10   6.69590E+02   3.88080E-02   1.31937E-08
 3.47500E+00   4.10565E+18   7.09756E+10   6.70092E+02   3.85555E-02   1.31070E-08
 3.52500E+00   4.13761E+18   7.09979E+10   6.68366E+02   3.82838E-02   1.30424E-08
 3.57500E+00   4.14739E+18   7.09998E+10   6.64485E+02   3.79966E-02   1.29994E-08
 3.62500E+00   4.13534E+18   7.08361E+10   6.58549E+02   3.76974E-02   1.29778E-08
 3.67500E+00   4.10221E+18   6.94060E+10   6.50689E+02   3.73903E-02   1.29772E-08
 3.72500E+00   4.04915E+18   6.68995E+10   6.41065E+02   3.70791E-02   1.29974E-08
 3.77500E+00   3.97771E+18   6.36682E+10   6.29869E+02   3.67682E-02   1.30381E-08
 3.82500E+00   3.88972E+18   5.99441E+10   6.17315E+02   3.64618E-02   1.30991E-08
 3.87500E+00   3.78729E+18   5.58778E+10   6.03639E+02   3.61645E-02   1.31801E-08
 3.92500E+00   3.67276E+18   5.15842E+10   5.89096E+02   3.58808E-02   1.32808E-08
 3.97500E+00   3.54860E+18   4.71670E+10   5.73950E+02   3.56149E-02   1.34007E-08
 4.02500E+00   3.41739E+18   4.27298E+10   5.58475E+02   3.53710E-02   1.35390E-08
 4.07500E+00   3.28172E+18   3.83760E+10   5.42945E+02   3.51532E-02   1.36948E-08
 4.12500E+00   3.14419E+18   3.42031E+10   5.27631E+02   3.49649E-02   1.38668E-08
 4.17500E+00   3.00729E+18   3.02961E+10   5.12797E+02   3.48091E-02   1.40531E-08
 4.22500E+00   2.87342E+18   2.67241E+10   4.98690E+02   3.46883E-02   1.42516E-08
 4.27500E+00   2.74478E+18   2.35398E+10   4.85538E+02   3.46042E-02   1.44591E-08
 4.32500E+00   2.62340E+18   2.07818E+10   4.73547E+02   3.45580E-02   1.46722E-08
 4.37500E+00   2.51107E+18   1.84767E+10   4.62894E+02   3.45499E-02   1.48867E-08
 4.42500E+00   2.40932E+18   1.66397E+10   4.53726E+02   3.45794E-02   1.50976E-08
 4.47500E+00   2.31945E+18   1.52733E+10   4.46155E+02   3.46452E-02   1.52999E-08
 4.52500E+00   2.24248E+18   1.43656E+10   4.40263E+02   3.47452E-02   1.54878E-08
 4.57500E+00   2.17914E+18   1.38786E+10   4.36092E+02   3.48768E-02   1.56562E-08
 4.62500E+00   2.12993E+18   1.37873E+10   4.33655E+02   3.50365E-02   1.57999E-08
 4.67500E+00   2.09506E+18   1.37845E+10   4.32927E+02   3.52205E-02   1.59148E-08
 4.72500E+00   2.07452E+18   1.37817E+10   4.33857E+02   3.54245E-02   1.59979E-08
 4.77500E+00   2.06806E+18   1.40199E+10   4.36368E+02   3.56439E-02   1.60476E-08
 4.82500E+00   2.07521E+18   1.48701E+10   4.40355E+02   3.58740E-02   1.60635E-08
 4.87500E+00   2.09531E+18   1.61269E+10   4.45693E+02   3.61100E-02   1.60470E-08
 4.92500E+00   2.12755E+18   1.76770E+10   4.52233E+02   3.63473E-02   1.60005E-08
 4.97500E+00   2.17092E+18   1.94587E+10   4.59816E+02   3.65812E-02   1.59272E-08
 5.02500E+00   2.22433E+18   2.14496E+10   4.68271E+02   3.68077E-02   1.58312E-08
 5.07500E+00   2.28654E+18   2.36545E+10   4.77418E+02   3.70229E-02   1.57168E-08
 5.12500E+00   2.35626E+18   2.60907E+10   4.87076E+02   3.72234E-02   1.55883E-08
 5.17500E+00   2.43209E+18   2.87795E+10   4.97062E+02   3.74062E-02   1.54498E-08
 5.22500E+00   2.51264E+18   3.17404E+10   5.07198E+02   3.75689E-02   1.53050E-08
 5.27500E+00   2.59646E+18   3.49872E+10   5.17310E+02   3.77098E-02   1.51574E-08
 5.32500E+00   2.68211E+18   3.85216E+10   5.27233E+02   3.78275E-02   1.50099E-08
 5.37500E+00   2.76817E+18   4.23246E+10   5.36815E+02   3.79212E-02   1.48650E-08
 5.42500E+00   2.85327E+18   4.63455E+10   5.45915E+02   3.79910E-02   1.47247E-08
 5.47500E+00   2.93608E+18   5.04929E+10   5.54411E+02   3.80370E-02   1.45909E-08
 5.52500E+00   3.01535E+18   5.46331E+10   5.62198E+02   3.80605E-02   1.44648E-08
 5.57500E+00   3.08993E+18   5.85985E+10   5.69195E+02   3.80627E-02   1.43478E-08
 5.62500E+00   3.15876E+18   6.22076E+10   5.75346E+02   3.80461E-02   1.42407E-08
 5.67500E+00   3.22092E+18   6.52885E+10   5.80570E+02   3.80106E-02   1.41441E-08
 5.72500E+00   3.27561E+18   6.77072E+10   5.84796E+02   3.79560E-02   1.40582E-08
 5.77500E+00   3.32217E+18   6.93833E+10   5.87977E+02   3.78831E-02   1.39833E-08
 5.82500E+00   3.36009E+18   7.03156E+10   5.90093E+02   3.77936E-02   1.39195E-08
 5.87500E+00   3.38902E+18   7.04967E+10   5.91144E+02   3.76893E-02   1.38670E-08
 5.92500E+00   3.40875E+18   7.04815E+10   5.91146E+02   3.75726E-02   1.38259E-08
 5.97500E+00   3.41924E+18   7.04660E+10   5.90134E+02   3.74458E-02   1.37962E-08
 6.02500E+00   3.42060E+18   6.98942E+10   5.88158E+02   3.73116E-02   1.37779E-08
 6.07500E+00   3.41309E+18   6.78105E+10   5.85282E+02   3.71725E-02   1.37708E-08
 6.12500E+00   3.39711E+18   6.47314E+10   5.81583E+02   3.70309E-02   1.37748E-08
 6.17500E+00   3.37317E+18   6.09969E+10   5.77148E+02   3.68896E-02   1.37898E-08
 6.22500E+00   3.34194E+18   5.68536E+10   5.72074E+02   3.67509E-02   1.38152E-08
 6.27500E+00   3.30414E+18   5.24796E+10   5.66465E+02   3.66170E-02   1.38508E-08
 6.32500E+00   3.26062E+18   4.80026E+10   5.60431E+02   3.64901E-02   1.38961E-08
 6.37500E+00   3.21230E+18   4.35247E+10   5.54086E+02   3.63722E-02   1.39504E-08
 6.42500E+00   3.16013E+18   3.91363E+10   5.47547E+02   3.62649E-02   1.40129E-08
 6.47500E+00   3.10511E+18   3.49217E+10   5.40927E+02   3.61699E-02   1.40829E-08
 6.52500E+00   3.04826E+18   3.09600E+10   5.34341E+02   3.60884E-02   1.41592E-08
 6.57500E+00   2.99059E+18   2.73230E+10   5.27899E+02   3.60213E-02   1.42408E-08
 6.62500E+00   2.93311E+18   2.40716E+10   5.21703E+02   3.59695E-02   1.43264E-08
 6.67500E+00   2.87677E+18   2.12530E+10   5.15852E+02   3.59334E-02   1.44145E-08
 6.72500E+00   2.82250E+18   1.88985E+10   5.10434E+02   3.59132E-02   1.45036E-08
 6.77500E+00   2.77114E+18   1.70222E+10   5.05527E+02   3.59088E-02   1.45920E-08
 6.82500E+00   2.72345E+18   1.56204E+10   5.01199E+02   3.59199E-02   1.46782E-08
 6.87500E+00   2.68013E+18   1.46728E+10   4.97505E+02   3.59459E-02   1.47604E-08
 6.92500E+00   2.64176E+18   1.41381E+10   4.94489E+02   3.59860E-02   1.48371E-08
 6.97500E+00   2.60882E+18   1.39876E+10   4.92181E+02   3.60392E-02   1.49066E-08
 7.02500E+00   2.58169E+18   1.39845E+10   4.90599E+02   3.61041E-02   1.49676E-08
 7.07500E+00   2.56062E+18   1.39816E+10   4.89747E+02   3.61795E-02   1.50190E-08
 7.12500E+00   2.54578E+18   1.40950E+10   4.89618E+02   3.62637E-02   1.50598E-08
 7.17500E+00   2.53718E+18   1.48072E+10   4.90190E+02   3.63550E-02   1.50894E-08
 7.22500E+00   2.53478E+18   1.60001E+10   4.91432E+02   3.64519E-02   1.51076E-08
 7.27500E+00   2.53839E+18   1.75413E+10   4.93302E+02   3.65524E-02   1.51143E-08
 7.32500E+00   2.54774E+18   1.93542E+10   4.95749E+02   3.66548E-02   1.51098E-08
 7.37500E+00   2.56249E+18   2.14014E+10   4.98713E+02   3.67573E-02   1.50949E-08
 7.42500E+00   2.58219E+18   2.36776E+10   5.02126E+02   3.68582E-02   1.50701E-08
 7.47500E+00   2.60635E+18   2.61992E+10   5.05916E+02   3.69559E-02   1.50367E-08
 7.52500E+00   2.63440E+18   2.89929E+10   5.10007E+02   3.70488E-02   1.49957E-08
 7.57500E+00   2.66573E+18   3.20837E+10   5.14320E+02   3.71355E-02   1.49483E-08
 7.62500E+00   2.69970E+18   3.54829E+10   5.18775E+02   3.72149E-02   1.48960E-08
 7.67500E+00   2.73566E+18   3.91776E+10   5.23290E+02   3.72857E-02   1.48398E-08
 7.72500E+00   2.77291E+18   4.31222E+10   5.27789E+02   3.73472E-02   1.47812E-08
 7.77500E+00   2.81081E+18   4.72340E+10   5.32194E+02   3.73985E-02   1.47212E-08
 7.82500E+00   2.84867E+18   5.13947E+10   5.36436E+02   3.74393E-02   1.46610E-08
 7.87500E+00   2.88588E+18   5.54582E+10   5.40448E+02   3.74692E-02   1.46016E-08
 7.92500E+00   2.92182E+18   5.92644E+10   5.44169E+02   3.74881E-02   1.45439E-08
 7.97500E+00   2.95595E+18   6.26560E+10   5.47547E+02   3.74961E-02   1.44888E-08
 8.02500E+00   2.98774E+18   6.54965E+10   5.50537E+02   3.74934E-02   1.44368E-08
 8.07500E+00   3.01676E+18   6.76864E+10   5.53102E+02   3.74805E-02   1.43888E-08
 8.12500E+00   3.04261E+18   6.91751E+10   5.55213E+02   3.74580E-02   1.43450E-08
 8.17500E+00   3.06497E+18   6.99837E+10   5.56850E+02   3.74267E-02   1.43061E-08
 8.22500E+00   3.08358E+18   7.01435E+10   5.58002E+02   3.73872E-02   1.42722E-08
 8.27500E+00   3.09828E+18   7.01754E+10   5.58667E+02   3.73407E-02   1.42437E-08
 8.32500E+00   3.10895E+18   7.02083E+10   5.58850E+02   3.72882E-02   1.42207E-08
 8.37500E+00   3.11555E+18   6.95548E+10   5.58565E+02   3.72307E-02   1.42033E-08
 8.42500E+00   3.11812E+18   6.74067E+10   5.57834E+02   3.71694E-02   1.41916E-08
 8.47500E+00   3.11676E+18   6.42886E+10   5.56684E+02   3.71054E-02   1.41855E-08
 8.52500E+00   3.11162E+18   6.05068E+10   5.55149E+02   3.70400E-02   1.41850E-08
 8.57500E+00   3.10293E+18   5.63075E+10   5.53269E+02   3.69741E-02   1.41898E-08
 8.62500E+00   3.09095E+18   5.18801E+10   5.51087E+02   3.69090E-02   1.41998E-08
 8.67500E+00   3.07600E+18   4.73696E+10   5.48650E+02   3.68457E-02   1.42146E-08
 8.72500E+00   3.05842E+18   4.28906E+10   5.46009E+02   3.67851E-02   1.42340E-08
 8.77500E+00   3.03861E+18   3.85363E+10   5.43214E+02   3.67282E-02   1.42575E-08
 8.82500E+00   3.01696E+18   3.43871E+10   5.40317E+02   3.66757E-02   1.42847E-08
 8.87500E+00   2.99391E+18   3.05136E+10   5.37371E+02   3.66283E-02   1.43151E-08
 8.92500E+00   2.96987E+18   2.69786E+10   5.34426E+02   3.65867E-02   1.43482E-08
 8.97500E+00   2.94528E+18   2.38347E+10   5.31530E+02   3.65512E-02   1.43833E-08
 9.02500E+00   2.92057E+18   2.11222E+10   5.28730E+02   3.65223E-02   1.44200E-08
 9.07500E+00   2.89614E+18   1.88663E+10   5.26069E+02   3.65002E-02   1.44575E-08
 9.12500E+00   2.87239E+18   1.70744E+10   5.23585E+02   3.64850E-02   1.44952E-08
 9.17500E+00   2.84969E+18   1.57356E+10   5.21314E+02   3.64767E-02   1.45325E-08
 9.22500E+00   2.82837E+18   1.48212E+10   5.19284E+02   3.64752E-02   1.45687E-08
 9.27500E+00   2.80873E+18   1.42871E+10   5.17520E+02   3.64803E-02   1.46033E-08
 9.32500E+00   2.79104E+18   1.40900E+10   5.16042E+02   3.64916E-02   1.46356E-08
 9.37500E+00   2.77552E+18   1.40880E+10   5.14864E+02   3.65088E-02   1.46651E-08
 9.42500E+00   2.76235E+18   1.40912E+10   5.13994E+02   3.65314E-02   1.46914E-08
 9.47500E+00   2.75166E+18   1.41315E+10   5.13435E+02   3.65588E-02   1.47141E-08
 9.52500E+00   2.74354E+18   1.47036E+10   5.13186E+02   3.65905E-02   1.47329E-08
 9.57500E+00   2.73804E+18   1.57918E+10   5.13240E+02   3.66257E-02   1.47474E-08
 9.62500E+00   2.73515E+18   1.72630E+10   5.13585E+02   3.66638E-02   1.47577E-08
 9.67500E+00   2.73484E+18   1.90288E+10   5.14206E+02   3.67041E-02   1.47637E-08
 9.72500E+00   2.73701E+18   2.10496E+10   5.15083E+02   3.67460E-02   1.47654E-08
 9.77500E+00   2.74155E+18   2.33179E+10   5.16194E+02   3.67887E-02   1.47630E-08
 9.82500E+00   2.74831E+18   2.58464E+10   5.17512E+02   3.68315E-02   1.47566E-08
 9.87500E+00   2.75708E+18   2.86558E+10   5.19009E+02   3.68737E-02   1.47465E-08
 9.92500E+00   2.76767E+18   3.17628E+10   5.20655E+02   3.69146E-02   1.47332E-08
 9.97500E+00   2.77984E+18   3.51686E+10   5.22418E+02   3.69535E-02   1.47168E-08
 1.00250E+01   2.79333E+18   3.88500E+10   5.24265E+02   3.69900E-02   1.46979E-08
 1.00750E+01   2.80788E+18   4.27535E+10   5.26163E+02   3.70234E-02   1.46769E-08
 1.01250E+01   2.82322E+18   4.67938E+10   5.28079E+02   3.70532E-02   1.46542E-08
 1.01750E+01   2.83906E+18   5.08573E+10   5.29982E+02   3.70791E-02   1.46303E-08
 1.02250E+01   2.85513E+18   5.48105E+10   5.31840E+02   3.71008E-02   1.46056E-08
 1.02750E+01   2.87117E+18   5.85127E+10   5.33625E+02   3.71180E-02   1.45807E-08
 1.03250E+01   2.88690E+18   6.18293E+10   5.35310E+02   3.71307E-02   1.45558E-08
 1.03750E+01   2.90209E+18   6.46458E+10   5.36871E+02   3.71388E-02   1.45314E-08
 1.04250E+01   2.91651E+18   6.68789E+10   5.38288E+02   3.71423E-02   1.45079E-08
 1.04750E+01   2.92994E+18   6.84853E+10   5.39540E+02   3.71413E-02   1.44855E-08
 1.05250E+01   2.94220E+18   6.94638E+10   5.40615E+02   3.71360E-02   1.44647E-08
 1.05750E+01   2.95312E+18   6.98327E+10   5.41499E+02   3.71266E-02   1.44456E-08
 1.06250E+01   2.96259E+18   6.98361E+10   5.42186E+02   3.71135E-02   1.44285E-08
 1.06750E+01   2.97048E+18   6.98286E+10   5.42669E+02   3.70970E-02   1.44136E-08
 1.07250E+01   2.97672E+18   6.96910E+10   5.42949E+02   3.70774E-02   1.44010E-08
 1.07750E+01   2.98127E+18   6.82227E+10   5.43027E+02   3.70552E-02   1.43908E-08
 1.08250E+01   2.98411E+18   6.55337E+10   5.42910E+02   3.70309E-02   1.43831E-08
 1.08750E+01   2.98525E+18   6.20054E+10   5.42604E+02   3.70049E-02   1.43779E-08
 1.09250E+01   2.98473E+18   5.79426E+10   5.42123E+02   3.69776E-02   1.43752E-08
 1.09750E+01   2.98261E+18   5.35714E+10   5.41479E+02   3.69497E-02   1.43749E-08
 1.10250E+01   2.97899E+18   4.90648E+10   5.40689E+02   3.69216E-02   1.43771E-08
 1.10750E+01   2.97396E+18   4.45553E+10   5.39769E+02   3.68936E-02   1.43816E-08
 1.11250E+01   2.96766E+18   4.01473E+10   5.38741E+02   3.68664E-02   1.43882E-08
 1.11750E+01   2.96024E+18   3.59268E+10   5.37624E+02   3.68403E-02   1.43968E-08
 1.12250E+01   2.95185E+18   3.19671E+10   5.36439E+02   3.68156E-02   1.44072E-08
 1.12750E+01   2.94267E+18   2.83312E+10   5.35208E+02   3.67928E-02   1.44192E-08
 1.13250E+01   2.93286E+18   2.50714E+10   5.33953E+02   3.67722E-02   1.44326E-08
 1.13750E+01   2.92262E+18   2.22277E+10   5.32695E+02   3.67540E-02   1.44470E-08
 1.14250E+01   2.91212E+18   1.98262E+10   5.31455E+02   3.67383E-02   1.44623E-08
 1.14750E+01   2.90154E+18   1.78771E+10   5.30253E+02   3.67255E-02   1.44782E-08
 1.15250E+01   2.89107E+18   1.63743E+10   5.29106E+02   3.67156E-02   1.44944E-08
 1.15750E+01   2.88086E+18   1.52952E+10   5.28033E+02   3.67087E-02   1.45106E-08
 1.16250E+01   2.87108E+18   1.46034E+10   5.27048E+02   3.67048E-02   1.45265E-08
 1.16750E+01   2.86187E+18   1.42452E+10   5.26164E+02   3.67038E-02   1.45419E-08
 1.17250E+01   2.85337E+18   1.41810E+10   5.25393E+02   3.67057E-02   1.45566E-08
 1.17750E+01   2.84569E+18   1.41781E+10   5.24743E+02   3.67104E-02   1.45703E-08
 1.18250E+01   2.83893E+18   1.41751E+10   5.24221E+02   3.67176E-02   1.45828E-08
 1.18750E+01   2.83316E+18   1.43755E+10   5.23831E+02   3.67272E-02   1.45940E-08
 1.19250E+01   2.82846E+18   1.52115E+10   5.23576E+02   3.67389E-02   1.46036E-08
 1.19750E+01   2.82486E+18   1.65112E+10   5.23454E+02   3.67525E-02   1.46116E-08
 1.20250E+01   2.82239E+18   1.81701E+10   5.23464E+02   3.67677E-02   1.46179E-08
 1.20750E+01   2.82104E+18   2.01327E+10   5.23601E+02   3.67842E-02   1.46224E-08
 1.21250E+01   2.82081E+18   2.23769E+10   5.23858E+02   3.68016E-02   1.46251E-08
 1.21750E+01   2.82165E+18   2.49040E+10   5.24228E+02   3.68197E-02   1.46261E-08
 1.22250E+01   2.82353E+18   2.77255E+10   5.24700E+02   3.68381E-02   1.46253E-08
 1.22750E+01   2.82637E+18   3.08499E+10   5.25262E+02   3.68566E-02   1.46228E-08
 1.23250E+01   2.83009E+18   3.42722E+10   5.25904E+02   3.68747E-02   1.46188E-08
 1.23750E+01   2.83461E+18   3.79643E+10   5.26611E+02   3.68923E-02   1.46133E-08
 1.24250E+01   2.83981E+18   4.18707E+10   5.27369E+02   3.69090E-02   1.46066E-08
 1.24750E+01   2.84561E+18   4.59073E+10   5.28166E+02   3.69246E-02   1.45987E-08
 1.25250E+01   2.85187E+18   4.99647E+10   5.28985E+02   3.69389E-02   1.45899E-08
 1.25750E+01   2.85847E+18   5.39160E+10   5.29812E+02   3.69517E-02   1.45804E-08
 1.26250E+01   2.86531E+18   5.76274E+10   5.30635E+02   3.69628E-02   1.45702E-08
 1.26750E+01   2.87225E+18   6.09704E+10   5.31438E+02   3.69721E-02   1.45597E-08
 1.27250E+01   2.87918E+18   6.38356E+10   5.32210E+02   3.69795E-02   1.45490E-08
 1.27750E+01   2.88598E+18   6.61438E+10   5.32939E+02   3.69850E-02   1.45383E-08
 1.28250E+01   2.89255E+18   6.78535E+10   5.33614E+02   3.69885E-02   1.45277E-08
 1.28750E+01   2.89878E+18   6.89600E+10   5.34225E+02   3.69899E-02   1.45175E-08
 1.29250E+01   2.90457E+18   6.94981E+10   5.34765E+02   3.69895E-02   1.45078E-08
 1.29750E+01   2.90986E+18   6.95386E+10   5.35227E+02   3.69872E-02   1.44987E-08
 1.30250E+01   2.91456E+18   6.95232E+10   5.35606E+02   3.69831E-02   1.44903E-08
 1.30750E+01   2.91862E+18   6.95083E+10   5.35897E+02   3.69773E-02   1.44829E-08
 1.31250E+01   2.92199E+18   6.84900E+10   5.36100E+02   3.69701E-02   1.44763E-08
 1.31750E+01   2.92464E+18   6.60323E+10   5.36214E+02   3.69615E-02   1.44709E-08
 1.32250E+01   2.92654E+18   6.26291E+10   5.36240E+02   3.69518E-02   1.44664E-08
 1.32750E+01   2.92770E+18   5.86057E+10   5.36181E+02   3.69412E-02   1.44632E-08
 1.33250E+01   2.92811E+18   5.42234E+10   5.36039E+02   3.69299E-02   1.44610E-08
 1.33750E+01   2.92780E+18   4.96729E+10   5.35821E+02   3.69180E-02   1.44600E-08
 1.34250E+01   2.92679E+18   4.51015E+10   5.35532E+02   3.69059E-02   1.44600E-08
 1.34750E+01   2.92512E+18   4.06262E+10   5.35180E+02   3.68936E-02   1.44612E-08
 1.35250E+01   2.92284E+18   3.63422E+10   5.34772E+02   3.68815E-02   1.44634E-08
 1.35750E+01   2.92002E+18   3.23286E+10   5.34318E+02   3.68697E-02   1.44665E-08
 1.36250E+01   2.91671E+18   2.86504E+10   5.33826E+02   3.68585E-02   1.44705E-08
 1.36750E+01   2.91299E+18   2.53591E+10   5.33306E+02   3.68479E-02   1.44753E-08
 1.37250E+01   2.90893E+18   2.24923E+10   5.32768E+02   3.68381E-02   1.44807E-08
 1.37750E+01   2.90461E+18   2.00726E+10   5.32220E+02   3.68293E-02   1.44867E-08
 1.38250E+01   2.90012E+18   1.81061E+10   5.31673E+02   3.68215E-02   1.44932E-08
 1.38750E+01   2.89553E+18   1.65820E+10   5.31136E+02   3.68149E-02   1.45000E-08
 1.39250E+01   2.89092E+18   1.54746E+10   5.30617E+02   3.68096E-02   1.45070E-08
 1.39750E+01   2.88638E+18   1.47460E+10   5.30125E+02   3.68056E-02   1.45140E-08
 1.40250E+01   2.88197E+18   1.43462E+10   5.29666E+02   3.68029E-02   1.45211E-08
 1.40750E+01   2.87777E+18   1.42434E+10   5.29247E+02   3.68015E-02   1.45280E-08
 1.41250E+01   2.87383E+18   1.42447E+10   5.28875E+02   3.68014E-02   1.45346E-08
 1.41750E+01   2.87022E+18   1.42463E+10   5.28553E+02   3.68025E-02   1.45408E-08
 1.42250E+01   2.86698E+18   1.43559E+10   5.28285E+02   3.68049E-02   1.45466E-08
 1.42750E+01   2.86416E+18   1.50923E+10   5.28074E+02   3.68083E-02   1.45518E-08
 1.43250E+01   2.86178E+18   1.63604E+10   5.27922E+02   3.68128E-02   1.45565E-08
 1.43750E+01   2.85988E+18   1.80362E+10   5.27828E+02   3.68181E-02   1.45604E-08
 1.44250E+01   2.85846E+18   2.00524E+10   5.27793E+02   3.68242E-02   1.45636E-08
 1.44750E+01   2.85754E+18   2.23787E+10   5.27814E+02   3.68310E-02   1.45661E-08
 1.45250E+01   2.85711E+18   2.50078E+10   5.27891E+02   3.68383E-02   1.45678E-08
 1.45750E+01   2.85716E+18   2.79413E+10   5.28018E+02   3.68460E-02   1.45687E-08
 1.46250E+01   2.85767E+18   3.11766E+10   5.28194E+02   3.68539E-02   1.45688E-08
 1.46750E+01   2.85863E+18   3.46957E+10   5.28412E+02   3.68619E-02   1.45683E-08
 1.47250E+01   2.85999E+18   3.84583E+10   5.28668E+02   3.68698E-02   1.45670E-08
 1.47750E+01   2.86172E+18   4.23984E+10   5.28956E+02   3.68776E-02   1.45651E-08
 1.48250E+01   2.86379E+18   4.64253E+10   5.29271E+02   3.68851E-02   1.45626E-08
 1.48750E+01   2.86614E+18   5.04288E+10   5.29605E+02   3.68921E-02   1.45595E-08
 1.49250E+01   2.86872E+18   5.42876E+10   5.29954E+02   3.68987E-02   1.45560E-08
 1.49750E+01   2.87148E+18   5.78793E+10   5.30310E+02   3.69046E-02   1.45521E-08
 1.50250E+01   2.87438E+18   6.10909E+10   5.30667E+02   3.69099E-02   1.45479E-08
 1.50750E+01   2.87735E+18   6.38285E+10   5.31020E+02   3.69144E-02   1.45435E-08
 1.51250E+01   2.88035E+18   6.60250E+10   5.31362E+02   3.69181E-02   1.45389E-08
 1.51750E+01   2.88332E+18   6.76449E+10   5.31689E+02   3.69209E-02   1.45343E-08
 1.52250E+01   2.88622E+18   6.86850E+10   5.31995E+02   3.69230E-02   1.45297E-08
 1.52750E+01   2.88900E+18   6.91780E+10   5.32276E+02   3.69241E-02   1.45252E-08
 1.53250E+01   2.89161E+18   6.92314E+10   5.32529E+02   3.69245E-02   1.45209E-08
 1.53750E+01   2.89403E+18   6.92533E+10   5.32749E+02   3.69240E-02   1.45168E-08
 1.54250E+01   2.89622E+18   6.92749E+10   5.32935E+02   3.69227E-02   1.45129E-08
 1.54750E+01   2.89814E+18   6.82177E+10   5.33085E+02   3.69206E-02   1.45095E-08
 1.55250E+01   2.89978E+18   6.58398E+10   5.33196E+02   3.69179E-02   1.45064E-08
 1.55750E+01   2.90112E+18   6.25122E+10   5.33270E+02   3.69146E-02   1.45037E-08
 1.56250E+01   2.90215E+18   5.85528E+10   5.33306E+02   3.69108E-02   1.45015E-08
 1.56750E+01   2.90285E+18   5.42148E+10   5.33305E+02   3.69065E-02   1.44998E-08
 1.57250E+01   2.90324E+18   4.96966E+10   5.33267E+02   3.69018E-02   1.44985E-08
 1.57750E+01   2.90332E+18   4.51553E+10   5.33195E+02   3.68969E-02   1.44977E-08
 1.58250E+01   2.90309E+18   4.07140E+10   5.33092E+02   3.68918E-02   1.44974E-08
 1.58750E+01   2.90256E+18   3.64699E+10   5.32960E+02   3.68865E-02   1.44976E-08
 1.59250E+01   2.90177E+18   3.25003E+10   5.32801E+02   3.68813E-02   1.44983E-08
 1.59750E+01   2.90072E+18   2.88662E+10   5.32621E+02   3.68762E-02   1.44993E-08
 1.60250E+01   2.89945E+18   2.56144E+10   5.32422E+02   3.68712E-02   1.45008E-08
 1.60750E+01   2.89798E+18   2.27776E+10   5.32208E+02   3.68664E-02   1.45026E-08
 1.61250E+01   2.89635E+18   2.03742E+10   5.31983E+02   3.68620E-02   1.45048E-08
 1.61750E+01   2.89459E+18   1.84080E+10   5.31752E+02   3.68580E-02   1.45072E-08
 1.62250E+01   2.89272E+18   1.68679E+10   5.31518E+02   3.68543E-02   1.45098E-08
 1.62750E+01   2.89079E+18   1.57288E+10   5.31285E+02   3.68511E-02   1.45126E-08
 1.63250E+01   2.88883E+18   1.49534E+10   5.31058E+02   3.68484E-02   1.45156E-08
 1.63750E+01   2.88687E+18   1.44955E+10   5.30838E+02   3.68463E-02   1.45186E-08
 1.64250E+01   2.88494E+18   1.43074E+10   5.30631E+02   3.68447E-02   1.45216E-08
 1.64750E+01   2.88307E+18   1.42996E+10   5.30438E+02   3.68436E-02   1.45246E-08
 1.65250E+01   2.88129E+18   1.43003E+10   5.30262E+02   3.68431E-02   1.45275E-08
 1.65750E+01   2.87963E+18   1.43023E+10   5.30107E+02   3.68431E-02   1.45303E-08
 1.66250E+01   2.87812E+18   1.47981E+10   5.29973E+02   3.68437E-02   1.45329E-08
 1.66750E+01   2.87676E+18   1.59007E+10   5.29862E+02   3.68447E-02   1.45353E-08
 1.67250E+01   2.87558E+18   1.74771E+10   5.29775E+02   3.68462E-02   1.45375E-08
 1.67750E+01   2.87458E+18   1.94359E+10   5.29712E+02   3.68481E-02   1.45395E-08
 1.68250E+01   2.87379E+18   2.17302E+10   5.29674E+02   3.68504E-02   1.45411E-08
 1.68750E+01   2.87320E+18   2.43401E+10   5.29661E+02   3.68530E-02   1.45424E-08
 1.69250E+01   2.87282E+18   2.72564E+10   5.29672E+02   3.68559E-02   1.45435E-08
 1.69750E+01   2.87265E+18   3.04683E+10   5.29705E+02   3.68590E-02   1.45441E-08
 1.70250E+01   2.87268E+18   3.39529E+10   5.29760E+02   3.68622E-02   1.45445E-08
 1.70750E+01   2.87291E+18   3.76690E+10   5.29835E+02   3.68655E-02   1.45446E-08
 1.71250E+01   2.87331E+18   4.15536E+10   5.29928E+02   3.68689E-02   1.45443E-08
 1.71750E+01   2.87389E+18   4.55226E+10   5.30036E+02   3.68722E-02   1.45438E-08
 1.72250E+01   2.87463E+18   4.94744E+10   5.30159E+02   3.68755E-02   1.45430E-08
 1.72750E+01   2.87551E+18   5.32973E+10   5.30292E+02   3.68786E-02   1.45419E-08
 1.73250E+01   2.87650E+18   5.68776E+10   5.30434E+02   3.68816E-02   1.45406E-08
 1.73750E+01   2.87760E+18   6.01093E+10   5.30582E+02   3.68844E-02   1.45391E-08
 1.74250E+01   2.87877E+18   6.29036E+10   5.30733E+02   3.68869E-02   1.45375E-08
 1.74750E+01   2.88000E+18   6.51950E+10   5.30885E+02   3.68891E-02   1.45357E-08
 1.75250E+01   2.88126E+18   6.69459E+10   5.31035E+02   3.68910E-02   1.45339E-08
 1.75750E+01   2.88253E+18   6.81475E+10   5.31181E+02   3.68926E-02   1.45319E-08
 1.76250E+01   2.88380E+18   6.88283E+10   5.31320E+02   3.68938E-02   1.45300E-08
 1.76750E+01   2.88503E+18   6.89962E+10   5.31451E+02   3.68946E-02   1.45280E-08
 1.77250E+01   2.88622E+18   6.89858E+10   5.31571E+02   3.68951E-02   1.45261E-08
 1.77750E+01   2.88733E+18   6.89751E+10   5.31679E+02   3.68953E-02   1.45242E-08
 1.78250E+01   2.88837E+18   6.86081E+10   5.31774E+02   3.68951E-02   1.45225E-08
 1.78750E+01   2.88930E+18   6.67417E+10   5.31854E+02   3.68945E-02   1.45208E-08
 1.79250E+01   2.89013E+18   6.37478E+10   5.31918E+02   3.68937E-02   1.45193E-08
 1.79750E+01   2.89083E+18   5.99975E+10   5.31967E+02   3.68926E-02   1.45180E-08
 1.80250E+01   2.89141E+18   5.57709E+10   5.31999E+02   3.68912E-02   1.45168E-08
 1.80750E+01   2.89186E+18   5.12933E+10   5.32016E+02   3.68895E-02   1.45159E-08
 1.81250E+01   2.89217E+18   4.67402E+10   5.32016E+02   3.68877E-02   1.45151E-08
 1.81750E+01   2.89234E+18   4.22485E+10   5.32000E+02   3.68857E-02   1.45146E-08
 1.82250E+01   2.89237E+18   3.79261E+10   5.31970E+02   3.68836E-02   1.45142E-08
 1.82750E+01   2.89228E+18   3.38585E+10   5.31927E+02   3.68814E-02   1.45141E-08
 1.83250E+01   2.89206E+18   3.01129E+10   5.31871E+02   3.68792E-02   1.45142E-08
 1.83750E+01   2.89172E+18   2.67406E+10   5.31803E+02   3.68770E-02   1.45145E-08
 1.84250E+01   2.89127E+18   2.37770E+10   5.31726E+02   3.68747E-02   1.45149E-08
 1.84750E+01   2.89073E+18   2.12424E+10   5.31641E+02   3.68726E-02   1.45156E-08
 1.85250E+01   2.89010E+18   1.91419E+10   5.31549E+02   3.68706E-02   1.45163E-08
 1.85750E+01   2.88940E+18   1.74662E+10   5.31453E+02   3.68687E-02   1.45173E-08
 1.86250E+01   2.88864E+18   1.61933E+10   5.31353E+02   3.68669E-02   1.45183E-08
 1.86750E+01   2.88783E+18   1.52895E+10   5.31252E+02   3.68653E-02   1.45195E-08
 1.87250E+01   2.88700E+18   1.47134E+10   5.31152E+02   3.68640E-02   1.45207E-08
 1.87750E+01   2.88615E+18   1.44136E+10   5.31054E+02   3.68628E-02   1.45219E-08
 1.88250E+01   2.88530E+18   1.43534E+10   5.30959E+02   3.68619E-02   1.45232E-08
 1.88750E+01   2.88446E+18   1.43505E+10   5.30869E+02   3.68612E-02   1.45246E-08
 1.89250E+01   2.88365E+18   1.43476E+10   5.30785E+02   3.68607E-02   1.45259E-08
 1.89750E+01   2.88288E+18   1.45130E+10   5.30709E+02   3.68604E-02   1.45271E-08
 1.90250E+01   2.88216E+18   1.53961E+10   5.30641E+02   3.68604E-02   1.45283E-08
 1.90750E+01   2.88150E+18   1.68510E+10   5.30583E+02   3.68606E-02   1.45295E-08
 1.91250E+01   2.88091E+18   1.87549E+10   5.30534E+02   3.68611E-02   1.45305E-08
 1.91750E+01   2.88039E+18   2.10400E+10   5.30496E+02   3.68617E-02   1.45315E-08
 1.92250E+01   2.87996E+18   2.36671E+10   5.30469E+02   3.68625E-02   1.45323E-08
 1.92750E+01   2.87961E+18   2.66132E+10   5.30452E+02   3.68635E-02   1.45330E-08
 1.93250E+01   2.87935E+18   2.98575E+10   5.30446E+02   3.68645E-02   1.45336E-08
 1.93750E+01   2.87918E+18   3.33711E+10   5.30450E+02   3.68657E-02   1.45340E-08
 1.94250E+01   2.87911E+18   3.71089E+10   5.30464E+02   3.68670E-02   1.45343E-08
 1.94750E+01   2.87912E+18   4.10068E+10   5.30487E+02   3.68684E-02   1.45345E-08
 1.95250E+01   2.87922E+18   4.49816E+10   5.30520E+02   3.68698E-02   1.45345E-08
 1.95750E+01   2.87939E+18   4.89349E+10   5.30560E+02   3.68712E-02   1.45344E-08
 1.96250E+01   2.87965E+18   5.27588E+10   5.30607E+02   3.68727E-02   1.45342E-08
 1.96750E+01   2.87997E+18   5.63440E+10   5.30660E+02   3.68740E-02   1.45338E-08
 1.97250E+01   2.88035E+18   5.95880E+10   5.30718E+02   3.68754E-02   1.45333E-08
 1.97750E+01   2.88078E+18   6.24030E+10   5.30780E+02   3.68767E-02   1.45328E-08
 1.98250E+01   2.88126E+18   6.47237E+10   5.30844E+02   3.68778E-02   1.45321E-08
 1.98750E+01   2.88177E+18   6.65124E+10   5.30909E+02   3.68789E-02   1.45314E-08
 1.99250E+01   2.88230E+18   6.77622E+10   5.30974E+02   3.68798E-02   1.45306E-08
 1.99750E+01   2.88284E+18   6.84976E+10   5.31039E+02   3.68806E-02   1.45298E-08
 2.00250E+01   2.88339E+18   6.87419E+10   5.31102E+02   3.68812E-02   1.45290E-08
 2.00750E+01   2.88394E+18   6.87407E+10   5.31162E+02   3.68818E-02   1.45281E-08
 2.01250E+01   2.88447E+18   6.87371E+10   5.31218E+02   3.68821E-02   1.45273E-08
 2.01750E+01   2.88498E+18   6.85016E+10   5.31269E+02   3.68823E-02   1.45265E-08
 2.02250E+01   2.88546E+18   6.68020E+10   5.31314E+02   3.68823E-02   1.45257E-08
 2.02750E+01   2.88590E+18   6.38999E+10   5.31354E+02   3.68822E-02   1.45249E-08
 2.03250E+01   2.88629E+18   6.01970E+10   5.31387E+02   3.68819E-02   1.45242E-08
 2.03750E+01   2.88664E+18   5.59904E+10   5.31414E+02   3.68815E-02   1.45236E-08
 2.04250E+01   2.88693E+18   5.15103E+10   5.31433E+02   3.68809E-02   1.45230E-08
 2.04750E+01   2.88717E+18   4.69397E+10   5.31446E+02   3.68803E-02   1.45225E-08
 2.05250E+01   2.88735E+18   4.24236E+10   5.31451E+02   3.68796E-02   1.45221E-08
 2.05750E+01   2.88747E+18   3.80774E+10   5.31450E+02   3.68787E-02   1.45218E-08
 2.06250E+01   2.88753E+18   3.39917E+10   5.31441E+02   3.68779E-02   1.45216E-08
 2.06750E+01   2.88753E+18   3.02357E+10   5.31427E+02   3.68769E-02   1.45215E-08
 2.07250E+01   2.88748E+18   2.68599E+10   5.31407E+02   3.68760E-02   1.45214E-08
 2.07750E+01   2.88737E+18   2.38980E+10   5.31381E+02   3.68750E-02   1.45215E-08
 2.08250E+01   2.88721E+18   2.13675E+10   5.31351E+02   3.68741E-02   1.45216E-08
 2.08750E+01   2.88701E+18   1.92711E+10   5.31317E+02   3.68731E-02   1.45219E-08
 2.09250E+01   2.88676E+18   1.75966E+10   5.31279E+02   3.68722E-02   1.45221E-08
 2.09750E+01   2.88648E+18   1.63192E+10   5.31239E+02   3.68713E-02   1.45225E-08
 2.10250E+01   2.88617E+18   1.54033E+10   5.31196E+02   3.68705E-02   1.45229E-08
 2.10750E+01   2.88584E+18   1.48060E+10   5.31153E+02   3.68698E-02   1.45234E-08
 2.11250E+01   2.88549E+18   1.44786E+10   5.31109E+02   3.68691E-02   1.45239E-08
 2.11750E+01   2.88513E+18   1.43874E+10   5.31066E+02   3.68685E-02   1.45244E-08
 2.12250E+01   2.88476E+18   1.43900E+10   5.31024E+02   3.68681E-02   1.45250E-08
 2.12750E+01   2.88439E+18   1.43926E+10   5.30984E+02   3.68677E-02   1.45255E-08
 2.13250E+01   2.88403E+18   1.44826E+10   5.30945E+02   3.68674E-02   1.45261E-08
 2.13750E+01   2.88369E+18   1.52791E+10   5.30910E+02   3.68672E-02   1.45266E-08
 2.14250E+01   2.88336E+18   1.67217E+10   5.30878E+02   3.68671E-02   1.45272E-08
 2.14750E+01   2.88306E+18   1.86637E+10   5.30850E+02   3.68671E-02   1.45277E-08
 2.15250E+01   2.88279E+18   2.10136E+10   5.30826E+02   3.68672E-02   1.45282E-08
 2.15750E+01   2.88255E+18   2.37176E+10   5.30807E+02   3.68674E-02   1.45286E-08
 2.16250E+01   2.88234E+18   2.67402E+10   5.30792E+02   3.68677E-02   1.45290E-08
 2.16750E+01   2.88217E+18   3.00508E+10   5.30782E+02   3.68681E-02   1.45293E-08
 2.17250E+01   2.88203E+18   3.36123E+10   5.30776E+02   3.68685E-02   1.45296E-08
 2.17750E+01   2.88194E+18   3.73742E+10   5.30775E+02   3.68689E-02   1.45298E-08
 2.18250E+01   2.88188E+18   4.12690E+10   5.30778E+02   3.68695E-02   1.45300E-08
 2.18750E+01   2.88186E+18   4.52135E+10   5.30786E+02   3.68700E-02   1.45301E-08
 2.19250E+01   2.88188E+18   4.91119E+10   5.30797E+02   3.68706E-02   1.45301E-08
 2.19750E+01   2.88194E+18   5.28620E+10   5.30812E+02   3.68712E-02   1.45301E-08
 2.20250E+01   2.88203E+18   5.63626E+10   5.30830E+02   3.68718E-02   1.45300E-08
 2.20750E+01   2.88215E+18   5.95207E+10   5.30852E+02   3.68724E-02   1.45299E-08
 2.21250E+01   2.88230E+18   6.22587E+10   5.30875E+02   3.68730E-02   1.45297E-08
 2.21750E+01   2.88247E+18   6.45193E+10   5.30901E+02   3.68735E-02   1.45295E-08
 2.22250E+01   2.88267E+18   6.62688E+10   5.30927E+02   3.68741E-02   1.45293E-08
 2.22750E+01   2.88288E+18   6.74996E+10   5.30955E+02   3.68745E-02   1.45290E-08
 2.23250E+01   2.88311E+18   6.82315E+10   5.30983E+02   3.68749E-02   1.45286E-08
 2.23750E+01   2.88334E+18   6.84858E+10   5.31012E+02   3.68753E-02   1.45283E-08
 2.24250E+01   2.88358E+18   6.84932E+10   5.31039E+02   3.68756E-02   1.45279E-08
 2.24750E+01   2.88382E+18   6.84963E+10   5.31066E+02   3.68759E-02   1.45276E-08
 2.25250E+01   2.88406E+18   6.83236E+10   5.31091E+02   3.68761E-02   1.45272E-08
 2.25750E+01   2.88429E+18   6.67763E+10   5.31115E+02   3.68762E-02   1.45268E-08
 2.26250E+01   2.88451E+18   6.40197E+10   5.31137E+02   3.68763E-02   1.45265E-08
 2.26750E+01   2.88471E+18   6.04289E+10   5.31156E+02   3.68762E-02   1.45261E-08
 2.27250E+01   2.88490E+18   5.63021E+10   5.31172E+02   3.68761E-02   1.45258E-08
 2.27750E+01   2.88507E+18   5.18762E+10   5.31186E+02   3.68760E-02   1.45255E-08
 2.28250E+01   2.88522E+18   4.73423E+10   5.31197E+02   3.68758E-02   1.45252E-08
 2.28750E+01   2.88534E+18   4.28514E+10   5.31204E+02   3.68755E-02   1.45250E-08
 2.29250E+01   2.88544E+18   3.85217E+10   5.31209E+02   3.68752E-02   1.45248E-08
 2.29750E+01   2.88552E+18   3.44447E+10   5.31211E+02   3.68749E-02   1.45246E-08
 2.30250E+01   2.88557E+18   3.06896E+10   5.31210E+02   3.68746E-02   1.45245E-08
 2.30750E+01   2.88560E+18   2.73067E+10   5.31207E+02   3.68742E-02   1.45244E-08
 2.31250E+01   2.88560E+18   2.43288E+10   5.31200E+02   3.68738E-02   1.45243E-08
 2.31750E+01   2.88558E+18   2.17731E+10   5.31191E+02   3.68733E-02   1.45243E-08
 2.32250E+01   2.88553E+18   1.96419E+10   5.31180E+02   3.68729E-02   1.45243E-08
 2.32750E+01   2.88546E+18   1.79240E+10   5.31167E+02   3.68725E-02   1.45244E-08
 2.33250E+01   2.88538E+18   1.65962E+10   5.31152E+02   3.68720E-02   1.45245E-08
 2.33750E+01   2.88528E+18   1.56257E+10   5.31136E+02   3.68717E-02   1.45246E-08
 2.34250E+01   2.88516E+18   1.49720E+10   5.31119E+02   3.68713E-02   1.45247E-08
 2.34750E+01   2.88503E+18   1.45904E+10   5.31101E+02   3.68709E-02   1.45249E-08
 2.35250E+01   2.88489E+18   1.44405E+10   5.31083E+02   3.68706E-02   1.45251E-08
 2.35750E+01   2.88474E+18   1.44302E+10   5.31064E+02   3.68703E-02   1.45253E-08
 2.36250E+01   2.88459E+18   1.44241E+10   5.31045E+02   3.68700E-02   1.45255E-08
 2.36750E+01   2.88444E+18   1.44219E+10   5.31027E+02   3.68698E-02   1.45257E-08
 2.37250E+01   2.88429E+18   1.50300E+10   5.31010E+02   3.68696E-02   1.45259E-08
 2.37750E+01   2.88415E+18   1.63566E+10   5.30994E+02   3.68694E-02   1.45262E-08
 2.38250E+01   2.88401E+18   1.82585E+10   5.30980E+02   3.68693E-02   1.45264E-08
 2.38750E+01   2.88387E+18   2.06160E+10   5.30967E+02   3.68693E-02   1.45266E-08
 2.39250E+01   2.88375E+18   2.33556E+10   5.30956E+02   3.68693E-02   1.45268E-08
 2.39750E+01   2.88365E+18   2.64278E+10   5.30946E+02   3.68693E-02   1.45270E-08
 2.40250E+01   2.88356E+18   2.97908E+10   5.30939E+02   3.68695E-02   1.45272E-08
 2.40750E+01   2.88348E+18   3.34002E+10   5.30934E+02   3.68696E-02   1.45273E-08
 2.41250E+01   2.88342E+18   3.72008E+10   5.30930E+02   3.68698E-02   1.45274E-08
 2.41750E+01   2.88338E+18   4.11237E+10   5.30929E+02   3.68700E-02   1.45275E-08
 2.42250E+01   2.88335E+18   4.50855E+10   5.30930E+02   3.68702E-02   1.45276E-08
 2.42750E+01   2.88334E+18   4.89917E+10   5.30932E+02   3.68704E-02   1.45277E-08
 2.43250E+01   2.88335E+18   5.27415E+10   5.30937E+02   3.68707E-02   1.45277E-08
 2.43750E+01   2.88337E+18   5.62348E+10   5.30943E+02   3.68710E-02   1.45277E-08
 2.44250E+01   2.88341E+18   5.93798E+10   5.30951E+02   3.68713E-02   1.45276E-08
 2.44750E+01   2.88346E+18   6.21002E+10   5.30960E+02   3.68715E-02   1.45276E-08
 2.45250E+01   2.88353E+18   6.43417E+10   5.30969E+02   3.68717E-02   1.45275E-08
 2.45750E+01   2.88360E+18   6.60750E+10   5.30980E+02   3.68719E-02   1.45274E-08
 2.46250E+01   2.88369E+18   6.72964E+10   5.30992E+02   3.68721E-02   1.45273E-08
 2.46750E+01   2.88379E+18   6.80241E+10   5.31004E+02   3.68723E-02   1.45272E-08
 2.47250E+01   2.88390E+18   6.82817E+10   5.31017E+02   3.68726E-02   1.45270E-08
 2.47750E+01   2.88401E+18   6.82258E+10   5.31031E+02   3.68727E-02   1.45268E-08
 2.48250E+01   2.88413E+18   6.81550E+10   5.31044E+02   3.68729E-02   1.45267E-08
 2.48750E+01   2.88424E+18   6.79518E+10   5.31056E+02   3.68730E-02   1.45265E-08
 2.49250E+01   2.88436E+18   6.63131E+10   5.31068E+02   3.68731E-02   1.45263E-08
 2.49750E+01   2.88447E+18   6.33765E+10   5.31080E+02   3.68732E-02   1.45261E-08
 2.50250E+01   2.88458E+18   5.95765E+10   5.31090E+02   3.68732E-02   1.45259E-08
 2.50750E+01   2.88469E+18   5.52580E+10   5.31100E+02   3.68732E-02   1.45258E-08
 2.51250E+01   2.88479E+18   5.06748E+10   5.31108E+02   3.68732E-02   1.45256E-08
 2.51750E+01   2.88488E+18   4.60225E+10   5.31115E+02   3.68731E-02   1.45254E-08
 2.52250E+01   2.88496E+18   4.14527E+10   5.31121E+02   3.68730E-02   1.45253E-08
 2.52750E+01   2.88503E+18   3.70842E+10   5.31126E+02   3.68729E-02   1.45251E-08
 2.53250E+01   2.88509E+18   3.30093E+10   5.31129E+02   3.68727E-02   1.45250E-08
 2.53750E+01   2.88514E+18   2.92970E+10   5.31130E+02   3.68726E-02   1.45249E-08
 2.54250E+01   2.88518E+18   2.59954E+10   5.31131E+02   3.68724E-02   1.45248E-08
 2.54750E+01   2.88521E+18   2.31328E+10   5.31130E+02   3.68722E-02   1.45248E-08
 2.55250E+01   2.88523E+18   2.07194E+10   5.31128E+02   3.68720E-02   1.45247E-08
 2.55750E+01   2.88523E+18   1.87490E+10   5.31125E+02   3.68718E-02   1.45247E-08
 2.56250E+01   2.88523E+18   1.72012E+10   5.31122E+02   3.68716E-02   1.45246E-08
 2.56750E+01   2.88522E+18   1.60448E+10   5.31118E+02   3.68715E-02   1.45246E-08
 2.57250E+01   2.88520E+18   1.52407E+10   5.31112E+02   3.68713E-02   1.45246E-08
 2.57750E+01   2.88518E+18   1.47453E+10   5.31106E+02   3.68711E-02   1.45247E-08
 2.58250E+01   2.88514E+18   1.45104E+10   5.31099E+02   3.68709E-02   1.45247E-08
 2.58750E+01   2.88510E+18   1.44738E+10   5.31092E+02   3.68708E-02   1.45247E-08
 2.59250E+01   2.88506E+18   1.44558E+10   5.31085E+02   3.68706E-02   1.45248E-08
 2.59750E+01   2.88501E+18   1.44379E+10   5.31077E+02   3.68704E-02   1.45249E-08
 2.60250E+01   2.88496E+18   1.48732E+10   5.31070E+02   3.68703E-02   1.45249E-08
 2.60750E+01   2.88491E+18   1.62236E+10   5.31063E+02   3.68702E-02   1.45250E-08
 2.61250E+01   2.88487E+18   1.82364E+10   5.31057E+02   3.68701E-02   1.45250E-08
 2.61750E+01   2.88483E+18   2.07849E+10   5.31051E+02   3.68700E-02   1.45251E-08
 2.62250E+01   2.88479E+18   2.37703E+10   5.31047E+02   3.68700E-02   1.45252E-08
 2.62750E+01   2.88475E+18   2.71209E+10   5.31043E+02   3.68700E-02   1.45252E-08
 2.63250E+01   2.88473E+18   3.07757E+10   5.31039E+02   3.68700E-02   1.45253E-08
 2.63750E+01   2.88471E+18   3.46719E+10   5.31037E+02   3.68701E-02   1.45253E-08
 2.64250E+01   2.88470E+18   3.87360E+10   5.31036E+02   3.68702E-02   1.45253E-08
 2.64750E+01   2.88469E+18   4.28805E+10   5.31036E+02   3.68703E-02   1.45254E-08
 2.65250E+01   2.88470E+18   4.70043E+10   5.31037E+02   3.68704E-02   1.45254E-08
 2.65750E+01   2.88471E+18   5.09973E+10   5.31039E+02   3.68705E-02   1.45254E-08
 2.66250E+01   2.88473E+18   5.47488E+10   5.31042E+02   3.68706E-02   1.45254E-08
 2.66750E+01   2.88476E+18   5.81560E+10   5.31046E+02   3.68708E-02   1.45253E-08
 2.67250E+01   2.88480E+18   6.11321E+10   5.31050E+02   3.68709E-02   1.45253E-08
 2.67750E+01   2.88484E+18   6.36116E+10   5.31055E+02   3.68711E-02   1.45252E-08
 2.68250E+01   2.88490E+18   6.55521E+10   5.31061E+02   3.68712E-02   1.45251E-08
 2.68750E+01   2.88495E+18   6.69332E+10   5.31067E+02   3.68713E-02   1.45251E-08
 2.69250E+01   2.88501E+18   6.77555E+10   5.31073E+02   3.68714E-02   1.45250E-08
 2.69750E+01   2.88508E+18   6.80142E+10   5.31080E+02   3.68715E-02   1.45249E-08
 2.70250E+01   2.88515E+18   6.79692E+10   5.31086E+02   3.68715E-02   1.45248E-08
 2.70750E+01   2.88522E+18   6.79226E+10   5.31093E+02   3.68716E-02   1.45246E-08
 2.71250E+01   2.88530E+18   6.76536E+10   5.31099E+02   3.68716E-02   1.45245E-08
 2.71750E+01   2.88537E+18   6.58358E+10   5.31106E+02   3.68716E-02   1.45244E-08
 2.72250E+01   2.88545E+18   6.26893E+10   5.31113E+02   3.68716E-02   1.45243E-08
 2.72750E+01   2.88553E+18   5.86499E+10   5.31119E+02   3.68716E-02   1.45241E-08
 2.73250E+01   2.88561E+18   5.40751E+10   5.31125E+02   3.68716E-02   1.45240E-08
 2.73750E+01   2.88569E+18   4.92513E+10   5.31131E+02   3.68716E-02   1.45239E-08
 2.74250E+01   2.88576E+18   4.44036E+10   5.31137E+02   3.68716E-02   1.45237E-08
 2.74750E+01   2.88584E+18   3.97024E+10   5.31142E+02   3.68716E-02   1.45236E-08
 2.75250E+01   2.88591E+18   3.52739E+10   5.31147E+02   3.68716E-02   1.45235E-08
 2.75750E+01   2.88598E+18   3.12095E+10   5.31152E+02   3.68716E-02   1.45234E-08
 2.76250E+01   2.88605E+18   2.75722E+10   5.31156E+02   3.68716E-02   1.45233E-08
 2.76750E+01   2.88611E+18   2.44007E+10   5.31160E+02   3.68716E-02   1.45232E-08
 2.77250E+01   2.88617E+18   2.17120E+10   5.31162E+02   3.68716E-02   1.45231E-08
 2.77750E+01   2.88622E+18   1.95040E+10   5.31165E+02   3.68716E-02   1.45230E-08
 2.78250E+01   2.88627E+18   1.77573E+10   5.31167E+02   3.68715E-02   1.45229E-08
 2.78750E+01   2.88631E+18   1.64382E+10   5.31168E+02   3.68715E-02   1.45228E-08
 2.79250E+01   2.88635E+18   1.55032E+10   5.31169E+02   3.68714E-02   1.45227E-08
 2.79750E+01   2.88638E+18   1.49038E+10   5.31169E+02   3.68714E-02   1.45227E-08
 2.80250E+01   2.88641E+18   1.45859E+10   5.31169E+02   3.68713E-02   1.45226E-08
 2.80750E+01   2.88644E+18   1.45232E+10   5.31168E+02   3.68712E-02   1.45226E-08
 2.81250E+01   2.88646E+18   1.45211E+10   5.31167E+02   3.68711E-02   1.45225E-08
 2.81750E+01   2.88649E+18   1.45192E+10   5.31166E+02   3.68710E-02   1.45225E-08
 2.82250E+01   2.88651E+18   1.48118E+10   5.31165E+02   3.68709E-02   1.45224E-08
 2.82750E+01   2.88653E+18   1.61254E+10   5.31164E+02   3.68709E-02   1.45224E-08
 2.83250E+01   2.88655E+18   1.82184E+10   5.31163E+02   3.68708E-02   1.45223E-08
 2.83750E+01   2.88657E+18   2.09092E+10   5.31163E+02   3.68707E-02   1.45223E-08
 2.84250E+01   2.88660E+18   2.40731E+10   5.31162E+02   3.68707E-02   1.45222E-08
 2.84750E+01   2.88663E+18   2.76136E+10   5.31163E+02   3.68707E-02   1.45222E-08
 2.85250E+01   2.88666E+18   3.14503E+10   5.31163E+02   3.68707E-02   1.45221E-08
 2.85750E+01   2.88669E+18   3.55044E+10   5.31165E+02   3.68708E-02   1.45221E-08
 2.86250E+01   2.88673E+18   3.96897E+10   5.31166E+02   3.68708E-02   1.45220E-08
 2.86750E+01   2.88677E+18   4.39091E+10   5.31169E+02   3.68709E-02   1.45220E-08
 2.87250E+01   2.88682E+18   4.80573E+10   5.31171E+02   3.68709E-02   1.45219E-08
 2.87750E+01   2.88687E+18   5.20258E+10   5.31174E+02   3.68710E-02   1.45218E-08
 2.88250E+01   2.88692E+18   5.57096E+10   5.31178E+02   3.68711E-02   1.45217E-08
 2.88750E+01   2.88698E+18   5.90137E+10   5.31182E+02   3.68712E-02   1.45217E-08
 2.89250E+01   2.88704E+18   6.18578E+10   5.31186E+02   3.68713E-02   1.45216E-08
 2.89750E+01   2.88710E+18   6.41790E+10   5.31190E+02   3.68714E-02   1.45215E-08
 2.90250E+01   2.88717E+18   6.59360E+10   5.31195E+02   3.68714E-02   1.45214E-08
 2.90750E+01   2.88724E+18   6.71084E+10   5.31200E+02   3.68715E-02   1.45213E-08
 2.91250E+01   2.88731E+18   6.77172E+10   5.31204E+02   3.68715E-02   1.45211E-08
 2.91750E+01   2.88738E+18   6.77912E+10   5.31210E+02   3.68715E-02   1.45210E-08
 2.92250E+01   2.88746E+18   6.77893E+10   5.31215E+02   3.68716E-02   1.45209E-08
 2.92750E+01   2.88754E+18   6.77872E+10   5.31220E+02   3.68716E-02   1.45208E-08
 2.93250E+01   2.88762E+18   6.69906E+10   5.31226E+02   3.68716E-02   1.45206E-08
 2.93750E+01   2.88770E+18   6.45971E+10   5.31231E+02   3.68716E-02   1.45205E-08
 2.94250E+01   2.88778E+18   6.11108E+10   5.31236E+02   3.68716E-02   1.45204E-08
 2.94750E+01   2.88787E+18   5.68690E+10   5.31241E+02   3.68716E-02   1.45202E-08
 2.95250E+01   2.88795E+18   5.21873E+10   5.31246E+02   3.68716E-02   1.45201E-08
 2.95750E+01   2.88804E+18   4.73311E+10   5.31251E+02   3.68716E-02   1.45199E-08
 2.96250E+01   2.88812E+18   4.25130E+10   5.31256E+02   3.68716E-02   1.45198E-08
 2.96750E+01   2.88820E+18   3.78963E+10   5.31260E+02   3.68715E-02   1.45196E-08
 2.97250E+01   2.88828E+18   3.35995E+10   5.31265E+02   3.68715E-02   1.45195E-08
 2.97750E+01   2.88836E+18   2.97044E+10   5.31268E+02   3.68714E-02   1.45194E-08
 2.98250E+01   2.88844E+18   2.62619E+10   5.31271E+02   3.68713E-02   1.45192E-08
 2.98750E+01   2.88851E+18   2.32976E+10   5.31274E+02   3.68712E-02   1.45191E-08
 2.99250E+01   2.88858E+18   2.08163E+10   5.31277E+02   3.68710E-02   1.45189E-08
 2.99750E+01   2.88865E+18   1.88051E+10   5.31279E+02   3.68709E-02   1.45188E-08
 3.00250E+01   2.88872E+18   1.72374E+10   5.31281E+02   3.68707E-02   1.45187E-08
 3.00750E+01   2.88879E+18   1.60762E+10   5.31282E+02   3.68706E-02   1.45185E-08
 3.01250E+01   2.88885E+18   1.52783E+10   5.31283E+02   3.68704E-02   1.45184E-08
 3.01750E+01   2.88892E+18   1.47985E+10   5.31284E+02   3.68702E-02   1.45183E-08
 3.02250E+01   2.88898E+18   1.45925E+10   5.31285E+02   3.68701E-02   1.45182E-08
 3.02750E+01   2.88904E+18   1.45818E+10   5.31286E+02   3.68699E-02   1.45180E-08
 3.03250E+01   2.88910E+18   1.45801E+10   5.31287E+02   3.68697E-02   1.45179E-08
 3.03750E+01   2.88916E+18   1.45797E+10   5.31288E+02   3.68696E-02   1.45178E-08
 3.04250E+01   2.88922E+18   1.53105E+10   5.31289E+02   3.68694E-02   1.45177E-08
 3.04750E+01   2.88928E+18   1.69953E+10   5.31290E+02   3.68693E-02   1.45175E-08
 3.05250E+01   2.88935E+18   1.94187E+10   5.31291E+02   3.68691E-02   1.45174E-08
 3.05750E+01   2.88941E+18   2.24139E+10   5.31292E+02   3.68690E-02   1.45173E-08
 3.06250E+01   2.88947E+18   2.58499E+10   5.31294E+02   3.68689E-02   1.45172E-08
 3.06750E+01   2.88954E+18   2.96234E+10   5.31295E+02   3.68688E-02   1.45171E-08
 3.07250E+01   2.88961E+18   3.36419E+10   5.31297E+02   3.68687E-02   1.45169E-08
 3.07750E+01   2.88968E+18   3.78149E+10   5.31300E+02   3.68687E-02   1.45168E-08
 3.08250E+01   2.88975E+18   4.20482E+10   5.31303E+02   3.68687E-02   1.45167E-08
 3.08750E+01   2.88983E+18   4.62425E+10   5.31306E+02   3.68687E-02   1.45165E-08
 3.09250E+01   2.88991E+18   5.02941E+10   5.31309E+02   3.68687E-02   1.45164E-08
 3.09750E+01   2.88999E+18   5.40997E+10   5.31313E+02   3.68687E-02   1.45163E-08
 3.10250E+01   2.89007E+18   5.75609E+10   5.31317E+02   3.68687E-02   1.45161E-08
 3.10750E+01   2.89016E+18   6.05908E+10   5.31321E+02   3.68687E-02   1.45160E-08
 3.11250E+01   2.89024E+18   6.31196E+10   5.31325E+02   3.68687E-02   1.45159E-08
 3.11750E+01   2.89033E+18   6.50995E+10   5.31329E+02   3.68687E-02   1.45157E-08
 3.12250E+01   2.89042E+18   6.65095E+10   5.31333E+02   3.68687E-02   1.45156E-08
 3.12750E+01   2.89051E+18   6.73576E+10   5.31338E+02   3.68687E-02   1.45154E-08
 3.13250E+01   2.89060E+18   6.76529E+10   5.31343E+02   3.68687E-02   1.45152E-08
 3.13750E+01   2.89070E+18   6.76466E+10   5.31347E+02   3.68687E-02   1.45151E-08
 3.14250E+01   2.89079E+18   6.76365E+10   5.31352E+02   3.68687E-02   1.45149E-08
 3.14750E+01   2.89089E+18   6.74138E+10   5.31357E+02   3.68687E-02   1.45148E-08
 3.15250E+01   2.89099E+18   6.56799E+10   5.31362E+02   3.68686E-02   1.45146E-08
 3.15750E+01   2.89109E+18   6.26336E+10   5.31366E+02   3.68686E-02   1.45144E-08
 3.16250E+01   2.89119E+18   5.86846E+10   5.31371E+02   3.68686E-02   1.45143E-08
 3.16750E+01   2.89129E+18   5.41719E+10   5.31375E+02   3.68685E-02   1.45141E-08
 3.17250E+01   2.89139E+18   4.93760E+10   5.31380E+02   3.68684E-02   1.45139E-08
 3.17750E+01   2.89149E+18   4.45281E+10   5.31384E+02   3.68683E-02   1.45137E-08
 3.18250E+01   2.89159E+18   3.98113E+10   5.31388E+02   3.68682E-02   1.45135E-08
 3.18750E+01   2.89168E+18   3.53652E+10   5.31391E+02   3.68681E-02   1.45134E-08
 3.19250E+01   2.89178E+18   3.12903E+10   5.31394E+02   3.68679E-02   1.45132E-08
 3.19750E+01   2.89187E+18   2.76526E+10   5.31397E+02   3.68677E-02   1.45130E-08
 3.20250E+01   2.89197E+18   2.44883E+10   5.31400E+02   3.68676E-02   1.45128E-08
 3.20750E+01   2.89206E+18   2.18096E+10   5.31403E+02   3.68674E-02   1.45126E-08
 3.21250E+01   2.89216E+18   1.96085E+10   5.31405E+02   3.68672E-02   1.45125E-08
 3.21750E+01   2.89225E+18   1.78623E+10   5.31407E+02   3.68670E-02   1.45123E-08
 3.22250E+01   2.89235E+18   1.65377E+10   5.31410E+02   3.68668E-02   1.45121E-08
 3.22750E+01   2.89244E+18   1.55947E+10   5.31412E+02   3.68666E-02   1.45119E-08
 3.23250E+01   2.89254E+18   1.49907E+10   5.31414E+02   3.68664E-02   1.45117E-08
 3.23750E+01   2.89263E+18   1.46755E+10   5.31416E+02   3.68662E-02   1.45115E-08
 3.24250E+01   2.89273E+18   1.46204E+10   5.31419E+02   3.68660E-02   1.45113E-08
 3.24750E+01   2.89283E+18   1.46194E+10   5.31421E+02   3.68658E-02   1.45112E-08
 3.25250E+01   2.89293E+18   1.46185E+10   5.31424E+02   3.68656E-02   1.45110E-08
 3.25750E+01   2.89303E+18   1.49286E+10   5.31427E+02   3.68655E-02   1.45108E-08
 3.26250E+01   2.89313E+18   1.63277E+10   5.31429E+02   3.68653E-02   1.45106E-08
 3.26750E+01   2.89323E+18   1.85690E+10   5.31431E+02   3.68651E-02   1.45104E-08
 3.27250E+01   2.89333E+18   2.14569E+10   5.31434E+02   3.68649E-02   1.45102E-08
 3.27750E+01   2.89342E+18   2.48433E+10   5.31436E+02   3.68647E-02   1.45100E-08
 3.28250E+01   2.89352E+18   2.86032E+10   5.31437E+02   3.68645E-02   1.45098E-08
 3.28750E+01   2.89362E+18   3.26291E+10   5.31439E+02   3.68642E-02   1.45096E-08
 3.29250E+01   2.89372E+18   3.68216E+10   5.31441E+02   3.68640E-02   1.45094E-08
 3.29750E+01   2.89382E+18   4.10824E+10   5.31442E+02   3.68637E-02   1.45092E-08
 3.30250E+01   2.89392E+18   4.53114E+10   5.31443E+02   3.68634E-02   1.45090E-08
 3.30750E+01   2.89402E+18   4.94068E+10   5.31445E+02   3.68631E-02   1.45088E-08
 3.31250E+01   2.89412E+18   5.32674E+10   5.31446E+02   3.68628E-02   1.45086E-08
 3.31750E+01   2.89422E+18   5.67967E+10   5.31447E+02   3.68625E-02   1.45084E-08
 3.32250E+01   2.89432E+18   5.99085E+10   5.31448E+02   3.68622E-02   1.45082E-08
 3.32750E+01   2.89443E+18   6.25315E+10   5.31449E+02   3.68618E-02   1.45080E-08
 3.33250E+01   2.89453E+18   6.46150E+10   5.31450E+02   3.68615E-02   1.45077E-08
 3.33750E+01   2.89464E+18   6.61341E+10   5.31451E+02   3.68611E-02   1.45075E-08
 3.34250E+01   2.89474E+18   6.70894E+10   5.31451E+02   3.68607E-02   1.45073E-08
 3.34750E+01   2.89485E+18   6.75071E+10   5.31452E+02   3.68603E-02   1.45071E-08
 3.35250E+01   2.89496E+18   6.75314E+10   5.31452E+02   3.68599E-02   1.45068E-08
 3.35750E+01   2.89506E+18   6.75375E+10   5.31453E+02   3.68594E-02   1.45066E-08
 3.36250E+01   2.89517E+18   6.74825E+10   5.31453E+02   3.68590E-02   1.45063E-08
 3.36750E+01   2.89528E+18   6.60869E+10   5.31453E+02   3.68585E-02   1.45061E-08
 3.37250E+01   2.89539E+18   6.33341E+10   5.31453E+02   3.68580E-02   1.45058E-08
 3.37750E+01   2.89550E+18   5.95939E+10   5.31453E+02   3.68575E-02   1.45056E-08
 3.38250E+01   2.89562E+18   5.52217E+10   5.31452E+02   3.68569E-02   1.45053E-08
 3.38750E+01   2.89573E+18   5.05040E+10   5.31452E+02   3.68564E-02   1.45051E-08
 3.39250E+01   2.89584E+18   4.56794E+10   5.31451E+02   3.68558E-02   1.45048E-08
 3.39750E+01   2.89596E+18   4.09412E+10   5.31450E+02   3.68552E-02   1.45045E-08
 3.40250E+01   2.89607E+18   3.64397E+10   5.31449E+02   3.68546E-02   1.45043E-08
 3.40750E+01   2.89619E+18   3.22845E+10   5.31448E+02   3.68540E-02   1.45040E-08
 3.41250E+01   2.89630E+18   2.85497E+10   5.31447E+02   3.68533E-02   1.45037E-08
 3.41750E+01   2.89642E+18   2.52778E+10   5.31445E+02   3.68526E-02   1.45034E-08
 3.42250E+01   2.89654E+18   2.24860E+10   5.31443E+02   3.68519E-02   1.45031E-08
 3.42750E+01   2.89665E+18   2.01709E+10   5.31441E+02   3.68512E-02   1.45028E-08
 3.43250E+01   2.89677E+18   1.83134E+10   5.31438E+02   3.68504E-02   1.45025E-08
 3.43750E+01   2.89689E+18   1.68830E+10   5.31436E+02   3.68496E-02   1.45022E-08
 3.44250E+01   2.89701E+18   1.58416E+10   5.31433E+02   3.68488E-02   1.45019E-08
 3.44750E+01   2.89714E+18   1.51464E+10   5.31430E+02   3.68480E-02   1.45016E-08
 3.45250E+01   2.89726E+18   1.47515E+10   5.31427E+02   3.68471E-02   1.45013E-08
 3.45750E+01   2.89738E+18   1.46273E+10   5.31423E+02   3.68463E-02   1.45010E-08
 3.46250E+01   2.89751E+18   1.46289E+10   5.31420E+02   3.68453E-02   1.45007E-08
 3.46750E+01   2.89763E+18   1.46310E+10   5.31416E+02   3.68444E-02   1.45003E-08
 3.47250E+01   2.89776E+18   1.47291E+10   5.31411E+02   3.68434E-02   1.45000E-08
 3.47750E+01   2.89789E+18   1.58094E+10   5.31407E+02   3.68424E-02   1.44996E-08
 3.48250E+01   2.89802E+18   1.78325E+10   5.31403E+02   3.68414E-02   1.44993E-08
 3.48750E+01   2.89816E+18   2.05788E+10   5.31398E+02   3.68403E-02   1.44989E-08
 3.49250E+01   2.89829E+18   2.38706E+10   5.31393E+02   3.68392E-02   1.44985E-08
 3.49750E+01   2.89843E+18   2.75698E+10   5.31388E+02   3.68381E-02   1.44982E-08
 3.50250E+01   2.89857E+18   3.15586E+10   5.31383E+02   3.68370E-02   1.44978E-08
 3.50750E+01   2.89872E+18   3.57310E+10   5.31377E+02   3.68358E-02   1.44974E-08
 3.51250E+01   2.89886E+18   3.99861E+10   5.31371E+02   3.68345E-02   1.44970E-08
 3.51750E+01   2.89902E+18   4.42238E+10   5.31365E+02   3.68333E-02   1.44966E-08
 3.52250E+01   2.89917E+18   4.83440E+10   5.31359E+02   3.68320E-02   1.44961E-08
 3.52750E+01   2.89933E+18   5.22484E+10   5.31353E+02   3.68306E-02   1.44957E-08
 3.53250E+01   2.89949E+18   5.58434E+10   5.31347E+02   3.68293E-02   1.44952E-08
 3.53750E+01   2.89966E+18   5.90452E+10   5.31341E+02   3.68279E-02   1.44948E-08
 3.54250E+01   2.89983E+18   6.17836E+10   5.31334E+02   3.68264E-02   1.44943E-08
 3.54750E+01   2.90001E+18   6.40067E+10   5.31328E+02   3.68249E-02   1.44938E-08
 3.55250E+01   2.90020E+18   6.56847E+10   5.31321E+02   3.68234E-02   1.44933E-08
 3.55750E+01   2.90039E+18   6.68097E+10   5.31315E+02   3.68219E-02   1.44928E-08
 3.56250E+01   2.90059E+18   6.74114E+10   5.31308E+02   3.68203E-02   1.44922E-08
 3.56750E+01   2.90080E+18   6.75054E+10   5.31301E+02   3.68186E-02   1.44917E-08
 3.57250E+01   2.90101E+18   6.75088E+10   5.31294E+02   3.68169E-02   1.44911E-08
 3.57750E+01   2.90123E+18   6.75118E+10   5.31288E+02   3.68152E-02   1.44905E-08
 3.58250E+01   2.90147E+18   6.68163E+10   5.31281E+02   3.68134E-02   1.44899E-08
 3.58750E+01   2.90171E+18   6.45426E+10   5.31274E+02   3.68116E-02   1.44892E-08
 3.59250E+01   2.90196E+18   6.11839E+10   5.31267E+02   3.68097E-02   1.44886E-08
 3.59750E+01   2.90222E+18   5.70715E+10   5.31261E+02   3.68078E-02   1.44879E-08
 3.60250E+01   2.90249E+18   5.25050E+10   5.31254E+02   3.68058E-02   1.44872E-08
 3.60750E+01   2.90278E+18   4.77398E+10   5.31247E+02   3.68037E-02   1.44864E-08
 3.61250E+01   2.90308E+18   4.29835E+10   5.31241E+02   3.68017E-02   1.44856E-08
 3.61750E+01   2.90339E+18   3.83998E+10   5.31235E+02   3.67995E-02   1.44848E-08
 3.62250E+01   2.90372E+18   3.41121E+10   5.31228E+02   3.67973E-02   1.44840E-08
 3.62750E+01   2.90406E+18   3.02074E+10   5.31222E+02   3.67951E-02   1.44831E-08
 3.63250E+01   2.90442E+18   2.67411E+10   5.31217E+02   3.67928E-02   1.44822E-08
 3.63750E+01   2.90480E+18   2.37411E+10   5.31211E+02   3.67904E-02   1.44813E-08
 3.64250E+01   2.90520E+18   2.12136E+10   5.31206E+02   3.67879E-02   1.44803E-08
 3.64750E+01   2.90561E+18   1.91469E+10   5.31201E+02   3.67854E-02   1.44793E-08
 3.65250E+01   2.90605E+18   1.75168E+10   5.31196E+02   3.67829E-02   1.44782E-08
 3.65750E+01   2.90652E+18   1.62900E+10   5.31192E+02   3.67803E-02   1.44771E-08
 3.66250E+01   2.90700E+18   1.54269E+10   5.31188E+02   3.67776E-02   1.44760E-08
 3.66750E+01   2.90751E+18   1.48859E+10   5.31185E+02   3.67748E-02   1.44747E-08
 3.67250E+01   2.90805E+18   1.46184E+10   5.31182E+02   3.67719E-02   1.44735E-08
 3.67750E+01   2.90862E+18   1.45842E+10   5.31181E+02   3.67690E-02   1.44722E-08
 3.68250E+01   2.90922E+18   1.45835E+10   5.31179E+02   3.67660E-02   1.44708E-08
 3.68750E+01   2.90986E+18   1.45827E+10   5.31178E+02   3.67630E-02   1.44693E-08
 3.69250E+01   2.91052E+18   1.50375E+10   5.31178E+02   3.67598E-02   1.44678E-08
 3.69750E+01   2.91123E+18   1.66280E+10   5.31179E+02   3.67566E-02   1.44662E-08
 3.70250E+01   2.91197E+18   1.90473E+10   5.31181E+02   3.67532E-02   1.44645E-08
 3.70750E+01   2.91276E+18   2.21080E+10   5.31183E+02   3.67498E-02   1.44628E-08
 3.71250E+01   2.91359E+18   2.56524E+10   5.31187E+02   3.67463E-02   1.44609E-08
 3.71750E+01   2.91447E+18   2.95461E+10   5.31192E+02   3.67427E-02   1.44590E-08
 3.72250E+01   2.91539E+18   3.36727E+10   5.31198E+02   3.67390E-02   1.44570E-08
 3.72750E+01   2.91637E+18   3.79248E+10   5.31205E+02   3.67352E-02   1.44549E-08
 3.73250E+01   2.91741E+18   4.21995E+10   5.31214E+02   3.67313E-02   1.44527E-08
 3.73750E+01   2.91850E+18   4.63964E+10   5.31224E+02   3.67273E-02   1.44503E-08
 3.74250E+01   2.91965E+18   5.04169E+10   5.31236E+02   3.67232E-02   1.44479E-08
 3.74750E+01   2.92088E+18   5.41668E+10   5.31250E+02   3.67190E-02   1.44453E-08
 3.75250E+01   2.92217E+18   5.75593E+10   5.31266E+02   3.67147E-02   1.44426E-08
 3.75750E+01   2.92353E+18   6.05194E+10   5.31283E+02   3.67102E-02   1.44398E-08
 3.76250E+01   2.92497E+18   6.29885E+10   5.31302E+02   3.67056E-02   1.44368E-08
 3.76750E+01   2.92650E+18   6.49289E+10   5.31324E+02   3.67009E-02   1.44337E-08
 3.77250E+01   2.92811E+18   6.63267E+10   5.31348E+02   3.66960E-02   1.44304E-08
 3.77750E+01   2.92981E+18   6.71901E+10   5.31374E+02   3.66910E-02   1.44270E-08
 3.78250E+01   2.93160E+18   6.75361E+10   5.31403E+02   3.66859E-02   1.44234E-08
 3.78750E+01   2.93350E+18   6.75443E+10   5.31435E+02   3.66806E-02   1.44196E-08
 3.79250E+01   2.93550E+18   6.75418E+10   5.31469E+02   3.66751E-02   1.44156E-08
 3.79750E+01   2.93761E+18   6.74312E+10   5.31506E+02   3.66695E-02   1.44114E-08
 3.80250E+01   2.93984E+18   6.59437E+10   5.31547E+02   3.66637E-02   1.44070E-08
 3.80750E+01   2.94219E+18   6.31335E+10   5.31590E+02   3.66577E-02   1.44023E-08
 3.81250E+01   2.94467E+18   5.93819E+10   5.31637E+02   3.66516E-02   1.43975E-08
 3.81750E+01   2.94728E+18   5.50303E+10   5.31688E+02   3.66452E-02   1.43924E-08
 3.82250E+01   2.95003E+18   5.03533E+10   5.31742E+02   3.66386E-02   1.43871E-08
 3.82750E+01   2.95294E+18   4.55787E+10   5.31800E+02   3.66318E-02   1.43815E-08
 3.83250E+01   2.95599E+18   4.08904E+10   5.31862E+02   3.66248E-02   1.43756E-08
 3.83750E+01   2.95921E+18   3.64317E+10   5.31929E+02   3.66176E-02   1.43694E-08
 3.84250E+01   2.96260E+18   3.23087E+10   5.31999E+02   3.66101E-02   1.43630E-08
 3.84750E+01   2.96616E+18   2.85940E+10   5.32074E+02   3.66023E-02   1.43562E-08
 3.85250E+01   2.96991E+18   2.53307E+10   5.32153E+02   3.65943E-02   1.43491E-08
 3.85750E+01   2.97384E+18   2.25372E+10   5.32238E+02   3.65859E-02   1.43417E-08
 3.86250E+01   2.97798E+18   2.02115E+10   5.32327E+02   3.65773E-02   1.43339E-08
 3.86750E+01   2.98233E+18   1.83361E+10   5.32422E+02   3.65683E-02   1.43258E-08
 3.87250E+01   2.98689E+18   1.68815E+10   5.32521E+02   3.65591E-02   1.43173E-08
 3.87750E+01   2.99168E+18   1.58113E+10   5.32626E+02   3.65494E-02   1.43084E-08
 3.88250E+01   2.99670E+18   1.50847E+10   5.32736E+02   3.65394E-02   1.42991E-08
 3.88750E+01   3.00197E+18   1.46599E+10   5.32853E+02   3.65290E-02   1.42893E-08
 3.89250E+01   3.00749E+18   1.45015E+10   5.32975E+02   3.65183E-02   1.42792E-08
 3.89750E+01   3.01328E+18   1.44995E+10   5.33104E+02   3.65071E-02   1.42686E-08
 3.90250E+01   3.01933E+18   1.45012E+10   5.33238E+02   3.64955E-02   1.42575E-08
 3.90750E+01   3.02567E+18   1.45414E+10   5.33379E+02   3.64834E-02   1.42460E-08
 3.91250E+01   3.03230E+18   1.55210E+10   5.33527E+02   3.64709E-02   1.42340E-08
 3.91750E+01   3.03923E+18   1.75000E+10   5.33681E+02   3.64578E-02   1.42215E-08
 3.92250E+01   3.04647E+18   2.02664E+10   5.33841E+02   3.64442E-02   1.42084E-08
 3.92750E+01   3.05403E+18   2.36195E+10   5.34008E+02   3.64301E-02   1.41948E-08
 3.93250E+01   3.06192E+18   2.74042E+10   5.34182E+02   3.64153E-02   1.41807E-08
 3.93750E+01   3.07015E+18   3.14889E+10   5.34363E+02   3.64000E-02   1.41660E-08
 3.94250E+01   3.07873E+18   3.57560E+10   5.34550E+02   3.63840E-02   1.41508E-08
 3.94750E+01   3.08767E+18   4.00969E+10   5.34744E+02   3.63674E-02   1.41350E-08
 3.95250E+01   3.09698E+18   4.44073E+10   5.34945E+02   3.63500E-02   1.41185E-08
 3.95750E+01   3.10667E+18   4.85865E+10   5.35153E+02   3.63319E-02   1.41015E-08
 3.96250E+01   3.11674E+18   5.25380E+10   5.35367E+02   3.63130E-02   1.40839E-08
 3.96750E+01   3.12721E+18   5.61722E+10   5.35588E+02   3.62932E-02   1.40656E-08
 3.97250E+01   3.13809E+18   5.94094E+10   5.35815E+02   3.62727E-02   1.40467E-08
 3.97750E+01   3.14938E+18   6.21836E+10   5.36048E+02   3.62512E-02   1.40271E-08
 3.98250E+01   3.16109E+18   6.44468E+10   5.36288E+02   3.62288E-02   1.40069E-08
 3.98750E+01   3.17323E+18   6.61716E+10   5.36534E+02   3.62054E-02   1.39860E-08
 3.99250E+01   3.18581E+18   6.73534E+10   5.36785E+02   3.61810E-02   1.39644E-08
 3.99750E+01   3.19883E+18   6.80239E+10   5.37041E+02   3.61555E-02   1.39421E-08
 4.00250E+01   3.21230E+18   6.81837E+10   5.37303E+02   3.61289E-02   1.39192E-08
 4.00750E+01   3.22623E+18   6.82050E+10   5.37569E+02   3.61012E-02   1.38956E-08
 4.01250E+01   3.24062E+18   6.82269E+10   5.37839E+02   3.60722E-02   1.38713E-08
 4.01750E+01   3.25548E+18   6.77417E+10   5.38113E+02   3.60419E-02   1.38463E-08
 4.02250E+01   3.27081E+18   6.56698E+10   5.38390E+02   3.60102E-02   1.38205E-08
 4.02750E+01   3.28661E+18   6.24566E+10   5.38670E+02   3.59772E-02   1.37941E-08
 4.03250E+01   3.30289E+18   5.84539E+10   5.38951E+02   3.59427E-02   1.37670E-08
 4.03750E+01   3.31965E+18   5.39547E+10   5.39234E+02   3.59067E-02   1.37392E-08
 4.04250E+01   3.33688E+18   4.92136E+10   5.39517E+02   3.58691E-02   1.37108E-08
 4.04750E+01   3.35460E+18   4.44412E+10   5.39800E+02   3.58298E-02   1.36816E-08
 4.05250E+01   3.37280E+18   3.98063E+10   5.40082E+02   3.57888E-02   1.36517E-08
 4.05750E+01   3.39147E+18   3.54386E+10   5.40362E+02   3.57461E-02   1.36212E-08
 4.06250E+01   3.41062E+18   3.14316E+10   5.40640E+02   3.57015E-02   1.35900E-08
 4.06750E+01   3.43024E+18   2.78468E+10   5.40913E+02   3.56549E-02   1.35581E-08
 4.07250E+01   3.45032E+18   2.47180E+10   5.41182E+02   3.56064E-02   1.35256E-08
 4.07750E+01   3.47086E+18   2.20565E+10   5.41444E+02   3.55557E-02   1.34925E-08
 4.08250E+01   3.49186E+18   1.98552E+10   5.41699E+02   3.55030E-02   1.34587E-08
 4.08750E+01   3.51331E+18   1.80934E+10   5.41946E+02   3.54480E-02   1.34244E-08
 4.09250E+01   3.53518E+18   1.67402E+10   5.42183E+02   3.53906E-02   1.33894E-08
 4.09750E+01   3.55749E+18   1.57581E+10   5.42409E+02   3.53309E-02   1.33538E-08
 4.10250E+01   3.58020E+18   1.51058E+10   5.42621E+02   3.52688E-02   1.33177E-08
 4.10750E+01   3.60331E+18   1.47388E+10   5.42820E+02   3.52040E-02   1.32810E-08
 4.11250E+01   3.62681E+18   1.46293E+10   5.43003E+02   3.51366E-02   1.32438E-08
 4.11750E+01   3.65068E+18   1.46355E+10   5.43168E+02   3.50665E-02   1.32061E-08
 4.12250E+01   3.67489E+18   1.46420E+10   5.43314E+02   3.49936E-02   1.31679E-08
 4.12750E+01   3.69944E+18   1.47728E+10   5.43439E+02   3.49178E-02   1.31292E-08
 4.13250E+01   3.72429E+18   1.59916E+10   5.43542E+02   3.48390E-02   1.30901E-08
 4.13750E+01   3.74944E+18   1.82293E+10   5.43619E+02   3.47571E-02   1.30505E-08
 4.14250E+01   3.77485E+18   2.12441E+10   5.43670E+02   3.46720E-02   1.30105E-08
 4.14750E+01   3.80050E+18   2.48406E+10   5.43692E+02   3.45837E-02   1.29702E-08
 4.15250E+01   3.82636E+18   2.88617E+10   5.43684E+02   3.44921E-02   1.29294E-08
 4.15750E+01   3.85242E+18   3.31714E+10   5.43642E+02   3.43971E-02   1.28884E-08
 4.16250E+01   3.87862E+18   3.76476E+10   5.43565E+02   3.42985E-02   1.28470E-08
 4.16750E+01   3.90496E+18   4.21767E+10   5.43451E+02   3.41963E-02   1.28053E-08
 4.17250E+01   3.93139E+18   4.66498E+10   5.43298E+02   3.40904E-02   1.27633E-08
 4.17750E+01   3.95788E+18   5.09622E+10   5.43102E+02   3.39808E-02   1.27211E-08
 4.18250E+01   3.98440E+18   5.50142E+10   5.42863E+02   3.38673E-02   1.26787E-08
 4.18750E+01   4.01091E+18   5.87141E+10   5.42576E+02   3.37498E-02   1.26360E-08
 4.19250E+01   4.03738E+18   6.19816E+10   5.42241E+02   3.36283E-02   1.25932E-08
 4.19750E+01   4.06376E+18   6.47520E+10   5.41854E+02   3.35028E-02   1.25502E-08
 4.20250E+01   4.09002E+18   6.69791E+10   5.41414E+02   3.33730E-02   1.25071E-08
 4.20750E+01   4.11612E+18   6.86395E+10   5.40916E+02   3.32390E-02   1.24639E-08
 4.21250E+01   4.14200E+18   6.97300E+10   5.40360E+02   3.31006E-02   1.24206E-08
 4.21750E+01   4.16764E+18   7.02811E+10   5.39742E+02   3.29579E-02   1.23773E-08
 4.22250E+01   4.19299E+18   7.03577E+10   5.39060E+02   3.28107E-02   1.23339E-08
 4.22750E+01   4.21799E+18   7.03910E+10   5.38311E+02   3.26589E-02   1.22904E-08
 4.23250E+01   4.24262E+18   7.04243E+10   5.37494E+02   3.25025E-02   1.22470E-08
 4.23750E+01   4.26681E+18   6.93629E+10   5.36605E+02   3.23414E-02   1.22036E-08
 4.24250E+01   4.29053E+18   6.67840E+10   5.35642E+02   3.21757E-02   1.21602E-08
 4.24750E+01   4.31373E+18   6.31355E+10   5.34602E+02   3.20051E-02   1.21169E-08
 4.25250E+01   4.33636E+18   5.87702E+10   5.33484E+02   3.18298E-02   1.20736E-08
 4.25750E+01   4.35836E+18   5.40093E+10   5.32284E+02   3.16495E-02   1.20305E-08
 4.26250E+01   4.37970E+18   4.91183E+10   5.31000E+02   3.14644E-02   1.19874E-08
 4.26750E+01   4.40032E+18   4.43147E+10   5.29631E+02   3.12743E-02   1.19445E-08
 4.27250E+01   4.42018E+18   3.97680E+10   5.28174E+02   3.10793E-02   1.19018E-08
 4.27750E+01   4.43923E+18   3.56022E+10   5.26626E+02   3.08792E-02   1.18592E-08
 4.28250E+01   4.45741E+18   3.18988E+10   5.24985E+02   3.06741E-02   1.18168E-08
 4.28750E+01   4.47468E+18   2.87019E+10   5.23250E+02   3.04640E-02   1.17745E-08
 4.29250E+01   4.49100E+18   2.60231E+10   5.21419E+02   3.02489E-02   1.17325E-08
 4.29750E+01   4.50631E+18   2.38477E+10   5.19489E+02   3.00287E-02   1.16907E-08
 4.30250E+01   4.52057E+18   2.21418E+10   5.17459E+02   2.98034E-02   1.16491E-08
 4.30750E+01   4.53373E+18   2.08580E+10   5.15327E+02   2.95732E-02   1.16078E-08
 4.31250E+01   4.54575E+18   1.99424E+10   5.13092E+02   2.93379E-02   1.15667E-08
 4.31750E+01   4.55659E+18   1.93383E+10   5.10752E+02   2.90976E-02   1.15259E-08
 4.32250E+01   4.56619E+18   1.89918E+10   5.08306E+02   2.88523E-02   1.14853E-08
 4.32750E+01   4.57453E+18   1.88543E+10   5.05753E+02   2.86021E-02   1.14451E-08
 4.33250E+01   4.58155E+18   1.88561E+10   5.03092E+02   2.83470E-02   1.14051E-08
 4.33750E+01   4.58723E+18   1.88657E+10   5.00322E+02   2.80871E-02   1.13655E-08
 4.34250E+01   4.59152E+18   1.88754E+10   4.97441E+02   2.78223E-02   1.13261E-08
 4.34750E+01   4.59438E+18   1.99342E+10   4.94449E+02   2.75529E-02   1.12871E-08
 4.35250E+01   4.59579E+18   2.52735E+10   4.91347E+02   2.72787E-02   1.12484E-08
 4.35750E+01   4.59572E+18   3.40451E+10   4.88133E+02   2.70000E-02   1.12100E-08
 4.36250E+01   4.59412E+18   4.54022E+10   4.84807E+02   2.67168E-02   1.11719E-08
 4.36750E+01   4.59098E+18   5.86334E+10   4.81369E+02   2.64291E-02   1.11342E-08
 4.37250E+01   4.58627E+18   7.30673E+10   4.77820E+02   2.61372E-02   1.10969E-08
 4.37750E+01   4.57997E+18   8.80728E+10   4.74160E+02   2.58410E-02   1.10599E-08
 4.38250E+01   4.57205E+18   1.03055E+11   4.70389E+02   2.55407E-02   1.10232E-08
 4.38750E+01   4.56249E+18   1.17458E+11   4.66508E+02   2.52364E-02   1.09869E-08
 4.39250E+01   4.55129E+18   1.30778E+11   4.62518E+02   2.49282E-02   1.09510E-08
 4.39750E+01   4.53843E+18   1.42580E+11   4.58419E+02   2.46163E-02   1.09154E-08
 4.40250E+01   4.52389E+18   1.52516E+11   4.54214E+02   2.43008E-02   1.08802E-08
 4.40750E+01   4.50767E+18   1.60339E+11   4.49903E+02   2.39818E-02   1.08454E-08
 4.41250E+01   4.48976E+18   1.65921E+11   4.45487E+02   2.36594E-02   1.08109E-08
 4.41750E+01   4.47016E+18   1.69279E+11   4.40969E+02   2.33339E-02   1.07768E-08
 4.42250E+01   4.44887E+18   1.70386E+11   4.36351E+02   2.30055E-02   1.07431E-08
 4.42750E+01   4.42590E+18   1.70486E+11   4.31635E+02   2.26741E-02   1.07097E-08
 4.43250E+01   4.40124E+18   1.70587E+11   4.26822E+02   2.23401E-02   1.06767E-08
 4.43750E+01   4.37492E+18   1.69500E+11   4.21915E+02   2.20036E-02   1.06441E-08
 4.44250E+01   4.34694E+18   1.62642E+11   4.16917E+02   2.16647E-02   1.06119E-08
 4.44750E+01   4.31731E+18   1.51236E+11   4.11831E+02   2.13237E-02   1.05800E-08
 4.45250E+01   4.28605E+18   1.36824E+11   4.06658E+02   2.09808E-02   1.05485E-08
 4.45750E+01   4.25319E+18   1.20664E+11   4.01404E+02   2.06361E-02   1.05173E-08
 4.46250E+01   4.21874E+18   1.03823E+11   3.96069E+02   2.02898E-02   1.04866E-08
 4.46750E+01   4.18273E+18   8.71696E+10   3.90659E+02   1.99422E-02   1.04562E-08
 4.47250E+01   4.14518E+18   7.13748E+10   3.85176E+02   1.95934E-02   1.04261E-08
 4.47750E+01   4.10614E+18   5.69216E+10   3.79624E+02   1.92436E-02   1.03965E-08
 4.48250E+01   4.06564E+18   4.41206E+10   3.74006E+02   1.88930E-02   1.03671E-08
 4.48750E+01   4.02370E+18   3.31297E+10   3.68326E+02   1.85419E-02   1.03382E-08
 4.49250E+01   3.98037E+18   2.39804E+10   3.62589E+02   1.81904E-02   1.03096E-08
 4.49750E+01   3.93569E+18   1.66052E+10   3.56799E+02   1.78388E-02   1.02813E-08
 4.50250E+01   3.88970E+18   1.08663E+10   3.50958E+02   1.74872E-02   1.02534E-08
 4.50750E+01   3.84245E+18   6.58237E+09   3.45073E+02   1.71360E-02   1.02259E-08
 4.51250E+01   3.79398E+18   3.55141E+09   3.39146E+02   1.67852E-02   1.01987E-08
 4.51750E+01   3.74434E+18   1.56857E+09   3.33182E+02   1.64351E-02   1.01719E-08
 4.52250E+01   3.69359E+18   4.41666E+08   3.27186E+02   1.60859E-02   1.01453E-08
 4.52750E+01   3.64177E+18   1.27660E+07   3.21163E+02   1.57377E-02   1.01192E-08
 4.53250E+01   3.58894E+18   2.94815E+02   3.15115E+02   1.53909E-02   1.00933E-08
 4.53750E+01   3.53515E+18   2.80912E+02   3.09048E+02   1.50456E-02   1.00678E-08
 4.54250E+01   3.48047E+18   2.71749E+02   3.02967E+02   1.47021E-02   1.00427E-08
 4.54750E+01   3.42494E+18   2.63121E+02   2.96876E+02   1.43604E-02   1.00178E-08
 4.55250E+01   3.36864E+18   2.54924E+02   2.90780E+02   1.40208E-02   9.99327E-09
 4.55750E+01   3.31161E+18   2.47192E+02   2.84682E+02   1.36835E-02   9.96906E-09
 4.56250E+01   3.25392E+18   2.39793E+02   2.78589E+02   1.33487E-02   9.94516E-09
 4.56750E+01   3.19563E+18   2.32642E+02   2.72503E+02   1.30165E-02   9.92158E-09
 4.57250E+01   3.13680E+18   2.25690E+02   2.66430E+02   1.26872E-02   9.89831E-09
 4.57750E+01   3.07748E+18   2.18913E+02   2.60373E+02   1.23608E-02   9.87534E-09
 4.58250E+01   3.01776E+18   2.12295E+02   2.54338E+02   1.20377E-02   9.85268E-09
 4.58750E+01   2.95768E+18   2.05827E+02   2.48328E+02   1.17179E-02   9.83031E-09
 4.59250E+01   2.89731E+18   1.99500E+02   2.42348E+02   1.14015E-02   9.80824E-09
 4.59750E+01   2.83671E+18   1.93309E+02   2.36401E+02   1.10889E-02   9.78646E-09
 4.60250E+01   2.77594E+18   1.87248E+02   2.30493E+02   1.07800E-02   9.76496E-09
 4.60750E+01   2.71506E+18   1.81313E+02   2.24626E+02   1.04750E-02   9.74376E-09
 4.61250E+01   2.65413E+18   1.75501E+02   2.18805E+02   1.01741E-02   9.72283E-09
 4.61750E+01   2.59321E+18   1.69808E+02   2.13034E+02   9.87739E-03   9.70218E-09
 4.62250E+01   2.53236E+18   1.64233E+02   2.07315E+02   9.58498E-03   9.68181E-09
 4.62750E+01   2.47164E+18   1.58775E+02   2.01653E+02   9.29699E-03   9.66171E-09
 4.63250E+01   2.41110E+18   1.53434E+02   1.96051E+02   9.01352E-03   9.64187E-09
 4.63750E+01   2.35080E+18   1.48208E+02   1.90512E+02   8.73468E-03   9.62230E-09
 4.64250E+01   2.29079E+18   1.43098E+02   1.85039E+02   8.46055E-03   9.60299E-09
 4.64750E+01   2.23112E+18   1.38104E+02   1.79635E+02   8.19122E-03   9.58393E-09
 4.65250E+01   2.17184E+18   1.33226E+02   1.74304E+02   7.92676E-03   9.56513E-09
 4.65750E+01   2.11301E+18   1.28463E+02   1.69047E+02   7.66725E-03   9.54658E-09
 4.66250E+01   2.05466E+18   1.23815E+02   1.63867E+02   7.41274E-03   9.52828E-09
 4.66750E+01   1.99685E+18   1.19282E+02   1.58767E+02   7.16329E-03   9.51021E-09
 4.67250E+01   1.93962E+18   1.14864E+02   1.53749E+02   6.91895E-03   9.49240E-09
 4.67750E+01   1.88301E+18   1.10560E+02   1.48815E+02   6.67976E-03   9.47481E-09
 4.68250E+01   1.82707E+18   1.06369E+02   1.43966E+02   6.44576E-03   9.45747E-09
 4.68750E+01   1.77182E+18   1.02290E+02   1.39205E+02   6.21696E-03   9.44035E-09
 4.69250E+01   1.71730E+18   9.83235E+01   1.34533E+02   5.99339E-03   9.42346E-09
 4.69750E+01   1.66355E+18   9.44677E+01   1.29952E+02   5.77506E-03   9.40679E-09
 4.70250E+01   1.61061E+18   9.07217E+01   1.25463E+02   5.56198E-03   9.39034E-09
 4.70750E+01   1.55849E+18   8.70845E+01   1.21067E+02   5.35416E-03   9.37412E-09
 4.71250E+01   1.50723E+18   8.35548E+01   1.16764E+02   5.15157E-03   9.35810E-09
 4.71750E+01   1.45686E+18   8.01314E+01   1.12557E+02   4.95422E-03   9.34230E-09
 4.72250E+01   1.40739E+18   7.68130E+01   1.08445E+02   4.76207E-03   9.32671E-09
 4.72750E+01   1.35885E+18   7.35980E+01   1.04429E+02   4.57512E-03   9.31133E-09
 4.73250E+01   1.31126E+18   7.04851E+01   1.00509E+02   4.39333E-03   9.29615E-09
 4.73750E+01   1.26464E+18   6.74726E+01   9.66858E+01   4.21665E-03   9.28116E-09
 4.74250E+01   1.21899E+18   6.45591E+01   9.29594E+01   4.04507E-03   9.26638E-09
 4.74750E+01   1.17434E+18   6.17427E+01   8.93297E+01   3.87851E-03   9.25179E-09
 4.75250E+01   1.13069E+18   5.90218E+01   8.57966E+01   3.71695E-03   9.23739E-09
 4.75750E+01   1.08806E+18   5.63946E+01   8.23597E+01   3.56032E-03   9.22318E-09
 4.76250E+01   1.04645E+18   5.38594E+01   7.90186E+01   3.40857E-03   9.20916E-09
 4.76750E+01   1.00587E+18   5.14141E+01   7.57728E+01   3.26163E-03   9.19532E-09
 4.77250E+01   9.66313E+17   4.90571E+01   7.26216E+01   3.11944E-03   9.18166E-09
 4.77750E+01   9.27795E+17   4.67863E+01   6.95643E+01   2.98192E-03   9.16818E-09
 4.78250E+01   8.90311E+17   4.45997E+01   6.66001E+01   2.84901E-03   9.15487E-09
 4.78750E+01   8.53859E+17   4.24955E+01   6.37280E+01   2.72062E-03   9.14174E-09
 4.79250E+01   8.18438E+17   4.04717E+01   6.09470E+01   2.59669E-03   9.12878E-09
 4.79750E+01   7.84043E+17   3.85263E+01   5.82559E+01   2.47712E-03   9.11599E-09
 4.80250E+01   7.50668E+17   3.66572E+01   5.56536E+01   2.36183E-03   9.10336E-09
 4.80750E+01   7.18306E+17   3.48624E+01   5.31387E+01   2.25074E-03   9.09090E-09
 4.81250E+01   6.86948E+17   3.31399E+01   5.07099E+01   2.14375E-03   9.07859E-09
 4.81750E+01   6.56586E+17   3.14878E+01   4.83658E+01   2.04079E-03   9.06645E-09
 4.82250E+01   6.27208E+17   2.99040E+01   4.61049E+01   1.94176E-03   9.05446E-09
 4.82750E+01   5.98803E+17   2.83864E+01   4.39256E+01   1.84656E-03   9.04263E-09
 4.83250E+01   5.71357E+17   2.69331E+01   4.18264E+01   1.75510E-03   9.03095E-09
 4.83750E+01   5.44857E+17   2.55422E+01   3.98056E+01   1.66730E-03   9.01942E-09
 4.84250E+01   5.19288E+17   2.42116E+01   3.78616E+01   1.58305E-03   9.00803E-09
 4.84750E+01   4.94636E+17   2.29395E+01   3.59927E+01   1.50226E-03   8.99679E-09
 4.85250E+01   4.70884E+17   2.17239E+01   3.41973E+01   1.42483E-03   8.98570E-09
 4.85750E+01   4.48018E+17   2.05631E+01   3.24736E+01   1.35069E-03   8.97474E-09
 4.86250E+01   4.26026E+17   1.94555E+01   3.08203E+01   1.27975E-03   8.96393E-09
 4.86750E+01   4.04904E+17   1.83998E+01   2.92367E+01   1.21196E-03   8.95325E-09
 4.87250E+01   3.84662E+17   1.73956E+01   2.77231E+01   1.14732E-03   8.94272E-09
 4.87750E+01   3.65356E+17   1.64447E+01   2.62830E+01   1.08595E-03   8.93235E-09
 4.88250E+01   3.47138E+17   1.55532E+01   2.49272E+01   1.02829E-03   8.92222E-09
 4.88750E+01   3.30392E+17   1.47385E+01   2.36835E+01   9.75497E-04   8.91252E-09
 4.89250E+01   3.16043E+17   1.40437E+01   2.26196E+01   9.30400E-04   8.90381E-09
 4.89750E+01   3.06290E+17   1.35728E+01   2.18972E+01   8.99807E-04   8.89762E-09
