      xx/10.        Omega0        Omega1        Omega2           C_l         r_avg
         [-]       [kg^-1]     [m kg^-1]   [m^2 kg^-1]           [-]           [m]
 1.02500E+00   2.87948E+17   5.08415E+08   1.63677E+00   3.73376E-05   3.14446E-09
 1.07500E+00   3.86410E+17   7.36958E+08   2.62561E+00   6.30867E-05   3.39545E-09
 1.12500E+00   4.46401E+17   8.67881E+08   3.70945E+00   9.57974E-05   3.71944E-09
 1.17500E+00   4.75575E+17   1.14324E+09   4.97239E+00   1.35637E-04   4.08935E-09
 1.22500E+00   4.80756E+17   1.39677E+09   6.33354E+00   1.82304E-04   4.49668E-09
 1.27500E+00   4.68031E+17   1.59882E+09   7.69826E+00   2.35005E-04   4.93782E-09
 1.32500E+00   4.42758E+17   1.76968E+09   8.98306E+00   2.92677E-04   5.41181E-09
 1.37500E+00   4.09560E+17   1.79046E+09   1.00655E+01   3.54251E-04   5.91924E-09
 1.42500E+00   3.72075E+17   1.79031E+09   1.09494E+01   4.19240E-04   6.46466E-09
 1.47500E+00   3.32559E+17   1.76875E+09   1.16333E+01   4.87870E-04   7.05906E-09
 1.52500E+00   2.92867E+17   1.69945E+09   1.21080E+01   5.61172E-04   7.71631E-09
 1.57500E+00   2.54489E+17   1.59755E+09   1.23917E+01   6.41161E-04   8.45346E-09
 1.62500E+00   2.18569E+17   1.47433E+09   1.25226E+01   7.30981E-04   9.29053E-09
 1.67500E+00   1.85922E+17   1.33958E+09   1.25529E+01   8.34957E-04   1.02497E-08
 1.72500E+00   1.57046E+17   1.20162E+09   1.25450E+01   9.58610E-04   1.13538E-08
 1.77500E+00   1.32157E+17   1.06748E+09   1.25686E+01   1.10862E-03   1.26231E-08
 1.82500E+00   1.11236E+17   9.42966E+08   1.26979E+01   1.29275E-03   1.40721E-08
 1.87500E+00   9.40874E+16   8.32722E+08   1.30097E+01   1.51973E-03   1.57041E-08
 1.92500E+00   8.04073E+16   7.40433E+08   1.35816E+01   1.79911E-03   1.75061E-08
 1.97500E+00   6.98462E+16   6.68968E+08   1.44906E+01   2.14100E-03   1.94428E-08
 2.02500E+00   6.20578E+16   6.20973E+08   1.58115E+01   2.55583E-03   2.14543E-08
 2.07500E+00   5.67311E+16   5.98835E+08   1.76153E+01   3.05400E-03   2.34576E-08
 2.12500E+00   5.36045E+16   5.99287E+08   1.99656E+01   3.64551E-03   2.53583E-08
 2.17500E+00   5.24689E+16   6.01958E+08   2.29260E+01   4.33949E-03   2.70674E-08
 2.22500E+00   5.31644E+16   6.18597E+08   2.65817E+01   5.14373E-03   2.85203E-08
 2.27500E+00   5.55747E+16   6.86509E+08   3.10189E+01   6.06388E-03   2.96865E-08
 2.32500E+00   5.96209E+16   7.84426E+08   3.62872E+01   7.10277E-03   3.05688E-08
 2.37500E+00   6.52556E+16   9.05338E+08   4.24246E+01   8.25981E-03   3.11927E-08
 2.42500E+00   7.24573E+16   1.05200E+09   4.94629E+01   9.53061E-03   3.15947E-08
 2.47500E+00   8.12245E+16   1.22861E+09   5.74223E+01   1.09066E-02   3.18128E-08
 2.52500E+00   9.15713E+16   1.43819E+09   6.63053E+01   1.23748E-02   3.18807E-08
 2.57500E+00   1.03522E+17   1.68264E+09   7.60936E+01   1.39184E-02   3.18263E-08
 2.62500E+00   1.17107E+17   1.96336E+09   8.67471E+01   1.55167E-02   3.16718E-08
 2.67500E+00   1.32359E+17   2.28155E+09   9.82045E+01   1.71465E-02   3.14347E-08
 2.72500E+00   1.49306E+17   2.63820E+09   1.10386E+02   1.87828E-02   3.11288E-08
 2.77500E+00   1.67972E+17   3.03415E+09   1.23193E+02   2.04005E-02   3.07659E-08
 2.82500E+00   1.88369E+17   3.47007E+09   1.36520E+02   2.19752E-02   3.03559E-08
 2.87500E+00   2.10494E+17   3.94664E+09   1.50249E+02   2.34850E-02   2.99078E-08
 2.92500E+00   2.34328E+17   4.46460E+09   1.64261E+02   2.49112E-02   2.94301E-08
 2.97500E+00   2.59831E+17   5.02495E+09   1.78441E+02   2.62391E-02   2.89304E-08
 3.02500E+00   2.86939E+17   5.62895E+09   1.92674E+02   2.74585E-02   2.84161E-08
 3.07500E+00   3.15562E+17   6.27819E+09   2.06858E+02   2.85632E-02   2.78939E-08
 3.12500E+00   3.45585E+17   6.97460E+09   2.20894E+02   2.95515E-02   2.73701E-08
 3.17500E+00   3.76864E+17   7.72035E+09   2.34696E+02   3.04248E-02   2.68503E-08
 3.22500E+00   4.09226E+17   8.51763E+09   2.48186E+02   3.11874E-02   2.63395E-08
 3.27500E+00   4.42472E+17   9.36817E+09   2.61293E+02   3.18458E-02   2.58419E-08
 3.32500E+00   4.76377E+17   1.02725E+10   2.73954E+02   3.24078E-02   2.53611E-08
 3.37500E+00   5.10693E+17   1.12288E+10   2.86113E+02   3.28819E-02   2.49001E-08
 3.42500E+00   5.45150E+17   1.22324E+10   2.97718E+02   3.32768E-02   2.44611E-08
 3.47500E+00   5.79461E+17   1.32754E+10   3.08723E+02   3.36010E-02   2.40461E-08
 3.52500E+00   6.13325E+17   1.43475E+10   3.19086E+02   3.38627E-02   2.36562E-08
 3.57500E+00   6.46433E+17   1.54376E+10   3.28768E+02   3.40690E-02   2.32924E-08
 3.62500E+00   6.78473E+17   1.65354E+10   3.37734E+02   3.42265E-02   2.29551E-08
 3.67500E+00   7.09133E+17   1.76321E+10   3.45952E+02   3.43409E-02   2.26445E-08
 3.72500E+00   7.38109E+17   1.87191E+10   3.53392E+02   3.44169E-02   2.23607E-08
 3.77500E+00   7.65107E+17   1.97844E+10   3.60025E+02   3.44587E-02   2.21035E-08
 3.82500E+00   7.89853E+17   2.08085E+10   3.65827E+02   3.44694E-02   2.18724E-08
 3.87500E+00   8.12094E+17   2.17626E+10   3.70776E+02   3.44519E-02   2.16673E-08
 3.92500E+00   8.31604E+17   2.26103E+10   3.74851E+02   3.44083E-02   2.14874E-08
 3.97500E+00   8.48186E+17   2.33128E+10   3.78038E+02   3.43403E-02   2.13324E-08
 4.02500E+00   8.61681E+17   2.38388E+10   3.80326E+02   3.42493E-02   2.12017E-08
 4.07500E+00   8.71962E+17   2.41706E+10   3.81711E+02   3.41363E-02   2.10948E-08
 4.12500E+00   8.78945E+17   2.43059E+10   3.82191E+02   3.40022E-02   2.10112E-08
 4.17500E+00   8.82584E+17   2.43100E+10   3.81772E+02   3.38478E-02   2.09504E-08
 4.22500E+00   8.82875E+17   2.43095E+10   3.80464E+02   3.36737E-02   2.09122E-08
 4.27500E+00   8.79852E+17   2.42865E+10   3.78282E+02   3.34806E-02   2.08960E-08
 4.32500E+00   8.73590E+17   2.40281E+10   3.75246E+02   3.32691E-02   2.09016E-08
 4.37500E+00   8.64201E+17   2.35510E+10   3.71383E+02   3.30400E-02   2.09288E-08
 4.42500E+00   8.51832E+17   2.29129E+10   3.66726E+02   3.27943E-02   2.09773E-08
 4.47500E+00   8.36660E+17   2.21541E+10   3.61314E+02   3.25328E-02   2.10471E-08
 4.52500E+00   8.18893E+17   2.12992E+10   3.55193E+02   3.22568E-02   2.11381E-08
 4.57500E+00   7.98761E+17   2.03648E+10   3.48415E+02   3.19678E-02   2.12504E-08
 4.62500E+00   7.76515E+17   1.93650E+10   3.41036E+02   3.16674E-02   2.13840E-08
 4.67500E+00   7.52423E+17   1.83131E+10   3.33117E+02   3.13575E-02   2.15391E-08
 4.72500E+00   7.26762E+17   1.72234E+10   3.24725E+02   3.10402E-02   2.17160E-08
 4.77500E+00   6.99820E+17   1.61103E+10   3.15931E+02   3.07179E-02   2.19147E-08
 4.82500E+00   6.71885E+17   1.49880E+10   3.06811E+02   3.03931E-02   2.21358E-08
 4.87500E+00   6.43246E+17   1.38696E+10   2.97442E+02   3.00687E-02   2.23793E-08
 4.92500E+00   6.14185E+17   1.27672E+10   2.87905E+02   2.97476E-02   2.26457E-08
 4.97500E+00   5.84978E+17   1.16915E+10   2.78283E+02   2.94330E-02   2.29351E-08
 5.02500E+00   5.55891E+17   1.06519E+10   2.68658E+02   2.91283E-02   2.32475E-08
 5.07500E+00   5.27174E+17   9.65663E+09   2.59116E+02   2.88366E-02   2.35830E-08
 5.12500E+00   4.99063E+17   8.71295E+09   2.49738E+02   2.85614E-02   2.39410E-08
 5.17500E+00   4.71776E+17   7.82701E+09   2.40606E+02   2.83059E-02   2.43210E-08
 5.22500E+00   4.45514E+17   7.00400E+09   2.31799E+02   2.80732E-02   2.47217E-08
 5.27500E+00   4.20456E+17   6.24808E+09   2.23391E+02   2.78664E-02   2.51413E-08
 5.32500E+00   3.96764E+17   5.56235E+09   2.15454E+02   2.76881E-02   2.55773E-08
 5.37500E+00   3.74578E+17   4.94888E+09   2.08051E+02   2.75406E-02   2.60263E-08
 5.42500E+00   3.54019E+17   4.40880E+09   2.01242E+02   2.74260E-02   2.64838E-08
 5.47500E+00   3.35189E+17   3.94238E+09   1.95078E+02   2.73458E-02   2.69444E-08
 5.52500E+00   3.18171E+17   3.54924E+09   1.89603E+02   2.73010E-02   2.74015E-08
 5.57500E+00   3.03029E+17   3.22846E+09   1.84853E+02   2.72920E-02   2.78474E-08
 5.62500E+00   2.89813E+17   2.97849E+09   1.80855E+02   2.73188E-02   2.82737E-08
 5.67500E+00   2.78555E+17   2.79694E+09   1.77627E+02   2.73809E-02   2.86713E-08
 5.72500E+00   2.69273E+17   2.68066E+09   1.75180E+02   2.74770E-02   2.90309E-08
 5.77500E+00   2.61971E+17   2.62415E+09   1.73514E+02   2.76055E-02   2.93438E-08
 5.82500E+00   2.56640E+17   2.61904E+09   1.72624E+02   2.77642E-02   2.96021E-08
 5.87500E+00   2.53261E+17   2.61855E+09   1.72494E+02   2.79506E-02   2.97995E-08
 5.92500E+00   2.51804E+17   2.61805E+09   1.73104E+02   2.81616E-02   2.99318E-08
 5.97500E+00   2.52227E+17   2.67949E+09   1.74427E+02   2.83940E-02   2.99971E-08
 6.02500E+00   2.54483E+17   2.82058E+09   1.76429E+02   2.86444E-02   2.99959E-08
 6.07500E+00   2.58514E+17   3.01657E+09   1.79074E+02   2.89093E-02   2.99309E-08
 6.12500E+00   2.64255E+17   3.25020E+09   1.82318E+02   2.91849E-02   2.98067E-08
 6.17500E+00   2.71635E+17   3.50979E+09   1.86117E+02   2.94679E-02   2.96294E-08
 6.22500E+00   2.80574E+17   3.78958E+09   1.90421E+02   2.97546E-02   2.94061E-08
 6.27500E+00   2.90988E+17   4.08808E+09   1.95182E+02   3.00418E-02   2.91442E-08
 6.32500E+00   3.02786E+17   4.40682E+09   2.00348E+02   3.03265E-02   2.88512E-08
 6.37500E+00   3.15873E+17   4.74916E+09   2.05869E+02   3.06060E-02   2.85342E-08
 6.42500E+00   3.30148E+17   5.11955E+09   2.11693E+02   3.08777E-02   2.81999E-08
 6.47500E+00   3.45503E+17   5.52306E+09   2.17769E+02   3.11396E-02   2.78541E-08
 6.52500E+00   3.61827E+17   5.96515E+09   2.24048E+02   3.13899E-02   2.75020E-08
 6.57500E+00   3.79006E+17   6.45148E+09   2.30480E+02   3.16271E-02   2.71481E-08
 6.62500E+00   3.96920E+17   6.98764E+09   2.37017E+02   3.18503E-02   2.67961E-08
 6.67500E+00   4.15446E+17   7.57883E+09   2.43614E+02   3.20586E-02   2.64491E-08
 6.72500E+00   4.34458E+17   8.22957E+09   2.50226E+02   3.22517E-02   2.61098E-08
 6.77500E+00   4.53827E+17   8.94333E+09   2.56811E+02   3.24295E-02   2.57801E-08
 6.82500E+00   4.73421E+17   9.72237E+09   2.63331E+02   3.25925E-02   2.54619E-08
 6.87500E+00   4.93110E+17   1.05676E+10   2.69751E+02   3.27411E-02   2.51566E-08
 6.92500E+00   5.12759E+17   1.14787E+10   2.76039E+02   3.28767E-02   2.48653E-08
 6.97500E+00   5.32236E+17   1.24532E+10   2.82161E+02   3.29992E-02   2.45886E-08
 7.02500E+00   5.51409E+17   1.34870E+10   2.88076E+02   3.31076E-02   2.43269E-08
 7.07500E+00   5.70147E+17   1.45751E+10   2.93741E+02   3.32007E-02   2.40799E-08
 7.12500E+00   5.88323E+17   1.57102E+10   2.99121E+02   3.32779E-02   2.38478E-08
 7.17500E+00   6.05813E+17   1.68815E+10   3.04181E+02   3.33385E-02   2.36304E-08
 7.22500E+00   6.22498E+17   1.80737E+10   3.08889E+02   3.33821E-02   2.34276E-08
 7.27500E+00   6.38264E+17   1.92656E+10   3.13218E+02   3.34088E-02   2.32392E-08
 7.32500E+00   6.53005E+17   2.04299E+10   3.17140E+02   3.34184E-02   2.30652E-08
 7.37500E+00   6.66623E+17   2.15351E+10   3.20636E+02   3.34114E-02   2.29055E-08
 7.42500E+00   6.79026E+17   2.25473E+10   3.23686E+02   3.33880E-02   2.27599E-08
 7.47500E+00   6.90135E+17   2.34350E+10   3.26275E+02   3.33487E-02   2.26282E-08
 7.52500E+00   6.99879E+17   2.41724E+10   3.28393E+02   3.32943E-02   2.25104E-08
 7.57500E+00   7.08199E+17   2.47424E+10   3.30029E+02   3.32253E-02   2.24064E-08
 7.62500E+00   7.15048E+17   2.51377E+10   3.31181E+02   3.31427E-02   2.23161E-08
 7.67500E+00   7.20390E+17   2.53639E+10   3.31847E+02   3.30472E-02   2.22394E-08
 7.72500E+00   7.24204E+17   2.54188E+10   3.32029E+02   3.29398E-02   2.21763E-08
 7.77500E+00   7.26478E+17   2.54116E+10   3.31733E+02   3.28215E-02   2.21265E-08
 7.82500E+00   7.27216E+17   2.54042E+10   3.30969E+02   3.26932E-02   2.20902E-08
 7.87500E+00   7.26435E+17   2.53192E+10   3.29749E+02   3.25561E-02   2.20672E-08
 7.92500E+00   7.24161E+17   2.49080E+10   3.28088E+02   3.24112E-02   2.20574E-08
 7.97500E+00   7.20437E+17   2.42443E+10   3.26006E+02   3.22596E-02   2.20609E-08
 8.02500E+00   7.15315E+17   2.34027E+10   3.23526E+02   3.21026E-02   2.20775E-08
 8.07500E+00   7.08859E+17   2.24350E+10   3.20671E+02   3.19413E-02   2.21071E-08
 8.12500E+00   7.01144E+17   2.13780E+10   3.17469E+02   3.17769E-02   2.21498E-08
 8.17500E+00   6.92255E+17   2.02566E+10   3.13951E+02   3.16107E-02   2.22053E-08
 8.22500E+00   6.82287E+17   1.90884E+10   3.10149E+02   3.14438E-02   2.22736E-08
 8.27500E+00   6.71340E+17   1.78880E+10   3.06096E+02   3.12776E-02   2.23545E-08
 8.32500E+00   6.59525E+17   1.66691E+10   3.01830E+02   3.11133E-02   2.24478E-08
 8.37500E+00   6.46955E+17   1.54453E+10   2.97386E+02   3.09520E-02   2.25531E-08
 8.42500E+00   6.33752E+17   1.42302E+10   2.92803E+02   3.07950E-02   2.26702E-08
 8.47500E+00   6.20037E+17   1.30368E+10   2.88121E+02   3.06434E-02   2.27986E-08
 8.52500E+00   6.05937E+17   1.18774E+10   2.83379E+02   3.04984E-02   2.29378E-08
 8.57500E+00   5.91578E+17   1.07629E+10   2.78616E+02   3.03611E-02   2.30871E-08
 8.62500E+00   5.77089E+17   9.70265E+09   2.73871E+02   3.02324E-02   2.32458E-08
 8.67500E+00   5.62594E+17   8.70481E+09   2.69184E+02   3.01134E-02   2.34130E-08
 8.72500E+00   5.48218E+17   7.77586E+09   2.64593E+02   3.00049E-02   2.35874E-08
 8.77500E+00   5.34081E+17   6.92097E+09   2.60132E+02   2.99076E-02   2.37680E-08
 8.82500E+00   5.20299E+17   6.14419E+09   2.55838E+02   2.98223E-02   2.39532E-08
 8.87500E+00   5.06984E+17   5.44851E+09   2.51744E+02   2.97495E-02   2.41415E-08
 8.92500E+00   4.94239E+17   4.83605E+09   2.47880E+02   2.96898E-02   2.43309E-08
 8.97500E+00   4.82163E+17   4.30793E+09   2.44275E+02   2.96433E-02   2.45195E-08
 9.02500E+00   4.70847E+17   3.86420E+09   2.40954E+02   2.96105E-02   2.47053E-08
 9.07500E+00   4.60372E+17   3.50366E+09   2.37942E+02   2.95913E-02   2.48859E-08
 9.12500E+00   4.50812E+17   3.22383E+09   2.35258E+02   2.95858E-02   2.50590E-08
 9.17500E+00   4.42232E+17   3.02086E+09   2.32918E+02   2.95937E-02   2.52223E-08
 9.22500E+00   4.34686E+17   2.88998E+09   2.30937E+02   2.96150E-02   2.53735E-08
 9.27500E+00   4.28220E+17   2.82390E+09   2.29325E+02   2.96490E-02   2.55103E-08
 9.32500E+00   4.22869E+17   2.81544E+09   2.28089E+02   2.96954E-02   2.56308E-08
 9.37500E+00   4.18659E+17   2.81484E+09   2.27232E+02   2.97534E-02   2.57332E-08
 9.42500E+00   4.15605E+17   2.81431E+09   2.26756E+02   2.98224E-02   2.58160E-08
 9.47500E+00   4.13714E+17   2.86083E+09   2.26656E+02   2.99016E-02   2.58781E-08
 9.52500E+00   4.12981E+17   2.99930E+09   2.26927E+02   2.99901E-02   2.59189E-08
 9.57500E+00   4.13395E+17   3.20102E+09   2.27560E+02   3.00868E-02   2.59381E-08
 9.62500E+00   4.14933E+17   3.44967E+09   2.28543E+02   3.01909E-02   2.59359E-08
 9.67500E+00   4.17566E+17   3.73260E+09   2.29860E+02   3.03011E-02   2.59127E-08
 9.72500E+00   4.21255E+17   4.04221E+09   2.31495E+02   3.04164E-02   2.58696E-08
 9.77500E+00   4.25953E+17   4.37552E+09   2.33428E+02   3.05356E-02   2.58077E-08
 9.82500E+00   4.31609E+17   4.73327E+09   2.35638E+02   3.06577E-02   2.57287E-08
 9.87500E+00   4.38163E+17   5.11893E+09   2.38100E+02   3.07814E-02   2.56342E-08
 9.92500E+00   4.45549E+17   5.53779E+09   2.40790E+02   3.09057E-02   2.55260E-08
 9.97500E+00   4.53698E+17   5.99608E+09   2.43682E+02   3.10295E-02   2.54061E-08
 1.00250E+01   4.62534E+17   6.50035E+09   2.46748E+02   3.11516E-02   2.52763E-08
 1.00750E+01   4.71980E+17   7.05700E+09   2.49959E+02   3.12711E-02   2.51386E-08
 1.01250E+01   4.81953E+17   7.67202E+09   2.53289E+02   3.13871E-02   2.49949E-08
 1.01750E+01   4.92369E+17   8.35090E+09   2.56706E+02   3.14987E-02   2.48467E-08
 1.02250E+01   5.03144E+17   9.09860E+09   2.60184E+02   3.16049E-02   2.46958E-08
 1.02750E+01   5.14189E+17   9.91950E+09   2.63693E+02   3.17052E-02   2.45435E-08
 1.03250E+01   5.25420E+17   1.08172E+10   2.67205E+02   3.17988E-02   2.43914E-08
 1.03750E+01   5.36748E+17   1.17940E+10   2.70693E+02   3.18851E-02   2.42405E-08
 1.04250E+01   5.48090E+17   1.28501E+10   2.74130E+02   3.19637E-02   2.40918E-08
 1.04750E+01   5.59360E+17   1.39828E+10   2.77492E+02   3.20341E-02   2.39465E-08
 1.05250E+01   5.70480E+17   1.51849E+10   2.80754E+02   3.20960E-02   2.38052E-08
 1.05750E+01   5.81370E+17   1.64438E+10   2.83894E+02   3.21491E-02   2.36687E-08
 1.06250E+01   5.91956E+17   1.77409E+10   2.86890E+02   3.21933E-02   2.35375E-08
 1.06750E+01   6.02169E+17   1.90515E+10   2.89725E+02   3.22284E-02   2.34122E-08
 1.07250E+01   6.11942E+17   2.03455E+10   2.92379E+02   3.22546E-02   2.32932E-08
 1.07750E+01   6.21215E+17   2.15892E+10   2.94839E+02   3.22717E-02   2.31808E-08
 1.08250E+01   6.29932E+17   2.27479E+10   2.97089E+02   3.22800E-02   2.30753E-08
 1.08750E+01   6.38046E+17   2.37890E+10   2.99120E+02   3.22797E-02   2.29770E-08
 1.09250E+01   6.45511E+17   2.46845E+10   3.00921E+02   3.22710E-02   2.28861E-08
 1.09750E+01   6.52292E+17   2.54132E+10   3.02486E+02   3.22542E-02   2.28025E-08
 1.10250E+01   6.58357E+17   2.59630E+10   3.03809E+02   3.22297E-02   2.27265E-08
 1.10750E+01   6.63684E+17   2.63299E+10   3.04886E+02   3.21979E-02   2.26581E-08
 1.11250E+01   6.68255E+17   2.65229E+10   3.05718E+02   3.21592E-02   2.25973E-08
 1.11750E+01   6.72059E+17   2.65572E+10   3.06305E+02   3.21143E-02   2.25440E-08
 1.12250E+01   6.75094E+17   2.65706E+10   3.06650E+02   3.20635E-02   2.24983E-08
 1.12750E+01   6.77362E+17   2.65838E+10   3.06757E+02   3.20075E-02   2.24601E-08
 1.13250E+01   6.78872E+17   2.64080E+10   3.06635E+02   3.19469E-02   2.24293E-08
 1.13750E+01   6.79641E+17   2.58666E+10   3.06290E+02   3.18822E-02   2.24057E-08
 1.14250E+01   6.79691E+17   2.50662E+10   3.05734E+02   3.18141E-02   2.23892E-08
 1.14750E+01   6.79049E+17   2.40697E+10   3.04977E+02   3.17433E-02   2.23796E-08
 1.15250E+01   6.77749E+17   2.29330E+10   3.04033E+02   3.16703E-02   2.23767E-08
 1.15750E+01   6.75828E+17   2.16997E+10   3.02917E+02   3.15959E-02   2.23803E-08
 1.16250E+01   6.73330E+17   2.04037E+10   3.01642E+02   3.15205E-02   2.23901E-08
 1.16750E+01   6.70301E+17   1.90710E+10   3.00226E+02   3.14450E-02   2.24059E-08
 1.17250E+01   6.66793E+17   1.77221E+10   2.98685E+02   3.13699E-02   2.24272E-08
 1.17750E+01   6.62860E+17   1.63743E+10   2.97038E+02   3.12957E-02   2.24538E-08
 1.18250E+01   6.58559E+17   1.50428E+10   2.95303E+02   3.12231E-02   2.24851E-08
 1.18750E+01   6.53949E+17   1.37412E+10   2.93498E+02   3.11527E-02   2.25209E-08
 1.19250E+01   6.49092E+17   1.24824E+10   2.91643E+02   3.10849E-02   2.25605E-08
 1.19750E+01   6.44049E+17   1.12783E+10   2.89755E+02   3.10202E-02   2.26036E-08
 1.20250E+01   6.38884E+17   1.01394E+10   2.87854E+02   3.09592E-02   2.26494E-08
 1.20750E+01   6.33660E+17   9.07489E+09   2.85958E+02   3.09021E-02   2.26975E-08
 1.21250E+01   6.28439E+17   8.09277E+09   2.84085E+02   3.08494E-02   2.27473E-08
 1.21750E+01   6.23284E+17   7.19935E+09   2.82253E+02   3.08014E-02   2.27980E-08
 1.22250E+01   6.18255E+17   6.39950E+09   2.80478E+02   3.07584E-02   2.28490E-08
 1.22750E+01   6.13411E+17   5.69654E+09   2.78776E+02   3.07206E-02   2.28996E-08
 1.23250E+01   6.08809E+17   5.09216E+09   2.77163E+02   3.06883E-02   2.29491E-08
 1.23750E+01   6.04503E+17   4.58635E+09   2.75652E+02   3.06615E-02   2.29967E-08
 1.24250E+01   6.00543E+17   4.17721E+09   2.74256E+02   3.06403E-02   2.30419E-08
 1.24750E+01   5.96978E+17   3.86093E+09   2.72988E+02   3.06248E-02   2.30838E-08
 1.25250E+01   5.93851E+17   3.63176E+09   2.71856E+02   3.06150E-02   2.31217E-08
 1.25750E+01   5.91202E+17   3.48233E+09   2.70872E+02   3.06108E-02   2.31552E-08
 1.26250E+01   5.89068E+17   3.40234E+09   2.70041E+02   3.06121E-02   2.31834E-08
 1.26750E+01   5.87480E+17   3.38679E+09   2.69371E+02   3.06188E-02   2.32060E-08
 1.27250E+01   5.86467E+17   3.38708E+09   2.68867E+02   3.06308E-02   2.32224E-08
 1.27750E+01   5.86049E+17   3.38733E+09   2.68531E+02   3.06477E-02   2.32321E-08
 1.28250E+01   5.86247E+17   3.42012E+09   2.68368E+02   3.06694E-02   2.32350E-08
 1.28750E+01   5.87074E+17   3.56179E+09   2.68376E+02   3.06955E-02   2.32307E-08
 1.29250E+01   5.88540E+17   3.78474E+09   2.68556E+02   3.07258E-02   2.32190E-08
 1.29750E+01   5.90649E+17   4.06840E+09   2.68906E+02   3.07599E-02   2.31999E-08
 1.30250E+01   5.93401E+17   4.39923E+09   2.69423E+02   3.07975E-02   2.31734E-08
 1.30750E+01   5.96795E+17   4.76876E+09   2.70102E+02   3.08381E-02   2.31396E-08
 1.31250E+01   6.00821E+17   5.17333E+09   2.70938E+02   3.08814E-02   2.30986E-08
 1.31750E+01   6.05470E+17   5.61321E+09   2.71925E+02   3.09271E-02   2.30507E-08
 1.32250E+01   6.10727E+17   6.09175E+09   2.73055E+02   3.09747E-02   2.29961E-08
 1.32750E+01   6.16574E+17   6.61466E+09   2.74321E+02   3.10238E-02   2.29353E-08
 1.33250E+01   6.22991E+17   7.18939E+09   2.75714E+02   3.10740E-02   2.28686E-08
 1.33750E+01   6.29955E+17   7.82464E+09   2.77224E+02   3.11249E-02   2.27965E-08
 1.34250E+01   6.37440E+17   8.52985E+09   2.78841E+02   3.11762E-02   2.27194E-08
 1.34750E+01   6.45419E+17   9.31472E+09   2.80555E+02   3.12275E-02   2.26377E-08
 1.35250E+01   6.53864E+17   1.01885E+10   2.82356E+02   3.12783E-02   2.25521E-08
 1.35750E+01   6.62746E+17   1.11590E+10   2.84231E+02   3.13285E-02   2.24629E-08
 1.36250E+01   6.72033E+17   1.22317E+10   2.86172E+02   3.13777E-02   2.23706E-08
 1.36750E+01   6.81694E+17   1.34079E+10   2.88166E+02   3.14255E-02   2.22758E-08
 1.37250E+01   6.91700E+17   1.46839E+10   2.90203E+02   3.14718E-02   2.21787E-08
 1.37750E+01   7.02018E+17   1.60492E+10   2.92273E+02   3.15163E-02   2.20799E-08
 1.38250E+01   7.12619E+17   1.74864E+10   2.94365E+02   3.15587E-02   2.19797E-08
 1.38750E+01   7.23473E+17   1.89705E+10   2.96469E+02   3.15990E-02   2.18786E-08
 1.39250E+01   7.34554E+17   2.04701E+10   2.98577E+02   3.16370E-02   2.17767E-08
 1.39750E+01   7.45834E+17   2.19484E+10   3.00679E+02   3.16725E-02   2.16745E-08
 1.40250E+01   7.57287E+17   2.33661E+10   3.02768E+02   3.17055E-02   2.15721E-08
 1.40750E+01   7.68893E+17   2.46837E+10   3.04835E+02   3.17359E-02   2.14699E-08
 1.41250E+01   7.80630E+17   2.58645E+10   3.06875E+02   3.17637E-02   2.13680E-08
 1.41750E+01   7.92480E+17   2.68780E+10   3.08881E+02   3.17888E-02   2.12665E-08
 1.42250E+01   8.04427E+17   2.77016E+10   3.10848E+02   3.18114E-02   2.11658E-08
 1.42750E+01   8.16458E+17   2.83229E+10   3.12772E+02   3.18315E-02   2.10657E-08
 1.43250E+01   8.28562E+17   2.87393E+10   3.14649E+02   3.18491E-02   2.09665E-08
 1.43750E+01   8.40730E+17   2.89638E+10   3.16477E+02   3.18643E-02   2.08682E-08
 1.44250E+01   8.52960E+17   2.90004E+10   3.18253E+02   3.18773E-02   2.07708E-08
 1.44750E+01   8.65247E+17   2.89982E+10   3.19977E+02   3.18882E-02   2.06743E-08
 1.45250E+01   8.77592E+17   2.89961E+10   3.21648E+02   3.18971E-02   2.05789E-08
 1.45750E+01   8.89998E+17   2.88016E+10   3.23267E+02   3.19043E-02   2.04843E-08
 1.46250E+01   9.02471E+17   2.81063E+10   3.24836E+02   3.19099E-02   2.03907E-08
 1.46750E+01   9.15016E+17   2.70557E+10   3.26355E+02   3.19142E-02   2.02980E-08
 1.47250E+01   9.27645E+17   2.57474E+10   3.27828E+02   3.19172E-02   2.02061E-08
 1.47750E+01   9.40370E+17   2.42615E+10   3.29257E+02   3.19192E-02   2.01150E-08
 1.48250E+01   9.53202E+17   2.26639E+10   3.30647E+02   3.19204E-02   2.00245E-08
 1.48750E+01   9.66158E+17   2.10067E+10   3.32001E+02   3.19210E-02   1.99348E-08
 1.49250E+01   9.79253E+17   1.93319E+10   3.33323E+02   3.19213E-02   1.98456E-08
 1.49750E+01   9.92505E+17   1.76742E+10   3.34620E+02   3.19213E-02   1.97568E-08
 1.50250E+01   1.00593E+18   1.60634E+10   3.35895E+02   3.19214E-02   1.96686E-08
 1.50750E+01   1.01955E+18   1.45251E+10   3.37154E+02   3.19216E-02   1.95806E-08
 1.51250E+01   1.03339E+18   1.30825E+10   3.38402E+02   3.19222E-02   1.94930E-08
 1.51750E+01   1.04745E+18   1.17558E+10   3.39645E+02   3.19233E-02   1.94056E-08
 1.52250E+01   1.06177E+18   1.05620E+10   3.40889E+02   3.19251E-02   1.93183E-08
 1.52750E+01   1.07635E+18   9.51460E+09   3.42139E+02   3.19278E-02   1.92312E-08
 1.53250E+01   1.09122E+18   8.62249E+09   3.43400E+02   3.19314E-02   1.91441E-08
 1.53750E+01   1.10640E+18   7.88967E+09   3.44677E+02   3.19360E-02   1.90571E-08
 1.54250E+01   1.12189E+18   7.31481E+09   3.45976E+02   3.19418E-02   1.89702E-08
 1.54750E+01   1.13771E+18   6.89136E+09   3.47301E+02   3.19489E-02   1.88832E-08
 1.55250E+01   1.15388E+18   6.60816E+09   3.48656E+02   3.19573E-02   1.87962E-08
 1.55750E+01   1.17041E+18   6.44883E+09   3.50045E+02   3.19671E-02   1.87093E-08
 1.56250E+01   1.18729E+18   6.40431E+09   3.51471E+02   3.19783E-02   1.86223E-08
 1.56750E+01   1.20454E+18   6.40383E+09   3.52939E+02   3.19909E-02   1.85354E-08
 1.57250E+01   1.22217E+18   6.40334E+09   3.54450E+02   3.20050E-02   1.84486E-08
 1.57750E+01   1.24018E+18   6.43772E+09   3.56007E+02   3.20205E-02   1.83619E-08
 1.58250E+01   1.25855E+18   6.68240E+09   3.57611E+02   3.20374E-02   1.82753E-08
 1.58750E+01   1.27730E+18   7.11010E+09   3.59264E+02   3.20558E-02   1.81889E-08
 1.59250E+01   1.29642E+18   7.68065E+09   3.60967E+02   3.20755E-02   1.81027E-08
 1.59750E+01   1.31589E+18   8.37252E+09   3.62719E+02   3.20965E-02   1.80169E-08
 1.60250E+01   1.33572E+18   9.17976E+09   3.64520E+02   3.21187E-02   1.79315E-08
 1.60750E+01   1.35589E+18   1.01101E+10   3.66370E+02   3.21422E-02   1.78465E-08
 1.61250E+01   1.37637E+18   1.11827E+10   3.68268E+02   3.21667E-02   1.77620E-08
 1.61750E+01   1.39717E+18   1.24246E+10   3.70212E+02   3.21923E-02   1.76781E-08
 1.62250E+01   1.41826E+18   1.38664E+10   3.72200E+02   3.22189E-02   1.75949E-08
 1.62750E+01   1.43962E+18   1.55374E+10   3.74230E+02   3.22463E-02   1.75124E-08
 1.63250E+01   1.46122E+18   1.74606E+10   3.76299E+02   3.22746E-02   1.74307E-08
 1.63750E+01   1.48306E+18   1.96477E+10   3.78405E+02   3.23035E-02   1.73500E-08
 1.64250E+01   1.50510E+18   2.20950E+10   3.80544E+02   3.23330E-02   1.72701E-08
 1.64750E+01   1.52732E+18   2.47799E+10   3.82713E+02   3.23630E-02   1.71913E-08
 1.65250E+01   1.54970E+18   2.76599E+10   3.84908E+02   3.23934E-02   1.71135E-08
 1.65750E+01   1.57220E+18   3.06730E+10   3.87125E+02   3.24242E-02   1.70368E-08
 1.66250E+01   1.59481E+18   3.37407E+10   3.89362E+02   3.24553E-02   1.69614E-08
 1.66750E+01   1.61749E+18   3.67730E+10   3.91613E+02   3.24866E-02   1.68871E-08
 1.67250E+01   1.64023E+18   3.96743E+10   3.93875E+02   3.25180E-02   1.68141E-08
 1.67750E+01   1.66299E+18   4.23516E+10   3.96145E+02   3.25495E-02   1.67425E-08
 1.68250E+01   1.68574E+18   4.47208E+10   3.98417E+02   3.25810E-02   1.66722E-08
 1.68750E+01   1.70848E+18   4.67134E+10   4.00690E+02   3.26124E-02   1.66032E-08
 1.69250E+01   1.73116E+18   4.82813E+10   4.02958E+02   3.26438E-02   1.65357E-08
 1.69750E+01   1.75377E+18   4.94000E+10   4.05218E+02   3.26750E-02   1.64696E-08
 1.70250E+01   1.77628E+18   5.00713E+10   4.07468E+02   3.27061E-02   1.64049E-08
 1.70750E+01   1.79868E+18   5.02973E+10   4.09704E+02   3.27370E-02   1.63417E-08
 1.71250E+01   1.82094E+18   5.02943E+10   4.11922E+02   3.27677E-02   1.62799E-08
 1.71750E+01   1.84304E+18   5.02892E+10   4.14122E+02   3.27982E-02   1.62196E-08
 1.72250E+01   1.86498E+18   5.01215E+10   4.16299E+02   3.28285E-02   1.61607E-08
 1.72750E+01   1.88673E+18   4.88746E+10   4.18451E+02   3.28586E-02   1.61033E-08
 1.73250E+01   1.90827E+18   4.66971E+10   4.20578E+02   3.28885E-02   1.60473E-08
 1.73750E+01   1.92961E+18   4.38712E+10   4.22677E+02   3.29182E-02   1.59928E-08
 1.74250E+01   1.95072E+18   4.06292E+10   4.24746E+02   3.29478E-02   1.59397E-08
 1.74750E+01   1.97159E+18   3.71636E+10   4.26785E+02   3.29772E-02   1.58879E-08
 1.75250E+01   1.99223E+18   3.36342E+10   4.28792E+02   3.30065E-02   1.58376E-08
 1.75750E+01   2.01261E+18   3.01693E+10   4.30766E+02   3.30358E-02   1.57886E-08
 1.76250E+01   2.03274E+18   2.68706E+10   4.32708E+02   3.30649E-02   1.57409E-08
 1.76750E+01   2.05261E+18   2.38167E+10   4.34617E+02   3.30940E-02   1.56946E-08
 1.77250E+01   2.07222E+18   2.10659E+10   4.36493E+02   3.31232E-02   1.56495E-08
 1.77750E+01   2.09157E+18   1.86576E+10   4.38336E+02   3.31524E-02   1.56057E-08
 1.78250E+01   2.11065E+18   1.66142E+10   4.40146E+02   3.31816E-02   1.55631E-08
 1.78750E+01   2.12947E+18   1.49423E+10   4.41923E+02   3.32109E-02   1.55217E-08
 1.79250E+01   2.14802E+18   1.36340E+10   4.43669E+02   3.32404E-02   1.54814E-08
 1.79750E+01   2.16631E+18   1.26689E+10   4.45383E+02   3.32701E-02   1.54423E-08
 1.80250E+01   2.18434E+18   1.20159E+10   4.47067E+02   3.32999E-02   1.54043E-08
 1.80750E+01   2.20210E+18   1.16362E+10   4.48721E+02   3.33300E-02   1.53674E-08
 1.81250E+01   2.21961E+18   1.14934E+10   4.50347E+02   3.33603E-02   1.53315E-08
 1.81750E+01   2.23687E+18   1.14887E+10   4.51945E+02   3.33909E-02   1.52967E-08
 1.82250E+01   2.25387E+18   1.14869E+10   4.53515E+02   3.34217E-02   1.52628E-08
 1.82750E+01   2.27061E+18   1.14946E+10   4.55060E+02   3.34529E-02   1.52299E-08
 1.83250E+01   2.28711E+18   1.20802E+10   4.56579E+02   3.34843E-02   1.51980E-08
 1.83750E+01   2.30337E+18   1.33171E+10   4.58075E+02   3.35161E-02   1.51669E-08
 1.84250E+01   2.31938E+18   1.51025E+10   4.59547E+02   3.35482E-02   1.51368E-08
 1.84750E+01   2.33515E+18   1.73462E+10   4.60996E+02   3.35806E-02   1.51075E-08
 1.85250E+01   2.35067E+18   1.99976E+10   4.62423E+02   3.36133E-02   1.50791E-08
 1.85750E+01   2.36596E+18   2.30232E+10   4.63829E+02   3.36464E-02   1.50515E-08
 1.86250E+01   2.38100E+18   2.63902E+10   4.65215E+02   3.36798E-02   1.50247E-08
 1.86750E+01   2.39580E+18   3.00562E+10   4.66580E+02   3.37134E-02   1.49986E-08
 1.87250E+01   2.41037E+18   3.39610E+10   4.67926E+02   3.37474E-02   1.49734E-08
 1.87750E+01   2.42469E+18   3.80237E+10   4.69253E+02   3.37816E-02   1.49489E-08
 1.88250E+01   2.43877E+18   4.21427E+10   4.70561E+02   3.38161E-02   1.49252E-08
 1.88750E+01   2.45261E+18   4.62011E+10   4.71851E+02   3.38507E-02   1.49021E-08
 1.89250E+01   2.46620E+18   5.00732E+10   4.73122E+02   3.38856E-02   1.48798E-08
 1.89750E+01   2.47954E+18   5.36349E+10   4.74375E+02   3.39207E-02   1.48582E-08
 1.90250E+01   2.49263E+18   5.67732E+10   4.75610E+02   3.39560E-02   1.48373E-08
 1.90750E+01   2.50547E+18   5.93967E+10   4.76826E+02   3.39913E-02   1.48170E-08
 1.91250E+01   2.51806E+18   6.14426E+10   4.78025E+02   3.40268E-02   1.47974E-08
 1.91750E+01   2.53039E+18   6.28808E+10   4.79205E+02   3.40624E-02   1.47785E-08
 1.92250E+01   2.54246E+18   6.37223E+10   4.80366E+02   3.40980E-02   1.47602E-08
 1.92750E+01   2.55427E+18   6.39542E+10   4.81510E+02   3.41337E-02   1.47426E-08
 1.93250E+01   2.56581E+18   6.39447E+10   4.82634E+02   3.41693E-02   1.47256E-08
 1.93750E+01   2.57708E+18   6.39355E+10   4.83739E+02   3.42050E-02   1.47092E-08
 1.94250E+01   2.58809E+18   6.35496E+10   4.84826E+02   3.42406E-02   1.46934E-08
 1.94750E+01   2.59883E+18   6.15678E+10   4.85893E+02   3.42761E-02   1.46782E-08
 1.95250E+01   2.60929E+18   5.83721E+10   4.86940E+02   3.43115E-02   1.46636E-08
 1.95750E+01   2.61948E+18   5.43683E+10   4.87968E+02   3.43468E-02   1.46496E-08
 1.96250E+01   2.62940E+18   4.98746E+10   4.88977E+02   3.43820E-02   1.46361E-08
 1.96750E+01   2.63904E+18   4.51553E+10   4.89965E+02   3.44170E-02   1.46232E-08
 1.97250E+01   2.64842E+18   4.04248E+10   4.90934E+02   3.44518E-02   1.46109E-08
 1.97750E+01   2.65752E+18   3.58536E+10   4.91883E+02   3.44865E-02   1.45991E-08
 1.98250E+01   2.66634E+18   3.15749E+10   4.92812E+02   3.45210E-02   1.45878E-08
 1.98750E+01   2.67490E+18   2.76877E+10   4.93720E+02   3.45552E-02   1.45771E-08
 1.99250E+01   2.68320E+18   2.42596E+10   4.94609E+02   3.45892E-02   1.45668E-08
 1.99750E+01   2.69123E+18   2.13288E+10   4.95479E+02   3.46229E-02   1.45570E-08
 2.00250E+01   2.69900E+18   1.89080E+10   4.96328E+02   3.46565E-02   1.45477E-08
 2.00750E+01   2.70651E+18   1.69875E+10   4.97159E+02   3.46897E-02   1.45389E-08
 2.01250E+01   2.71377E+18   1.55403E+10   4.97970E+02   3.47227E-02   1.45305E-08
 2.01750E+01   2.72079E+18   1.45264E+10   4.98762E+02   3.47554E-02   1.45226E-08
 2.02250E+01   2.72756E+18   1.38996E+10   4.99535E+02   3.47878E-02   1.45151E-08
 2.02750E+01   2.73409E+18   1.36057E+10   5.00290E+02   3.48199E-02   1.45080E-08
 2.03250E+01   2.74040E+18   1.35793E+10   5.01027E+02   3.48517E-02   1.45012E-08
 2.03750E+01   2.74647E+18   1.35802E+10   5.01746E+02   3.48832E-02   1.44949E-08
 2.04250E+01   2.75233E+18   1.35813E+10   5.02448E+02   3.49145E-02   1.44889E-08
 2.04750E+01   2.75798E+18   1.40460E+10   5.03133E+02   3.49454E-02   1.44833E-08
 2.05250E+01   2.76341E+18   1.54959E+10   5.03801E+02   3.49759E-02   1.44780E-08
 2.05750E+01   2.76865E+18   1.76739E+10   5.04453E+02   3.50062E-02   1.44731E-08
 2.06250E+01   2.77369E+18   2.04441E+10   5.05089E+02   3.50361E-02   1.44684E-08
 2.06750E+01   2.77855E+18   2.36951E+10   5.05709E+02   3.50658E-02   1.44641E-08
 2.07250E+01   2.78322E+18   2.73376E+10   5.06315E+02   3.50951E-02   1.44600E-08
 2.07750E+01   2.78772E+18   3.12908E+10   5.06906E+02   3.51240E-02   1.44562E-08
 2.08250E+01   2.79204E+18   3.54703E+10   5.07482E+02   3.51526E-02   1.44526E-08
 2.08750E+01   2.79621E+18   3.97811E+10   5.08045E+02   3.51809E-02   1.44493E-08
 2.09250E+01   2.80022E+18   4.41159E+10   5.08594E+02   3.52089E-02   1.44462E-08
 2.09750E+01   2.80407E+18   4.83566E+10   5.09130E+02   3.52365E-02   1.44434E-08
 2.10250E+01   2.80779E+18   5.23804E+10   5.09653E+02   3.52637E-02   1.44407E-08
 2.10750E+01   2.81135E+18   5.60676E+10   5.10162E+02   3.52906E-02   1.44383E-08
 2.11250E+01   2.81479E+18   5.93097E+10   5.10660E+02   3.53172E-02   1.44361E-08
 2.11750E+01   2.81809E+18   6.20178E+10   5.11146E+02   3.53434E-02   1.44340E-08
 2.12250E+01   2.82126E+18   6.41298E+10   5.11619E+02   3.53692E-02   1.44321E-08
 2.12750E+01   2.82432E+18   6.56160E+10   5.12082E+02   3.53947E-02   1.44303E-08
 2.13250E+01   2.82725E+18   6.64916E+10   5.12533E+02   3.54198E-02   1.44287E-08
 2.13750E+01   2.83008E+18   6.67468E+10   5.12973E+02   3.54446E-02   1.44273E-08
 2.14250E+01   2.83279E+18   6.67730E+10   5.13402E+02   3.54690E-02   1.44260E-08
 2.14750E+01   2.83540E+18   6.67999E+10   5.13820E+02   3.54930E-02   1.44248E-08
 2.15250E+01   2.83790E+18   6.64267E+10   5.14228E+02   3.55167E-02   1.44238E-08
 2.15750E+01   2.84030E+18   6.44283E+10   5.14626E+02   3.55399E-02   1.44229E-08
 2.16250E+01   2.84261E+18   6.11990E+10   5.15013E+02   3.55629E-02   1.44221E-08
 2.16750E+01   2.84482E+18   5.71313E+10   5.15391E+02   3.55854E-02   1.44214E-08
 2.17250E+01   2.84694E+18   5.25357E+10   5.15759E+02   3.56077E-02   1.44208E-08
 2.17750E+01   2.84898E+18   4.76801E+10   5.16118E+02   3.56295E-02   1.44203E-08
 2.18250E+01   2.85093E+18   4.27885E+10   5.16467E+02   3.56510E-02   1.44199E-08
 2.18750E+01   2.85280E+18   3.80425E+10   5.16808E+02   3.56721E-02   1.44196E-08
 2.19250E+01   2.85459E+18   3.35836E+10   5.17139E+02   3.56929E-02   1.44194E-08
 2.19750E+01   2.85630E+18   2.95160E+10   5.17462E+02   3.57133E-02   1.44193E-08
 2.20250E+01   2.85793E+18   2.59104E+10   5.17776E+02   3.57333E-02   1.44192E-08
 2.20750E+01   2.85950E+18   2.28071E+10   5.18081E+02   3.57530E-02   1.44192E-08
 2.21250E+01   2.86099E+18   2.02209E+10   5.18378E+02   3.57724E-02   1.44193E-08
 2.21750E+01   2.86242E+18   1.81445E+10   5.18668E+02   3.57914E-02   1.44195E-08
 2.22250E+01   2.86378E+18   1.65526E+10   5.18950E+02   3.58101E-02   1.44197E-08
 2.22750E+01   2.86508E+18   1.54062E+10   5.19224E+02   3.58285E-02   1.44200E-08
 2.23250E+01   2.86632E+18   1.46575E+10   5.19491E+02   3.58465E-02   1.44203E-08
 2.23750E+01   2.86750E+18   1.42490E+10   5.19751E+02   3.58642E-02   1.44207E-08
 2.24250E+01   2.86863E+18   1.41519E+10   5.20004E+02   3.58816E-02   1.44212E-08
 2.24750E+01   2.86970E+18   1.41580E+10   5.20250E+02   3.58987E-02   1.44217E-08
 2.25250E+01   2.87073E+18   1.41641E+10   5.20489E+02   3.59154E-02   1.44222E-08
 2.25750E+01   2.87170E+18   1.43457E+10   5.20723E+02   3.59319E-02   1.44228E-08
 2.26250E+01   2.87263E+18   1.55103E+10   5.20950E+02   3.59480E-02   1.44234E-08
 2.26750E+01   2.87352E+18   1.75212E+10   5.21171E+02   3.59639E-02   1.44240E-08
 2.27250E+01   2.87436E+18   2.01864E+10   5.21387E+02   3.59794E-02   1.44247E-08
 2.27750E+01   2.87516E+18   2.33700E+10   5.21596E+02   3.59947E-02   1.44254E-08
 2.28250E+01   2.87593E+18   2.69638E+10   5.21801E+02   3.60097E-02   1.44261E-08
 2.28750E+01   2.87666E+18   3.08738E+10   5.22000E+02   3.60244E-02   1.44268E-08
 2.29250E+01   2.87735E+18   3.50091E+10   5.22194E+02   3.60388E-02   1.44276E-08
 2.29750E+01   2.87801E+18   3.92747E+10   5.22383E+02   3.60530E-02   1.44284E-08
 2.30250E+01   2.87865E+18   4.35680E+10   5.22568E+02   3.60669E-02   1.44292E-08
 2.30750E+01   2.87925E+18   4.77792E+10   5.22748E+02   3.60805E-02   1.44300E-08
 2.31250E+01   2.87982E+18   5.17953E+10   5.22924E+02   3.60939E-02   1.44308E-08
 2.31750E+01   2.88038E+18   5.55055E+10   5.23095E+02   3.61070E-02   1.44316E-08
 2.32250E+01   2.88090E+18   5.88089E+10   5.23262E+02   3.61199E-02   1.44325E-08
 2.32750E+01   2.88141E+18   6.16209E+10   5.23425E+02   3.61325E-02   1.44333E-08
 2.33250E+01   2.88189E+18   6.38795E+10   5.23584E+02   3.61449E-02   1.44342E-08
 2.33750E+01   2.88235E+18   6.55506E+10   5.23740E+02   3.61570E-02   1.44350E-08
 2.34250E+01   2.88279E+18   6.66251E+10   5.23891E+02   3.61690E-02   1.44359E-08
 2.34750E+01   2.88321E+18   6.71246E+10   5.24039E+02   3.61807E-02   1.44367E-08
 2.35250E+01   2.88361E+18   6.71646E+10   5.24184E+02   3.61921E-02   1.44376E-08
 2.35750E+01   2.88400E+18   6.71787E+10   5.24324E+02   3.62034E-02   1.44384E-08
 2.36250E+01   2.88437E+18   6.71807E+10   5.24462E+02   3.62144E-02   1.44393E-08
 2.36750E+01   2.88472E+18   6.59497E+10   5.24596E+02   3.62252E-02   1.44401E-08
 2.37250E+01   2.88506E+18   6.33733E+10   5.24727E+02   3.62358E-02   1.44410E-08
 2.37750E+01   2.88538E+18   5.97684E+10   5.24855E+02   3.62462E-02   1.44418E-08
 2.38250E+01   2.88569E+18   5.54858E+10   5.24979E+02   3.62564E-02   1.44426E-08
 2.38750E+01   2.88599E+18   5.08124E+10   5.25101E+02   3.62664E-02   1.44435E-08
 2.39250E+01   2.88627E+18   4.59875E+10   5.25219E+02   3.62762E-02   1.44443E-08
 2.39750E+01   2.88654E+18   4.12084E+10   5.25335E+02   3.62858E-02   1.44451E-08
 2.40250E+01   2.88680E+18   3.66320E+10   5.25448E+02   3.62953E-02   1.44460E-08
 2.40750E+01   2.88704E+18   3.23776E+10   5.25558E+02   3.63045E-02   1.44468E-08
 2.41250E+01   2.88727E+18   2.85305E+10   5.25665E+02   3.63136E-02   1.44476E-08
 2.41750E+01   2.88750E+18   2.51463E+10   5.25769E+02   3.63225E-02   1.44484E-08
 2.42250E+01   2.88771E+18   2.22540E+10   5.25870E+02   3.63312E-02   1.44492E-08
 2.42750E+01   2.88790E+18   1.98597E+10   5.25969E+02   3.63397E-02   1.44500E-08
 2.43250E+01   2.88809E+18   1.79509E+10   5.26065E+02   3.63481E-02   1.44508E-08
 2.43750E+01   2.88827E+18   1.64998E+10   5.26159E+02   3.63563E-02   1.44516E-08
 2.44250E+01   2.88844E+18   1.54671E+10   5.26250E+02   3.63644E-02   1.44524E-08
 2.44750E+01   2.88860E+18   1.48072E+10   5.26339E+02   3.63723E-02   1.44532E-08
 2.45250E+01   2.88875E+18   1.44637E+10   5.26426E+02   3.63800E-02   1.44539E-08
 2.45750E+01   2.88889E+18   1.44052E+10   5.26510E+02   3.63876E-02   1.44547E-08
 2.46250E+01   2.88902E+18   1.44059E+10   5.26592E+02   3.63951E-02   1.44555E-08
 2.46750E+01   2.88915E+18   1.44064E+10   5.26672E+02   3.64024E-02   1.44562E-08
 2.47250E+01   2.88926E+18   1.47018E+10   5.26750E+02   3.64095E-02   1.44570E-08
 2.47750E+01   2.88938E+18   1.60489E+10   5.26827E+02   3.64166E-02   1.44577E-08
 2.48250E+01   2.88948E+18   1.82184E+10   5.26901E+02   3.64235E-02   1.44585E-08
 2.48750E+01   2.88958E+18   2.10280E+10   5.26974E+02   3.64304E-02   1.44592E-08
 2.49250E+01   2.88967E+18   2.43422E+10   5.27044E+02   3.64370E-02   1.44599E-08
 2.49750E+01   2.88976E+18   2.80456E+10   5.27114E+02   3.64436E-02   1.44607E-08
 2.50250E+01   2.88985E+18   3.20365E+10   5.27181E+02   3.64501E-02   1.44614E-08
 2.50750E+01   2.88993E+18   3.62174E+10   5.27247E+02   3.64564E-02   1.44621E-08
 2.51250E+01   2.89000E+18   4.04885E+10   5.27312E+02   3.64627E-02   1.44628E-08
 2.51750E+01   2.89007E+18   4.47455E+10   5.27375E+02   3.64688E-02   1.44635E-08
 2.52250E+01   2.89014E+18   4.88807E+10   5.27437E+02   3.64748E-02   1.44642E-08
 2.52750E+01   2.89021E+18   5.27859E+10   5.27498E+02   3.64808E-02   1.44648E-08
 2.53250E+01   2.89027E+18   5.63583E+10   5.27557E+02   3.64866E-02   1.44655E-08
 2.53750E+01   2.89033E+18   5.95060E+10   5.27615E+02   3.64924E-02   1.44662E-08
 2.54250E+01   2.89039E+18   6.21547E+10   5.27672E+02   3.64980E-02   1.44668E-08
 2.54750E+01   2.89045E+18   6.42519E+10   5.27728E+02   3.65036E-02   1.44674E-08
 2.55250E+01   2.89050E+18   6.57727E+10   5.27782E+02   3.65090E-02   1.44681E-08
 2.55750E+01   2.89055E+18   6.67170E+10   5.27836E+02   3.65144E-02   1.44687E-08
 2.56250E+01   2.89060E+18   6.71034E+10   5.27888E+02   3.65197E-02   1.44693E-08
 2.56750E+01   2.89065E+18   6.71140E+10   5.27940E+02   3.65249E-02   1.44699E-08
 2.57250E+01   2.89070E+18   6.71117E+10   5.27990E+02   3.65300E-02   1.44705E-08
 2.57750E+01   2.89074E+18   6.70169E+10   5.28039E+02   3.65351E-02   1.44711E-08
 2.58250E+01   2.89079E+18   6.55838E+10   5.28088E+02   3.65400E-02   1.44717E-08
 2.58750E+01   2.89083E+18   6.28337E+10   5.28135E+02   3.65449E-02   1.44723E-08
 2.59250E+01   2.89087E+18   5.91256E+10   5.28181E+02   3.65497E-02   1.44728E-08
 2.59750E+01   2.89091E+18   5.47956E+10   5.28227E+02   3.65544E-02   1.44734E-08
 2.60250E+01   2.89095E+18   5.01184E+10   5.28272E+02   3.65590E-02   1.44739E-08
 2.60750E+01   2.89099E+18   4.53250E+10   5.28315E+02   3.65636E-02   1.44745E-08
 2.61250E+01   2.89102E+18   4.06040E+10   5.28358E+02   3.65681E-02   1.44750E-08
 2.61750E+01   2.89105E+18   3.61043E+10   5.28400E+02   3.65725E-02   1.44755E-08
 2.62250E+01   2.89109E+18   3.19381E+10   5.28441E+02   3.65768E-02   1.44760E-08
 2.62750E+01   2.89112E+18   2.81846E+10   5.28481E+02   3.65811E-02   1.44766E-08
 2.63250E+01   2.89115E+18   2.48938E+10   5.28520E+02   3.65853E-02   1.44771E-08
 2.63750E+01   2.89117E+18   2.20904E+10   5.28558E+02   3.65894E-02   1.44776E-08
 2.64250E+01   2.89120E+18   1.97775E+10   5.28596E+02   3.65935E-02   1.44781E-08
 2.64750E+01   2.89122E+18   1.79404E+10   5.28632E+02   3.65975E-02   1.44785E-08
 2.65250E+01   2.89124E+18   1.65503E+10   5.28668E+02   3.66014E-02   1.44790E-08
 2.65750E+01   2.89126E+18   1.55679E+10   5.28703E+02   3.66052E-02   1.44795E-08
 2.66250E+01   2.89128E+18   1.49483E+10   5.28737E+02   3.66090E-02   1.44800E-08
 2.66750E+01   2.89130E+18   1.46369E+10   5.28771E+02   3.66128E-02   1.44804E-08
 2.67250E+01   2.89131E+18   1.45940E+10   5.28803E+02   3.66164E-02   1.44809E-08
 2.67750E+01   2.89133E+18   1.45928E+10   5.28835E+02   3.66200E-02   1.44813E-08
 2.68250E+01   2.89134E+18   1.45916E+10   5.28866E+02   3.66236E-02   1.44818E-08
 2.68750E+01   2.89135E+18   1.49815E+10   5.28897E+02   3.66271E-02   1.44822E-08
 2.69250E+01   2.89136E+18   1.64644E+10   5.28927E+02   3.66305E-02   1.44827E-08
 2.69750E+01   2.89137E+18   1.87642E+10   5.28956E+02   3.66339E-02   1.44831E-08
 2.70250E+01   2.89137E+18   2.17022E+10   5.28985E+02   3.66373E-02   1.44835E-08
 2.70750E+01   2.89138E+18   2.51356E+10   5.29014E+02   3.66406E-02   1.44840E-08
 2.71250E+01   2.89139E+18   2.89411E+10   5.29042E+02   3.66438E-02   1.44844E-08
 2.71750E+01   2.89139E+18   3.30100E+10   5.29069E+02   3.66470E-02   1.44848E-08
 2.72250E+01   2.89140E+18   3.72385E+10   5.29096E+02   3.66502E-02   1.44852E-08
 2.72750E+01   2.89140E+18   4.15221E+10   5.29123E+02   3.66533E-02   1.44856E-08
 2.73250E+01   2.89141E+18   4.57543E+10   5.29149E+02   3.66564E-02   1.44860E-08
 2.73750E+01   2.89141E+18   4.98276E+10   5.29175E+02   3.66594E-02   1.44864E-08
 2.74250E+01   2.89141E+18   5.36368E+10   5.29200E+02   3.66624E-02   1.44868E-08
 2.74750E+01   2.89142E+18   5.70848E+10   5.29225E+02   3.66654E-02   1.44872E-08
 2.75250E+01   2.89142E+18   6.00876E+10   5.29250E+02   3.66683E-02   1.44875E-08
 2.75750E+01   2.89142E+18   6.25798E+10   5.29274E+02   3.66712E-02   1.44879E-08
 2.76250E+01   2.89143E+18   6.45182E+10   5.29299E+02   3.66740E-02   1.44883E-08
 2.76750E+01   2.89143E+18   6.58853E+10   5.29323E+02   3.66769E-02   1.44887E-08
 2.77250E+01   2.89143E+18   6.66941E+10   5.29346E+02   3.66796E-02   1.44890E-08
 2.77750E+01   2.89144E+18   6.69457E+10   5.29370E+02   3.66824E-02   1.44894E-08
 2.78250E+01   2.89144E+18   6.69376E+10   5.29393E+02   3.66851E-02   1.44897E-08
 2.78750E+01   2.89145E+18   6.69288E+10   5.29415E+02   3.66877E-02   1.44901E-08
 2.79250E+01   2.89145E+18   6.66593E+10   5.29438E+02   3.66904E-02   1.44904E-08
 2.79750E+01   2.89146E+18   6.48970E+10   5.29460E+02   3.66930E-02   1.44907E-08
 2.80250E+01   2.89146E+18   6.18880E+10   5.29483E+02   3.66956E-02   1.44911E-08
 2.80750E+01   2.89147E+18   5.80150E+10   5.29505E+02   3.66981E-02   1.44914E-08
 2.81250E+01   2.89147E+18   5.35914E+10   5.29527E+02   3.67006E-02   1.44917E-08
 2.81750E+01   2.89148E+18   4.88825E+10   5.29548E+02   3.67031E-02   1.44920E-08
 2.82250E+01   2.89148E+18   4.41092E+10   5.29569E+02   3.67055E-02   1.44923E-08
 2.82750E+01   2.89149E+18   3.94496E+10   5.29591E+02   3.67079E-02   1.44927E-08
 2.83250E+01   2.89149E+18   3.50422E+10   5.29612E+02   3.67103E-02   1.44930E-08
 2.83750E+01   2.89150E+18   3.09902E+10   5.29633E+02   3.67127E-02   1.44933E-08
 2.84250E+01   2.89150E+18   2.73650E+10   5.29653E+02   3.67150E-02   1.44936E-08
 2.84750E+01   2.89151E+18   2.42098E+10   5.29674E+02   3.67173E-02   1.44939E-08
 2.85250E+01   2.89152E+18   2.15429E+10   5.29694E+02   3.67196E-02   1.44941E-08
 2.85750E+01   2.89152E+18   1.93623E+10   5.29715E+02   3.67219E-02   1.44944E-08
 2.86250E+01   2.89153E+18   1.76494E+10   5.29734E+02   3.67241E-02   1.44947E-08
 2.86750E+01   2.89153E+18   1.63732E+10   5.29754E+02   3.67263E-02   1.44950E-08
 2.87250E+01   2.89154E+18   1.54932E+10   5.29774E+02   3.67285E-02   1.44953E-08
 2.87750E+01   2.89154E+18   1.49642E+10   5.29793E+02   3.67306E-02   1.44955E-08
 2.88250E+01   2.89155E+18   1.47394E+10   5.29813E+02   3.67327E-02   1.44958E-08
 2.88750E+01   2.89155E+18   1.47277E+10   5.29832E+02   3.67348E-02   1.44961E-08
 2.89250E+01   2.89156E+18   1.47252E+10   5.29851E+02   3.67369E-02   1.44963E-08
 2.89750E+01   2.89156E+18   1.47242E+10   5.29870E+02   3.67389E-02   1.44966E-08
 2.90250E+01   2.89156E+18   1.55003E+10   5.29889E+02   3.67410E-02   1.44969E-08
 2.90750E+01   2.89157E+18   1.72880E+10   5.29907E+02   3.67429E-02   1.44971E-08
 2.91250E+01   2.89157E+18   1.98624E+10   5.29926E+02   3.67449E-02   1.44974E-08
 2.91750E+01   2.89157E+18   2.30416E+10   5.29944E+02   3.67469E-02   1.44976E-08
 2.92250E+01   2.89158E+18   2.66757E+10   5.29962E+02   3.67488E-02   1.44979E-08
 2.92750E+01   2.89158E+18   3.06396E+10   5.29981E+02   3.67507E-02   1.44981E-08
 2.93250E+01   2.89158E+18   3.48195E+10   5.29998E+02   3.67525E-02   1.44984E-08
 2.93750E+01   2.89159E+18   3.91061E+10   5.30016E+02   3.67544E-02   1.44986E-08
 2.94250E+01   2.89159E+18   4.33915E+10   5.30034E+02   3.67562E-02   1.44988E-08
 2.94750E+01   2.89159E+18   4.75676E+10   5.30052E+02   3.67580E-02   1.44991E-08
 2.95250E+01   2.89159E+18   5.15281E+10   5.30069E+02   3.67598E-02   1.44993E-08
 2.95750E+01   2.89160E+18   5.51719E+10   5.30087E+02   3.67615E-02   1.44995E-08
 2.96250E+01   2.89160E+18   5.84088E+10   5.30104E+02   3.67633E-02   1.44997E-08
 2.96750E+01   2.89160E+18   6.11647E+10   5.30122E+02   3.67650E-02   1.45000E-08
 2.97250E+01   2.89160E+18   6.33868E+10   5.30139E+02   3.67667E-02   1.45002E-08
 2.97750E+01   2.89161E+18   6.50471E+10   5.30157E+02   3.67684E-02   1.45004E-08
 2.98250E+01   2.89161E+18   6.61402E+10   5.30174E+02   3.67700E-02   1.45006E-08
 2.98750E+01   2.89161E+18   6.66995E+10   5.30191E+02   3.67717E-02   1.45008E-08
 2.99250E+01   2.89161E+18   6.67567E+10   5.30208E+02   3.67733E-02   1.45010E-08
 2.99750E+01   2.89162E+18   6.67465E+10   5.30225E+02   3.67749E-02   1.45012E-08
 3.00250E+01   2.89162E+18   6.67366E+10   5.30242E+02   3.67765E-02   1.45014E-08
 3.00750E+01   2.89162E+18   6.58324E+10   5.30259E+02   3.67780E-02   1.45016E-08
 3.01250E+01   2.89163E+18   6.33922E+10   5.30276E+02   3.67796E-02   1.45018E-08
 3.01750E+01   2.89163E+18   5.99177E+10   5.30293E+02   3.67811E-02   1.45020E-08
 3.02250E+01   2.89163E+18   5.57370E+10   5.30309E+02   3.67826E-02   1.45022E-08
 3.02750E+01   2.89164E+18   5.11466E+10   5.30326E+02   3.67841E-02   1.45024E-08
 3.03250E+01   2.89164E+18   4.63887E+10   5.30343E+02   3.67856E-02   1.45026E-08
 3.03750E+01   2.89164E+18   4.16602E+10   5.30359E+02   3.67870E-02   1.45028E-08
 3.04250E+01   2.89165E+18   3.71189E+10   5.30376E+02   3.67885E-02   1.45030E-08
 3.04750E+01   2.89165E+18   3.28865E+10   5.30393E+02   3.67899E-02   1.45032E-08
 3.05250E+01   2.89166E+18   2.90510E+10   5.30409E+02   3.67913E-02   1.45033E-08
 3.05750E+01   2.89166E+18   2.56699E+10   5.30426E+02   3.67927E-02   1.45035E-08
 3.06250E+01   2.89166E+18   2.27734E+10   5.30442E+02   3.67941E-02   1.45037E-08
 3.06750E+01   2.89167E+18   2.03680E+10   5.30458E+02   3.67954E-02   1.45039E-08
 3.07250E+01   2.89167E+18   1.84416E+10   5.30474E+02   3.67968E-02   1.45040E-08
 3.07750E+01   2.89167E+18   1.69674E+10   5.30490E+02   3.67981E-02   1.45042E-08
 3.08250E+01   2.89168E+18   1.59087E+10   5.30506E+02   3.67994E-02   1.45044E-08
 3.08750E+01   2.89168E+18   1.52237E+10   5.30522E+02   3.68007E-02   1.45045E-08
 3.09250E+01   2.89168E+18   1.48604E+10   5.30538E+02   3.68020E-02   1.45047E-08
 3.09750E+01   2.89169E+18   1.47930E+10   5.30554E+02   3.68033E-02   1.45048E-08
 3.10250E+01   2.89169E+18   1.47929E+10   5.30570E+02   3.68045E-02   1.45050E-08
 3.10750E+01   2.89170E+18   1.47931E+10   5.30585E+02   3.68057E-02   1.45052E-08
 3.11250E+01   2.89170E+18   1.50968E+10   5.30601E+02   3.68070E-02   1.45053E-08
 3.11750E+01   2.89170E+18   1.65416E+10   5.30616E+02   3.68082E-02   1.45055E-08
 3.12250E+01   2.89170E+18   1.88808E+10   5.30632E+02   3.68094E-02   1.45056E-08
 3.12750E+01   2.89171E+18   2.19010E+10   5.30647E+02   3.68106E-02   1.45058E-08
 3.13250E+01   2.89171E+18   2.54377E+10   5.30662E+02   3.68117E-02   1.45059E-08
 3.13750E+01   2.89171E+18   2.93476E+10   5.30677E+02   3.68129E-02   1.45061E-08
 3.14250E+01   2.89171E+18   3.35048E+10   5.30692E+02   3.68140E-02   1.45062E-08
 3.14750E+01   2.89171E+18   3.77928E+10   5.30707E+02   3.68151E-02   1.45064E-08
 3.15250E+01   2.89171E+18   4.21001E+10   5.30721E+02   3.68162E-02   1.45065E-08
 3.15750E+01   2.89172E+18   4.63174E+10   5.30736E+02   3.68173E-02   1.45067E-08
 3.16250E+01   2.89172E+18   5.03392E+10   5.30751E+02   3.68184E-02   1.45068E-08
 3.16750E+01   2.89172E+18   5.40654E+10   5.30766E+02   3.68195E-02   1.45069E-08
 3.17250E+01   2.89172E+18   5.74060E+10   5.30780E+02   3.68206E-02   1.45071E-08
 3.17750E+01   2.89173E+18   6.02851E+10   5.30794E+02   3.68216E-02   1.45072E-08
 3.18250E+01   2.89173E+18   6.26456E+10   5.30808E+02   3.68227E-02   1.45073E-08
 3.18750E+01   2.89173E+18   6.44530E+10   5.30822E+02   3.68237E-02   1.45075E-08
 3.19250E+01   2.89173E+18   6.56979E+10   5.30836E+02   3.68247E-02   1.45076E-08
 3.19750E+01   2.89173E+18   6.64090E+10   5.30850E+02   3.68257E-02   1.45077E-08
 3.20250E+01   2.89173E+18   6.65825E+10   5.30864E+02   3.68267E-02   1.45079E-08
 3.20750E+01   2.89173E+18   6.65964E+10   5.30878E+02   3.68277E-02   1.45080E-08
 3.21250E+01   2.89173E+18   6.66108E+10   5.30891E+02   3.68286E-02   1.45081E-08
 3.21750E+01   2.89174E+18   6.61611E+10   5.30905E+02   3.68296E-02   1.45082E-08
 3.22250E+01   2.89174E+18   6.41560E+10   5.30918E+02   3.68305E-02   1.45083E-08
 3.22750E+01   2.89174E+18   6.10159E+10   5.30932E+02   3.68314E-02   1.45085E-08
 3.23250E+01   2.89174E+18   5.70925E+10   5.30945E+02   3.68323E-02   1.45086E-08
 3.23750E+01   2.89174E+18   5.26726E+10   5.30958E+02   3.68332E-02   1.45087E-08
 3.24250E+01   2.89174E+18   4.80056E+10   5.30970E+02   3.68341E-02   1.45088E-08
 3.24750E+01   2.89174E+18   4.33001E+10   5.30983E+02   3.68350E-02   1.45089E-08
 3.25250E+01   2.89174E+18   3.87259E+10   5.30995E+02   3.68358E-02   1.45090E-08
 3.25750E+01   2.89174E+18   3.44159E+10   5.31008E+02   3.68367E-02   1.45091E-08
 3.26250E+01   2.89174E+18   3.04680E+10   5.31020E+02   3.68375E-02   1.45093E-08
 3.26750E+01   2.89174E+18   2.69485E+10   5.31032E+02   3.68383E-02   1.45094E-08
 3.27250E+01   2.89174E+18   2.38958E+10   5.31044E+02   3.68391E-02   1.45095E-08
 3.27750E+01   2.89174E+18   2.13244E+10   5.31055E+02   3.68399E-02   1.45096E-08
 3.28250E+01   2.89174E+18   1.92292E+10   5.31067E+02   3.68407E-02   1.45097E-08
 3.28750E+01   2.89174E+18   1.75893E+10   5.31078E+02   3.68415E-02   1.45098E-08
 3.29250E+01   2.89174E+18   1.63724E+10   5.31089E+02   3.68422E-02   1.45099E-08
 3.29750E+01   2.89173E+18   1.55380E+10   5.31100E+02   3.68430E-02   1.45100E-08
 3.30250E+01   2.89173E+18   1.50422E+10   5.31111E+02   3.68437E-02   1.45101E-08
 3.30750E+01   2.89173E+18   1.48449E+10   5.31122E+02   3.68444E-02   1.45102E-08
 3.31250E+01   2.89173E+18   1.48424E+10   5.31132E+02   3.68451E-02   1.45103E-08
 3.31750E+01   2.89173E+18   1.48465E+10   5.31143E+02   3.68458E-02   1.45104E-08
 3.32250E+01   2.89172E+18   1.48713E+10   5.31153E+02   3.68465E-02   1.45105E-08
 3.32750E+01   2.89172E+18   1.58037E+10   5.31163E+02   3.68472E-02   1.45106E-08
 3.33250E+01   2.89172E+18   1.77313E+10   5.31173E+02   3.68479E-02   1.45107E-08
 3.33750E+01   2.89171E+18   2.04521E+10   5.31183E+02   3.68485E-02   1.45108E-08
 3.34250E+01   2.89171E+18   2.37617E+10   5.31192E+02   3.68492E-02   1.45108E-08
 3.34750E+01   2.89170E+18   2.75017E+10   5.31202E+02   3.68498E-02   1.45109E-08
 3.35250E+01   2.89170E+18   3.15376E+10   5.31211E+02   3.68504E-02   1.45110E-08
 3.35750E+01   2.89169E+18   3.57482E+10   5.31220E+02   3.68511E-02   1.45111E-08
 3.36250E+01   2.89169E+18   4.00203E+10   5.31229E+02   3.68517E-02   1.45112E-08
 3.36750E+01   2.89169E+18   4.42456E+10   5.31238E+02   3.68523E-02   1.45113E-08
 3.37250E+01   2.89168E+18   4.83200E+10   5.31247E+02   3.68529E-02   1.45114E-08
 3.37750E+01   2.89168E+18   5.21453E+10   5.31255E+02   3.68534E-02   1.45115E-08
 3.38250E+01   2.89167E+18   5.56319E+10   5.31264E+02   3.68540E-02   1.45115E-08
 3.38750E+01   2.89167E+18   5.87024E+10   5.31272E+02   3.68546E-02   1.45116E-08
 3.39250E+01   2.89166E+18   6.12956E+10   5.31280E+02   3.68551E-02   1.45117E-08
 3.39750E+01   2.89165E+18   6.33694E+10   5.31288E+02   3.68557E-02   1.45118E-08
 3.40250E+01   2.89165E+18   6.49036E+10   5.31296E+02   3.68562E-02   1.45119E-08
 3.40750E+01   2.89164E+18   6.58979E+10   5.31303E+02   3.68567E-02   1.45119E-08
 3.41250E+01   2.89163E+18   6.63818E+10   5.31311E+02   3.68572E-02   1.45120E-08
 3.41750E+01   2.89163E+18   6.64281E+10   5.31318E+02   3.68577E-02   1.45121E-08
 3.42250E+01   2.89162E+18   6.64388E+10   5.31325E+02   3.68582E-02   1.45122E-08
 3.42750E+01   2.89161E+18   6.64490E+10   5.31331E+02   3.68587E-02   1.45123E-08
 3.43250E+01   2.89160E+18   6.54510E+10   5.31338E+02   3.68591E-02   1.45123E-08
 3.43750E+01   2.89159E+18   6.30888E+10   5.31344E+02   3.68596E-02   1.45124E-08
 3.44250E+01   2.89159E+18   5.97374E+10   5.31350E+02   3.68600E-02   1.45125E-08
 3.44750E+01   2.89158E+18   5.57021E+10   5.31356E+02   3.68605E-02   1.45125E-08
 3.45250E+01   2.89156E+18   5.12586E+10   5.31362E+02   3.68609E-02   1.45126E-08
 3.45750E+01   2.89155E+18   4.66365E+10   5.31368E+02   3.68613E-02   1.45127E-08
 3.46250E+01   2.89154E+18   4.20266E+10   5.31373E+02   3.68617E-02   1.45128E-08
 3.46750E+01   2.89153E+18   3.75823E+10   5.31378E+02   3.68621E-02   1.45128E-08
 3.47250E+01   2.89152E+18   3.34216E+10   5.31383E+02   3.68624E-02   1.45129E-08
 3.47750E+01   2.89151E+18   2.96300E+10   5.31388E+02   3.68628E-02   1.45130E-08
 3.48250E+01   2.89150E+18   2.62644E+10   5.31393E+02   3.68631E-02   1.45130E-08
 3.48750E+01   2.89148E+18   2.33563E+10   5.31397E+02   3.68635E-02   1.45131E-08
 3.49250E+01   2.89147E+18   2.09157E+10   5.31401E+02   3.68638E-02   1.45132E-08
 3.49750E+01   2.89146E+18   1.89353E+10   5.31405E+02   3.68641E-02   1.45132E-08
 3.50250E+01   2.89144E+18   1.73937E+10   5.31409E+02   3.68644E-02   1.45133E-08
 3.50750E+01   2.89143E+18   1.62590E+10   5.31413E+02   3.68647E-02   1.45134E-08
 3.51250E+01   2.89141E+18   1.54922E+10   5.31417E+02   3.68650E-02   1.45134E-08
 3.51750E+01   2.89140E+18   1.50492E+10   5.31420E+02   3.68653E-02   1.45135E-08
 3.52250E+01   2.89138E+18   1.48976E+10   5.31423E+02   3.68655E-02   1.45135E-08
 3.52750E+01   2.89137E+18   1.48967E+10   5.31426E+02   3.68658E-02   1.45136E-08
 3.53250E+01   2.89135E+18   1.48970E+10   5.31429E+02   3.68660E-02   1.45137E-08
 3.53750E+01   2.89134E+18   1.49825E+10   5.31432E+02   3.68663E-02   1.45137E-08
 3.54250E+01   2.89133E+18   1.60657E+10   5.31436E+02   3.68666E-02   1.45138E-08
 3.54750E+01   2.89132E+18   1.81297E+10   5.31439E+02   3.68669E-02   1.45138E-08
 3.55250E+01   2.89130E+18   2.09500E+10   5.31442E+02   3.68672E-02   1.45139E-08
 3.55750E+01   2.89129E+18   2.43333E+10   5.31445E+02   3.68674E-02   1.45139E-08
 3.56250E+01   2.89128E+18   2.81245E+10   5.31449E+02   3.68677E-02   1.45140E-08
 3.56750E+01   2.89127E+18   3.21881E+10   5.31451E+02   3.68680E-02   1.45140E-08
 3.57250E+01   2.89126E+18   3.64021E+10   5.31454E+02   3.68682E-02   1.45141E-08
 3.57750E+01   2.89124E+18   4.06532E+10   5.31456E+02   3.68685E-02   1.45142E-08
 3.58250E+01   2.89123E+18   4.48341E+10   5.31458E+02   3.68687E-02   1.45142E-08
 3.58750E+01   2.89121E+18   4.88434E+10   5.31460E+02   3.68689E-02   1.45143E-08
 3.59250E+01   2.89120E+18   5.25867E+10   5.31463E+02   3.68691E-02   1.45143E-08
 3.59750E+01   2.89119E+18   5.59796E+10   5.31465E+02   3.68694E-02   1.45144E-08
 3.60250E+01   2.89118E+18   5.89503E+10   5.31468E+02   3.68696E-02   1.45144E-08
 3.60750E+01   2.89117E+18   6.14436E+10   5.31470E+02   3.68699E-02   1.45145E-08
 3.61250E+01   2.89116E+18   6.34228E+10   5.31473E+02   3.68701E-02   1.45145E-08
 3.61750E+01   2.89115E+18   6.48726E+10   5.31475E+02   3.68703E-02   1.45146E-08
 3.62250E+01   2.89114E+18   6.57966E+10   5.31477E+02   3.68706E-02   1.45146E-08
 3.62750E+01   2.89113E+18   6.62258E+10   5.31479E+02   3.68708E-02   1.45147E-08
 3.63250E+01   2.89111E+18   6.62471E+10   5.31482E+02   3.68711E-02   1.45147E-08
 3.63750E+01   2.89110E+18   6.62436E+10   5.31483E+02   3.68713E-02   1.45148E-08
 3.64250E+01   2.89109E+18   6.62382E+10   5.31485E+02   3.68715E-02   1.45148E-08
 3.64750E+01   2.89107E+18   6.51153E+10   5.31486E+02   3.68716E-02   1.45148E-08
 3.65250E+01   2.89106E+18   6.27024E+10   5.31487E+02   3.68718E-02   1.45149E-08
 3.65750E+01   2.89105E+18   5.93139E+10   5.31488E+02   3.68720E-02   1.45149E-08
 3.66250E+01   2.89104E+18   5.52720E+10   5.31490E+02   3.68722E-02   1.45150E-08
 3.66750E+01   2.89103E+18   5.08453E+10   5.31492E+02   3.68724E-02   1.45150E-08
 3.67250E+01   2.89102E+18   4.62569E+10   5.31494E+02   3.68726E-02   1.45151E-08
 3.67750E+01   2.89101E+18   4.16915E+10   5.31495E+02   3.68728E-02   1.45151E-08
 3.68250E+01   2.89100E+18   3.72971E+10   5.31497E+02   3.68731E-02   1.45152E-08
 3.68750E+01   2.89099E+18   3.31874E+10   5.31499E+02   3.68733E-02   1.45152E-08
 3.69250E+01   2.89098E+18   2.94450E+10   5.31500E+02   3.68735E-02   1.45152E-08
 3.69750E+01   2.89097E+18   2.61245E+10   5.31502E+02   3.68737E-02   1.45153E-08
 3.70250E+01   2.89097E+18   2.32563E+10   5.31503E+02   3.68739E-02   1.45153E-08
 3.70750E+01   2.89096E+18   2.08502E+10   5.31505E+02   3.68741E-02   1.45154E-08
 3.71250E+01   2.89095E+18   1.88988E+10   5.31506E+02   3.68743E-02   1.45154E-08
 3.71750E+01   2.89093E+18   1.73814E+10   5.31507E+02   3.68744E-02   1.45155E-08
 3.72250E+01   2.89092E+18   1.62676E+10   5.31507E+02   3.68746E-02   1.45155E-08
 3.72750E+01   2.89091E+18   1.55194E+10   5.31508E+02   3.68747E-02   1.45155E-08
 3.73250E+01   2.89089E+18   1.50923E+10   5.31508E+02   3.68748E-02   1.45156E-08
 3.73750E+01   2.89088E+18   1.49589E+10   5.31509E+02   3.68749E-02   1.45156E-08
 3.74250E+01   2.89087E+18   1.49574E+10   5.31510E+02   3.68751E-02   1.45156E-08
 3.74750E+01   2.89086E+18   1.49559E+10   5.31511E+02   3.68753E-02   1.45157E-08
 3.75250E+01   2.89085E+18   1.50793E+10   5.31512E+02   3.68755E-02   1.45157E-08
 3.75750E+01   2.89085E+18   1.62580E+10   5.31514E+02   3.68757E-02   1.45158E-08
 3.76250E+01   2.89084E+18   1.84186E+10   5.31515E+02   3.68758E-02   1.45158E-08
 3.76750E+01   2.89083E+18   2.13258E+10   5.31516E+02   3.68760E-02   1.45158E-08
 3.77250E+01   2.89082E+18   2.47872E+10   5.31518E+02   3.68762E-02   1.45159E-08
 3.77750E+01   2.89082E+18   2.86440E+10   5.31519E+02   3.68764E-02   1.45159E-08
 3.78250E+01   2.89081E+18   3.27568E+10   5.31520E+02   3.68766E-02   1.45159E-08
 3.78750E+01   2.89080E+18   3.70003E+10   5.31521E+02   3.68767E-02   1.45160E-08
 3.79250E+01   2.89079E+18   4.12587E+10   5.31522E+02   3.68769E-02   1.45160E-08
 3.79750E+01   2.89079E+18   4.54237E+10   5.31523E+02   3.68771E-02   1.45160E-08
 3.80250E+01   2.89078E+18   4.93941E+10   5.31524E+02   3.68772E-02   1.45161E-08
 3.80750E+01   2.89077E+18   5.30772E+10   5.31524E+02   3.68774E-02   1.45161E-08
 3.81250E+01   2.89075E+18   5.63915E+10   5.31525E+02   3.68775E-02   1.45162E-08
 3.81750E+01   2.89074E+18   5.92699E+10   5.31524E+02   3.68775E-02   1.45162E-08
 3.82250E+01   2.89072E+18   6.16622E+10   5.31524E+02   3.68776E-02   1.45162E-08
 3.82750E+01   2.89071E+18   6.35378E+10   5.31523E+02   3.68777E-02   1.45163E-08
 3.83250E+01   2.89069E+18   6.48876E+10   5.31522E+02   3.68777E-02   1.45163E-08
 3.83750E+01   2.89067E+18   6.57210E+10   5.31521E+02   3.68777E-02   1.45163E-08
 3.84250E+01   2.89065E+18   6.60606E+10   5.31519E+02   3.68777E-02   1.45164E-08
 3.84750E+01   2.89063E+18   6.60647E+10   5.31518E+02   3.68777E-02   1.45164E-08
 3.85250E+01   2.89061E+18   6.60567E+10   5.31517E+02   3.68777E-02   1.45164E-08
 3.85750E+01   2.89059E+18   6.59687E+10   5.31515E+02   3.68777E-02   1.45165E-08
 3.86250E+01   2.89057E+18   6.46198E+10   5.31514E+02   3.68777E-02   1.45165E-08
 3.86750E+01   2.89055E+18   6.20187E+10   5.31513E+02   3.68777E-02   1.45165E-08
 3.87250E+01   2.89053E+18   5.85026E+10   5.31511E+02   3.68777E-02   1.45165E-08
 3.87750E+01   2.89051E+18   5.43888E+10   5.31510E+02   3.68777E-02   1.45166E-08
 3.88250E+01   2.89050E+18   4.99347E+10   5.31509E+02   3.68777E-02   1.45166E-08
 3.88750E+01   2.89048E+18   4.53555E+10   5.31507E+02   3.68777E-02   1.45166E-08
 3.89250E+01   2.89046E+18   4.08277E+10   5.31506E+02   3.68777E-02   1.45167E-08
 3.89750E+01   2.89044E+18   3.64920E+10   5.31505E+02   3.68777E-02   1.45167E-08
 3.90250E+01   2.89042E+18   3.24560E+10   5.31503E+02   3.68777E-02   1.45167E-08
 3.90750E+01   2.89040E+18   2.87974E+10   5.31502E+02   3.68777E-02   1.45168E-08
 3.91250E+01   2.89039E+18   2.55667E+10   5.31501E+02   3.68777E-02   1.45168E-08
 3.91750E+01   2.89037E+18   2.27905E+10   5.31500E+02   3.68777E-02   1.45168E-08
 3.92250E+01   2.89035E+18   2.04754E+10   5.31499E+02   3.68777E-02   1.45169E-08
 3.92750E+01   2.89033E+18   1.86113E+10   5.31498E+02   3.68777E-02   1.45169E-08
 3.93250E+01   2.89032E+18   1.71759E+10   5.31497E+02   3.68778E-02   1.45169E-08
 3.93750E+01   2.89031E+18   1.61376E+10   5.31497E+02   3.68778E-02   1.45169E-08
 3.94250E+01   2.89030E+18   1.54595E+10   5.31497E+02   3.68779E-02   1.45170E-08
 3.94750E+01   2.89029E+18   1.50943E+10   5.31497E+02   3.68780E-02   1.45170E-08
 3.95250E+01   2.89028E+18   1.50194E+10   5.31498E+02   3.68782E-02   1.45170E-08
 3.95750E+01   2.89027E+18   1.50178E+10   5.31498E+02   3.68783E-02   1.45171E-08
 3.96250E+01   2.89027E+18   1.50163E+10   5.31499E+02   3.68785E-02   1.45171E-08
 3.96750E+01   2.89026E+18   1.53142E+10   5.31500E+02   3.68786E-02   1.45171E-08
 3.97250E+01   2.89026E+18   1.67897E+10   5.31502E+02   3.68788E-02   1.45172E-08
 3.97750E+01   2.89025E+18   1.91949E+10   5.31503E+02   3.68790E-02   1.45172E-08
 3.98250E+01   2.89025E+18   2.22984E+10   5.31504E+02   3.68791E-02   1.45172E-08
 3.98750E+01   2.89025E+18   2.59178E+10   5.31505E+02   3.68793E-02   1.45172E-08
 3.99250E+01   2.89024E+18   2.98926E+10   5.31506E+02   3.68795E-02   1.45173E-08
 3.99750E+01   2.89024E+18   3.40821E+10   5.31507E+02   3.68796E-02   1.45173E-08
 4.00250E+01   2.89023E+18   3.83599E+10   5.31508E+02   3.68798E-02   1.45173E-08
 4.00750E+01   2.89023E+18   4.26099E+10   5.31510E+02   3.68800E-02   1.45174E-08
 4.01250E+01   2.89022E+18   4.67247E+10   5.31510E+02   3.68801E-02   1.45174E-08
 4.01750E+01   2.89022E+18   5.06056E+10   5.31511E+02   3.68802E-02   1.45174E-08
 4.02250E+01   2.89021E+18   5.41644E+10   5.31512E+02   3.68804E-02   1.45174E-08
 4.02750E+01   2.89020E+18   5.73250E+10   5.31512E+02   3.68805E-02   1.45175E-08
 4.03250E+01   2.89019E+18   6.00268E+10   5.31512E+02   3.68805E-02   1.45175E-08
 4.03750E+01   2.89018E+18   6.22277E+10   5.31512E+02   3.68806E-02   1.45175E-08
 4.04250E+01   2.89016E+18   6.39058E+10   5.31511E+02   3.68806E-02   1.45176E-08
 4.04750E+01   2.89014E+18   6.50610E+10   5.31510E+02   3.68806E-02   1.45176E-08
 4.05250E+01   2.89013E+18   6.57220E+10   5.31508E+02   3.68806E-02   1.45176E-08
 4.05750E+01   2.89011E+18   6.58881E+10   5.31507E+02   3.68806E-02   1.45176E-08
 4.06250E+01   2.89009E+18   6.58867E+10   5.31506E+02   3.68806E-02   1.45177E-08
 4.06750E+01   2.89008E+18   6.58856E+10   5.31505E+02   3.68806E-02   1.45177E-08
 4.07250E+01   2.89006E+18   6.55044E+10   5.31504E+02   3.68806E-02   1.45177E-08
 4.07750E+01   2.89004E+18   6.36473E+10   5.31503E+02   3.68806E-02   1.45178E-08
 4.08250E+01   2.89002E+18   6.06737E+10   5.31501E+02   3.68806E-02   1.45178E-08
 4.08750E+01   2.89001E+18   5.69290E+10   5.31500E+02   3.68806E-02   1.45178E-08
 4.09250E+01   2.88999E+18   5.26895E+10   5.31499E+02   3.68806E-02   1.45178E-08
 4.09750E+01   2.88997E+18   4.81931E+10   5.31498E+02   3.68806E-02   1.45179E-08
 4.10250E+01   2.88996E+18   4.36383E+10   5.31497E+02   3.68806E-02   1.45179E-08
 4.10750E+01   2.88994E+18   3.91871E+10   5.31495E+02   3.68806E-02   1.45179E-08
 4.11250E+01   2.88992E+18   3.49679E+10   5.31494E+02   3.68806E-02   1.45180E-08
 4.11750E+01   2.88990E+18   3.10775E+10   5.31493E+02   3.68806E-02   1.45180E-08
 4.12250E+01   2.88989E+18   2.75834E+10   5.31492E+02   3.68806E-02   1.45180E-08
 4.12750E+01   2.88987E+18   2.45273E+10   5.31491E+02   3.68806E-02   1.45180E-08
 4.13250E+01   2.88985E+18   2.19282E+10   5.31490E+02   3.68806E-02   1.45181E-08
 4.13750E+01   2.88984E+18   1.97863E+10   5.31488E+02   3.68806E-02   1.45181E-08
 4.14250E+01   2.88982E+18   1.80866E+10   5.31487E+02   3.68806E-02   1.45181E-08
 4.14750E+01   2.88980E+18   1.68033E+10   5.31486E+02   3.68806E-02   1.45182E-08
 4.15250E+01   2.88978E+18   1.59019E+10   5.31485E+02   3.68806E-02   1.45182E-08
 4.15750E+01   2.88976E+18   1.53455E+10   5.31484E+02   3.68806E-02   1.45182E-08
 4.16250E+01   2.88975E+18   1.50918E+10   5.31482E+02   3.68806E-02   1.45183E-08
 4.16750E+01   2.88973E+18   1.50760E+10   5.31481E+02   3.68806E-02   1.45183E-08
 4.17250E+01   2.88971E+18   1.50776E+10   5.31480E+02   3.68806E-02   1.45183E-08
 4.17750E+01   2.88969E+18   1.50792E+10   5.31479E+02   3.68806E-02   1.45183E-08
 4.18250E+01   2.88968E+18   1.58232E+10   5.31477E+02   3.68806E-02   1.45184E-08
 4.18750E+01   2.88966E+18   1.76984E+10   5.31476E+02   3.68806E-02   1.45184E-08
 4.19250E+01   2.88964E+18   2.04081E+10   5.31475E+02   3.68806E-02   1.45184E-08
 4.19750E+01   2.88962E+18   2.37491E+10   5.31474E+02   3.68806E-02   1.45185E-08
 4.20250E+01   2.88961E+18   2.75365E+10   5.31472E+02   3.68806E-02   1.45185E-08
 4.20750E+01   2.88959E+18   3.16156E+10   5.31471E+02   3.68806E-02   1.45185E-08
 4.21250E+01   2.88957E+18   3.58498E+10   5.31470E+02   3.68806E-02   1.45186E-08
 4.21750E+01   2.88955E+18   4.01157E+10   5.31469E+02   3.68806E-02   1.45186E-08
 4.22250E+01   2.88954E+18   4.43007E+10   5.31468E+02   3.68806E-02   1.45186E-08
 4.22750E+01   2.88952E+18   4.83022E+10   5.31466E+02   3.68806E-02   1.45186E-08
 4.23250E+01   2.88950E+18   5.20279E+10   5.31465E+02   3.68806E-02   1.45187E-08
 4.23750E+01   2.88948E+18   5.53974E+10   5.31464E+02   3.68806E-02   1.45187E-08
 4.24250E+01   2.88946E+18   5.83443E+10   5.31463E+02   3.68806E-02   1.45187E-08
 4.24750E+01   2.88944E+18   6.08186E+10   5.31461E+02   3.68806E-02   1.45188E-08
 4.25250E+01   2.88943E+18   6.27879E+10   5.31460E+02   3.68806E-02   1.45188E-08
 4.25750E+01   2.88941E+18   6.42405E+10   5.31459E+02   3.68806E-02   1.45188E-08
 4.26250E+01   2.88939E+18   6.51820E+10   5.31458E+02   3.68806E-02   1.45189E-08
 4.26750E+01   2.88937E+18   6.56466E+10   5.31456E+02   3.68806E-02   1.45189E-08
 4.27250E+01   2.88936E+18   6.56959E+10   5.31455E+02   3.68806E-02   1.45189E-08
 4.27750E+01   2.88934E+18   6.57069E+10   5.31454E+02   3.68806E-02   1.45189E-08
 4.28250E+01   2.88932E+18   6.57178E+10   5.31453E+02   3.68806E-02   1.45190E-08
 4.28750E+01   2.88930E+18   6.48053E+10   5.31452E+02   3.68806E-02   1.45190E-08
 4.29250E+01   2.88928E+18   6.25487E+10   5.31450E+02   3.68806E-02   1.45190E-08
 4.29750E+01   2.88926E+18   5.93382E+10   5.31449E+02   3.68806E-02   1.45191E-08
 4.30250E+01   2.88925E+18   5.54585E+10   5.31448E+02   3.68806E-02   1.45191E-08
 4.30750E+01   2.88923E+18   5.11720E+10   5.31447E+02   3.68806E-02   1.45191E-08
 4.31250E+01   2.88921E+18   4.66967E+10   5.31445E+02   3.68806E-02   1.45192E-08
 4.31750E+01   2.88919E+18   4.22156E+10   5.31444E+02   3.68806E-02   1.45192E-08
 4.32250E+01   2.88917E+18   3.78772E+10   5.31443E+02   3.68806E-02   1.45192E-08
 4.32750E+01   2.88915E+18   3.37968E+10   5.31442E+02   3.68806E-02   1.45192E-08
 4.33250E+01   2.88914E+18   3.00597E+10   5.31440E+02   3.68806E-02   1.45193E-08
 4.33750E+01   2.88912E+18   2.67237E+10   5.31439E+02   3.68806E-02   1.45193E-08
 4.34250E+01   2.88910E+18   2.38227E+10   5.31438E+02   3.68806E-02   1.45193E-08
 4.34750E+01   2.88908E+18   2.13704E+10   5.31437E+02   3.68806E-02   1.45194E-08
 4.35250E+01   2.88906E+18   1.93635E+10   5.31435E+02   3.68806E-02   1.45194E-08
 4.35750E+01   2.88904E+18   1.77855E+10   5.31434E+02   3.68806E-02   1.45194E-08
 4.36250E+01   2.88903E+18   1.66094E+10   5.31433E+02   3.68806E-02   1.45195E-08
 4.36750E+01   2.88901E+18   1.58007E+10   5.31431E+02   3.68806E-02   1.45195E-08
 4.37250E+01   2.88899E+18   1.53209E+10   5.31430E+02   3.68806E-02   1.45195E-08
 4.37750E+01   2.88897E+18   1.51358E+10   5.31429E+02   3.68806E-02   1.45196E-08
 4.38250E+01   2.88895E+18   1.51329E+10   5.31427E+02   3.68806E-02   1.45196E-08
 4.38750E+01   2.88893E+18   1.51347E+10   5.31426E+02   3.68806E-02   1.45196E-08
 4.39250E+01   2.88891E+18   1.51828E+10   5.31425E+02   3.68806E-02   1.45197E-08
 4.39750E+01   2.88889E+18   1.62109E+10   5.31423E+02   3.68806E-02   1.45197E-08
 4.40250E+01   2.88887E+18   1.82652E+10   5.31422E+02   3.68806E-02   1.45197E-08
 4.40750E+01   2.88885E+18   2.11185E+10   5.31419E+02   3.68805E-02   1.45197E-08
 4.41250E+01   2.88882E+18   2.45531E+10   5.31417E+02   3.68804E-02   1.45198E-08
 4.41750E+01   2.88879E+18   2.83947E+10   5.31414E+02   3.68803E-02   1.45198E-08
 4.42250E+01   2.88876E+18   3.24931E+10   5.31411E+02   3.68802E-02   1.45198E-08
 4.42750E+01   2.88873E+18   3.67147E+10   5.31408E+02   3.68800E-02   1.45199E-08
 4.43250E+01   2.88870E+18   4.09394E+10   5.31404E+02   3.68799E-02   1.45199E-08
 4.43750E+01   2.88867E+18   4.50580E+10   5.31401E+02   3.68797E-02   1.45199E-08
 4.44250E+01   2.88864E+18   4.89718E+10   5.31397E+02   3.68796E-02   1.45200E-08
 4.44750E+01   2.88861E+18   5.25933E+10   5.31394E+02   3.68794E-02   1.45200E-08
 4.45250E+01   2.88858E+18   5.58477E+10   5.31390E+02   3.68792E-02   1.45200E-08
 4.45750E+01   2.88855E+18   5.86747E+10   5.31387E+02   3.68791E-02   1.45201E-08
 4.46250E+01   2.88852E+18   6.10304E+10   5.31383E+02   3.68789E-02   1.45201E-08
 4.46750E+01   2.88848E+18   6.28887E+10   5.31380E+02   3.68787E-02   1.45201E-08
 4.47250E+01   2.88845E+18   6.42424E+10   5.31376E+02   3.68786E-02   1.45202E-08
 4.47750E+01   2.88842E+18   6.51006E+10   5.31372E+02   3.68784E-02   1.45202E-08
 4.48250E+01   2.88839E+18   6.54934E+10   5.31369E+02   3.68783E-02   1.45202E-08
 4.48750E+01   2.88836E+18   6.55156E+10   5.31366E+02   3.68781E-02   1.45202E-08
 4.49250E+01   2.88833E+18   6.55170E+10   5.31363E+02   3.68780E-02   1.45203E-08
 4.49750E+01   2.88830E+18   6.55146E+10   5.31360E+02   3.68779E-02   1.45203E-08
 4.50250E+01   2.88828E+18   6.44304E+10   5.31357E+02   3.68778E-02   1.45203E-08
 4.50750E+01   2.88826E+18   6.21261E+10   5.31355E+02   3.68777E-02   1.45204E-08
 4.51250E+01   2.88824E+18   5.88823E+10   5.31354E+02   3.68777E-02   1.45204E-08
 4.51750E+01   2.88822E+18   5.50045E+10   5.31352E+02   3.68777E-02   1.45204E-08
 4.52250E+01   2.88820E+18   5.07446E+10   5.31351E+02   3.68777E-02   1.45205E-08
 4.52750E+01   2.88818E+18   4.63139E+10   5.31350E+02   3.68777E-02   1.45205E-08
 4.53250E+01   2.88816E+18   4.18882E+10   5.31348E+02   3.68777E-02   1.45205E-08
 4.53750E+01   2.88814E+18   3.76095E+10   5.31347E+02   3.68777E-02   1.45206E-08
 4.54250E+01   2.88813E+18   3.35881E+10   5.31346E+02   3.68777E-02   1.45206E-08
 4.54750E+01   2.88811E+18   2.99057E+10   5.31345E+02   3.68777E-02   1.45206E-08
 4.55250E+01   2.88809E+18   2.66179E+10   5.31344E+02   3.68777E-02   1.45206E-08
 4.55750E+01   2.88807E+18   2.37577E+10   5.31342E+02   3.68777E-02   1.45207E-08
 4.56250E+01   2.88805E+18   2.13385E+10   5.31341E+02   3.68777E-02   1.45207E-08
 4.56750E+01   2.88803E+18   1.93578E+10   5.31340E+02   3.68777E-02   1.45207E-08
 4.57250E+01   2.88802E+18   1.77999E+10   5.31339E+02   3.68777E-02   1.45208E-08
 4.57750E+01   2.88800E+18   1.66395E+10   5.31338E+02   3.68777E-02   1.45208E-08
 4.58250E+01   2.88798E+18   1.58435E+10   5.31337E+02   3.68777E-02   1.45208E-08
 4.58750E+01   2.88796E+18   1.53742E+10   5.31336E+02   3.68777E-02   1.45209E-08
 4.59250E+01   2.88795E+18   1.51987E+10   5.31335E+02   3.68777E-02   1.45209E-08
 4.59750E+01   2.88793E+18   1.51944E+10   5.31333E+02   3.68777E-02   1.45209E-08
 4.60250E+01   2.88791E+18   1.51935E+10   5.31332E+02   3.68777E-02   1.45209E-08
 4.60750E+01   2.88789E+18   1.52555E+10   5.31331E+02   3.68777E-02   1.45210E-08
 4.61250E+01   2.88787E+18   1.63231E+10   5.31330E+02   3.68777E-02   1.45210E-08
 4.61750E+01   2.88786E+18   1.84151E+10   5.31329E+02   3.68777E-02   1.45210E-08
 4.62250E+01   2.88784E+18   2.12981E+10   5.31328E+02   3.68777E-02   1.45211E-08
 4.62750E+01   2.88782E+18   2.47564E+10   5.31327E+02   3.68777E-02   1.45211E-08
 4.63250E+01   2.88780E+18   2.86153E+10   5.31326E+02   3.68777E-02   1.45211E-08
 4.63750E+01   2.88779E+18   3.27228E+10   5.31325E+02   3.68777E-02   1.45211E-08
 4.64250E+01   2.88777E+18   3.69440E+10   5.31324E+02   3.68777E-02   1.45212E-08
 4.64750E+01   2.88775E+18   4.11582E+10   5.31323E+02   3.68777E-02   1.45212E-08
 4.65250E+01   2.88774E+18   4.52562E+10   5.31321E+02   3.68777E-02   1.45212E-08
 4.65750E+01   2.88772E+18   4.91402E+10   5.31320E+02   3.68777E-02   1.45213E-08
 4.66250E+01   2.88770E+18   5.27241E+10   5.31319E+02   3.68777E-02   1.45213E-08
 4.66750E+01   2.88768E+18   5.59348E+10   5.31318E+02   3.68777E-02   1.45213E-08
 4.67250E+01   2.88767E+18   5.87144E+10   5.31317E+02   3.68777E-02   1.45214E-08
 4.67750E+01   2.88765E+18   6.10217E+10   5.31316E+02   3.68777E-02   1.45214E-08
 4.68250E+01   2.88763E+18   6.28332E+10   5.31315E+02   3.68777E-02   1.45214E-08
 4.68750E+01   2.88762E+18   6.41453E+10   5.31313E+02   3.68777E-02   1.45214E-08
 4.69250E+01   2.88760E+18   6.49692E+10   5.31312E+02   3.68777E-02   1.45215E-08
 4.69750E+01   2.88758E+18   6.53352E+10   5.31311E+02   3.68777E-02   1.45215E-08
 4.70250E+01   2.88756E+18   6.53474E+10   5.31310E+02   3.68777E-02   1.45215E-08
 4.70750E+01   2.88755E+18   6.53410E+10   5.31309E+02   3.68777E-02   1.45216E-08
 4.71250E+01   2.88753E+18   6.53165E+10   5.31308E+02   3.68777E-02   1.45216E-08
 4.71750E+01   2.88751E+18   6.41692E+10   5.31307E+02   3.68777E-02   1.45216E-08
 4.72250E+01   2.88750E+18   6.18111E+10   5.31305E+02   3.68777E-02   1.45216E-08
 4.72750E+01   2.88748E+18   5.85315E+10   5.31304E+02   3.68777E-02   1.45217E-08
 4.73250E+01   2.88746E+18   5.46385E+10   5.31303E+02   3.68777E-02   1.45217E-08
 4.73750E+01   2.88744E+18   5.03809E+10   5.31302E+02   3.68777E-02   1.45217E-08
 4.74250E+01   2.88743E+18   4.59656E+10   5.31301E+02   3.68777E-02   1.45217E-08
 4.74750E+01   2.88741E+18   4.15644E+10   5.31300E+02   3.68777E-02   1.45218E-08
 4.75250E+01   2.88739E+18   3.73158E+10   5.31299E+02   3.68777E-02   1.45218E-08
 4.75750E+01   2.88738E+18   3.33278E+10   5.31298E+02   3.68777E-02   1.45218E-08
 4.76250E+01   2.88736E+18   2.96806E+10   5.31297E+02   3.68777E-02   1.45219E-08
 4.76750E+01   2.88734E+18   2.64285E+10   5.31296E+02   3.68777E-02   1.45219E-08
 4.77250E+01   2.88733E+18   2.36038E+10   5.31295E+02   3.68777E-02   1.45219E-08
 4.77750E+01   2.88731E+18   2.12193E+10   5.31294E+02   3.68777E-02   1.45219E-08
 4.78250E+01   2.88730E+18   1.92718E+10   5.31293E+02   3.68777E-02   1.45220E-08
 4.78750E+01   2.88728E+18   1.77454E+10   5.31292E+02   3.68777E-02   1.45220E-08
 4.79250E+01   2.88726E+18   1.66151E+10   5.31291E+02   3.68777E-02   1.45220E-08
 4.79750E+01   2.88725E+18   1.58483E+10   5.31290E+02   3.68777E-02   1.45221E-08
 4.80250E+01   2.88723E+18   1.54055E+10   5.31288E+02   3.68777E-02   1.45221E-08
 4.80750E+01   2.88721E+18   1.52623E+10   5.31287E+02   3.68777E-02   1.45221E-08
 4.81250E+01   2.88720E+18   1.52614E+10   5.31286E+02   3.68777E-02   1.45221E-08
 4.81750E+01   2.88718E+18   1.52614E+10   5.31285E+02   3.68777E-02   1.45222E-08
 4.82250E+01   2.88716E+18   1.53870E+10   5.31284E+02   3.68777E-02   1.45222E-08
 4.82750E+01   2.88715E+18   1.66009E+10   5.31283E+02   3.68777E-02   1.45222E-08
 4.83250E+01   2.88713E+18   1.88290E+10   5.31282E+02   3.68777E-02   1.45222E-08
 4.83750E+01   2.88712E+18   2.18202E+10   5.31281E+02   3.68777E-02   1.45223E-08
 4.84250E+01   2.88710E+18   2.53649E+10   5.31280E+02   3.68777E-02   1.45223E-08
 4.84750E+01   2.88708E+18   2.92885E+10   5.31279E+02   3.68777E-02   1.45223E-08
 4.85250E+01   2.88707E+18   3.34379E+10   5.31278E+02   3.68777E-02   1.45224E-08
 4.85750E+01   2.88705E+18   3.76785E+10   5.31277E+02   3.68777E-02   1.45224E-08
 4.86250E+01   2.88704E+18   4.18919E+10   5.31276E+02   3.68777E-02   1.45224E-08
 4.86750E+01   2.88702E+18   4.59716E+10   5.31275E+02   3.68777E-02   1.45224E-08
 4.87250E+01   2.88700E+18   4.97994E+10   5.31274E+02   3.68777E-02   1.45225E-08
 4.87750E+01   2.88699E+18   5.32252E+10   5.31273E+02   3.68777E-02   1.45225E-08
 4.88250E+01   2.88697E+18   5.64634E+10   5.31272E+02   3.68777E-02   1.45225E-08
 4.88750E+01   2.88696E+18   6.06629E+10   5.31271E+02   3.68777E-02   1.45225E-08
 4.89250E+01   2.88695E+18   6.18844E+10   5.31270E+02   3.68777E-02   1.45226E-08
 4.89750E+01   2.88694E+18   6.26334E+10   5.31269E+02   3.68777E-02   1.45226E-08
