      xx/10.        Omega0        Omega1        Omega2           C_l         r_avg
         [-]       [kg^-1]     [m kg^-1]   [m^2 kg^-1]           [-]           [m]
 1.02500E+00   8.78686E+16   1.63868E+08   5.72714E-01   1.47533E-05   3.42731E-09
 1.07500E+00   1.19543E+17   2.37082E+08   9.14520E-01   2.47712E-05   3.67628E-09
 1.12500E+00   1.41290E+17   2.79576E+08   1.29755E+00   3.77093E-05   3.99988E-09
 1.17500E+00   1.54715E+17   3.75832E+08   1.75624E+00   5.38332E-05   4.36959E-09
 1.22500E+00   1.61243E+17   4.71317E+08   2.26759E+00   7.32767E-05   4.77636E-09
 1.27500E+00   1.62152E+17   5.50774E+08   2.79888E+00   9.60241E-05   5.21700E-09
 1.32500E+00   1.58595E+17   6.13246E+08   3.32191E+00   1.22007E-04   5.69245E-09
 1.37500E+00   1.51606E+17   6.65542E+08   3.81322E+00   1.51204E-04   6.20703E-09
 1.42500E+00   1.42105E+17   6.71851E+08   4.23901E+00   1.83748E-04   6.76819E-09
 1.47500E+00   1.30906E+17   6.71872E+08   4.60454E+00   2.20118E-04   7.38754E-09
 1.52500E+00   1.18718E+17   6.64207E+08   4.91326E+00   2.61201E-04   8.08017E-09
 1.57500E+00   1.06153E+17   6.41123E+08   5.16779E+00   3.08340E-04   8.86408E-09
 1.62500E+00   9.37271E+16   6.08066E+08   5.38049E+00   3.63417E-04   9.75996E-09
 1.67500E+00   8.18616E+16   5.68663E+08   5.57018E+00   4.28918E-04   1.07903E-08
 1.72500E+00   7.08844E+16   5.25878E+08   5.76075E+00   5.07981E-04   1.19775E-08
 1.77500E+00   6.10303E+16   4.82372E+08   5.98047E+00   6.04426E-04   1.33414E-08
 1.82500E+00   5.24442E+16   4.40526E+08   6.26133E+00   7.22781E-04   1.48949E-08
 1.87500E+00   4.51894E+16   4.02408E+08   6.63854E+00   8.68271E-04   1.66395E-08
 1.92500E+00   3.92606E+16   3.69876E+08   7.15012E+00   1.04681E-03   1.85597E-08
 1.97500E+00   3.46020E+16   3.44674E+08   7.83643E+00   1.26494E-03   2.06185E-08
 2.02500E+00   3.11264E+16   3.28361E+08   8.73935E+00   1.52975E-03   2.27561E-08
 2.07500E+00   2.87350E+16   3.23818E+08   9.90198E+00   1.84877E-03   2.48938E-08
 2.12500E+00   2.73321E+16   3.24727E+08   1.13652E+01   2.22981E-03   2.69443E-08
 2.17500E+00   2.68343E+16   3.25876E+08   1.31769E+01   2.68076E-03   2.88264E-08
 2.22500E+00   2.71751E+16   3.44062E+08   1.53979E+01   3.20930E-03   3.04800E-08
 2.27500E+00   2.83051E+16   3.82105E+08   1.80795E+01   3.82252E-03   3.18735E-08
 2.32500E+00   3.01908E+16   4.31564E+08   2.12647E+01   4.52654E-03   3.30039E-08
 2.37500E+00   3.28119E+16   4.93068E+08   2.49970E+01   5.32605E-03   3.38891E-08
 2.42500E+00   3.61594E+16   5.69054E+08   2.93186E+01   6.22398E-03   3.45582E-08
 2.47500E+00   4.02327E+16   6.61650E+08   3.42667E+01   7.22098E-03   3.50435E-08
 2.52500E+00   4.50385E+16   7.72411E+08   3.98701E+01   8.31506E-03   3.53749E-08
 2.57500E+00   5.05881E+16   9.02694E+08   4.61474E+01   9.50130E-03   3.55778E-08
 2.62500E+00   5.68963E+16   1.05384E+09   5.31048E+01   1.07716E-02   3.56726E-08
 2.67500E+00   6.39792E+16   1.22715E+09   6.07347E+01   1.21149E-02   3.56749E-08
 2.72500E+00   7.18532E+16   1.42381E+09   6.90148E+01   1.35171E-02   3.55970E-08
 2.77500E+00   8.05336E+16   1.64483E+09   7.79077E+01   1.49615E-02   3.54488E-08
 2.82500E+00   9.00328E+16   1.89100E+09   8.73612E+01   1.64299E-02   3.52381E-08
 2.87500E+00   1.00359E+17   2.16288E+09   9.73103E+01   1.79026E-02   3.49721E-08
 2.92500E+00   1.11516E+17   2.46083E+09   1.07679E+02   1.93601E-02   3.46571E-08
 2.97500E+00   1.23499E+17   2.78494E+09   1.18382E+02   2.07834E-02   3.42993E-08
 3.02500E+00   1.36299E+17   3.13514E+09   1.29332E+02   2.21551E-02   3.39049E-08
 3.07500E+00   1.49895E+17   3.51122E+09   1.40438E+02   2.34604E-02   3.34799E-08
 3.12500E+00   1.64258E+17   3.91284E+09   1.51611E+02   2.46869E-02   3.30305E-08
 3.17500E+00   1.79350E+17   4.33960E+09   1.62766E+02   2.58257E-02   3.25625E-08
 3.22500E+00   1.95121E+17   4.79099E+09   1.73824E+02   2.68710E-02   3.20820E-08
 3.27500E+00   2.11510E+17   5.26645E+09   1.84716E+02   2.78199E-02   3.15944E-08
 3.32500E+00   2.28445E+17   5.76532E+09   1.95378E+02   2.86723E-02   3.11049E-08
 3.37500E+00   2.45844E+17   6.28682E+09   2.05757E+02   2.94306E-02   3.06183E-08
 3.42500E+00   2.63614E+17   6.83005E+09   2.15807E+02   3.00989E-02   3.01390E-08
 3.47500E+00   2.81653E+17   7.39388E+09   2.25488E+02   3.06824E-02   2.96706E-08
 3.52500E+00   2.99849E+17   7.97677E+09   2.34768E+02   3.11874E-02   2.92164E-08
 3.57500E+00   3.18084E+17   8.57649E+09   2.43621E+02   3.16208E-02   2.87792E-08
 3.62500E+00   3.36231E+17   9.18970E+09   2.52022E+02   3.19892E-02   2.83611E-08
 3.67500E+00   3.54162E+17   9.81182E+09   2.59953E+02   3.22994E-02   2.79640E-08
 3.72500E+00   3.71743E+17   1.04370E+10   2.67398E+02   3.25576E-02   2.75891E-08
 3.77500E+00   3.88839E+17   1.10589E+10   2.74343E+02   3.27698E-02   2.72376E-08
 3.82500E+00   4.05316E+17   1.16712E+10   2.80775E+02   3.29411E-02   2.69101E-08
 3.87500E+00   4.21044E+17   1.22691E+10   2.86683E+02   3.30762E-02   2.66071E-08
 3.92500E+00   4.35893E+17   1.28487E+10   2.92059E+02   3.31791E-02   2.63287E-08
 3.97500E+00   4.49743E+17   1.34067E+10   2.96892E+02   3.32533E-02   2.60751E-08
 4.02500E+00   4.62478E+17   1.39384E+10   3.01175E+02   3.33017E-02   2.58460E-08
 4.07500E+00   4.73996E+17   1.44359E+10   3.04901E+02   3.33268E-02   2.56414E-08
 4.12500E+00   4.84202E+17   1.48867E+10   3.08063E+02   3.33304E-02   2.54609E-08
 4.17500E+00   4.93014E+17   1.52751E+10   3.10655E+02   3.33143E-02   2.53042E-08
 4.22500E+00   5.00365E+17   1.55852E+10   3.12674E+02   3.32796E-02   2.51709E-08
 4.27500E+00   5.06199E+17   1.58052E+10   3.14118E+02   3.32273E-02   2.50607E-08
 4.32500E+00   5.10478E+17   1.59324E+10   3.14987E+02   3.31581E-02   2.49731E-08
 4.37500E+00   5.13177E+17   1.59632E+10   3.15283E+02   3.30727E-02   2.49078E-08
 4.42500E+00   5.14288E+17   1.59642E+10   3.15011E+02   3.29714E-02   2.48644E-08
 4.47500E+00   5.13817E+17   1.59650E+10   3.14175E+02   3.28545E-02   2.48426E-08
 4.52500E+00   5.11786E+17   1.59292E+10   3.12784E+02   3.27223E-02   2.48420E-08
 4.57500E+00   5.08230E+17   1.57760E+10   3.10846E+02   3.25749E-02   2.48624E-08
 4.62500E+00   5.03200E+17   1.55371E+10   3.08373E+02   3.24125E-02   2.49034E-08
 4.67500E+00   4.96757E+17   1.52339E+10   3.05381E+02   3.22354E-02   2.49650E-08
 4.72500E+00   4.88977E+17   1.48787E+10   3.01886E+02   3.20437E-02   2.50469E-08
 4.77500E+00   4.79944E+17   1.44791E+10   2.97909E+02   3.18380E-02   2.51490E-08
 4.82500E+00   4.69752E+17   1.40396E+10   2.93472E+02   3.16185E-02   2.52712E-08
 4.87500E+00   4.58503E+17   1.35637E+10   2.88599E+02   3.13859E-02   2.54136E-08
 4.92500E+00   4.46306E+17   1.30552E+10   2.83319E+02   3.11409E-02   2.55761E-08
 4.97500E+00   4.33275E+17   1.25178E+10   2.77663E+02   3.08844E-02   2.57589E-08
 5.02500E+00   4.19525E+17   1.19560E+10   2.71661E+02   3.06174E-02   2.59620E-08
 5.07500E+00   4.05176E+17   1.13743E+10   2.65351E+02   3.03412E-02   2.61857E-08
 5.12500E+00   3.90347E+17   1.07774E+10   2.58770E+02   3.00573E-02   2.64302E-08
 5.17500E+00   3.75159E+17   1.01700E+10   2.51958E+02   2.97674E-02   2.66958E-08
 5.22500E+00   3.59727E+17   9.55689E+09   2.44957E+02   2.94732E-02   2.69828E-08
 5.27500E+00   3.44166E+17   8.94273E+09   2.37813E+02   2.91770E-02   2.72914E-08
 5.32500E+00   3.28588E+17   8.33227E+09   2.30571E+02   2.88810E-02   2.76220E-08
 5.37500E+00   3.13096E+17   7.73016E+09   2.23279E+02   2.85875E-02   2.79749E-08
 5.42500E+00   2.97793E+17   7.14091E+09   2.15986E+02   2.82993E-02   2.83501E-08
 5.47500E+00   2.82771E+17   6.56885E+09   2.08741E+02   2.80189E-02   2.87479E-08
 5.52500E+00   2.68120E+17   6.01802E+09   2.01594E+02   2.77492E-02   2.91681E-08
 5.57500E+00   2.53919E+17   5.49215E+09   1.94596E+02   2.74930E-02   2.96104E-08
 5.62500E+00   2.40242E+17   4.99459E+09   1.87795E+02   2.72530E-02   3.00739E-08
 5.67500E+00   2.27156E+17   4.52826E+09   1.81240E+02   2.70321E-02   3.05577E-08
 5.72500E+00   2.14719E+17   4.09558E+09   1.74976E+02   2.68327E-02   3.10599E-08
 5.77500E+00   2.02985E+17   3.69848E+09   1.69047E+02   2.66575E-02   3.15781E-08
 5.82500E+00   1.91998E+17   3.33838E+09   1.63495E+02   2.65085E-02   3.21093E-08
 5.87500E+00   1.81795E+17   3.01615E+09   1.58356E+02   2.63877E-02   3.26494E-08
 5.92500E+00   1.72410E+17   2.73224E+09   1.53664E+02   2.62967E-02   3.31931E-08
 5.97500E+00   1.63866E+17   2.48672E+09   1.49449E+02   2.62367E-02   3.37345E-08
 6.02500E+00   1.56185E+17   2.27934E+09   1.45735E+02   2.62086E-02   3.42664E-08
 6.07500E+00   1.49381E+17   2.10960E+09   1.42540E+02   2.62126E-02   3.47808E-08
 6.12500E+00   1.43462E+17   1.97673E+09   1.39880E+02   2.62486E-02   3.52689E-08
 6.17500E+00   1.38433E+17   1.87958E+09   1.37763E+02   2.63162E-02   3.57215E-08
 6.22500E+00   1.34293E+17   1.81663E+09   1.36192E+02   2.64143E-02   3.61296E-08
 6.27500E+00   1.31040E+17   1.78500E+09   1.35165E+02   2.65414E-02   3.64844E-08
 6.32500E+00   1.28666E+17   1.78149E+09   1.34677E+02   2.66956E-02   3.67785E-08
 6.37500E+00   1.27159E+17   1.78126E+09   1.34715E+02   2.68748E-02   3.70056E-08
 6.42500E+00   1.26506E+17   1.78103E+09   1.35265E+02   2.70765E-02   3.71617E-08
 6.47500E+00   1.26690E+17   1.81190E+09   1.36309E+02   2.72978E-02   3.72447E-08
 6.52500E+00   1.27690E+17   1.89020E+09   1.37824E+02   2.75359E-02   3.72548E-08
 6.57500E+00   1.29487E+17   2.00045E+09   1.39787E+02   2.77877E-02   3.71944E-08
 6.62500E+00   1.32054E+17   2.13335E+09   1.42168E+02   2.80501E-02   3.70677E-08
 6.67500E+00   1.35365E+17   2.28231E+09   1.44938E+02   2.83200E-02   3.68805E-08
 6.72500E+00   1.39393E+17   2.44400E+09   1.48067E+02   2.85944E-02   3.66394E-08
 6.77500E+00   1.44106E+17   2.61736E+09   1.51522E+02   2.88705E-02   3.63518E-08
 6.82500E+00   1.49472E+17   2.80268E+09   1.55272E+02   2.91456E-02   3.60252E-08
 6.87500E+00   1.55457E+17   3.00091E+09   1.59284E+02   2.94174E-02   3.56670E-08
 6.92500E+00   1.62024E+17   3.21321E+09   1.63527E+02   2.96835E-02   3.52842E-08
 6.97500E+00   1.69136E+17   3.44080E+09   1.67969E+02   2.99421E-02   3.48833E-08
 7.02500E+00   1.76751E+17   3.68502E+09   1.72578E+02   3.01916E-02   3.44701E-08
 7.07500E+00   1.84830E+17   3.94737E+09   1.77326E+02   3.04306E-02   3.40498E-08
 7.12500E+00   1.93328E+17   4.22955E+09   1.82182E+02   3.06580E-02   3.36267E-08
 7.17500E+00   2.02202E+17   4.53338E+09   1.87117E+02   3.08730E-02   3.32047E-08
 7.22500E+00   2.11403E+17   4.86067E+09   1.92106E+02   3.10750E-02   3.27870E-08
 7.27500E+00   2.20885E+17   5.21305E+09   1.97120E+02   3.12635E-02   3.23762E-08
 7.32500E+00   2.30599E+17   5.59186E+09   2.02135E+02   3.14385E-02   3.19745E-08
 7.37500E+00   2.40493E+17   5.99803E+09   2.07126E+02   3.16000E-02   3.15837E-08
 7.42500E+00   2.50518E+17   6.43193E+09   2.12069E+02   3.17479E-02   3.12052E-08
 7.47500E+00   2.60619E+17   6.89338E+09   2.16942E+02   3.18827E-02   3.08402E-08
 7.52500E+00   2.70746E+17   7.38148E+09   2.21725E+02   3.20047E-02   3.04896E-08
 7.57500E+00   2.80843E+17   7.89470E+09   2.26397E+02   3.21144E-02   3.01541E-08
 7.62500E+00   2.90858E+17   8.43083E+09   2.30940E+02   3.22123E-02   2.98342E-08
 7.67500E+00   3.00738E+17   8.98717E+09   2.35337E+02   3.22992E-02   2.95304E-08
 7.72500E+00   3.10429E+17   9.56060E+09   2.39575E+02   3.23758E-02   2.92429E-08
 7.77500E+00   3.19880E+17   1.01477E+10   2.43640E+02   3.24429E-02   2.89720E-08
 7.82500E+00   3.29039E+17   1.07445E+10   2.47523E+02   3.25017E-02   2.87180E-08
 7.87500E+00   3.37856E+17   1.13461E+10   2.51201E+02   3.25510E-02   2.84804E-08
 7.92500E+00   3.46284E+17   1.19470E+10   2.54652E+02   3.25896E-02   2.82586E-08
 7.97500E+00   3.54276E+17   1.25405E+10   2.57855E+02   3.26167E-02   2.80523E-08
 8.02500E+00   3.61788E+17   1.31181E+10   2.60794E+02   3.26319E-02   2.78610E-08
 8.07500E+00   3.68780E+17   1.36695E+10   2.63455E+02   3.26349E-02   2.76847E-08
 8.12500E+00   3.75214E+17   1.41830E+10   2.65825E+02   3.26259E-02   2.75230E-08
 8.17500E+00   3.81056E+17   1.46464E+10   2.67895E+02   3.26049E-02   2.73758E-08
 8.22500E+00   3.86274E+17   1.50487E+10   2.69657E+02   3.25722E-02   2.72428E-08
 8.27500E+00   3.90842E+17   1.53812E+10   2.71104E+02   3.25281E-02   2.71240E-08
 8.32500E+00   3.94736E+17   1.56389E+10   2.72231E+02   3.24731E-02   2.70193E-08
 8.37500E+00   3.97939E+17   1.58207E+10   2.73036E+02   3.24075E-02   2.69284E-08
 8.42500E+00   4.00437E+17   1.59294E+10   2.73518E+02   3.23317E-02   2.68514E-08
 8.47500E+00   4.02220E+17   1.59679E+10   2.73677E+02   3.22464E-02   2.67880E-08
 8.52500E+00   4.03282E+17   1.59651E+10   2.73514E+02   3.21520E-02   2.67383E-08
 8.57500E+00   4.03625E+17   1.59614E+10   2.73034E+02   3.20490E-02   2.67022E-08
 8.62500E+00   4.03252E+17   1.59449E+10   2.72243E+02   3.19381E-02   2.66796E-08
 8.67500E+00   4.02173E+17   1.58077E+10   2.71148E+02   3.18198E-02   2.66704E-08
 8.72500E+00   4.00402E+17   1.55582E+10   2.69756E+02   3.16947E-02   2.66746E-08
 8.77500E+00   3.97956E+17   1.52270E+10   2.68079E+02   3.15636E-02   2.66923E-08
 8.82500E+00   3.94859E+17   1.48365E+10   2.66129E+02   3.14272E-02   2.67232E-08
 8.87500E+00   3.91137E+17   1.44009E+10   2.63919E+02   3.12860E-02   2.67676E-08
 8.92500E+00   3.86820E+17   1.39286E+10   2.61463E+02   3.11410E-02   2.68252E-08
 8.97500E+00   3.81942E+17   1.34245E+10   2.58778E+02   3.09928E-02   2.68961E-08
 9.02500E+00   3.76542E+17   1.28920E+10   2.55881E+02   3.08423E-02   2.69802E-08
 9.07500E+00   3.70658E+17   1.23342E+10   2.52792E+02   3.06902E-02   2.70776E-08
 9.12500E+00   3.64335E+17   1.17547E+10   2.49529E+02   3.05375E-02   2.71881E-08
 9.17500E+00   3.57618E+17   1.11574E+10   2.46113E+02   3.03851E-02   2.73117E-08
 9.22500E+00   3.50554E+17   1.05467E+10   2.42566E+02   3.02336E-02   2.74482E-08
 9.27500E+00   3.43191E+17   9.92728E+09   2.38910E+02   3.00841E-02   2.75974E-08
 9.32500E+00   3.35581E+17   9.30411E+09   2.35168E+02   2.99374E-02   2.77592E-08
 9.37500E+00   3.27774E+17   8.68217E+09   2.31362E+02   2.97945E-02   2.79333E-08
 9.42500E+00   3.19822E+17   8.06645E+09   2.27518E+02   2.96561E-02   2.81192E-08
 9.47500E+00   3.11776E+17   7.46179E+09   2.23657E+02   2.95232E-02   2.83166E-08
 9.52500E+00   3.03688E+17   6.87285E+09   2.19805E+02   2.93965E-02   2.85249E-08
 9.57500E+00   2.95608E+17   6.30400E+09   2.15983E+02   2.92768E-02   2.87434E-08
 9.62500E+00   2.87586E+17   5.75923E+09   2.12216E+02   2.91650E-02   2.89712E-08
 9.67500E+00   2.79670E+17   5.24212E+09   2.08526E+02   2.90617E-02   2.92074E-08
 9.72500E+00   2.71908E+17   4.75580E+09   2.04935E+02   2.89676E-02   2.94509E-08
 9.77500E+00   2.64345E+17   4.30294E+09   2.01464E+02   2.88834E-02   2.97003E-08
 9.82500E+00   2.57022E+17   3.88573E+09   1.98133E+02   2.88094E-02   2.99541E-08
 9.87500E+00   2.49982E+17   3.50595E+09   1.94962E+02   2.87463E-02   3.02106E-08
 9.92500E+00   2.43261E+17   3.16497E+09   1.91968E+02   2.86944E-02   3.04680E-08
 9.97500E+00   2.36895E+17   2.86379E+09   1.89169E+02   2.86540E-02   3.07240E-08
 1.00250E+01   2.30916E+17   2.60298E+09   1.86578E+02   2.86254E-02   3.09766E-08
 1.00750E+01   2.25354E+17   2.38263E+09   1.84210E+02   2.86086E-02   3.12233E-08
 1.01250E+01   2.20234E+17   2.20225E+09   1.82077E+02   2.86038E-02   3.14616E-08
 1.01750E+01   2.15580E+17   2.06072E+09   1.80189E+02   2.86109E-02   3.16891E-08
 1.02250E+01   2.11411E+17   1.95621E+09   1.78555E+02   2.86299E-02   3.19030E-08
 1.02750E+01   2.07743E+17   1.88639E+09   1.77182E+02   2.86603E-02   3.21011E-08
 1.03250E+01   2.04590E+17   1.84773E+09   1.76073E+02   2.87021E-02   3.22808E-08
 1.03750E+01   2.01961E+17   1.83912E+09   1.75234E+02   2.87547E-02   3.24401E-08
 1.04250E+01   1.99861E+17   1.83922E+09   1.74665E+02   2.88177E-02   3.25771E-08
 1.04750E+01   1.98295E+17   1.83936E+09   1.74365E+02   2.88907E-02   3.26901E-08
 1.05250E+01   1.97262E+17   1.85235E+09   1.74333E+02   2.89729E-02   3.27781E-08
 1.05750E+01   1.96759E+17   1.91469E+09   1.74565E+02   2.90637E-02   3.28403E-08
 1.06250E+01   1.96779E+17   2.01517E+09   1.75054E+02   2.91624E-02   3.28763E-08
 1.06750E+01   1.97314E+17   2.14373E+09   1.75795E+02   2.92683E-02   3.28863E-08
 1.07250E+01   1.98351E+17   2.29330E+09   1.76778E+02   2.93804E-02   3.28707E-08
 1.07750E+01   1.99876E+17   2.45896E+09   1.77994E+02   2.94979E-02   3.28305E-08
 1.08250E+01   2.01873E+17   2.63794E+09   1.79431E+02   2.96201E-02   3.27671E-08
 1.08750E+01   2.04320E+17   2.82917E+09   1.81077E+02   2.97459E-02   3.26819E-08
 1.09250E+01   2.07198E+17   3.03283E+09   1.82918E+02   2.98745E-02   3.25767E-08
 1.09750E+01   2.10482E+17   3.24992E+09   1.84939E+02   3.00050E-02   3.24535E-08
 1.10250E+01   2.14146E+17   3.48199E+09   1.87126E+02   3.01365E-02   3.23143E-08
 1.10750E+01   2.18165E+17   3.73089E+09   1.89463E+02   3.02681E-02   3.21614E-08
 1.11250E+01   2.22509E+17   3.99859E+09   1.91932E+02   3.03990E-02   3.19967E-08
 1.11750E+01   2.27148E+17   4.28710E+09   1.94517E+02   3.05283E-02   3.18224E-08
 1.12250E+01   2.32051E+17   4.59830E+09   1.97201E+02   3.06553E-02   3.16404E-08
 1.12750E+01   2.37187E+17   4.93389E+09   1.99965E+02   3.07792E-02   3.14526E-08
 1.13250E+01   2.42522E+17   5.29526E+09   2.02792E+02   3.08993E-02   3.12608E-08
 1.13750E+01   2.48024E+17   5.68341E+09   2.05664E+02   3.10150E-02   3.10666E-08
 1.14250E+01   2.53659E+17   6.09888E+09   2.08564E+02   3.11255E-02   3.08715E-08
 1.14750E+01   2.59392E+17   6.54177E+09   2.11474E+02   3.12304E-02   3.06767E-08
 1.15250E+01   2.65190E+17   7.01168E+09   2.14378E+02   3.13292E-02   3.04836E-08
 1.15750E+01   2.71020E+17   7.50777E+09   2.17257E+02   3.14214E-02   3.02930E-08
 1.16250E+01   2.76847E+17   8.02875E+09   2.20097E+02   3.15065E-02   3.01061E-08
 1.16750E+01   2.82640E+17   8.57295E+09   2.22881E+02   3.15844E-02   2.99236E-08
 1.17250E+01   2.88366E+17   9.13816E+09   2.25594E+02   3.16545E-02   2.97462E-08
 1.17750E+01   2.93994E+17   9.72152E+09   2.28223E+02   3.17169E-02   2.95746E-08
 1.18250E+01   2.99493E+17   1.03193E+10   2.30753E+02   3.17711E-02   2.94092E-08
 1.18750E+01   3.04834E+17   1.09268E+10   2.33172E+02   3.18172E-02   2.92506E-08
 1.19250E+01   3.09990E+17   1.15377E+10   2.35468E+02   3.18551E-02   2.90991E-08
 1.19750E+01   3.14934E+17   1.21446E+10   2.37630E+02   3.18847E-02   2.89549E-08
 1.20250E+01   3.19641E+17   1.27386E+10   2.39648E+02   3.19061E-02   2.88185E-08
 1.20750E+01   3.24088E+17   1.33094E+10   2.41513E+02   3.19192E-02   2.86901E-08
 1.21250E+01   3.28253E+17   1.38465E+10   2.43216E+02   3.19243E-02   2.85697E-08
 1.21750E+01   3.32118E+17   1.43392E+10   2.44752E+02   3.19215E-02   2.84576E-08
 1.22250E+01   3.35664E+17   1.47778E+10   2.46115E+02   3.19108E-02   2.83539E-08
 1.22750E+01   3.38876E+17   1.51544E+10   2.47298E+02   3.18927E-02   2.82587E-08
 1.23250E+01   3.41740E+17   1.54634E+10   2.48299E+02   3.18673E-02   2.81720E-08
 1.23750E+01   3.44246E+17   1.57021E+10   2.49115E+02   3.18349E-02   2.80940E-08
 1.24250E+01   3.46383E+17   1.58705E+10   2.49744E+02   3.17958E-02   2.80246E-08
 1.24750E+01   3.48146E+17   1.59719E+10   2.50186E+02   3.17503E-02   2.79639E-08
 1.25250E+01   3.49529E+17   1.60075E+10   2.50441E+02   3.16989E-02   2.79118E-08
 1.25750E+01   3.50530E+17   1.60135E+10   2.50510E+02   3.16419E-02   2.78685E-08
 1.26250E+01   3.51150E+17   1.60193E+10   2.50396E+02   3.15796E-02   2.78338E-08
 1.26750E+01   3.51389E+17   1.60096E+10   2.50103E+02   3.15126E-02   2.78078E-08
 1.27250E+01   3.51252E+17   1.58814E+10   2.49635E+02   3.14412E-02   2.77904E-08
 1.27750E+01   3.50745E+17   1.56428E+10   2.48997E+02   3.13659E-02   2.77816E-08
 1.28250E+01   3.49877E+17   1.53186E+10   2.48195E+02   3.12872E-02   2.77813E-08
 1.28750E+01   3.48657E+17   1.49286E+10   2.47237E+02   3.12055E-02   2.77894E-08
 1.29250E+01   3.47098E+17   1.44877E+10   2.46129E+02   3.11214E-02   2.78059E-08
 1.29750E+01   3.45215E+17   1.40071E+10   2.44882E+02   3.10352E-02   2.78307E-08
 1.30250E+01   3.43021E+17   1.34947E+10   2.43502E+02   3.09475E-02   2.78636E-08
 1.30750E+01   3.40536E+17   1.29561E+10   2.42001E+02   3.08588E-02   2.79045E-08
 1.31250E+01   3.37776E+17   1.23954E+10   2.40389E+02   3.07696E-02   2.79533E-08
 1.31750E+01   3.34762E+17   1.18161E+10   2.38675E+02   3.06802E-02   2.80097E-08
 1.32250E+01   3.31516E+17   1.12218E+10   2.36872E+02   3.05913E-02   2.80737E-08
 1.32750E+01   3.28060E+17   1.06162E+10   2.34991E+02   3.05033E-02   2.81449E-08
 1.33250E+01   3.24415E+17   1.00031E+10   2.33044E+02   3.04166E-02   2.82231E-08
 1.33750E+01   3.20608E+17   9.38706E+09   2.31042E+02   3.03318E-02   2.83080E-08
 1.34250E+01   3.16661E+17   8.77244E+09   2.28998E+02   3.02491E-02   2.83993E-08
 1.34750E+01   3.12600E+17   8.16387E+09   2.26924E+02   3.01692E-02   2.84966E-08
 1.35250E+01   3.08450E+17   7.56590E+09   2.24833E+02   3.00922E-02   2.85995E-08
 1.35750E+01   3.04237E+17   6.98291E+09   2.22735E+02   3.00188E-02   2.87075E-08
 1.36250E+01   2.99985E+17   6.41900E+09   2.20645E+02   2.99491E-02   2.88202E-08
 1.36750E+01   2.95720E+17   5.87798E+09   2.18572E+02   2.98836E-02   2.89369E-08
 1.37250E+01   2.91467E+17   5.36327E+09   2.16529E+02   2.98225E-02   2.90572E-08
 1.37750E+01   2.87250E+17   4.87791E+09   2.14527E+02   2.97661E-02   2.91803E-08
 1.38250E+01   2.83093E+17   4.42456E+09   2.12576E+02   2.97148E-02   2.93055E-08
 1.38750E+01   2.79019E+17   4.00550E+09   2.10688E+02   2.96687E-02   2.94322E-08
 1.39250E+01   2.75050E+17   3.62263E+09   2.08872E+02   2.96279E-02   2.95596E-08
 1.39750E+01   2.71209E+17   3.27747E+09   2.07137E+02   2.95928E-02   2.96867E-08
 1.40250E+01   2.67514E+17   2.97112E+09   2.05493E+02   2.95633E-02   2.98129E-08
 1.40750E+01   2.63986E+17   2.70420E+09   2.03947E+02   2.95397E-02   2.99371E-08
 1.41250E+01   2.60642E+17   2.47679E+09   2.02507E+02   2.95220E-02   3.00586E-08
 1.41750E+01   2.57499E+17   2.28838E+09   2.01179E+02   2.95101E-02   3.01763E-08
 1.42250E+01   2.54572E+17   2.13778E+09   1.99970E+02   2.95042E-02   3.02895E-08
 1.42750E+01   2.51874E+17   2.02310E+09   1.98884E+02   2.95041E-02   3.03973E-08
 1.43250E+01   2.49419E+17   1.94174E+09   1.97926E+02   2.95098E-02   3.04987E-08
 1.43750E+01   2.47215E+17   1.89062E+09   1.97100E+02   2.95212E-02   3.05929E-08
 1.44250E+01   2.45274E+17   1.86580E+09   1.96409E+02   2.95380E-02   3.06793E-08
 1.44750E+01   2.43601E+17   1.86323E+09   1.95854E+02   2.95602E-02   3.07571E-08
 1.45250E+01   2.42202E+17   1.86322E+09   1.95437E+02   2.95876E-02   3.08257E-08
 1.45750E+01   2.41082E+17   1.86320E+09   1.95158E+02   2.96200E-02   3.08846E-08
 1.46250E+01   2.40243E+17   1.88879E+09   1.95017E+02   2.96572E-02   3.09334E-08
 1.46750E+01   2.39686E+17   1.96225E+09   1.95013E+02   2.96990E-02   3.09719E-08
 1.47250E+01   2.39410E+17   2.06943E+09   1.95143E+02   2.97450E-02   3.09998E-08
 1.47750E+01   2.39413E+17   2.20252E+09   1.95407E+02   2.97950E-02   3.10170E-08
 1.48250E+01   2.39690E+17   2.35533E+09   1.95799E+02   2.98488E-02   3.10237E-08
 1.48750E+01   2.40237E+17   2.52382E+09   1.96317E+02   2.99060E-02   3.10199E-08
 1.49250E+01   2.41046E+17   2.70571E+09   1.96956E+02   2.99662E-02   3.10060E-08
 1.49750E+01   2.42110E+17   2.90012E+09   1.97709E+02   3.00288E-02   3.09820E-08
 1.50250E+01   2.43418E+17   3.10727E+09   1.98572E+02   3.00935E-02   3.09486E-08
 1.50750E+01   2.44961E+17   3.32814E+09   1.99537E+02   3.01597E-02   3.09062E-08
 1.51250E+01   2.46725E+17   3.56430E+09   2.00598E+02   3.02271E-02   3.08553E-08
 1.51750E+01   2.48699E+17   3.81756E+09   2.01748E+02   3.02952E-02   3.07965E-08
 1.52250E+01   2.50867E+17   4.08988E+09   2.02978E+02   3.03636E-02   3.07306E-08
 1.52750E+01   2.53217E+17   4.38320E+09   2.04280E+02   3.04320E-02   3.06583E-08
 1.53250E+01   2.55730E+17   4.69929E+09   2.05647E+02   3.04998E-02   3.05802E-08
 1.53750E+01   2.58392E+17   5.03970E+09   2.07070E+02   3.05668E-02   3.04971E-08
 1.54250E+01   2.61186E+17   5.40569E+09   2.08539E+02   3.06325E-02   3.04097E-08
 1.54750E+01   2.64093E+17   5.79823E+09   2.10045E+02   3.06967E-02   3.03189E-08
 1.55250E+01   2.67097E+17   6.21795E+09   2.11581E+02   3.07589E-02   3.02252E-08
 1.55750E+01   2.70179E+17   6.66520E+09   2.13136E+02   3.08189E-02   3.01294E-08
 1.56250E+01   2.73321E+17   7.13993E+09   2.14701E+02   3.08763E-02   3.00321E-08
 1.56750E+01   2.76505E+17   7.64171E+09   2.16269E+02   3.09309E-02   2.99340E-08
 1.57250E+01   2.79712E+17   8.16962E+09   2.17829E+02   3.09823E-02   2.98357E-08
 1.57750E+01   2.82924E+17   8.72210E+09   2.19373E+02   3.10304E-02   2.97377E-08
 1.58250E+01   2.86124E+17   9.29679E+09   2.20892E+02   3.10749E-02   2.96406E-08
 1.58750E+01   2.89294E+17   9.89031E+09   2.22379E+02   3.11157E-02   2.95448E-08
 1.59250E+01   2.92416E+17   1.04981E+10   2.23826E+02   3.11525E-02   2.94509E-08
 1.59750E+01   2.95475E+17   1.11141E+10   2.25225E+02   3.11852E-02   2.93592E-08
 1.60250E+01   2.98453E+17   1.17311E+10   2.26568E+02   3.12137E-02   2.92701E-08
 1.60750E+01   3.01336E+17   1.23405E+10   2.27850E+02   3.12379E-02   2.91840E-08
 1.61250E+01   3.04110E+17   1.29327E+10   2.29063E+02   3.12578E-02   2.91012E-08
 1.61750E+01   3.06760E+17   1.34975E+10   2.30203E+02   3.12732E-02   2.90219E-08
 1.62250E+01   3.09273E+17   1.40248E+10   2.31263E+02   3.12842E-02   2.89465E-08
 1.62750E+01   3.11637E+17   1.45052E+10   2.32239E+02   3.12909E-02   2.88751E-08
 1.63250E+01   3.13842E+17   1.49305E+10   2.33127E+02   3.12931E-02   2.88080E-08
 1.63750E+01   3.15878E+17   1.52945E+10   2.33923E+02   3.12910E-02   2.87454E-08
 1.64250E+01   3.17736E+17   1.55929E+10   2.34625E+02   3.12847E-02   2.86873E-08
 1.64750E+01   3.19408E+17   1.58245E+10   2.35228E+02   3.12743E-02   2.86340E-08
 1.65250E+01   3.20888E+17   1.59902E+10   2.35733E+02   3.12598E-02   2.85855E-08
 1.65750E+01   3.22170E+17   1.60935E+10   2.36136E+02   3.12415E-02   2.85420E-08
 1.66250E+01   3.23250E+17   1.61404E+10   2.36438E+02   3.12195E-02   2.85035E-08
 1.66750E+01   3.24126E+17   1.61425E+10   2.36639E+02   3.11940E-02   2.84700E-08
 1.67250E+01   3.24795E+17   1.61416E+10   2.36738E+02   3.11653E-02   2.84417E-08
 1.67750E+01   3.25258E+17   1.61406E+10   2.36738E+02   3.11334E-02   2.84185E-08
 1.68250E+01   3.25515E+17   1.60429E+10   2.36638E+02   3.10986E-02   2.84004E-08
 1.68750E+01   3.25567E+17   1.58148E+10   2.36443E+02   3.10613E-02   2.83875E-08
 1.69250E+01   3.25418E+17   1.54885E+10   2.36153E+02   3.10215E-02   2.83798E-08
 1.69750E+01   3.25071E+17   1.50877E+10   2.35772E+02   3.09797E-02   2.83771E-08
 1.70250E+01   3.24533E+17   1.46310E+10   2.35305E+02   3.09360E-02   2.83794E-08
 1.70750E+01   3.23808E+17   1.41317E+10   2.34754E+02   3.08907E-02   2.83867E-08
 1.71250E+01   3.22905E+17   1.35994E+10   2.34125E+02   3.08442E-02   2.83989E-08
 1.71750E+01   3.21831E+17   1.30409E+10   2.33421E+02   3.07966E-02   2.84158E-08
 1.72250E+01   3.20596E+17   1.24614E+10   2.32649E+02   3.07483E-02   2.84374E-08
 1.72750E+01   3.19209E+17   1.18649E+10   2.31814E+02   3.06996E-02   2.84634E-08
 1.73250E+01   3.17681E+17   1.12551E+10   2.30922E+02   3.06507E-02   2.84939E-08
 1.73750E+01   3.16022E+17   1.06357E+10   2.29977E+02   3.06020E-02   2.85285E-08
 1.74250E+01   3.14245E+17   1.00106E+10   2.28988E+02   3.05536E-02   2.85671E-08
 1.74750E+01   3.12362E+17   9.38399E+09   2.27960E+02   3.05059E-02   2.86095E-08
 1.75250E+01   3.10386E+17   8.76009E+09   2.26900E+02   3.04591E-02   2.86554E-08
 1.75750E+01   3.08330E+17   8.14339E+09   2.25814E+02   3.04135E-02   2.87046E-08
 1.76250E+01   3.06207E+17   7.53833E+09   2.24709E+02   3.03692E-02   2.87568E-08
 1.76750E+01   3.04031E+17   6.94922E+09   2.23592E+02   3.03266E-02   2.88118E-08
 1.77250E+01   3.01816E+17   6.38021E+09   2.22469E+02   3.02859E-02   2.88692E-08
 1.77750E+01   2.99575E+17   5.83515E+09   2.21348E+02   3.02473E-02   2.89287E-08
 1.78250E+01   2.97323E+17   5.31761E+09   2.20234E+02   3.02109E-02   2.89899E-08
 1.78750E+01   2.95072E+17   4.83080E+09   2.19135E+02   3.01769E-02   2.90525E-08
 1.79250E+01   2.92837E+17   4.37757E+09   2.18055E+02   3.01455E-02   2.91161E-08
 1.79750E+01   2.90630E+17   3.96032E+09   2.17002E+02   3.01168E-02   2.91804E-08
 1.80250E+01   2.88464E+17   3.58102E+09   2.15980E+02   3.00909E-02   2.92448E-08
 1.80750E+01   2.86352E+17   3.24111E+09   2.14996E+02   3.00680E-02   2.93091E-08
 1.81250E+01   2.84306E+17   2.94151E+09   2.14055E+02   3.00482E-02   2.93728E-08
 1.81750E+01   2.82337E+17   2.68254E+09   2.13162E+02   3.00314E-02   2.94355E-08
 1.82250E+01   2.80455E+17   2.46391E+09   2.12320E+02   3.00178E-02   2.94967E-08
 1.82750E+01   2.78671E+17   2.28467E+09   2.11535E+02   3.00074E-02   2.95561E-08
 1.83250E+01   2.76995E+17   2.14318E+09   2.10811E+02   3.00003E-02   2.96132E-08
 1.83750E+01   2.75434E+17   2.03713E+09   2.10149E+02   2.99963E-02   2.96677E-08
 1.84250E+01   2.73998E+17   1.96352E+09   2.09555E+02   2.99954E-02   2.97192E-08
 1.84750E+01   2.72692E+17   1.91895E+09   2.09029E+02   2.99978E-02   2.97674E-08
 1.85250E+01   2.71523E+17   1.89979E+09   2.08575E+02   3.00032E-02   2.98118E-08
 1.85750E+01   2.70497E+17   1.89879E+09   2.08194E+02   3.00116E-02   2.98522E-08
 1.86250E+01   2.69618E+17   1.89859E+09   2.07887E+02   3.00229E-02   2.98884E-08
 1.86750E+01   2.68890E+17   1.89849E+09   2.07655E+02   3.00370E-02   2.99201E-08
 1.87250E+01   2.68314E+17   1.93597E+09   2.07499E+02   3.00538E-02   2.99470E-08
 1.87750E+01   2.67893E+17   2.01709E+09   2.07418E+02   3.00732E-02   2.99691E-08
 1.88250E+01   2.67628E+17   2.13259E+09   2.07412E+02   3.00950E-02   2.99863E-08
 1.88750E+01   2.67518E+17   2.27386E+09   2.07480E+02   3.01190E-02   2.99984E-08
 1.89250E+01   2.67563E+17   2.43507E+09   2.07620E+02   3.01452E-02   3.00053E-08
 1.89750E+01   2.67761E+17   2.61254E+09   2.07832E+02   3.01732E-02   3.00073E-08
 1.90250E+01   2.68108E+17   2.80427E+09   2.08112E+02   3.02029E-02   3.00041E-08
 1.90750E+01   2.68601E+17   3.00960E+09   2.08459E+02   3.02341E-02   2.99961E-08
 1.91250E+01   2.69236E+17   3.22893E+09   2.08869E+02   3.02666E-02   2.99832E-08
 1.91750E+01   2.70009E+17   3.46338E+09   2.09339E+02   3.03003E-02   2.99657E-08
 1.92250E+01   2.70912E+17   3.71458E+09   2.09866E+02   3.03348E-02   2.99437E-08
 1.92750E+01   2.71939E+17   3.98443E+09   2.10446E+02   3.03700E-02   2.99175E-08
 1.93250E+01   2.73084E+17   4.27493E+09   2.11075E+02   3.04056E-02   2.98874E-08
 1.93750E+01   2.74339E+17   4.58805E+09   2.11749E+02   3.04416E-02   2.98535E-08
 1.94250E+01   2.75695E+17   4.92564E+09   2.12464E+02   3.04775E-02   2.98162E-08
 1.94750E+01   2.77144E+17   5.28938E+09   2.13214E+02   3.05133E-02   2.97758E-08
 1.95250E+01   2.78677E+17   5.68075E+09   2.13995E+02   3.05487E-02   2.97326E-08
 1.95750E+01   2.80284E+17   6.10097E+09   2.14803E+02   3.05836E-02   2.96869E-08
 1.96250E+01   2.81955E+17   6.55095E+09   2.15632E+02   3.06176E-02   2.96391E-08
 1.96750E+01   2.83681E+17   7.03123E+09   2.16478E+02   3.06507E-02   2.95896E-08
 1.97250E+01   2.85451E+17   7.54182E+09   2.17334E+02   3.06827E-02   2.95385E-08
 1.97750E+01   2.87256E+17   8.08208E+09   2.18198E+02   3.07133E-02   2.94863E-08
 1.98250E+01   2.89084E+17   8.65047E+09   2.19062E+02   3.07425E-02   2.94334E-08
 1.98750E+01   2.90926E+17   9.24438E+09   2.19923E+02   3.07700E-02   2.93799E-08
 1.99250E+01   2.92772E+17   9.85992E+09   2.20777E+02   3.07959E-02   2.93262E-08
 1.99750E+01   2.94611E+17   1.04918E+10   2.21617E+02   3.08198E-02   2.92726E-08
 2.00250E+01   2.96433E+17   1.11333E+10   2.22439E+02   3.08417E-02   2.92195E-08
 2.00750E+01   2.98229E+17   1.17763E+10   2.23240E+02   3.08616E-02   2.91669E-08
 2.01250E+01   2.99990E+17   1.24117E+10   2.24015E+02   3.08793E-02   2.91153E-08
 2.01750E+01   3.01706E+17   1.30293E+10   2.24760E+02   3.08947E-02   2.90649E-08
 2.02250E+01   3.03370E+17   1.36186E+10   2.25471E+02   3.09079E-02   2.90158E-08
 2.02750E+01   3.04972E+17   1.41693E+10   2.26145E+02   3.09187E-02   2.89683E-08
 2.03250E+01   3.06504E+17   1.46718E+10   2.26779E+02   3.09272E-02   2.89225E-08
 2.03750E+01   3.07961E+17   1.51177E+10   2.27369E+02   3.09333E-02   2.88787E-08
 2.04250E+01   3.09335E+17   1.55009E+10   2.27914E+02   3.09370E-02   2.88371E-08
 2.04750E+01   3.10620E+17   1.58176E+10   2.28410E+02   3.09383E-02   2.87977E-08
 2.05250E+01   3.11811E+17   1.60669E+10   2.28856E+02   3.09374E-02   2.87607E-08
 2.05750E+01   3.12903E+17   1.62501E+10   2.29251E+02   3.09341E-02   2.87262E-08
 2.06250E+01   3.13891E+17   1.63706E+10   2.29592E+02   3.09286E-02   2.86943E-08
 2.06750E+01   3.14773E+17   1.64344E+10   2.29879E+02   3.09210E-02   2.86651E-08
 2.07250E+01   3.15546E+17   1.64437E+10   2.30110E+02   3.09112E-02   2.86387E-08
 2.07750E+01   3.16207E+17   1.64401E+10   2.30287E+02   3.08995E-02   2.86151E-08
 2.08250E+01   3.16755E+17   1.64365E+10   2.30408E+02   3.08859E-02   2.85944E-08
 2.08750E+01   3.17189E+17   1.63813E+10   2.30475E+02   3.08705E-02   2.85766E-08
 2.09250E+01   3.17510E+17   1.61661E+10   2.30487E+02   3.08534E-02   2.85617E-08
 2.09750E+01   3.17717E+17   1.58329E+10   2.30445E+02   3.08348E-02   2.85497E-08
 2.10250E+01   3.17813E+17   1.54125E+10   2.30351E+02   3.08148E-02   2.85407E-08
 2.10750E+01   3.17799E+17   1.49275E+10   2.30207E+02   3.07936E-02   2.85345E-08
 2.11250E+01   3.17677E+17   1.43949E+10   2.30014E+02   3.07712E-02   2.85313E-08
 2.11750E+01   3.17452E+17   1.38264E+10   2.29774E+02   3.07478E-02   2.85308E-08
 2.12250E+01   3.17126E+17   1.32303E+10   2.29490E+02   3.07237E-02   2.85331E-08
 2.12750E+01   3.16705E+17   1.26127E+10   2.29163E+02   3.06988E-02   2.85380E-08
 2.13250E+01   3.16193E+17   1.19789E+10   2.28798E+02   3.06736E-02   2.85456E-08
 2.13750E+01   3.15595E+17   1.13331E+10   2.28397E+02   3.06479E-02   2.85556E-08
 2.14250E+01   3.14917E+17   1.06798E+10   2.27963E+02   3.06221E-02   2.85681E-08
 2.14750E+01   3.14166E+17   1.00231E+10   2.27499E+02   3.05963E-02   2.85828E-08
 2.15250E+01   3.13347E+17   9.36750E+09   2.27009E+02   3.05706E-02   2.85996E-08
 2.15750E+01   3.12469E+17   8.71732E+09   2.26496E+02   3.05451E-02   2.86185E-08
 2.16250E+01   3.11537E+17   8.07710E+09   2.25964E+02   3.05201E-02   2.86392E-08
 2.16750E+01   3.10560E+17   7.45144E+09   2.25417E+02   3.04957E-02   2.86615E-08
 2.17250E+01   3.09544E+17   6.84482E+09   2.24858E+02   3.04720E-02   2.86854E-08
 2.17750E+01   3.08498E+17   6.26160E+09   2.24292E+02   3.04491E-02   2.87106E-08
 2.18250E+01   3.07430E+17   5.70588E+09   2.23721E+02   3.04273E-02   2.87369E-08
 2.18750E+01   3.06347E+17   5.18146E+09   2.23150E+02   3.04065E-02   2.87642E-08
 2.19250E+01   3.05257E+17   4.69173E+09   2.22582E+02   3.03868E-02   2.87922E-08
 2.19750E+01   3.04168E+17   4.23961E+09   2.22020E+02   3.03685E-02   2.88207E-08
 2.20250E+01   3.03087E+17   3.82753E+09   2.21469E+02   3.03516E-02   2.88496E-08
 2.20750E+01   3.02022E+17   3.45731E+09   2.20932E+02   3.03361E-02   2.88785E-08
 2.21250E+01   3.00981E+17   3.13013E+09   2.20412E+02   3.03222E-02   2.89074E-08
 2.21750E+01   2.99970E+17   2.84644E+09   2.19913E+02   3.03098E-02   2.89359E-08
 2.22250E+01   2.98996E+17   2.60591E+09   2.19436E+02   3.02991E-02   2.89639E-08
 2.22750E+01   2.98066E+17   2.40743E+09   2.18985E+02   3.02901E-02   2.89911E-08
 2.23250E+01   2.97186E+17   2.24915E+09   2.18563E+02   3.02829E-02   2.90173E-08
 2.23750E+01   2.96362E+17   2.12856E+09   2.18171E+02   3.02773E-02   2.90424E-08
 2.24250E+01   2.95599E+17   2.04262E+09   2.17812E+02   3.02735E-02   2.90662E-08
 2.24750E+01   2.94902E+17   1.98801E+09   2.17489E+02   3.02714E-02   2.90884E-08
 2.25250E+01   2.94275E+17   1.96059E+09   2.17202E+02   3.02710E-02   2.91089E-08
 2.25750E+01   2.93723E+17   1.95687E+09   2.16953E+02   3.02724E-02   2.91276E-08
 2.26250E+01   2.93249E+17   1.95669E+09   2.16743E+02   3.02754E-02   2.91442E-08
 2.26750E+01   2.92856E+17   1.95653E+09   2.16573E+02   3.02800E-02   2.91588E-08
 2.27250E+01   2.92546E+17   1.97862E+09   2.16445E+02   3.02862E-02   2.91710E-08
 2.27750E+01   2.92322E+17   2.05376E+09   2.16357E+02   3.02939E-02   2.91810E-08
 2.28250E+01   2.92184E+17   2.16725E+09   2.16311E+02   3.03031E-02   2.91885E-08
 2.28750E+01   2.92134E+17   2.31060E+09   2.16307E+02   3.03136E-02   2.91935E-08
 2.29250E+01   2.92171E+17   2.47720E+09   2.16343E+02   3.03254E-02   2.91961E-08
 2.29750E+01   2.92297E+17   2.66254E+09   2.16420E+02   3.03383E-02   2.91961E-08
 2.30250E+01   2.92509E+17   2.86402E+09   2.16537E+02   3.03524E-02   2.91935E-08
 2.30750E+01   2.92807E+17   3.08062E+09   2.16692E+02   3.03674E-02   2.91884E-08
 2.31250E+01   2.93188E+17   3.31253E+09   2.16885E+02   3.03834E-02   2.91808E-08
 2.31750E+01   2.93652E+17   3.56084E+09   2.17114E+02   3.04001E-02   2.91708E-08
 2.32250E+01   2.94194E+17   3.82724E+09   2.17376E+02   3.04174E-02   2.91584E-08
 2.32750E+01   2.94812E+17   4.11380E+09   2.17672E+02   3.04353E-02   2.91438E-08
 2.33250E+01   2.95502E+17   4.42280E+09   2.17997E+02   3.04537E-02   2.91269E-08
 2.33750E+01   2.96261E+17   4.75660E+09   2.18351E+02   3.04723E-02   2.91080E-08
 2.34250E+01   2.97084E+17   5.11755E+09   2.18731E+02   3.04911E-02   2.90871E-08
 2.34750E+01   2.97966E+17   5.50791E+09   2.19135E+02   3.05100E-02   2.90643E-08
 2.35250E+01   2.98903E+17   5.92971E+09   2.19559E+02   3.05289E-02   2.90399E-08
 2.35750E+01   2.99889E+17   6.38467E+09   2.20003E+02   3.05476E-02   2.90140E-08
 2.36250E+01   3.00920E+17   6.87407E+09   2.20461E+02   3.05661E-02   2.89866E-08
 2.36750E+01   3.01989E+17   7.39849E+09   2.20933E+02   3.05842E-02   2.89581E-08
 2.37250E+01   3.03091E+17   7.95770E+09   2.21415E+02   3.06018E-02   2.89285E-08
 2.37750E+01   3.04221E+17   8.55033E+09   2.21905E+02   3.06189E-02   2.88980E-08
 2.38250E+01   3.05373E+17   9.17372E+09   2.22400E+02   3.06352E-02   2.88668E-08
 2.38750E+01   3.06540E+17   9.82371E+09   2.22896E+02   3.06509E-02   2.88350E-08
 2.39250E+01   3.07717E+17   1.04945E+10   2.23392E+02   3.06657E-02   2.88028E-08
 2.39750E+01   3.08899E+17   1.11787E+10   2.23885E+02   3.06796E-02   2.87704E-08
 2.40250E+01   3.10079E+17   1.18674E+10   2.24372E+02   3.06926E-02   2.87379E-08
 2.40750E+01   3.11252E+17   1.25506E+10   2.24851E+02   3.07046E-02   2.87055E-08
 2.41250E+01   3.12412E+17   1.32172E+10   2.25319E+02   3.07154E-02   2.86733E-08
 2.41750E+01   3.13555E+17   1.38560E+10   2.25774E+02   3.07252E-02   2.86414E-08
 2.42250E+01   3.14676E+17   1.44560E+10   2.26214E+02   3.07338E-02   2.86101E-08
 2.42750E+01   3.15769E+17   1.50071E+10   2.26636E+02   3.07412E-02   2.85793E-08
 2.43250E+01   3.16830E+17   1.55007E+10   2.27040E+02   3.07474E-02   2.85493E-08
 2.43750E+01   3.17854E+17   1.59300E+10   2.27423E+02   3.07523E-02   2.85201E-08
 2.44250E+01   3.18839E+17   1.62905E+10   2.27783E+02   3.07560E-02   2.84919E-08
 2.44750E+01   3.19780E+17   1.65799E+10   2.28119E+02   3.07585E-02   2.84647E-08
 2.45250E+01   3.20674E+17   1.67985E+10   2.28431E+02   3.07598E-02   2.84386E-08
 2.45750E+01   3.21518E+17   1.69488E+10   2.28716E+02   3.07598E-02   2.84137E-08
 2.46250E+01   3.22310E+17   1.70366E+10   2.28974E+02   3.07587E-02   2.83901E-08
 2.46750E+01   3.23047E+17   1.70650E+10   2.29205E+02   3.07564E-02   2.83677E-08
 2.47250E+01   3.23728E+17   1.70710E+10   2.29407E+02   3.07530E-02   2.83468E-08
 2.47750E+01   3.24351E+17   1.70770E+10   2.29581E+02   3.07485E-02   2.83272E-08
 2.48250E+01   3.24916E+17   1.70564E+10   2.29727E+02   3.07430E-02   2.83091E-08
 2.48750E+01   3.25421E+17   1.68764E+10   2.29844E+02   3.07365E-02   2.82925E-08
 2.49250E+01   3.25867E+17   1.65581E+10   2.29932E+02   3.07291E-02   2.82773E-08
 2.49750E+01   3.26254E+17   1.61347E+10   2.29993E+02   3.07209E-02   2.82636E-08
 2.50250E+01   3.26582E+17   1.56309E+10   2.30026E+02   3.07119E-02   2.82514E-08
 2.50750E+01   3.26853E+17   1.50665E+10   2.30033E+02   3.07022E-02   2.82406E-08
 2.51250E+01   3.27067E+17   1.44575E+10   2.30014E+02   3.06918E-02   2.82313E-08
 2.51750E+01   3.27226E+17   1.38159E+10   2.29970E+02   3.06809E-02   2.82233E-08
 2.52250E+01   3.27332E+17   1.31510E+10   2.29902E+02   3.06695E-02   2.82168E-08
 2.52750E+01   3.27388E+17   1.24701E+10   2.29812E+02   3.06577E-02   2.82116E-08
 2.53250E+01   3.27395E+17   1.17789E+10   2.29701E+02   3.06457E-02   2.82077E-08
 2.53750E+01   3.27357E+17   1.10824E+10   2.29571E+02   3.06333E-02   2.82050E-08
 2.54250E+01   3.27276E+17   1.03851E+10   2.29422E+02   3.06208E-02   2.82035E-08
 2.54750E+01   3.27156E+17   9.69139E+09   2.29257E+02   3.06083E-02   2.82031E-08
 2.55250E+01   3.27000E+17   9.00592E+09   2.29078E+02   3.05957E-02   2.82037E-08
 2.55750E+01   3.26812E+17   8.33318E+09   2.28886E+02   3.05832E-02   2.82052E-08
 2.56250E+01   3.26596E+17   7.67779E+09   2.28683E+02   3.05709E-02   2.82077E-08
 2.56750E+01   3.26355E+17   7.04432E+09   2.28471E+02   3.05588E-02   2.82109E-08
 2.57250E+01   3.26093E+17   6.43718E+09   2.28252E+02   3.05470E-02   2.82148E-08
 2.57750E+01   3.25814E+17   5.86058E+09   2.28027E+02   3.05356E-02   2.82194E-08
 2.58250E+01   3.25523E+17   5.31837E+09   2.27799E+02   3.05246E-02   2.82244E-08
 2.58750E+01   3.25223E+17   4.81396E+09   2.27570E+02   3.05140E-02   2.82298E-08
 2.59250E+01   3.24919E+17   4.35023E+09   2.27341E+02   3.05041E-02   2.82355E-08
 2.59750E+01   3.24614E+17   3.92945E+09   2.27114E+02   3.04947E-02   2.82415E-08
 2.60250E+01   3.24313E+17   3.55320E+09   2.26891E+02   3.04860E-02   2.82475E-08
 2.60750E+01   3.24020E+17   3.22234E+09   2.26674E+02   3.04780E-02   2.82536E-08
 2.61250E+01   3.23738E+17   2.93694E+09   2.26465E+02   3.04707E-02   2.82595E-08
 2.61750E+01   3.23472E+17   2.69630E+09   2.26265E+02   3.04643E-02   2.82653E-08
 2.62250E+01   3.23224E+17   2.49892E+09   2.26075E+02   3.04585E-02   2.82707E-08
 2.62750E+01   3.22998E+17   2.34257E+09   2.25898E+02   3.04537E-02   2.82758E-08
 2.63250E+01   3.22798E+17   2.22435E+09   2.25734E+02   3.04496E-02   2.82804E-08
 2.63750E+01   3.22626E+17   2.14080E+09   2.25584E+02   3.04464E-02   2.82844E-08
 2.64250E+01   3.22485E+17   2.08814E+09   2.25450E+02   3.04441E-02   2.82878E-08
 2.64750E+01   3.22378E+17   2.06184E+09   2.25333E+02   3.04426E-02   2.82905E-08
 2.65250E+01   3.22308E+17   2.05853E+09   2.25234E+02   3.04419E-02   2.82923E-08
 2.65750E+01   3.22275E+17   2.05878E+09   2.25153E+02   3.04421E-02   2.82933E-08
 2.66250E+01   3.22283E+17   2.05902E+09   2.25091E+02   3.04431E-02   2.82934E-08
 2.66750E+01   3.22333E+17   2.08207E+09   2.25048E+02   3.04450E-02   2.82925E-08
 2.67250E+01   3.22426E+17   2.16106E+09   2.25026E+02   3.04476E-02   2.82906E-08
 2.67750E+01   3.22563E+17   2.28041E+09   2.25024E+02   3.04510E-02   2.82877E-08
 2.68250E+01   3.22745E+17   2.43107E+09   2.25043E+02   3.04551E-02   2.82836E-08
 2.68750E+01   3.22973E+17   2.60630E+09   2.25082E+02   3.04599E-02   2.82785E-08
 2.69250E+01   3.23246E+17   2.80151E+09   2.25142E+02   3.04653E-02   2.82722E-08
 2.69750E+01   3.23565E+17   3.01409E+09   2.25222E+02   3.04714E-02   2.82647E-08
 2.70250E+01   3.23930E+17   3.24297E+09   2.25322E+02   3.04780E-02   2.82562E-08
 2.70750E+01   3.24340E+17   3.48833E+09   2.25441E+02   3.04852E-02   2.82465E-08
 2.71250E+01   3.24794E+17   3.75131E+09   2.25580E+02   3.04929E-02   2.82357E-08
 2.71750E+01   3.25292E+17   4.03380E+09   2.25737E+02   3.05009E-02   2.82238E-08
 2.72250E+01   3.25832E+17   4.33821E+09   2.25911E+02   3.05094E-02   2.82108E-08
 2.72750E+01   3.26412E+17   4.66732E+09   2.26102E+02   3.05181E-02   2.81967E-08
 2.73250E+01   3.27031E+17   5.02415E+09   2.26310E+02   3.05272E-02   2.81817E-08
 2.73750E+01   3.27687E+17   5.41175E+09   2.26532E+02   3.05364E-02   2.81657E-08
 2.74250E+01   3.28378E+17   5.83308E+09   2.26767E+02   3.05457E-02   2.81488E-08
 2.74750E+01   3.29101E+17   6.29083E+09   2.27016E+02   3.05552E-02   2.81311E-08
 2.75250E+01   3.29855E+17   6.78716E+09   2.27276E+02   3.05647E-02   2.81126E-08
 2.75750E+01   3.30637E+17   7.32353E+09   2.27546E+02   3.05741E-02   2.80933E-08
 2.76250E+01   3.31444E+17   7.90039E+09   2.27826E+02   3.05835E-02   2.80733E-08
 2.76750E+01   3.32273E+17   8.51692E+09   2.28113E+02   3.05927E-02   2.80528E-08
 2.77250E+01   3.33122E+17   9.17083E+09   2.28406E+02   3.06018E-02   2.80317E-08
 2.77750E+01   3.33988E+17   9.85819E+09   2.28705E+02   3.06107E-02   2.80102E-08
 2.78250E+01   3.34868E+17   1.05733E+10   2.29008E+02   3.06193E-02   2.79882E-08
 2.78750E+01   3.35759E+17   1.13086E+10   2.29313E+02   3.06276E-02   2.79660E-08
 2.79250E+01   3.36659E+17   1.20551E+10   2.29619E+02   3.06355E-02   2.79435E-08
 2.79750E+01   3.37563E+17   1.28022E+10   2.29926E+02   3.06431E-02   2.79208E-08
 2.80250E+01   3.38471E+17   1.35384E+10   2.30231E+02   3.06502E-02   2.78980E-08
 2.80750E+01   3.39378E+17   1.42517E+10   2.30533E+02   3.06569E-02   2.78751E-08
 2.81250E+01   3.40282E+17   1.49301E+10   2.30832E+02   3.06631E-02   2.78523E-08
 2.81750E+01   3.41180E+17   1.55624E+10   2.31126E+02   3.06688E-02   2.78296E-08
 2.82250E+01   3.42069E+17   1.61384E+10   2.31413E+02   3.06740E-02   2.78070E-08
 2.82750E+01   3.42948E+17   1.66499E+10   2.31694E+02   3.06787E-02   2.77846E-08
 2.83250E+01   3.43814E+17   1.70907E+10   2.31967E+02   3.06827E-02   2.77625E-08
 2.83750E+01   3.44665E+17   1.74570E+10   2.32231E+02   3.06863E-02   2.77407E-08
 2.84250E+01   3.45498E+17   1.77477E+10   2.32485E+02   3.06892E-02   2.77193E-08
 2.84750E+01   3.46311E+17   1.79639E+10   2.32729E+02   3.06916E-02   2.76983E-08
 2.85250E+01   3.47104E+17   1.81092E+10   2.32962E+02   3.06934E-02   2.76777E-08
 2.85750E+01   3.47874E+17   1.81904E+10   2.33183E+02   3.06946E-02   2.76576E-08
 2.86250E+01   3.48620E+17   1.82096E+10   2.33391E+02   3.06953E-02   2.76381E-08
 2.86750E+01   3.49340E+17   1.82088E+10   2.33588E+02   3.06954E-02   2.76191E-08
 2.87250E+01   3.50035E+17   1.82080E+10   2.33771E+02   3.06950E-02   2.76007E-08
 2.87750E+01   3.50702E+17   1.81660E+10   2.33941E+02   3.06941E-02   2.75829E-08
 2.88250E+01   3.51342E+17   1.79320E+10   2.34098E+02   3.06927E-02   2.75658E-08
 2.88750E+01   3.51954E+17   1.75411E+10   2.34241E+02   3.06908E-02   2.75492E-08
 2.89250E+01   3.52537E+17   1.70331E+10   2.34371E+02   3.06884E-02   2.75333E-08
 2.89750E+01   3.53092E+17   1.64373E+10   2.34488E+02   3.06857E-02   2.75181E-08
 2.90250E+01   3.53618E+17   1.57776E+10   2.34592E+02   3.06825E-02   2.75034E-08
 2.90750E+01   3.54117E+17   1.50722E+10   2.34683E+02   3.06790E-02   2.74895E-08
 2.91250E+01   3.54589E+17   1.43353E+10   2.34761E+02   3.06752E-02   2.74761E-08
 2.91750E+01   3.55034E+17   1.35776E+10   2.34828E+02   3.06710E-02   2.74634E-08
 2.92250E+01   3.55453E+17   1.28075E+10   2.34883E+02   3.06667E-02   2.74513E-08
 2.92750E+01   3.55847E+17   1.20320E+10   2.34927E+02   3.06621E-02   2.74398E-08
 2.93250E+01   3.56218E+17   1.12568E+10   2.34961E+02   3.06573E-02   2.74288E-08
 2.93750E+01   3.56567E+17   1.04875E+10   2.34985E+02   3.06524E-02   2.74184E-08
 2.94250E+01   3.56895E+17   9.72904E+09   2.34999E+02   3.06473E-02   2.74085E-08
 2.94750E+01   3.57203E+17   8.98655E+09   2.35006E+02   3.06422E-02   2.73991E-08
 2.95250E+01   3.57495E+17   8.26502E+09   2.35005E+02   3.06371E-02   2.73901E-08
 2.95750E+01   3.57770E+17   7.56934E+09   2.34998E+02   3.06320E-02   2.73816E-08
 2.96250E+01   3.58032E+17   6.90429E+09   2.34985E+02   3.06269E-02   2.73734E-08
 2.96750E+01   3.58281E+17   6.27440E+09   2.34967E+02   3.06219E-02   2.73655E-08
 2.97250E+01   3.58521E+17   5.68380E+09   2.34946E+02   3.06170E-02   2.73580E-08
 2.97750E+01   3.58753E+17   5.13618E+09   2.34921E+02   3.06123E-02   2.73507E-08
 2.98250E+01   3.58979E+17   4.63456E+09   2.34894E+02   3.06077E-02   2.73436E-08
 2.98750E+01   3.59201E+17   4.18126E+09   2.34866E+02   3.06034E-02   2.73367E-08
 2.99250E+01   3.59421E+17   3.77780E+09   2.34838E+02   3.05993E-02   2.73299E-08
 2.99750E+01   3.59641E+17   3.42483E+09   2.34810E+02   3.05954E-02   2.73231E-08
 3.00250E+01   3.59864E+17   3.12211E+09   2.34784E+02   3.05919E-02   2.73164E-08
 3.00750E+01   3.60092E+17   2.86854E+09   2.34760E+02   3.05886E-02   2.73097E-08
 3.01250E+01   3.60325E+17   2.66216E+09   2.34739E+02   3.05857E-02   2.73030E-08
 3.01750E+01   3.60567E+17   2.50023E+09   2.34722E+02   3.05831E-02   2.72961E-08
 3.02250E+01   3.60818E+17   2.37935E+09   2.34710E+02   3.05809E-02   2.72891E-08
 3.02750E+01   3.61081E+17   2.29549E+09   2.34703E+02   3.05790E-02   2.72819E-08
 3.03250E+01   3.61358E+17   2.24440E+09   2.34703E+02   3.05776E-02   2.72745E-08
 3.03750E+01   3.61649E+17   2.22152E+09   2.34709E+02   3.05765E-02   2.72668E-08
 3.04250E+01   3.61957E+17   2.21990E+09   2.34722E+02   3.05758E-02   2.72589E-08
 3.04750E+01   3.62282E+17   2.21972E+09   2.34743E+02   3.05754E-02   2.72506E-08
 3.05250E+01   3.62626E+17   2.21952E+09   2.34772E+02   3.05755E-02   2.72420E-08
 3.05750E+01   3.62990E+17   2.25831E+09   2.34810E+02   3.05760E-02   2.72331E-08
 3.06250E+01   3.63375E+17   2.35478E+09   2.34856E+02   3.05768E-02   2.72237E-08
 3.06750E+01   3.63781E+17   2.49417E+09   2.34912E+02   3.05780E-02   2.72139E-08
 3.07250E+01   3.64210E+17   2.66721E+09   2.34977E+02   3.05796E-02   2.72037E-08
 3.07750E+01   3.64661E+17   2.86670E+09   2.35052E+02   3.05815E-02   2.71931E-08
 3.08250E+01   3.65136E+17   3.08821E+09   2.35137E+02   3.05838E-02   2.71819E-08
 3.08750E+01   3.65634E+17   3.32940E+09   2.35231E+02   3.05864E-02   2.71704E-08
 3.09250E+01   3.66155E+17   3.58972E+09   2.35335E+02   3.05893E-02   2.71583E-08
 3.09750E+01   3.66700E+17   3.87005E+09   2.35448E+02   3.05925E-02   2.71458E-08
 3.10250E+01   3.67268E+17   4.17248E+09   2.35571E+02   3.05959E-02   2.71328E-08
 3.10750E+01   3.67859E+17   4.50001E+09   2.35703E+02   3.05996E-02   2.71194E-08
 3.11250E+01   3.68472E+17   4.85631E+09   2.35844E+02   3.06035E-02   2.71055E-08
 3.11750E+01   3.69106E+17   5.24546E+09   2.35993E+02   3.06076E-02   2.70912E-08
 3.12250E+01   3.69762E+17   5.67171E+09   2.36151E+02   3.06119E-02   2.70764E-08
 3.12750E+01   3.70438E+17   6.13911E+09   2.36317E+02   3.06163E-02   2.70612E-08
 3.13250E+01   3.71134E+17   6.65130E+09   2.36490E+02   3.06208E-02   2.70456E-08
 3.13750E+01   3.71848E+17   7.21107E+09   2.36670E+02   3.06255E-02   2.70297E-08
 3.14250E+01   3.72579E+17   7.82008E+09   2.36856E+02   3.06302E-02   2.70134E-08
 3.14750E+01   3.73326E+17   8.47848E+09   2.37048E+02   3.06349E-02   2.69967E-08
 3.15250E+01   3.74088E+17   9.18463E+09   2.37246E+02   3.06397E-02   2.69798E-08
 3.15750E+01   3.74863E+17   9.93487E+09   2.37449E+02   3.06445E-02   2.69626E-08
 3.16250E+01   3.75651E+17   1.07234E+10   2.37655E+02   3.06492E-02   2.69451E-08
 3.16750E+01   3.76448E+17   1.15422E+10   2.37865E+02   3.06539E-02   2.69274E-08
 3.17250E+01   3.77255E+17   1.23813E+10   2.38078E+02   3.06585E-02   2.69096E-08
 3.17750E+01   3.78070E+17   1.32290E+10   2.38293E+02   3.06630E-02   2.68915E-08
 3.18250E+01   3.78891E+17   1.40722E+10   2.38510E+02   3.06673E-02   2.68734E-08
 3.18750E+01   3.79716E+17   1.48970E+10   2.38728E+02   3.06716E-02   2.68551E-08
 3.19250E+01   3.80544E+17   1.56895E+10   2.38946E+02   3.06756E-02   2.68368E-08
 3.19750E+01   3.81374E+17   1.64359E+10   2.39164E+02   3.06795E-02   2.68185E-08
 3.20250E+01   3.82204E+17   1.71237E+10   2.39380E+02   3.06832E-02   2.68001E-08
 3.20750E+01   3.83033E+17   1.77423E+10   2.39596E+02   3.06867E-02   2.67818E-08
 3.21250E+01   3.83859E+17   1.82833E+10   2.39809E+02   3.06900E-02   2.67635E-08
 3.21750E+01   3.84681E+17   1.87412E+10   2.40020E+02   3.06931E-02   2.67453E-08
 3.22250E+01   3.85497E+17   1.91133E+10   2.40228E+02   3.06959E-02   2.67273E-08
 3.22750E+01   3.86307E+17   1.94000E+10   2.40432E+02   3.06985E-02   2.67093E-08
 3.23250E+01   3.87110E+17   1.96041E+10   2.40633E+02   3.07008E-02   2.66915E-08
 3.23750E+01   3.87904E+17   1.97302E+10   2.40829E+02   3.07029E-02   2.66739E-08
 3.24250E+01   3.88687E+17   1.97854E+10   2.41020E+02   3.07047E-02   2.66565E-08
 3.24750E+01   3.89461E+17   1.97853E+10   2.41206E+02   3.07063E-02   2.66393E-08
 3.25250E+01   3.90222E+17   1.97822E+10   2.41386E+02   3.07076E-02   2.66223E-08
 3.25750E+01   3.90972E+17   1.97787E+10   2.41561E+02   3.07087E-02   2.66056E-08
 3.26250E+01   3.91709E+17   1.96032E+10   2.41730E+02   3.07095E-02   2.65892E-08
 3.26750E+01   3.92432E+17   1.92150E+10   2.41894E+02   3.07101E-02   2.65730E-08
 3.27250E+01   3.93142E+17   1.86636E+10   2.42051E+02   3.07104E-02   2.65571E-08
 3.27750E+01   3.93837E+17   1.79926E+10   2.42201E+02   3.07106E-02   2.65415E-08
 3.28250E+01   3.94519E+17   1.72363E+10   2.42346E+02   3.07105E-02   2.65262E-08
 3.28750E+01   3.95186E+17   1.64205E+10   2.42484E+02   3.07102E-02   2.65112E-08
 3.29250E+01   3.95838E+17   1.55649E+10   2.42616E+02   3.07098E-02   2.64965E-08
 3.29750E+01   3.96477E+17   1.46846E+10   2.42743E+02   3.07091E-02   2.64820E-08
 3.30250E+01   3.97101E+17   1.37915E+10   2.42863E+02   3.07083E-02   2.64679E-08
 3.30750E+01   3.97712E+17   1.28951E+10   2.42977E+02   3.07074E-02   2.64541E-08
 3.31250E+01   3.98309E+17   1.20036E+10   2.43085E+02   3.07063E-02   2.64406E-08
 3.31750E+01   3.98893E+17   1.11240E+10   2.43189E+02   3.07051E-02   2.64273E-08
 3.32250E+01   3.99465E+17   1.02630E+10   2.43287E+02   3.07039E-02   2.64143E-08
 3.32750E+01   4.00025E+17   9.42653E+09   2.43380E+02   3.07025E-02   2.64016E-08
 3.33250E+01   4.00574E+17   8.62043E+09   2.43469E+02   3.07011E-02   2.63891E-08
 3.33750E+01   4.01113E+17   7.85013E+09   2.43553E+02   3.06997E-02   2.63769E-08
 3.34250E+01   4.01642E+17   7.12075E+09   2.43634E+02   3.06982E-02   2.63649E-08
 3.34750E+01   4.02163E+17   6.43697E+09   2.43711E+02   3.06968E-02   2.63531E-08
 3.35250E+01   4.02676E+17   5.80297E+09   2.43785E+02   3.06953E-02   2.63415E-08
 3.35750E+01   4.03182E+17   5.22223E+09   2.43857E+02   3.06939E-02   2.63300E-08
 3.36250E+01   4.03682E+17   4.69742E+09   2.43926E+02   3.06925E-02   2.63188E-08
 3.36750E+01   4.04178E+17   4.23027E+09   2.43994E+02   3.06911E-02   2.63076E-08
 3.37250E+01   4.04669E+17   3.82150E+09   2.44060E+02   3.06899E-02   2.62966E-08
 3.37750E+01   4.05159E+17   3.47076E+09   2.44126E+02   3.06887E-02   2.62857E-08
 3.38250E+01   4.05646E+17   3.17663E+09   2.44190E+02   3.06876E-02   2.62749E-08
 3.38750E+01   4.06132E+17   2.93673E+09   2.44255E+02   3.06867E-02   2.62641E-08
 3.39250E+01   4.06619E+17   2.74781E+09   2.44320E+02   3.06858E-02   2.62534E-08
 3.39750E+01   4.07107E+17   2.60596E+09   2.44386E+02   3.06851E-02   2.62427E-08
 3.40250E+01   4.07597E+17   2.50672E+09   2.44453E+02   3.06845E-02   2.62320E-08
 3.40750E+01   4.08091E+17   2.44537E+09   2.44521E+02   3.06841E-02   2.62213E-08
 3.41250E+01   4.08588E+17   2.41655E+09   2.44591E+02   3.06839E-02   2.62106E-08
 3.41750E+01   4.09090E+17   2.41363E+09   2.44663E+02   3.06838E-02   2.61998E-08
 3.42250E+01   4.09597E+17   2.41321E+09   2.44737E+02   3.06839E-02   2.61890E-08
 3.42750E+01   4.10112E+17   2.41279E+09   2.44815E+02   3.06841E-02   2.61781E-08
 3.43250E+01   4.10633E+17   2.44898E+09   2.44895E+02   3.06845E-02   2.61672E-08
 3.43750E+01   4.11161E+17   2.55308E+09   2.44978E+02   3.06851E-02   2.61561E-08
 3.44250E+01   4.11698E+17   2.70633E+09   2.45065E+02   3.06859E-02   2.61450E-08
 3.44750E+01   4.12243E+17   2.89865E+09   2.45155E+02   3.06868E-02   2.61337E-08
 3.45250E+01   4.12798E+17   3.12209E+09   2.45249E+02   3.06879E-02   2.61223E-08
 3.45750E+01   4.13361E+17   3.37182E+09   2.45347E+02   3.06892E-02   2.61108E-08
 3.46250E+01   4.13935E+17   3.64566E+09   2.45449E+02   3.06906E-02   2.60991E-08
 3.46750E+01   4.14518E+17   3.94367E+09   2.45555E+02   3.06922E-02   2.60873E-08
 3.47250E+01   4.15111E+17   4.26784E+09   2.45665E+02   3.06939E-02   2.60754E-08
 3.47750E+01   4.15713E+17   4.62163E+09   2.45779E+02   3.06958E-02   2.60633E-08
 3.48250E+01   4.16326E+17   5.00960E+09   2.45897E+02   3.06978E-02   2.60511E-08
 3.48750E+01   4.16949E+17   5.43696E+09   2.46018E+02   3.07000E-02   2.60387E-08
 3.49250E+01   4.17581E+17   5.90917E+09   2.46144E+02   3.07022E-02   2.60262E-08
 3.49750E+01   4.18222E+17   6.43141E+09   2.46273E+02   3.07046E-02   2.60136E-08
 3.50250E+01   4.18872E+17   7.00816E+09   2.46406E+02   3.07070E-02   2.60008E-08
 3.50750E+01   4.19531E+17   7.64267E+09   2.46543E+02   3.07095E-02   2.59879E-08
 3.51250E+01   4.20198E+17   8.33657E+09   2.46682E+02   3.07122E-02   2.59749E-08
 3.51750E+01   4.20872E+17   9.08940E+09   2.46825E+02   3.07148E-02   2.59618E-08
 3.52250E+01   4.21554E+17   9.89832E+09   2.46970E+02   3.07175E-02   2.59485E-08
 3.52750E+01   4.22242E+17   1.07579E+10   2.47118E+02   3.07203E-02   2.59352E-08
 3.53250E+01   4.22935E+17   1.16600E+10   2.47268E+02   3.07231E-02   2.59218E-08
 3.53750E+01   4.23634E+17   1.25941E+10   2.47421E+02   3.07259E-02   2.59083E-08
 3.54250E+01   4.24338E+17   1.35471E+10   2.47575E+02   3.07287E-02   2.58948E-08
 3.54750E+01   4.25045E+17   1.45045E+10   2.47731E+02   3.07315E-02   2.58812E-08
 3.55250E+01   4.25754E+17   1.54502E+10   2.47888E+02   3.07343E-02   2.58676E-08
 3.55750E+01   4.26466E+17   1.63678E+10   2.48045E+02   3.07371E-02   2.58540E-08
 3.56250E+01   4.27180E+17   1.72413E+10   2.48204E+02   3.07398E-02   2.58403E-08
 3.56750E+01   4.27893E+17   1.80556E+10   2.48362E+02   3.07425E-02   2.58267E-08
 3.57250E+01   4.28607E+17   1.87972E+10   2.48521E+02   3.07451E-02   2.58131E-08
 3.57750E+01   4.29320E+17   1.94553E+10   2.48679E+02   3.07477E-02   2.57995E-08
 3.58250E+01   4.30030E+17   2.00215E+10   2.48837E+02   3.07502E-02   2.57860E-08
 3.58750E+01   4.30739E+17   2.04907E+10   2.48994E+02   3.07526E-02   2.57726E-08
 3.59250E+01   4.31444E+17   2.08611E+10   2.49150E+02   3.07549E-02   2.57592E-08
 3.59750E+01   4.32145E+17   2.11348E+10   2.49305E+02   3.07572E-02   2.57459E-08
 3.60250E+01   4.32841E+17   2.13167E+10   2.49458E+02   3.07594E-02   2.57327E-08
 3.60750E+01   4.33533E+17   2.14169E+10   2.49609E+02   3.07615E-02   2.57196E-08
 3.61250E+01   4.34218E+17   2.14393E+10   2.49759E+02   3.07635E-02   2.57066E-08
 3.61750E+01   4.34897E+17   2.14411E+10   2.49905E+02   3.07654E-02   2.56937E-08
 3.62250E+01   4.35568E+17   2.14432E+10   2.50050E+02   3.07672E-02   2.56810E-08
 3.62750E+01   4.36233E+17   2.13570E+10   2.50192E+02   3.07688E-02   2.56684E-08
 3.63250E+01   4.36889E+17   2.09892E+10   2.50331E+02   3.07704E-02   2.56560E-08
 3.63750E+01   4.37536E+17   2.04147E+10   2.50467E+02   3.07719E-02   2.56437E-08
 3.64250E+01   4.38175E+17   1.96879E+10   2.50600E+02   3.07732E-02   2.56316E-08
 3.64750E+01   4.38806E+17   1.88496E+10   2.50730E+02   3.07745E-02   2.56197E-08
 3.65250E+01   4.39427E+17   1.79326E+10   2.50857E+02   3.07756E-02   2.56080E-08
 3.65750E+01   4.40038E+17   1.69627E+10   2.50981E+02   3.07767E-02   2.55964E-08
 3.66250E+01   4.40640E+17   1.59608E+10   2.51102E+02   3.07777E-02   2.55850E-08
 3.66750E+01   4.41233E+17   1.49436E+10   2.51219E+02   3.07786E-02   2.55738E-08
 3.67250E+01   4.41817E+17   1.39245E+10   2.51333E+02   3.07794E-02   2.55627E-08
 3.67750E+01   4.42391E+17   1.29145E+10   2.51445E+02   3.07801E-02   2.55519E-08
 3.68250E+01   4.42956E+17   1.19228E+10   2.51553E+02   3.07808E-02   2.55412E-08
 3.68750E+01   4.43513E+17   1.09573E+10   2.51658E+02   3.07815E-02   2.55307E-08
 3.69250E+01   4.44060E+17   1.00250E+10   2.51761E+02   3.07821E-02   2.55204E-08
 3.69750E+01   4.44599E+17   9.13225E+09   2.51861E+02   3.07827E-02   2.55102E-08
 3.70250E+01   4.45129E+17   8.28496E+09   2.51958E+02   3.07832E-02   2.55002E-08
 3.70750E+01   4.45652E+17   7.48842E+09   2.52053E+02   3.07837E-02   2.54904E-08
 3.71250E+01   4.46167E+17   6.74726E+09   2.52145E+02   3.07842E-02   2.54807E-08
 3.71750E+01   4.46675E+17   6.06540E+09   2.52235E+02   3.07847E-02   2.54712E-08
 3.72250E+01   4.47176E+17   5.44586E+09   2.52324E+02   3.07852E-02   2.54618E-08
 3.72750E+01   4.47671E+17   4.89072E+09   2.52410E+02   3.07857E-02   2.54526E-08
 3.73250E+01   4.48160E+17   4.40097E+09   2.52495E+02   3.07862E-02   2.54434E-08
 3.73750E+01   4.48644E+17   3.97650E+09   2.52579E+02   3.07867E-02   2.54344E-08
 3.74250E+01   4.49123E+17   3.61610E+09   2.52661E+02   3.07873E-02   2.54255E-08
 3.74750E+01   4.49598E+17   3.31746E+09   2.52742E+02   3.07879E-02   2.54168E-08
 3.75250E+01   4.50068E+17   3.07724E+09   2.52822E+02   3.07885E-02   2.54081E-08
 3.75750E+01   4.50536E+17   2.89124E+09   2.52902E+02   3.07892E-02   2.53995E-08
 3.76250E+01   4.51000E+17   2.75454E+09   2.52981E+02   3.07899E-02   2.53909E-08
 3.76750E+01   4.51463E+17   2.66167E+09   2.53059E+02   3.07907E-02   2.53825E-08
 3.77250E+01   4.51923E+17   2.60706E+09   2.53138E+02   3.07916E-02   2.53741E-08
 3.77750E+01   4.52382E+17   2.58573E+09   2.53217E+02   3.07925E-02   2.53658E-08
 3.78250E+01   4.52841E+17   2.58575E+09   2.53296E+02   3.07935E-02   2.53575E-08
 3.78750E+01   4.53299E+17   2.58644E+09   2.53375E+02   3.07946E-02   2.53492E-08
 3.79250E+01   4.53757E+17   2.58868E+09   2.53454E+02   3.07957E-02   2.53410E-08
 3.79750E+01   4.54215E+17   2.65049E+09   2.53535E+02   3.07969E-02   2.53328E-08
 3.80250E+01   4.54674E+17   2.77695E+09   2.53616E+02   3.07982E-02   2.53246E-08
 3.80750E+01   4.55134E+17   2.95506E+09   2.53698E+02   3.07996E-02   2.53165E-08
 3.81250E+01   4.55596E+17   3.17311E+09   2.53781E+02   3.08011E-02   2.53083E-08
 3.81750E+01   4.56059E+17   3.42407E+09   2.53865E+02   3.08026E-02   2.53002E-08
 3.82250E+01   4.56524E+17   3.70441E+09   2.53950E+02   3.08042E-02   2.52920E-08
 3.82750E+01   4.56991E+17   4.01342E+09   2.54036E+02   3.08058E-02   2.52839E-08
 3.83250E+01   4.57461E+17   4.35275E+09   2.54124E+02   3.08076E-02   2.52757E-08
 3.83750E+01   4.57933E+17   4.72589E+09   2.54213E+02   3.08094E-02   2.52675E-08
 3.84250E+01   4.58408E+17   5.13763E+09   2.54303E+02   3.08113E-02   2.52593E-08
 3.84750E+01   4.58886E+17   5.59354E+09   2.54395E+02   3.08133E-02   2.52511E-08
 3.85250E+01   4.59366E+17   6.09940E+09   2.54488E+02   3.08153E-02   2.52428E-08
 3.85750E+01   4.59848E+17   6.66065E+09   2.54582E+02   3.08174E-02   2.52345E-08
 3.86250E+01   4.60334E+17   7.28180E+09   2.54678E+02   3.08195E-02   2.52262E-08
 3.86750E+01   4.60822E+17   7.96592E+09   2.54775E+02   3.08217E-02   2.52179E-08
 3.87250E+01   4.61312E+17   8.71415E+09   2.54873E+02   3.08240E-02   2.52096E-08
 3.87750E+01   4.61805E+17   9.52531E+09   2.54973E+02   3.08263E-02   2.52013E-08
 3.88250E+01   4.62300E+17   1.03956E+10   2.55073E+02   3.08286E-02   2.51929E-08
 3.88750E+01   4.62798E+17   1.13185E+10   2.55175E+02   3.08310E-02   2.51845E-08
 3.89250E+01   4.63297E+17   1.22848E+10   2.55278E+02   3.08334E-02   2.51761E-08
 3.89750E+01   4.63797E+17   1.32827E+10   2.55381E+02   3.08358E-02   2.51677E-08
 3.90250E+01   4.64299E+17   1.42981E+10   2.55485E+02   3.08382E-02   2.51593E-08
 3.90750E+01   4.64802E+17   1.53155E+10   2.55590E+02   3.08407E-02   2.51509E-08
 3.91250E+01   4.65307E+17   1.63180E+10   2.55696E+02   3.08431E-02   2.51425E-08
 3.91750E+01   4.65811E+17   1.72888E+10   2.55802E+02   3.08456E-02   2.51341E-08
 3.92250E+01   4.66316E+17   1.82112E+10   2.55908E+02   3.08481E-02   2.51257E-08
 3.92750E+01   4.66821E+17   1.90700E+10   2.56015E+02   3.08505E-02   2.51173E-08
 3.93250E+01   4.67325E+17   1.98519E+10   2.56121E+02   3.08530E-02   2.51089E-08
 3.93750E+01   4.67829E+17   2.05458E+10   2.56228E+02   3.08555E-02   2.51006E-08
 3.94250E+01   4.68331E+17   2.11439E+10   2.56334E+02   3.08579E-02   2.50922E-08
 3.94750E+01   4.68833E+17   2.16412E+10   2.56441E+02   3.08603E-02   2.50839E-08
 3.95250E+01   4.69332E+17   2.20363E+10   2.56547E+02   3.08627E-02   2.50757E-08
 3.95750E+01   4.69830E+17   2.23308E+10   2.56652E+02   3.08651E-02   2.50675E-08
 3.96250E+01   4.70325E+17   2.25291E+10   2.56757E+02   3.08675E-02   2.50593E-08
 3.96750E+01   4.70818E+17   2.26403E+10   2.56862E+02   3.08698E-02   2.50512E-08
 3.97250E+01   4.71308E+17   2.26664E+10   2.56965E+02   3.08721E-02   2.50431E-08
 3.97750E+01   4.71795E+17   2.26679E+10   2.57068E+02   3.08744E-02   2.50351E-08
 3.98250E+01   4.72279E+17   2.26694E+10   2.57170E+02   3.08766E-02   2.50272E-08
 3.98750E+01   4.72760E+17   2.26036E+10   2.57270E+02   3.08788E-02   2.50193E-08
 3.99250E+01   4.73236E+17   2.22497E+10   2.57370E+02   3.08810E-02   2.50115E-08
 3.99750E+01   4.73709E+17   2.16635E+10   2.57469E+02   3.08831E-02   2.50037E-08
 4.00250E+01   4.74177E+17   2.09037E+10   2.57566E+02   3.08852E-02   2.49961E-08
 4.00750E+01   4.74641E+17   2.00153E+10   2.57662E+02   3.08873E-02   2.49885E-08
 4.01250E+01   4.75101E+17   1.90364E+10   2.57756E+02   3.08893E-02   2.49809E-08
 4.01750E+01   4.75556E+17   1.79973E+10   2.57850E+02   3.08913E-02   2.49735E-08
 4.02250E+01   4.76007E+17   1.69223E+10   2.57942E+02   3.08932E-02   2.49661E-08
 4.02750E+01   4.76454E+17   1.58306E+10   2.58033E+02   3.08952E-02   2.49589E-08
 4.03250E+01   4.76895E+17   1.47375E+10   2.58122E+02   3.08971E-02   2.49517E-08
 4.03750E+01   4.77333E+17   1.36554E+10   2.58210E+02   3.08990E-02   2.49446E-08
 4.04250E+01   4.77765E+17   1.25947E+10   2.58297E+02   3.09008E-02   2.49375E-08
 4.04750E+01   4.78193E+17   1.15640E+10   2.58382E+02   3.09027E-02   2.49306E-08
 4.05250E+01   4.78617E+17   1.05710E+10   2.58466E+02   3.09045E-02   2.49237E-08
 4.05750E+01   4.79037E+17   9.62245E+09   2.58549E+02   3.09063E-02   2.49169E-08
 4.06250E+01   4.79452E+17   8.72435E+09   2.58630E+02   3.09081E-02   2.49102E-08
 4.06750E+01   4.79864E+17   7.88198E+09   2.58710E+02   3.09098E-02   2.49035E-08
 4.07250E+01   4.80271E+17   7.09986E+09   2.58790E+02   3.09116E-02   2.48970E-08
 4.07750E+01   4.80675E+17   6.38164E+09   2.58868E+02   3.09133E-02   2.48905E-08
 4.08250E+01   4.81075E+17   5.73008E+09   2.58945E+02   3.09151E-02   2.48840E-08
 4.08750E+01   4.81472E+17   5.14689E+09   2.59021E+02   3.09169E-02   2.48777E-08
 4.09250E+01   4.81866E+17   4.63272E+09   2.59097E+02   3.09186E-02   2.48714E-08
 4.09750E+01   4.82258E+17   4.18712E+09   2.59171E+02   3.09204E-02   2.48651E-08
 4.10250E+01   4.82646E+17   3.80852E+09   2.59245E+02   3.09222E-02   2.48589E-08
 4.10750E+01   4.83032E+17   3.49432E+09   2.59319E+02   3.09239E-02   2.48527E-08
 4.11250E+01   4.83417E+17   3.24095E+09   2.59392E+02   3.09257E-02   2.48466E-08
 4.11750E+01   4.83799E+17   3.04396E+09   2.59464E+02   3.09275E-02   2.48406E-08
 4.12250E+01   4.84180E+17   2.89823E+09   2.59536E+02   3.09294E-02   2.48345E-08
 4.12750E+01   4.84560E+17   2.79810E+09   2.59608E+02   3.09312E-02   2.48285E-08
 4.13250E+01   4.84939E+17   2.73777E+09   2.59680E+02   3.09331E-02   2.48226E-08
 4.13750E+01   4.85318E+17   2.71141E+09   2.59751E+02   3.09350E-02   2.48166E-08
 4.14250E+01   4.85696E+17   2.70981E+09   2.59823E+02   3.09370E-02   2.48107E-08
 4.14750E+01   4.86074E+17   2.70971E+09   2.59895E+02   3.09389E-02   2.48048E-08
 4.15250E+01   4.86452E+17   2.70961E+09   2.59967E+02   3.09409E-02   2.47989E-08
 4.15750E+01   4.86831E+17   2.75880E+09   2.60039E+02   3.09430E-02   2.47930E-08
 4.16250E+01   4.87210E+17   2.88070E+09   2.60111E+02   3.09451E-02   2.47872E-08
 4.16750E+01   4.87590E+17   3.05776E+09   2.60184E+02   3.09472E-02   2.47813E-08
 4.17250E+01   4.87971E+17   3.27953E+09   2.60257E+02   3.09493E-02   2.47754E-08
 4.17750E+01   4.88354E+17   3.53871E+09   2.60331E+02   3.09515E-02   2.47695E-08
 4.18250E+01   4.88738E+17   3.83195E+09   2.60405E+02   3.09537E-02   2.47636E-08
 4.18750E+01   4.89124E+17   4.15892E+09   2.60480E+02   3.09559E-02   2.47577E-08
 4.19250E+01   4.89511E+17   4.52176E+09   2.60556E+02   3.09582E-02   2.47517E-08
 4.19750E+01   4.89901E+17   4.92453E+09   2.60632E+02   3.09605E-02   2.47458E-08
 4.20250E+01   4.90293E+17   5.37252E+09   2.60709E+02   3.09628E-02   2.47398E-08
 4.20750E+01   4.90687E+17   5.87168E+09   2.60787E+02   3.09652E-02   2.47338E-08
 4.21250E+01   4.91084E+17   6.42787E+09   2.60865E+02   3.09676E-02   2.47278E-08
 4.21750E+01   4.91483E+17   7.04631E+09   2.60944E+02   3.09701E-02   2.47218E-08
 4.22250E+01   4.91885E+17   7.73089E+09   2.61024E+02   3.09725E-02   2.47157E-08
 4.22750E+01   4.92289E+17   8.48367E+09   2.61105E+02   3.09750E-02   2.47096E-08
 4.23250E+01   4.92696E+17   9.30436E+09   2.61186E+02   3.09775E-02   2.47034E-08
 4.23750E+01   4.93106E+17   1.01900E+10   2.61268E+02   3.09801E-02   2.46973E-08
 4.24250E+01   4.93518E+17   1.11349E+10   2.61351E+02   3.09826E-02   2.46911E-08
 4.24750E+01   4.93933E+17   1.21304E+10   2.61435E+02   3.09852E-02   2.46848E-08
 4.25250E+01   4.94351E+17   1.31650E+10   2.61520E+02   3.09878E-02   2.46786E-08
 4.25750E+01   4.94771E+17   1.42251E+10   2.61605E+02   3.09904E-02   2.46723E-08
 4.26250E+01   4.95194E+17   1.52948E+10   2.61690E+02   3.09931E-02   2.46660E-08
 4.26750E+01   4.95619E+17   1.63570E+10   2.61777E+02   3.09957E-02   2.46596E-08
 4.27250E+01   4.96046E+17   1.73941E+10   2.61863E+02   3.09983E-02   2.46532E-08
 4.27750E+01   4.96476E+17   1.83885E+10   2.61951E+02   3.10010E-02   2.46468E-08
 4.28250E+01   4.96908E+17   1.93235E+10   2.62038E+02   3.10036E-02   2.46404E-08
 4.28750E+01   4.97343E+17   2.01840E+10   2.62127E+02   3.10063E-02   2.46339E-08
 4.29250E+01   4.97779E+17   2.09576E+10   2.62215E+02   3.10089E-02   2.46274E-08
 4.29750E+01   4.98217E+17   2.16346E+10   2.62304E+02   3.10115E-02   2.46209E-08
 4.30250E+01   4.98656E+17   2.22085E+10   2.62393E+02   3.10141E-02   2.46143E-08
 4.30750E+01   4.99097E+17   2.26760E+10   2.62482E+02   3.10167E-02   2.46077E-08
 4.31250E+01   4.99540E+17   2.30373E+10   2.62572E+02   3.10193E-02   2.46011E-08
 4.31750E+01   4.99984E+17   2.32956E+10   2.62661E+02   3.10218E-02   2.45945E-08
 4.32250E+01   5.00429E+17   2.34566E+10   2.62751E+02   3.10244E-02   2.45879E-08
 4.32750E+01   5.00875E+17   2.35295E+10   2.62840E+02   3.10269E-02   2.45813E-08
 4.33250E+01   5.01322E+17   2.35321E+10   2.62929E+02   3.10293E-02   2.45746E-08
 4.33750E+01   5.01770E+17   2.35301E+10   2.63018E+02   3.10318E-02   2.45680E-08
 4.34250E+01   5.02219E+17   2.35280E+10   2.63108E+02   3.10342E-02   2.45613E-08
 4.34750E+01   5.02668E+17   2.33101E+10   2.63196E+02   3.10366E-02   2.45546E-08
 4.35250E+01   5.03118E+17   2.27996E+10   2.63285E+02   3.10390E-02   2.45479E-08
 4.35750E+01   5.03569E+17   2.20693E+10   2.63374E+02   3.10413E-02   2.45412E-08
 4.36250E+01   5.04020E+17   2.11754E+10   2.63462E+02   3.10437E-02   2.45345E-08
 4.36750E+01   5.04471E+17   2.01657E+10   2.63550E+02   3.10460E-02   2.45278E-08
 4.37250E+01   5.04923E+17   1.90775E+10   2.63637E+02   3.10482E-02   2.45210E-08
 4.37750E+01   5.05375E+17   1.79407E+10   2.63724E+02   3.10505E-02   2.45143E-08
 4.38250E+01   5.05827E+17   1.67790E+10   2.63811E+02   3.10527E-02   2.45076E-08
 4.38750E+01   5.06279E+17   1.56113E+10   2.63898E+02   3.10548E-02   2.45009E-08
 4.39250E+01   5.06732E+17   1.44528E+10   2.63984E+02   3.10570E-02   2.44941E-08
 4.39750E+01   5.07185E+17   1.33160E+10   2.64070E+02   3.10591E-02   2.44874E-08
 4.40250E+01   5.07638E+17   1.22115E+10   2.64155E+02   3.10612E-02   2.44806E-08
 4.40750E+01   5.08092E+17   1.11481E+10   2.64241E+02   3.10633E-02   2.44739E-08
 4.41250E+01   5.08546E+17   1.01337E+10   2.64326E+02   3.10653E-02   2.44672E-08
 4.41750E+01   5.09001E+17   9.17479E+09   2.64410E+02   3.10674E-02   2.44604E-08
 4.42250E+01   5.09456E+17   8.27712E+09   2.64494E+02   3.10694E-02   2.44536E-08
 4.42750E+01   5.09911E+17   7.44537E+09   2.64578E+02   3.10713E-02   2.44469E-08
 4.43250E+01   5.10367E+17   6.68324E+09   2.64662E+02   3.10733E-02   2.44401E-08
 4.43750E+01   5.10824E+17   5.99340E+09   2.64745E+02   3.10752E-02   2.44333E-08
 4.44250E+01   5.11281E+17   5.37738E+09   2.64828E+02   3.10772E-02   2.44265E-08
 4.44750E+01   5.11740E+17   4.83553E+09   2.64912E+02   3.10791E-02   2.44197E-08
 4.45250E+01   5.12199E+17   4.36703E+09   2.64994E+02   3.10809E-02   2.44129E-08
 4.45750E+01   5.12660E+17   3.96988E+09   2.65077E+02   3.10828E-02   2.44061E-08
 4.46250E+01   5.13122E+17   3.64099E+09   2.65160E+02   3.10847E-02   2.43993E-08
 4.46750E+01   5.13585E+17   3.37630E+09   2.65243E+02   3.10865E-02   2.43924E-08
 4.47250E+01   5.14050E+17   3.17094E+09   2.65326E+02   3.10884E-02   2.43855E-08
 4.47750E+01   5.14517E+17   3.01935E+09   2.65408E+02   3.10902E-02   2.43786E-08
 4.48250E+01   5.14986E+17   2.91545E+09   2.65491E+02   3.10920E-02   2.43717E-08
 4.48750E+01   5.15457E+17   2.85306E+09   2.65575E+02   3.10938E-02   2.43648E-08
 4.49250E+01   5.15930E+17   2.82593E+09   2.65658E+02   3.10956E-02   2.43578E-08
 4.49750E+01   5.16406E+17   2.82404E+09   2.65742E+02   3.10974E-02   2.43508E-08
 4.50250E+01   5.16884E+17   2.82360E+09   2.65826E+02   3.10992E-02   2.43437E-08
 4.50750E+01   5.17365E+17   2.82315E+09   2.65910E+02   3.11010E-02   2.43366E-08
 4.51250E+01   5.17850E+17   2.87353E+09   2.65995E+02   3.11028E-02   2.43295E-08
 4.51750E+01   5.18337E+17   3.00143E+09   2.66080E+02   3.11045E-02   2.43223E-08
 4.52250E+01   5.18828E+17   3.18833E+09   2.66165E+02   3.11063E-02   2.43151E-08
 4.52750E+01   5.19322E+17   3.42399E+09   2.66252E+02   3.11081E-02   2.43079E-08
 4.53250E+01   5.19821E+17   3.70166E+09   2.66339E+02   3.11099E-02   2.43006E-08
 4.53750E+01   5.20323E+17   4.01889E+09   2.66426E+02   3.11117E-02   2.42932E-08
 4.54250E+01   5.20828E+17   4.37645E+09   2.66514E+02   3.11135E-02   2.42858E-08
 4.54750E+01   5.21339E+17   4.77769E+09   2.66603E+02   3.11153E-02   2.42784E-08
 4.55250E+01   5.21853E+17   5.22779E+09   2.66692E+02   3.11170E-02   2.42708E-08
 4.55750E+01   5.22372E+17   5.73299E+09   2.66782E+02   3.11188E-02   2.42633E-08
 4.56250E+01   5.22896E+17   6.29978E+09   2.66873E+02   3.11206E-02   2.42556E-08
 4.56750E+01   5.23425E+17   6.93413E+09   2.66965E+02   3.11224E-02   2.42479E-08
 4.57250E+01   5.23959E+17   7.64076E+09   2.67058E+02   3.11242E-02   2.42401E-08
 4.57750E+01   5.24498E+17   8.42245E+09   2.67151E+02   3.11259E-02   2.42323E-08
 4.58250E+01   5.25043E+17   9.27950E+09   2.67246E+02   3.11277E-02   2.42244E-08
 4.58750E+01   5.25593E+17   1.02093E+10   2.67341E+02   3.11295E-02   2.42164E-08
 4.59250E+01   5.26149E+17   1.12061E+10   2.67437E+02   3.11313E-02   2.42083E-08
 4.59750E+01   5.26710E+17   1.22609E+10   2.67535E+02   3.11330E-02   2.42002E-08
 4.60250E+01   5.27278E+17   1.33617E+10   2.67633E+02   3.11348E-02   2.41919E-08
 4.60750E+01   5.27851E+17   1.44937E+10   2.67732E+02   3.11366E-02   2.41836E-08
 4.61250E+01   5.28431E+17   1.56398E+10   2.67832E+02   3.11383E-02   2.41752E-08
 4.61750E+01   5.29018E+17   1.67816E+10   2.67933E+02   3.11401E-02   2.41667E-08
 4.62250E+01   5.29611E+17   1.78998E+10   2.68035E+02   3.11418E-02   2.41582E-08
 4.62750E+01   5.30210E+17   1.89750E+10   2.68138E+02   3.11436E-02   2.41495E-08
 4.63250E+01   5.30817E+17   1.99891E+10   2.68243E+02   3.11453E-02   2.41407E-08
 4.63750E+01   5.31431E+17   2.09252E+10   2.68348E+02   3.11470E-02   2.41319E-08
 4.64250E+01   5.32051E+17   2.17691E+10   2.68454E+02   3.11487E-02   2.41230E-08
 4.64750E+01   5.32680E+17   2.25095E+10   2.68561E+02   3.11504E-02   2.41139E-08
 4.65250E+01   5.33316E+17   2.31387E+10   2.68669E+02   3.11521E-02   2.41048E-08
 4.65750E+01   5.33959E+17   2.36528E+10   2.68779E+02   3.11538E-02   2.40955E-08
 4.66250E+01   5.34611E+17   2.40519E+10   2.68889E+02   3.11555E-02   2.40861E-08
 4.66750E+01   5.35270E+17   2.43396E+10   2.69001E+02   3.11571E-02   2.40767E-08
 4.67250E+01   5.35939E+17   2.45221E+10   2.69114E+02   3.11588E-02   2.40671E-08
 4.67750E+01   5.36615E+17   2.46092E+10   2.69227E+02   3.11604E-02   2.40574E-08
 4.68250E+01   5.37301E+17   2.46143E+10   2.69342E+02   3.11621E-02   2.40476E-08
 4.68750E+01   5.37996E+17   2.46119E+10   2.69458E+02   3.11637E-02   2.40376E-08
 4.69250E+01   5.38700E+17   2.46095E+10   2.69576E+02   3.11653E-02   2.40276E-08
 4.69750E+01   5.39413E+17   2.43897E+10   2.69694E+02   3.11668E-02   2.40174E-08
 4.70250E+01   5.40137E+17   2.38299E+10   2.69814E+02   3.11684E-02   2.40070E-08
 4.70750E+01   5.40870E+17   2.30270E+10   2.69935E+02   3.11700E-02   2.39966E-08
 4.71250E+01   5.41615E+17   2.20439E+10   2.70057E+02   3.11715E-02   2.39860E-08
 4.71750E+01   5.42370E+17   2.09349E+10   2.70180E+02   3.11730E-02   2.39752E-08
 4.72250E+01   5.43136E+17   1.97418E+10   2.70305E+02   3.11745E-02   2.39643E-08
 4.72750E+01   5.43914E+17   1.84982E+10   2.70431E+02   3.11760E-02   2.39533E-08
 4.73250E+01   5.44704E+17   1.72309E+10   2.70558E+02   3.11775E-02   2.39421E-08
 4.73750E+01   5.45506E+17   1.59616E+10   2.70687E+02   3.11790E-02   2.39307E-08
 4.74250E+01   5.46322E+17   1.47081E+10   2.70818E+02   3.11804E-02   2.39192E-08
 4.74750E+01   5.47150E+17   1.34851E+10   2.70950E+02   3.11819E-02   2.39075E-08
 4.75250E+01   5.47993E+17   1.23047E+10   2.71084E+02   3.11834E-02   2.38956E-08
 4.75750E+01   5.48850E+17   1.11769E+10   2.71219E+02   3.11848E-02   2.38835E-08
 4.76250E+01   5.49721E+17   1.01100E+10   2.71356E+02   3.11862E-02   2.38712E-08
 4.76750E+01   5.50609E+17   9.11065E+09   2.71495E+02   3.11877E-02   2.38588E-08
 4.77250E+01   5.51512E+17   8.18437E+09   2.71636E+02   3.11891E-02   2.38461E-08
 4.77750E+01   5.52432E+17   7.33532E+09   2.71779E+02   3.11905E-02   2.38332E-08
 4.78250E+01   5.53369E+17   6.56643E+09   2.71924E+02   3.11919E-02   2.38201E-08
 4.78750E+01   5.54324E+17   5.87934E+09   2.72071E+02   3.11934E-02   2.38068E-08
 4.79250E+01   5.55298E+17   5.27440E+09   2.72220E+02   3.11948E-02   2.37932E-08
 4.79750E+01   5.56291E+17   4.75062E+09   2.72372E+02   3.11962E-02   2.37794E-08
 4.80250E+01   5.57304E+17   4.30575E+09   2.72526E+02   3.11977E-02   2.37654E-08
 4.80750E+01   5.58338E+17   3.93627E+09   2.72682E+02   3.11991E-02   2.37511E-08
 4.81250E+01   5.59393E+17   3.63753E+09   2.72841E+02   3.12006E-02   2.37365E-08
 4.81750E+01   5.60471E+17   3.40392E+09   2.73003E+02   3.12020E-02   2.37216E-08
 4.82250E+01   5.61571E+17   3.22913E+09   2.73168E+02   3.12035E-02   2.37065E-08
 4.82750E+01   5.62696E+17   3.10641E+09   2.73335E+02   3.12050E-02   2.36911E-08
 4.83250E+01   5.63845E+17   3.02898E+09   2.73506E+02   3.12065E-02   2.36754E-08
 4.83750E+01   5.65020E+17   2.98932E+09   2.73679E+02   3.12081E-02   2.36593E-08
 4.84250E+01   5.66220E+17   2.98265E+09   2.73856E+02   3.12096E-02   2.36430E-08
 4.84750E+01   5.67448E+17   2.98350E+09   2.74036E+02   3.12112E-02   2.36263E-08
 4.85250E+01   5.68704E+17   2.98460E+09   2.74220E+02   3.12128E-02   2.36093E-08
 4.85750E+01   5.69987E+17   3.00745E+09   2.74407E+02   3.12144E-02   2.35920E-08
 4.86250E+01   5.71297E+17   3.11911E+09   2.74597E+02   3.12161E-02   2.35744E-08
 4.86750E+01   5.72634E+17   3.31037E+09   2.74790E+02   3.12178E-02   2.35565E-08
 4.87250E+01   5.73993E+17   3.56078E+09   2.74986E+02   3.12195E-02   2.35383E-08
 4.87750E+01   5.75367E+17   3.79038E+09   2.75183E+02   3.12212E-02   2.35200E-08
 4.88250E+01   5.76736E+17   4.09966E+09   2.75380E+02   3.12229E-02   2.35018E-08
 4.88750E+01   5.78058E+17   5.16730E+09   2.75568E+02   3.12246E-02   2.34842E-08
 4.89250E+01   5.79239E+17   5.60241E+09   2.75737E+02   3.12261E-02   2.34687E-08
 4.89750E+01   5.80065E+17   5.91763E+09   2.75855E+02   3.12271E-02   2.34578E-08
