      xx/10.        Omega0        Omega1        Omega2           C_l         r_avg
         [-]       [kg^-1]     [m kg^-1]   [m^2 kg^-1]           [-]           [m]
 1.02500E+00   3.44867E+17   7.81938E+08   3.72996E+00   1.18493E-04   4.35126E-09
 1.07500E+00   4.86397E+17   1.15682E+09   6.14345E+00   2.02946E-04   4.64228E-09
 1.12500E+00   5.96734E+17   1.37637E+09   9.07537E+00   3.16209E-04   5.02727E-09
 1.17500E+00   6.77779E+17   1.95187E+09   1.28298E+01   4.62275E-04   5.46855E-09
 1.22500E+00   7.32921E+17   2.61927E+09   1.73858E+01   6.43768E-04   5.94966E-09
 1.27500E+00   7.66667E+17   3.29725E+09   2.26111E+01   8.61041E-04   6.45764E-09
 1.32500E+00   7.82939E+17   3.94758E+09   2.83210E+01   1.11202E-03   6.98334E-09
 1.37500E+00   7.85086E+17   4.54353E+09   3.43044E+01   1.39238E-03   7.51995E-09
 1.42500E+00   7.76096E+17   5.06289E+09   4.03443E+01   1.69592E-03   8.06180E-09
 1.47500E+00   7.58476E+17   5.49406E+09   4.62391E+01   2.01511E-03   8.60440E-09
 1.52500E+00   7.34243E+17   5.85556E+09   5.18172E+01   2.34153E-03   9.14439E-09
 1.57500E+00   7.04997E+17   6.17188E+09   5.69091E+01   2.66625E-03   9.67920E-09
 1.62500E+00   6.72009E+17   6.28420E+09   6.12846E+01   2.98035E-03   1.02070E-08
 1.67500E+00   6.36306E+17   6.29259E+09   6.48874E+01   3.27593E-03   1.07273E-08
 1.72500E+00   5.98738E+17   6.29774E+09   6.77249E+01   3.54636E-03   1.12404E-08
 1.77500E+00   5.60019E+17   6.22124E+09   6.97414E+01   3.78616E-03   1.17472E-08
 1.82500E+00   5.20765E+17   6.06840E+09   7.09180E+01   3.99121E-03   1.22487E-08
 1.87500E+00   4.81509E+17   5.85561E+09   7.12716E+01   4.15901E-03   1.27467E-08
 1.92500E+00   4.42716E+17   5.59308E+09   7.08420E+01   4.28868E-03   1.32435E-08
 1.97500E+00   4.04790E+17   5.28890E+09   6.96890E+01   4.38111E-03   1.37421E-08
 2.02500E+00   3.68082E+17   4.95250E+09   6.78916E+01   4.43888E-03   1.42466E-08
 2.07500E+00   3.32891E+17   4.59355E+09   6.55442E+01   4.46620E-03   1.47621E-08
 2.12500E+00   2.99467E+17   4.22138E+09   6.27527E+01   4.46880E-03   1.52950E-08
 2.17500E+00   2.68012E+17   3.84486E+09   5.96301E+01   4.45379E-03   1.58535E-08
 2.22500E+00   2.38684E+17   3.47211E+09   5.62929E+01   4.42940E-03   1.64478E-08
 2.27500E+00   2.11592E+17   3.11030E+09   5.28574E+01   4.40484E-03   1.70901E-08
 2.32500E+00   1.86804E+17   2.76557E+09   4.94365E+01   4.39003E-03   1.77949E-08
 2.37500E+00   1.64344E+17   2.44297E+09   4.61373E+01   4.39538E-03   1.85787E-08
 2.42500E+00   1.44199E+17   2.14643E+09   4.30589E+01   4.43156E-03   1.94595E-08
 2.47500E+00   1.26325E+17   1.87876E+09   4.02912E+01   4.50925E-03   2.04553E-08
 2.52500E+00   1.10647E+17   1.64169E+09   3.79134E+01   4.63891E-03   2.15821E-08
 2.57500E+00   9.70701E+16   1.43605E+09   3.59947E+01   4.83057E-03   2.28510E-08
 2.62500E+00   8.54831E+16   1.26197E+09   3.45935E+01   5.09353E-03   2.42650E-08
 2.67500E+00   7.57659E+16   1.11913E+09   3.37586E+01   5.43618E-03   2.58152E-08
 2.72500E+00   6.77943E+16   1.00684E+09   3.35289E+01   5.86572E-03   2.74775E-08
 2.77500E+00   6.14449E+16   9.24192E+08   3.39342E+01   6.38793E-03   2.92119E-08
 2.82500E+00   5.65991E+16   8.70277E+08   3.49955E+01   7.00689E-03   3.09628E-08
 2.87500E+00   5.31464E+16   8.43012E+08   3.67249E+01   7.72478E-03   3.26642E-08
 2.92500E+00   5.09863E+16   8.43395E+08   3.91262E+01   8.54169E-03   3.42477E-08
 2.97500E+00   5.00294E+16   8.46977E+08   4.21959E+01   9.45540E-03   3.56522E-08
 3.02500E+00   5.01985E+16   8.54033E+08   4.59435E+01   1.04613E-02   3.68327E-08
 3.07500E+00   5.14285E+16   9.10451E+08   5.03864E+01   1.15524E-02   3.77651E-08
 3.12500E+00   5.36655E+16   1.00041E+09   5.55060E+01   1.27188E-02   3.84461E-08
 3.17500E+00   5.68667E+16   1.10991E+09   6.12655E+01   1.39485E-02   3.88888E-08
 3.22500E+00   6.09983E+16   1.23521E+09   6.76233E+01   1.52273E-02   3.91174E-08
 3.27500E+00   6.60350E+16   1.37769E+09   7.45357E+01   1.65396E-02   3.91608E-08
 3.32500E+00   7.19579E+16   1.53922E+09   8.19549E+01   1.78688E-02   3.90487E-08
 3.37500E+00   7.87533E+16   1.72073E+09   8.98284E+01   1.91978E-02   3.88087E-08
 3.42500E+00   8.64111E+16   1.92235E+09   9.80989E+01   2.05103E-02   3.84653E-08
 3.47500E+00   9.49228E+16   2.14385E+09   1.06707E+02   2.17905E-02   3.80394E-08
 3.52500E+00   1.04280E+17   2.38504E+09   1.15590E+02   2.30243E-02   3.75488E-08
 3.57500E+00   1.14475E+17   2.64587E+09   1.24689E+02   2.41998E-02   3.70085E-08
 3.62500E+00   1.25494E+17   2.92644E+09   1.33944E+02   2.53071E-02   3.64313E-08
 3.67500E+00   1.37323E+17   3.22705E+09   1.43301E+02   2.63391E-02   3.58279E-08
 3.72500E+00   1.49940E+17   3.54816E+09   1.52708E+02   2.72909E-02   3.52075E-08
 3.77500E+00   1.63318E+17   3.89042E+09   1.62117E+02   2.81603E-02   3.45782E-08
 3.82500E+00   1.77425E+17   4.25460E+09   1.71488E+02   2.89469E-02   3.39467E-08
 3.87500E+00   1.92218E+17   4.64165E+09   1.80780E+02   2.96524E-02   3.33189E-08
 3.92500E+00   2.07648E+17   5.05257E+09   1.89960E+02   3.02799E-02   3.26997E-08
 3.97500E+00   2.23657E+17   5.48843E+09   1.98997E+02   3.08334E-02   3.20933E-08
 4.02500E+00   2.40177E+17   5.95031E+09   2.07863E+02   3.13180E-02   3.15033E-08
 4.07500E+00   2.57133E+17   6.43922E+09   2.16531E+02   3.17390E-02   3.09324E-08
 4.12500E+00   2.74443E+17   6.95603E+09   2.24977E+02   3.21020E-02   3.03828E-08
 4.17500E+00   2.92013E+17   7.50118E+09   2.33178E+02   3.24126E-02   2.98565E-08
 4.22500E+00   3.09744E+17   8.07446E+09   2.41110E+02   3.26761E-02   2.93547E-08
 4.27500E+00   3.27533E+17   8.67454E+09   2.48753E+02   3.28975E-02   2.88782E-08
 4.32500E+00   3.45267E+17   9.29873E+09   2.56084E+02   3.30813E-02   2.84279E-08
 4.37500E+00   3.62831E+17   9.94288E+09   2.63082E+02   3.32318E-02   2.80039E-08
 4.42500E+00   3.80107E+17   1.06017E+10   2.69727E+02   3.33525E-02   2.76064E-08
 4.47500E+00   3.96975E+17   1.12691E+10   2.75997E+02   3.34466E-02   2.72352E-08
 4.52500E+00   4.13314E+17   1.19395E+10   2.81872E+02   3.35168E-02   2.68903E-08
 4.57500E+00   4.29006E+17   1.26074E+10   2.87333E+02   3.35654E-02   2.65712E-08
 4.62500E+00   4.43932E+17   1.32681E+10   2.92362E+02   3.35941E-02   2.62775E-08
 4.67500E+00   4.57982E+17   1.39161E+10   2.96939E+02   3.36047E-02   2.60087E-08
 4.72500E+00   4.71047E+17   1.45441E+10   3.01047E+02   3.35983E-02   2.57643E-08
 4.77500E+00   4.83028E+17   1.51415E+10   3.04672E+02   3.35758E-02   2.55438E-08
 4.82500E+00   4.93833E+17   1.56943E+10   3.07797E+02   3.35380E-02   2.53467E-08
 4.87500E+00   5.03381E+17   1.61854E+10   3.10411E+02   3.34856E-02   2.51722E-08
 4.92500E+00   5.11599E+17   1.65979E+10   3.12502E+02   3.34188E-02   2.50201E-08
 4.97500E+00   5.18430E+17   1.69175E+10   3.14063E+02   3.33381E-02   2.48896E-08
 5.02500E+00   5.23824E+17   1.71360E+10   3.15087E+02   3.32438E-02   2.47805E-08
 5.07500E+00   5.27749E+17   1.72554E+10   3.15571E+02   3.31359E-02   2.46921E-08
 5.12500E+00   5.30183E+17   1.72760E+10   3.15513E+02   3.30148E-02   2.46242E-08
 5.17500E+00   5.31119E+17   1.72758E+10   3.14917E+02   3.28805E-02   2.45763E-08
 5.22500E+00   5.30562E+17   1.72756E+10   3.13787E+02   3.27333E-02   2.45482E-08
 5.27500E+00   5.28534E+17   1.72144E+10   3.12131E+02   3.25735E-02   2.45395E-08
 5.32500E+00   5.25065E+17   1.70071E+10   3.09958E+02   3.24014E-02   2.45500E-08
 5.37500E+00   5.20202E+17   1.66979E+10   3.07284E+02   3.22173E-02   2.45795E-08
 5.42500E+00   5.14002E+17   1.63113E+10   3.04124E+02   3.20218E-02   2.46280E-08
 5.47500E+00   5.06532E+17   1.58642E+10   3.00500E+02   3.18155E-02   2.46952E-08
 5.52500E+00   4.97871E+17   1.53671E+10   2.96434E+02   3.15990E-02   2.47811E-08
 5.57500E+00   4.88104E+17   1.48271E+10   2.91952E+02   3.13734E-02   2.48858E-08
 5.62500E+00   4.77327E+17   1.42492E+10   2.87084E+02   3.11394E-02   2.50092E-08
 5.67500E+00   4.65640E+17   1.36383E+10   2.81861E+02   3.08983E-02   2.51514E-08
 5.72500E+00   4.53151E+17   1.29995E+10   2.76318E+02   3.06513E-02   2.53126E-08
 5.77500E+00   4.39968E+17   1.23380E+10   2.70491E+02   3.03997E-02   2.54928E-08
 5.82500E+00   4.26206E+17   1.16598E+10   2.64419E+02   3.01453E-02   2.56922E-08
 5.87500E+00   4.11979E+17   1.09706E+10   2.58143E+02   2.98895E-02   2.59109E-08
 5.92500E+00   3.97402E+17   1.02763E+10   2.51706E+02   2.96341E-02   2.61490E-08
 5.97500E+00   3.82590E+17   9.58276E+09   2.45151E+02   2.93811E-02   2.64067E-08
 6.02500E+00   3.67654E+17   8.89555E+09   2.38525E+02   2.91324E-02   2.66838E-08
 6.07500E+00   3.52704E+17   8.22024E+09   2.31872E+02   2.88900E-02   2.69803E-08
 6.12500E+00   3.37847E+17   7.56214E+09   2.25240E+02   2.86559E-02   2.72960E-08
 6.17500E+00   3.23184E+17   6.92630E+09   2.18674E+02   2.84322E-02   2.76305E-08
 6.22500E+00   3.08810E+17   6.31739E+09   2.12221E+02   2.82209E-02   2.79830E-08
 6.27500E+00   2.94818E+17   5.73965E+09   2.05926E+02   2.80240E-02   2.83527E-08
 6.32500E+00   2.81290E+17   5.19679E+09   1.99832E+02   2.78434E-02   2.87381E-08
 6.37500E+00   2.68307E+17   4.69192E+09   1.93982E+02   2.76809E-02   2.91374E-08
 6.42500E+00   2.55939E+17   4.22754E+09   1.88417E+02   2.75382E-02   2.95484E-08
 6.47500E+00   2.44250E+17   3.80550E+09   1.83173E+02   2.74166E-02   2.99682E-08
 6.52500E+00   2.33299E+17   3.42710E+09   1.78285E+02   2.73175E-02   3.03933E-08
 6.57500E+00   2.23136E+17   3.09311E+09   1.73785E+02   2.72419E-02   3.08194E-08
 6.62500E+00   2.13805E+17   2.80387E+09   1.69701E+02   2.71905E-02   3.12417E-08
 6.67500E+00   2.05342E+17   2.55936E+09   1.66057E+02   2.71639E-02   3.16548E-08
 6.72500E+00   1.97779E+17   2.35919E+09   1.62873E+02   2.71622E-02   3.20526E-08
 6.77500E+00   1.91140E+17   2.20255E+09   1.60165E+02   2.71854E-02   3.24287E-08
 6.82500E+00   1.85442E+17   2.08799E+09   1.57943E+02   2.72331E-02   3.27767E-08
 6.87500E+00   1.80697E+17   2.01346E+09   1.56217E+02   2.73046E-02   3.30900E-08
 6.92500E+00   1.76912E+17   1.97513E+09   1.54988E+02   2.73991E-02   3.33627E-08
 6.97500E+00   1.74088E+17   1.97001E+09   1.54255E+02   2.75152E-02   3.35895E-08
 7.02500E+00   1.72221E+17   1.96985E+09   1.54013E+02   2.76517E-02   3.37660E-08
 7.07500E+00   1.71303E+17   1.96969E+09   1.54254E+02   2.78068E-02   3.38893E-08
 7.12500E+00   1.71320E+17   1.99829E+09   1.54965E+02   2.79786E-02   3.39579E-08
 7.17500E+00   1.72256E+17   2.08286E+09   1.56131E+02   2.81654E-02   3.39716E-08
 7.22500E+00   1.74088E+17   2.20538E+09   1.57733E+02   2.83649E-02   3.39317E-08
 7.27500E+00   1.76791E+17   2.35561E+09   1.59749E+02   2.85750E-02   3.38410E-08
 7.32500E+00   1.80337E+17   2.52587E+09   1.62157E+02   2.87935E-02   3.37032E-08
 7.37500E+00   1.84694E+17   2.71161E+09   1.64930E+02   2.90183E-02   3.35229E-08
 7.42500E+00   1.89826E+17   2.91080E+09   1.68041E+02   2.92471E-02   3.33051E-08
 7.47500E+00   1.95696E+17   3.12318E+09   1.71462E+02   2.94779E-02   3.30552E-08
 7.52500E+00   2.02261E+17   3.34968E+09   1.75162E+02   2.97085E-02   3.27787E-08
 7.57500E+00   2.09478E+17   3.59189E+09   1.79111E+02   2.99373E-02   3.24807E-08
 7.62500E+00   2.17302E+17   3.85179E+09   1.83280E+02   3.01623E-02   3.21664E-08
 7.67500E+00   2.25682E+17   4.13162E+09   1.87636E+02   3.03819E-02   3.18401E-08
 7.72500E+00   2.34569E+17   4.43383E+09   1.92150E+02   3.05947E-02   3.15060E-08
 7.77500E+00   2.43910E+17   4.76101E+09   1.96789E+02   3.07994E-02   3.11678E-08
 7.82500E+00   2.53649E+17   5.11584E+09   2.01525E+02   3.09947E-02   3.08285E-08
 7.87500E+00   2.63731E+17   5.50094E+09   2.06326E+02   3.11798E-02   3.04910E-08
 7.92500E+00   2.74098E+17   5.91865E+09   2.11163E+02   3.13537E-02   3.01575E-08
 7.97500E+00   2.84690E+17   6.37089E+09   2.16007E+02   3.15158E-02   2.98300E-08
 8.02500E+00   2.95448E+17   6.85896E+09   2.20830E+02   3.16656E-02   2.95101E-08
 8.07500E+00   3.06312E+17   7.38338E+09   2.25605E+02   3.18026E-02   2.91990E-08
 8.12500E+00   3.17219E+17   7.94388E+09   2.30306E+02   3.19265E-02   2.88978E-08
 8.17500E+00   3.28110E+17   8.53942E+09   2.34907E+02   3.20372E-02   2.86075E-08
 8.22500E+00   3.38922E+17   9.16828E+09   2.39383E+02   3.21346E-02   2.83286E-08
 8.27500E+00   3.49596E+17   9.82811E+09   2.43713E+02   3.22187E-02   2.80618E-08
 8.32500E+00   3.60071E+17   1.05160E+10   2.47874E+02   3.22896E-02   2.78073E-08
 8.37500E+00   3.70289E+17   1.12284E+10   2.51846E+02   3.23474E-02   2.75656E-08
 8.42500E+00   3.80194E+17   1.19606E+10   2.55610E+02   3.23925E-02   2.73368E-08
 8.47500E+00   3.89730E+17   1.27065E+10   2.59150E+02   3.24251E-02   2.71211E-08
 8.52500E+00   3.98845E+17   1.34579E+10   2.62449E+02   3.24456E-02   2.69186E-08
 8.57500E+00   4.07488E+17   1.42041E+10   2.65495E+02   3.24545E-02   2.67293E-08
 8.62500E+00   4.15612E+17   1.49320E+10   2.68277E+02   3.24522E-02   2.65534E-08
 8.67500E+00   4.23174E+17   1.56263E+10   2.70786E+02   3.24394E-02   2.63908E-08
 8.72500E+00   4.30133E+17   1.62706E+10   2.73015E+02   3.24166E-02   2.62416E-08
 8.77500E+00   4.36453E+17   1.68491E+10   2.74960E+02   3.23847E-02   2.61057E-08
 8.82500E+00   4.42102E+17   1.73477E+10   2.76620E+02   3.23444E-02   2.59833E-08
 8.87500E+00   4.47053E+17   1.77553E+10   2.77990E+02   3.22958E-02   2.58740E-08
 8.92500E+00   4.51282E+17   1.80655E+10   2.79057E+02   3.22387E-02   2.57777E-08
 8.97500E+00   4.54772E+17   1.82768E+10   2.79816E+02   3.21727E-02   2.56941E-08
 9.02500E+00   4.57510E+17   1.83948E+10   2.80264E+02   3.20981E-02   2.56229E-08
 9.07500E+00   4.59487E+17   1.84205E+10   2.80400E+02   3.20152E-02   2.55640E-08
 9.12500E+00   4.60702E+17   1.84189E+10   2.80227E+02   3.19244E-02   2.55174E-08
 9.17500E+00   4.61157E+17   1.84173E+10   2.79748E+02   3.18261E-02   2.54828E-08
 9.22500E+00   4.60859E+17   1.83656E+10   2.78972E+02   3.17210E-02   2.54602E-08
 9.27500E+00   4.59822E+17   1.81305E+10   2.77906E+02   3.16098E-02   2.54495E-08
 9.32500E+00   4.58064E+17   1.77557E+10   2.76561E+02   3.14931E-02   2.54506E-08
 9.37500E+00   4.55607E+17   1.72782E+10   2.74949E+02   3.13716E-02   2.54634E-08
 9.42500E+00   4.52479E+17   1.67242E+10   2.73085E+02   3.12463E-02   2.54879E-08
 9.47500E+00   4.48712E+17   1.61129E+10   2.70983E+02   3.11178E-02   2.55240E-08
 9.52500E+00   4.44342E+17   1.54577E+10   2.68661E+02   3.09870E-02   2.55715E-08
 9.57500E+00   4.39408E+17   1.47675E+10   2.66136E+02   3.08546E-02   2.56302E-08
 9.62500E+00   4.33955E+17   1.40492E+10   2.63429E+02   3.07217E-02   2.57001E-08
 9.67500E+00   4.28028E+17   1.33085E+10   2.60558E+02   3.05889E-02   2.57810E-08
 9.72500E+00   4.21676E+17   1.25511E+10   2.57546E+02   3.04572E-02   2.58725E-08
 9.77500E+00   4.14953E+17   1.17828E+10   2.54415E+02   3.03274E-02   2.59745E-08
 9.82500E+00   4.07910E+17   1.10102E+10   2.51186E+02   3.02003E-02   2.60866E-08
 9.87500E+00   4.00604E+17   1.02397E+10   2.47883E+02   3.00767E-02   2.62084E-08
 9.92500E+00   3.93090E+17   9.47801E+09   2.44530E+02   2.99574E-02   2.63394E-08
 9.97500E+00   3.85426E+17   8.73157E+09   2.41149E+02   2.98432E-02   2.64791E-08
 1.00250E+01   3.77668E+17   8.00649E+09   2.37764E+02   2.97347E-02   2.66268E-08
 1.00750E+01   3.69874E+17   7.30844E+09   2.34399E+02   2.96328E-02   2.67819E-08
 1.01250E+01   3.62101E+17   6.64255E+09   2.31075E+02   2.95380E-02   2.69434E-08
 1.01750E+01   3.54402E+17   6.01339E+09   2.27815E+02   2.94509E-02   2.71104E-08
 1.02250E+01   3.46834E+17   5.42492E+09   2.24642E+02   2.93721E-02   2.72818E-08
 1.02750E+01   3.39447E+17   4.88056E+09   2.21575E+02   2.93020E-02   2.74564E-08
 1.03250E+01   3.32293E+17   4.38310E+09   2.18635E+02   2.92411E-02   2.76329E-08
 1.03750E+01   3.25418E+17   3.93478E+09   2.15840E+02   2.91898E-02   2.78098E-08
 1.04250E+01   3.18870E+17   3.53726E+09   2.13208E+02   2.91482E-02   2.79856E-08
 1.04750E+01   3.12689E+17   3.19155E+09   2.10756E+02   2.91167E-02   2.81586E-08
 1.05250E+01   3.06915E+17   2.89800E+09   2.08497E+02   2.90954E-02   2.83272E-08
 1.05750E+01   3.01584E+17   2.65623E+09   2.06446E+02   2.90843E-02   2.84895E-08
 1.06250E+01   2.96728E+17   2.46509E+09   2.04614E+02   2.90834E-02   2.86438E-08
 1.06750E+01   2.92375E+17   2.32257E+09   2.03011E+02   2.90927E-02   2.87883E-08
 1.07250E+01   2.88551E+17   2.22560E+09   2.01646E+02   2.91120E-02   2.89213E-08
 1.07750E+01   2.85275E+17   2.16976E+09   2.00524E+02   2.91410E-02   2.90412E-08
 1.08250E+01   2.82566E+17   2.15199E+09   1.99652E+02   2.91795E-02   2.91466E-08
 1.08750E+01   2.80435E+17   2.15136E+09   1.99031E+02   2.92271E-02   2.92361E-08
 1.09250E+01   2.78891E+17   2.15074E+09   1.98663E+02   2.92833E-02   2.93087E-08
 1.09750E+01   2.77939E+17   2.15898E+09   1.98549E+02   2.93477E-02   2.93636E-08
 1.10250E+01   2.77581E+17   2.22581E+09   1.98684E+02   2.94197E-02   2.94003E-08
 1.10750E+01   2.77812E+17   2.34356E+09   1.99066E+02   2.94986E-02   2.94184E-08
 1.11250E+01   2.78626E+17   2.49865E+09   1.99689E+02   2.95840E-02   2.94180E-08
 1.11750E+01   2.80013E+17   2.68149E+09   2.00545E+02   2.96749E-02   2.93994E-08
 1.12250E+01   2.81958E+17   2.88563E+09   2.01627E+02   2.97709E-02   2.93632E-08
 1.12750E+01   2.84444E+17   3.10724E+09   2.02923E+02   2.98710E-02   2.93102E-08
 1.13250E+01   2.87450E+17   3.34472E+09   2.04423E+02   2.99745E-02   2.92414E-08
 1.13750E+01   2.90952E+17   3.59836E+09   2.06114E+02   3.00807E-02   2.91579E-08
 1.14250E+01   2.94923E+17   3.86981E+09   2.07982E+02   3.01887E-02   2.90612E-08
 1.14750E+01   2.99335E+17   4.16172E+09   2.10013E+02   3.02978E-02   2.89525E-08
 1.15250E+01   3.04155E+17   4.47735E+09   2.12191E+02   3.04072E-02   2.88334E-08
 1.15750E+01   3.09350E+17   4.82024E+09   2.14499E+02   3.05161E-02   2.87052E-08
 1.16250E+01   3.14883E+17   5.19393E+09   2.16921E+02   3.06238E-02   2.85696E-08
 1.16750E+01   3.20718E+17   5.60178E+09   2.19440E+02   3.07295E-02   2.84280E-08
 1.17250E+01   3.26814E+17   6.04682E+09   2.22037E+02   3.08326E-02   2.82817E-08
 1.17750E+01   3.33132E+17   6.53165E+09   2.24694E+02   3.09324E-02   2.81320E-08
 1.18250E+01   3.39631E+17   7.05838E+09   2.27394E+02   3.10282E-02   2.79802E-08
 1.18750E+01   3.46269E+17   7.62863E+09   2.30118E+02   3.11196E-02   2.78275E-08
 1.19250E+01   3.53004E+17   8.24347E+09   2.32849E+02   3.12058E-02   2.76750E-08
 1.19750E+01   3.59793E+17   8.90336E+09   2.35568E+02   3.12865E-02   2.75235E-08
 1.20250E+01   3.66596E+17   9.60793E+09   2.38258E+02   3.13613E-02   2.73739E-08
 1.20750E+01   3.73370E+17   1.03557E+10   2.40902E+02   3.14296E-02   2.72271E-08
 1.21250E+01   3.80074E+17   1.11438E+10   2.43485E+02   3.14913E-02   2.70838E-08
 1.21750E+01   3.86669E+17   1.19672E+10   2.45990E+02   3.15460E-02   2.69445E-08
 1.22250E+01   3.93116E+17   1.28185E+10   2.48403E+02   3.15935E-02   2.68098E-08
 1.22750E+01   3.99378E+17   1.36874E+10   2.50709E+02   3.16336E-02   2.66802E-08
 1.23250E+01   4.05419E+17   1.45607E+10   2.52897E+02   3.16662E-02   2.65562E-08
 1.23750E+01   4.11206E+17   1.54228E+10   2.54953E+02   3.16913E-02   2.64380E-08
 1.24250E+01   4.16709E+17   1.62558E+10   2.56867E+02   3.17089E-02   2.63260E-08
 1.24750E+01   4.21896E+17   1.70411E+10   2.58630E+02   3.17189E-02   2.62204E-08
 1.25250E+01   4.26743E+17   1.77601E+10   2.60233E+02   3.17216E-02   2.61215E-08
 1.25750E+01   4.31225E+17   1.83960E+10   2.61668E+02   3.17170E-02   2.60294E-08
 1.26250E+01   4.35320E+17   1.89349E+10   2.62929E+02   3.17054E-02   2.59444E-08
 1.26750E+01   4.39012E+17   1.93670E+10   2.64012E+02   3.16869E-02   2.58664E-08
 1.27250E+01   4.42284E+17   1.96885E+10   2.64914E+02   3.16618E-02   2.57957E-08
 1.27750E+01   4.45124E+17   1.99016E+10   2.65631E+02   3.16306E-02   2.57322E-08
 1.28250E+01   4.47524E+17   2.00170E+10   2.66165E+02   3.15934E-02   2.56760E-08
 1.28750E+01   4.49478E+17   2.00399E+10   2.66514E+02   3.15507E-02   2.56272E-08
 1.29250E+01   4.50982E+17   2.00424E+10   2.66680E+02   3.15029E-02   2.55858E-08
 1.29750E+01   4.52038E+17   2.00453E+10   2.66667E+02   3.14503E-02   2.55516E-08
 1.30250E+01   4.52650E+17   1.99512E+10   2.66478E+02   3.13936E-02   2.55247E-08
 1.30750E+01   4.52823E+17   1.96203E+10   2.66119E+02   3.13331E-02   2.55051E-08
 1.31250E+01   4.52568E+17   1.91288E+10   2.65597E+02   3.12693E-02   2.54925E-08
 1.31750E+01   4.51898E+17   1.85199E+10   2.64918E+02   3.12027E-02   2.54870E-08
 1.32250E+01   4.50827E+17   1.78244E+10   2.64091E+02   3.11339E-02   2.54884E-08
 1.32750E+01   4.49375E+17   1.70650E+10   2.63125E+02   3.10633E-02   2.54966E-08
 1.33250E+01   4.47560E+17   1.62585E+10   2.62030E+02   3.09915E-02   2.55113E-08
 1.33750E+01   4.45405E+17   1.54183E+10   2.60817E+02   3.09189E-02   2.55324E-08
 1.34250E+01   4.42936E+17   1.45547E+10   2.59497E+02   3.08461E-02   2.55596E-08
 1.34750E+01   4.40180E+17   1.36766E+10   2.58082E+02   3.07736E-02   2.55928E-08
 1.35250E+01   4.37163E+17   1.27917E+10   2.56586E+02   3.07018E-02   2.56316E-08
 1.35750E+01   4.33917E+17   1.19074E+10   2.55019E+02   3.06313E-02   2.56756E-08
 1.36250E+01   4.30471E+17   1.10307E+10   2.53396E+02   3.05624E-02   2.57246E-08
 1.36750E+01   4.26858E+17   1.01688E+10   2.51729E+02   3.04957E-02   2.57782E-08
 1.37250E+01   4.23110E+17   9.32857E+09   2.50031E+02   3.04315E-02   2.58360E-08
 1.37750E+01   4.19260E+17   8.51664E+09   2.48317E+02   3.03702E-02   2.58974E-08
 1.38250E+01   4.15340E+17   7.73926E+09   2.46598E+02   3.03123E-02   2.59621E-08
 1.38750E+01   4.11385E+17   7.00210E+09   2.44888E+02   3.02580E-02   2.60295E-08
 1.39250E+01   4.07426E+17   6.31024E+09   2.43200E+02   3.02076E-02   2.60990E-08
 1.39750E+01   4.03497E+17   5.66807E+09   2.41545E+02   3.01615E-02   2.61701E-08
 1.40250E+01   3.99627E+17   5.07932E+09   2.39934E+02   3.01198E-02   2.62422E-08
 1.40750E+01   3.95848E+17   4.54698E+09   2.38381E+02   3.00828E-02   2.63147E-08
 1.41250E+01   3.92190E+17   4.07330E+09   2.36893E+02   3.00507E-02   2.63869E-08
 1.41750E+01   3.88679E+17   3.65966E+09   2.35483E+02   3.00235E-02   2.64581E-08
 1.42250E+01   3.85343E+17   3.30654E+09   2.34159E+02   3.00015E-02   2.65277E-08
 1.42750E+01   3.82206E+17   3.01335E+09   2.32928E+02   2.99846E-02   2.65951E-08
 1.43250E+01   3.79291E+17   2.77840E+09   2.31800E+02   2.99729E-02   2.66596E-08
 1.43750E+01   3.76620E+17   2.59885E+09   2.30780E+02   2.99664E-02   2.67205E-08
 1.44250E+01   3.74210E+17   2.47072E+09   2.29874E+02   2.99650E-02   2.67774E-08
 1.44750E+01   3.72079E+17   2.38924E+09   2.29087E+02   2.99687E-02   2.68295E-08
 1.45250E+01   3.70241E+17   2.34823E+09   2.28424E+02   2.99773E-02   2.68764E-08
 1.45750E+01   3.68708E+17   2.34331E+09   2.27887E+02   2.99908E-02   2.69176E-08
 1.46250E+01   3.67490E+17   2.34430E+09   2.27479E+02   3.00089E-02   2.69528E-08
 1.46750E+01   3.66595E+17   2.34527E+09   2.27200E+02   3.00315E-02   2.69814E-08
 1.47250E+01   3.66028E+17   2.37627E+09   2.27052E+02   3.00583E-02   2.70034E-08
 1.47750E+01   3.65791E+17   2.47673E+09   2.27033E+02   3.00891E-02   2.70184E-08
 1.48250E+01   3.65884E+17   2.62578E+09   2.27142E+02   3.01236E-02   2.70265E-08
 1.48750E+01   3.66306E+17   2.81141E+09   2.27376E+02   3.01614E-02   2.70274E-08
 1.49250E+01   3.67053E+17   3.02484E+09   2.27733E+02   3.02023E-02   2.70212E-08
 1.49750E+01   3.68118E+17   3.26047E+09   2.28209E+02   3.02459E-02   2.70081E-08
 1.50250E+01   3.69493E+17   3.51557E+09   2.28798E+02   3.02919E-02   2.69883E-08
 1.50750E+01   3.71167E+17   3.78961E+09   2.29496E+02   3.03398E-02   2.69618E-08
 1.51250E+01   3.73128E+17   4.08376E+09   2.30296E+02   3.03895E-02   2.69292E-08
 1.51750E+01   3.75362E+17   4.40043E+09   2.31193E+02   3.04404E-02   2.68907E-08
 1.52250E+01   3.77853E+17   4.74285E+09   2.32178E+02   3.04922E-02   2.68466E-08
 1.52750E+01   3.80585E+17   5.11475E+09   2.33244E+02   3.05445E-02   2.67976E-08
 1.53250E+01   3.83538E+17   5.52005E+09   2.34383E+02   3.05970E-02   2.67439E-08
 1.53750E+01   3.86693E+17   5.96271E+09   2.35587E+02   3.06493E-02   2.66862E-08
 1.54250E+01   3.90029E+17   6.44659E+09   2.36847E+02   3.07010E-02   2.66248E-08
 1.54750E+01   3.93524E+17   6.97531E+09   2.38154E+02   3.07518E-02   2.65604E-08
 1.55250E+01   3.97157E+17   7.55219E+09   2.39500E+02   3.08014E-02   2.64934E-08
 1.55750E+01   4.00903E+17   8.18004E+09   2.40875E+02   3.08494E-02   2.64243E-08
 1.56250E+01   4.04740E+17   8.86093E+09   2.42269E+02   3.08956E-02   2.63537E-08
 1.56750E+01   4.08645E+17   9.59586E+09   2.43674E+02   3.09397E-02   2.62820E-08
 1.57250E+01   4.12593E+17   1.03843E+10   2.45082E+02   3.09814E-02   2.62097E-08
 1.57750E+01   4.16561E+17   1.12239E+10   2.46482E+02   3.10206E-02   2.61372E-08
 1.58250E+01   4.20526E+17   1.21095E+10   2.47866E+02   3.10569E-02   2.60649E-08
 1.58750E+01   4.24464E+17   1.30333E+10   2.49226E+02   3.10902E-02   2.59934E-08
 1.59250E+01   4.28354E+17   1.39846E+10   2.50554E+02   3.11204E-02   2.59228E-08
 1.59750E+01   4.32174E+17   1.49492E+10   2.51843E+02   3.11473E-02   2.58537E-08
 1.60250E+01   4.35903E+17   1.59108E+10   2.53084E+02   3.11708E-02   2.57862E-08
 1.60750E+01   4.39522E+17   1.68507E+10   2.54271E+02   3.11908E-02   2.57207E-08
 1.61250E+01   4.43010E+17   1.77494E+10   2.55398E+02   3.12072E-02   2.56576E-08
 1.61750E+01   4.46352E+17   1.85874E+10   2.56458E+02   3.12201E-02   2.55969E-08
 1.62250E+01   4.49531E+17   1.93470E+10   2.57448E+02   3.12294E-02   2.55389E-08
 1.62750E+01   4.52531E+17   2.00128E+10   2.58361E+02   3.12351E-02   2.54839E-08
 1.63250E+01   4.55339E+17   2.05734E+10   2.59195E+02   3.12373E-02   2.54320E-08
 1.63750E+01   4.57943E+17   2.10218E+10   2.59945E+02   3.12360E-02   2.53834E-08
 1.64250E+01   4.60333E+17   2.13561E+10   2.60609E+02   3.12313E-02   2.53381E-08
 1.64750E+01   4.62500E+17   2.15790E+10   2.61184E+02   3.12234E-02   2.52963E-08
 1.65250E+01   4.64438E+17   2.16993E+10   2.61670E+02   3.12123E-02   2.52581E-08
 1.65750E+01   4.66140E+17   2.17212E+10   2.62065E+02   3.11983E-02   2.52236E-08
 1.66250E+01   4.67602E+17   2.17218E+10   2.62369E+02   3.11814E-02   2.51927E-08
 1.66750E+01   4.68824E+17   2.17223E+10   2.62582E+02   3.11619E-02   2.51655E-08
 1.67250E+01   4.69804E+17   2.16344E+10   2.62706E+02   3.11399E-02   2.51421E-08
 1.67750E+01   4.70543E+17   2.12862E+10   2.62741E+02   3.11157E-02   2.51224E-08
 1.68250E+01   4.71046E+17   2.07460E+10   2.62692E+02   3.10895E-02   2.51064E-08
 1.68750E+01   4.71315E+17   2.00622E+10   2.62559E+02   3.10614E-02   2.50941E-08
 1.69250E+01   4.71358E+17   1.92731E+10   2.62346E+02   3.10318E-02   2.50854E-08
 1.69750E+01   4.71181E+17   1.84090E+10   2.62057E+02   3.10010E-02   2.50802E-08
 1.70250E+01   4.70794E+17   1.74931E+10   2.61696E+02   3.09690E-02   2.50784E-08
 1.70750E+01   4.70206E+17   1.65428E+10   2.61268E+02   3.09363E-02   2.50800E-08
 1.71250E+01   4.69429E+17   1.55715E+10   2.60778E+02   3.09030E-02   2.50848E-08
 1.71750E+01   4.68476E+17   1.45900E+10   2.60231E+02   3.08693E-02   2.50927E-08
 1.72250E+01   4.67360E+17   1.36072E+10   2.59633E+02   3.08357E-02   2.51036E-08
 1.72750E+01   4.66095E+17   1.26312E+10   2.58989E+02   3.08022E-02   2.51172E-08
 1.73250E+01   4.64697E+17   1.16694E+10   2.58305E+02   3.07692E-02   2.51333E-08
 1.73750E+01   4.63181E+17   1.07290E+10   2.57589E+02   3.07367E-02   2.51519E-08
 1.74250E+01   4.61563E+17   9.81689E+09   2.56846E+02   3.07052E-02   2.51726E-08
 1.74750E+01   4.59862E+17   8.93972E+09   2.56082E+02   3.06748E-02   2.51953E-08
 1.75250E+01   4.58093E+17   8.10376E+09   2.55305E+02   3.06456E-02   2.52197E-08
 1.75750E+01   4.56274E+17   7.31485E+09   2.54520E+02   3.06179E-02   2.52456E-08
 1.76250E+01   4.54423E+17   6.57819E+09   2.53734E+02   3.05919E-02   2.52726E-08
 1.76750E+01   4.52556E+17   5.89830E+09   2.52953E+02   3.05677E-02   2.53007E-08
 1.77250E+01   4.50691E+17   5.27893E+09   2.52183E+02   3.05454E-02   2.53294E-08
 1.77750E+01   4.48844E+17   4.72296E+09   2.51430E+02   3.05252E-02   2.53584E-08
 1.78250E+01   4.47032E+17   4.23229E+09   2.50700E+02   3.05072E-02   2.53877E-08
 1.78750E+01   4.45271E+17   3.80778E+09   2.49998E+02   3.04915E-02   2.54167E-08
 1.79250E+01   4.43576E+17   3.44917E+09   2.49329E+02   3.04781E-02   2.54453E-08
 1.79750E+01   4.41962E+17   3.15497E+09   2.48699E+02   3.04671E-02   2.54732E-08
 1.80250E+01   4.40442E+17   2.92253E+09   2.48111E+02   3.04586E-02   2.55001E-08
 1.80750E+01   4.39028E+17   2.74803E+09   2.47569E+02   3.04526E-02   2.55258E-08
 1.81250E+01   4.37734E+17   2.62658E+09   2.47078E+02   3.04490E-02   2.55499E-08
 1.81750E+01   4.36569E+17   2.55269E+09   2.46640E+02   3.04480E-02   2.55723E-08
 1.82250E+01   4.35543E+17   2.52020E+09   2.46258E+02   3.04493E-02   2.55928E-08
 1.82750E+01   4.34664E+17   2.51841E+09   2.45935E+02   3.04531E-02   2.56110E-08
 1.83250E+01   4.33941E+17   2.51830E+09   2.45672E+02   3.04592E-02   2.56270E-08
 1.83750E+01   4.33378E+17   2.51818E+09   2.45471E+02   3.04675E-02   2.56404E-08
 1.84250E+01   4.32982E+17   2.57023E+09   2.45333E+02   3.04781E-02   2.56512E-08
 1.84750E+01   4.32754E+17   2.68850E+09   2.45258E+02   3.04906E-02   2.56592E-08
 1.85250E+01   4.32699E+17   2.85756E+09   2.45247E+02   3.05052E-02   2.56644E-08
 1.85750E+01   4.32816E+17   3.06535E+09   2.45298E+02   3.05215E-02   2.56667E-08
 1.86250E+01   4.33105E+17   3.30339E+09   2.45412E+02   3.05396E-02   2.56660E-08
 1.86750E+01   4.33565E+17   3.56664E+09   2.45586E+02   3.05591E-02   2.56624E-08
 1.87250E+01   4.34193E+17   3.85272E+09   2.45819E+02   3.05800E-02   2.56559E-08
 1.87750E+01   4.34985E+17   4.16148E+09   2.46109E+02   3.06021E-02   2.56465E-08
 1.88250E+01   4.35937E+17   4.49451E+09   2.46454E+02   3.06253E-02   2.56342E-08
 1.88750E+01   4.37042E+17   4.85472E+09   2.46851E+02   3.06494E-02   2.56193E-08
 1.89250E+01   4.38293E+17   5.24599E+09   2.47296E+02   3.06741E-02   2.56018E-08
 1.89750E+01   4.39683E+17   5.67288E+09   2.47787E+02   3.06994E-02   2.55818E-08
 1.90250E+01   4.41202E+17   6.14035E+09   2.48319E+02   3.07250E-02   2.55595E-08
 1.90750E+01   4.42842E+17   6.65356E+09   2.48890E+02   3.07508E-02   2.55351E-08
 1.91250E+01   4.44590E+17   7.21753E+09   2.49493E+02   3.07766E-02   2.55087E-08
 1.91750E+01   4.46438E+17   7.83693E+09   2.50126E+02   3.08022E-02   2.54805E-08
 1.92250E+01   4.48373E+17   8.51560E+09   2.50785E+02   3.08275E-02   2.54508E-08
 1.92750E+01   4.50383E+17   9.25618E+09   2.51463E+02   3.08522E-02   2.54197E-08
 1.93250E+01   4.52456E+17   1.00595E+10   2.52158E+02   3.08764E-02   2.53874E-08
 1.93750E+01   4.54580E+17   1.09243E+10   2.52864E+02   3.08997E-02   2.53542E-08
 1.94250E+01   4.56742E+17   1.18464E+10   2.53577E+02   3.09221E-02   2.53202E-08
 1.94750E+01   4.58929E+17   1.28186E+10   2.54292E+02   3.09434E-02   2.52858E-08
 1.95250E+01   4.61128E+17   1.38303E+10   2.55004E+02   3.09636E-02   2.52510E-08
 1.95750E+01   4.63327E+17   1.48676E+10   2.55710E+02   3.09825E-02   2.52161E-08
 1.96250E+01   4.65514E+17   1.59137E+10   2.56406E+02   3.10000E-02   2.51813E-08
 1.96750E+01   4.67676E+17   1.69492E+10   2.57086E+02   3.10160E-02   2.51468E-08
 1.97250E+01   4.69801E+17   1.79536E+10   2.57747E+02   3.10305E-02   2.51127E-08
 1.97750E+01   4.71879E+17   1.89059E+10   2.58385E+02   3.10434E-02   2.50793E-08
 1.98250E+01   4.73898E+17   1.97862E+10   2.58998E+02   3.10547E-02   2.50466E-08
 1.98750E+01   4.75848E+17   2.05770E+10   2.59580E+02   3.10643E-02   2.50149E-08
 1.99250E+01   4.77720E+17   2.12640E+10   2.60130E+02   3.10722E-02   2.49843E-08
 1.99750E+01   4.79504E+17   2.18372E+10   2.60645E+02   3.10783E-02   2.49549E-08
 2.00250E+01   4.81193E+17   2.22912E+10   2.61123E+02   3.10828E-02   2.49269E-08
 2.00750E+01   4.82780E+17   2.26253E+10   2.61561E+02   3.10856E-02   2.49003E-08
 2.01250E+01   4.84258E+17   2.28432E+10   2.61957E+02   3.10867E-02   2.48752E-08
 2.01750E+01   4.85622E+17   2.29550E+10   2.62311E+02   3.10862E-02   2.48518E-08
 2.02250E+01   4.86866E+17   2.29690E+10   2.62620E+02   3.10841E-02   2.48301E-08
 2.02750E+01   4.87988E+17   2.29670E+10   2.62885E+02   3.10805E-02   2.48101E-08
 2.03250E+01   4.88984E+17   2.29651E+10   2.63105E+02   3.10755E-02   2.47919E-08
 2.03750E+01   4.89852E+17   2.28363E+10   2.63280E+02   3.10691E-02   2.47755E-08
 2.04250E+01   4.90592E+17   2.24153E+10   2.63409E+02   3.10614E-02   2.47610E-08
 2.04750E+01   4.91204E+17   2.17866E+10   2.63494E+02   3.10526E-02   2.47484E-08
 2.05250E+01   4.91688E+17   2.10022E+10   2.63535E+02   3.10427E-02   2.47376E-08
 2.05750E+01   4.92046E+17   2.01057E+10   2.63534E+02   3.10318E-02   2.47287E-08
 2.06250E+01   4.92282E+17   1.91317E+10   2.63491E+02   3.10200E-02   2.47217E-08
 2.06750E+01   4.92398E+17   1.81064E+10   2.63410E+02   3.10075E-02   2.47164E-08
 2.07250E+01   4.92399E+17   1.70499E+10   2.63290E+02   3.09943E-02   2.47129E-08
 2.07750E+01   4.92289E+17   1.59774E+10   2.63136E+02   3.09807E-02   2.47111E-08
 2.08250E+01   4.92076E+17   1.49009E+10   2.62948E+02   3.09667E-02   2.47109E-08
 2.08750E+01   4.91764E+17   1.38307E+10   2.62730E+02   3.09524E-02   2.47124E-08
 2.09250E+01   4.91361E+17   1.27755E+10   2.62485E+02   3.09380E-02   2.47153E-08
 2.09750E+01   4.90875E+17   1.17433E+10   2.62215E+02   3.09236E-02   2.47196E-08
 2.10250E+01   4.90313E+17   1.07419E+10   2.61923E+02   3.09094E-02   2.47252E-08
 2.10750E+01   4.89685E+17   9.77827E+09   2.61613E+02   3.08953E-02   2.47321E-08
 2.11250E+01   4.88997E+17   8.85934E+09   2.61288E+02   3.08816E-02   2.47400E-08
 2.11750E+01   4.88260E+17   7.99139E+09   2.60951E+02   3.08684E-02   2.47489E-08
 2.12250E+01   4.87483E+17   7.18019E+09   2.60605E+02   3.08557E-02   2.47586E-08
 2.12750E+01   4.86675E+17   6.43078E+09   2.60253E+02   3.08436E-02   2.47691E-08
 2.13250E+01   4.85845E+17   5.74739E+09   2.59899E+02   3.08324E-02   2.47802E-08
 2.13750E+01   4.85003E+17   5.13319E+09   2.59546E+02   3.08219E-02   2.47917E-08
 2.14250E+01   4.84157E+17   4.59025E+09   2.59198E+02   3.08123E-02   2.48036E-08
 2.14750E+01   4.83317E+17   4.11939E+09   2.58856E+02   3.08037E-02   2.48156E-08
 2.15250E+01   4.82493E+17   3.72017E+09   2.58525E+02   3.07962E-02   2.48277E-08
 2.15750E+01   4.81691E+17   3.39084E+09   2.58207E+02   3.07897E-02   2.48397E-08
 2.16250E+01   4.80922E+17   3.12847E+09   2.57904E+02   3.07843E-02   2.48515E-08
 2.16750E+01   4.80192E+17   2.92895E+09   2.57619E+02   3.07801E-02   2.48630E-08
 2.17250E+01   4.79509E+17   2.78711E+09   2.57355E+02   3.07771E-02   2.48740E-08
 2.17750E+01   4.78881E+17   2.69704E+09   2.57114E+02   3.07753E-02   2.48844E-08
 2.18250E+01   4.78314E+17   2.65128E+09   2.56897E+02   3.07747E-02   2.48940E-08
 2.18750E+01   4.77813E+17   2.64452E+09   2.56706E+02   3.07753E-02   2.49029E-08
 2.19250E+01   4.77384E+17   2.64408E+09   2.56544E+02   3.07771E-02   2.49108E-08
 2.19750E+01   4.77032E+17   2.64364E+09   2.56410E+02   3.07801E-02   2.49178E-08
 2.20250E+01   4.76761E+17   2.67372E+09   2.56306E+02   3.07842E-02   2.49236E-08
 2.20750E+01   4.76574E+17   2.78377E+09   2.56233E+02   3.07895E-02   2.49283E-08
 2.21250E+01   4.76474E+17   2.95179E+09   2.56191E+02   3.07958E-02   2.49317E-08
 2.21750E+01   4.76463E+17   3.16456E+09   2.56182E+02   3.08031E-02   2.49339E-08
 2.22250E+01   4.76542E+17   3.41264E+09   2.56203E+02   3.08114E-02   2.49347E-08
 2.22750E+01   4.76712E+17   3.68985E+09   2.56257E+02   3.08206E-02   2.49343E-08
 2.23250E+01   4.76973E+17   3.99317E+09   2.56341E+02   3.08306E-02   2.49324E-08
 2.23750E+01   4.77324E+17   4.32214E+09   2.56456E+02   3.08414E-02   2.49292E-08
 2.24250E+01   4.77765E+17   4.67844E+09   2.56601E+02   3.08529E-02   2.49246E-08
 2.24750E+01   4.78292E+17   5.06550E+09   2.56774E+02   3.08649E-02   2.49187E-08
 2.25250E+01   4.78903E+17   5.48809E+09   2.56975E+02   3.08775E-02   2.49115E-08
 2.25750E+01   4.79596E+17   5.95191E+09   2.57201E+02   3.08906E-02   2.49030E-08
 2.26250E+01   4.80366E+17   6.46324E+09   2.57452E+02   3.09040E-02   2.48933E-08
 2.26750E+01   4.81210E+17   7.02845E+09   2.57726E+02   3.09176E-02   2.48824E-08
 2.27250E+01   4.82122E+17   7.65357E+09   2.58020E+02   3.09314E-02   2.48704E-08
 2.27750E+01   4.83098E+17   8.34376E+09   2.58334E+02   3.09453E-02   2.48574E-08
 2.28250E+01   4.84131E+17   9.10271E+09   2.58664E+02   3.09592E-02   2.48434E-08
 2.28750E+01   4.85218E+17   9.93204E+09   2.59008E+02   3.09730E-02   2.48285E-08
 2.29250E+01   4.86350E+17   1.08307E+10   2.59365E+02   3.09867E-02   2.48129E-08
 2.29750E+01   4.87523E+17   1.17945E+10   2.59732E+02   3.10001E-02   2.47965E-08
 2.30250E+01   4.88728E+17   1.28158E+10   2.60106E+02   3.10132E-02   2.47796E-08
 2.30750E+01   4.89960E+17   1.38830E+10   2.60486E+02   3.10259E-02   2.47622E-08
 2.31250E+01   4.91213E+17   1.49815E+10   2.60869E+02   3.10381E-02   2.47444E-08
 2.31750E+01   4.92478E+17   1.60931E+10   2.61252E+02   3.10497E-02   2.47263E-08
 2.32250E+01   4.93750E+17   1.71976E+10   2.61633E+02   3.10608E-02   2.47080E-08
 2.32750E+01   4.95022E+17   1.82731E+10   2.62011E+02   3.10712E-02   2.46895E-08
 2.33250E+01   4.96287E+17   1.92977E+10   2.62383E+02   3.10810E-02   2.46711E-08
 2.33750E+01   4.97539E+17   2.02501E+10   2.62746E+02   3.10900E-02   2.46528E-08
 2.34250E+01   4.98773E+17   2.11112E+10   2.63099E+02   3.10982E-02   2.46346E-08
 2.34750E+01   4.99981E+17   2.18650E+10   2.63440E+02   3.11056E-02   2.46167E-08
 2.35250E+01   5.01159E+17   2.25000E+10   2.63768E+02   3.11122E-02   2.45991E-08
 2.35750E+01   5.02302E+17   2.30098E+10   2.64081E+02   3.11180E-02   2.45820E-08
 2.36250E+01   5.03404E+17   2.33935E+10   2.64376E+02   3.11229E-02   2.45653E-08
 2.36750E+01   5.04462E+17   2.36556E+10   2.64654E+02   3.11270E-02   2.45492E-08
 2.37250E+01   5.05470E+17   2.38055E+10   2.64912E+02   3.11303E-02   2.45338E-08
 2.37750E+01   5.06426E+17   2.38478E+10   2.65151E+02   3.11327E-02   2.45189E-08
 2.38250E+01   5.07327E+17   2.38437E+10   2.65368E+02   3.11343E-02   2.45049E-08
 2.38750E+01   5.08170E+17   2.38396E+10   2.65564E+02   3.11352E-02   2.44915E-08
 2.39250E+01   5.08952E+17   2.37726E+10   2.65738E+02   3.11352E-02   2.44790E-08
 2.39750E+01   5.09673E+17   2.33870E+10   2.65890E+02   3.11346E-02   2.44673E-08
 2.40250E+01   5.10330E+17   2.27437E+10   2.66019E+02   3.11332E-02   2.44564E-08
 2.40750E+01   5.10924E+17   2.19170E+10   2.66126E+02   3.11312E-02   2.44464E-08
 2.41250E+01   5.11455E+17   2.09599E+10   2.66211E+02   3.11286E-02   2.44372E-08
 2.41750E+01   5.11923E+17   1.99129E+10   2.66274E+02   3.11254E-02   2.44290E-08
 2.42250E+01   5.12328E+17   1.88063E+10   2.66316E+02   3.11217E-02   2.44216E-08
 2.42750E+01   5.12673E+17   1.76638E+10   2.66338E+02   3.11176E-02   2.44150E-08
 2.43250E+01   5.12959E+17   1.65038E+10   2.66341E+02   3.11131E-02   2.44093E-08
 2.43750E+01   5.13188E+17   1.53414E+10   2.66324E+02   3.11082E-02   2.44044E-08
 2.44250E+01   5.13363E+17   1.41891E+10   2.66291E+02   3.11031E-02   2.44003E-08
 2.44750E+01   5.13488E+17   1.30575E+10   2.66241E+02   3.10978E-02   2.43969E-08
 2.45250E+01   5.13564E+17   1.19559E+10   2.66177E+02   3.10923E-02   2.43943E-08
 2.45750E+01   5.13598E+17   1.08927E+10   2.66099E+02   3.10868E-02   2.43923E-08
 2.46250E+01   5.13591E+17   9.87544E+09   2.66009E+02   3.10812E-02   2.43909E-08
 2.46750E+01   5.13549E+17   8.91139E+09   2.65909E+02   3.10757E-02   2.43901E-08
 2.47250E+01   5.13476E+17   8.00704E+09   2.65801E+02   3.10702E-02   2.43899E-08
 2.47750E+01   5.13376E+17   7.16818E+09   2.65685E+02   3.10649E-02   2.43901E-08
 2.48250E+01   5.13255E+17   6.39977E+09   2.65564E+02   3.10599E-02   2.43907E-08
 2.48750E+01   5.13117E+17   5.70565E+09   2.65439E+02   3.10550E-02   2.43916E-08
 2.49250E+01   5.12967E+17   5.08851E+09   2.65312E+02   3.10505E-02   2.43928E-08
 2.49750E+01   5.12810E+17   4.54966E+09   2.65185E+02   3.10464E-02   2.43942E-08
 2.50250E+01   5.12651E+17   4.08899E+09   2.65059E+02   3.10426E-02   2.43957E-08
 2.50750E+01   5.12495E+17   3.70489E+09   2.64936E+02   3.10392E-02   2.43973E-08
 2.51250E+01   5.12346E+17   3.39430E+09   2.64817E+02   3.10364E-02   2.43989E-08
 2.51750E+01   5.12210E+17   3.15279E+09   2.64705E+02   3.10340E-02   2.44005E-08
 2.52250E+01   5.12090E+17   2.97485E+09   2.64599E+02   3.10321E-02   2.44019E-08
 2.52750E+01   5.11991E+17   2.85413E+09   2.64503E+02   3.10308E-02   2.44031E-08
 2.53250E+01   5.11917E+17   2.78386E+09   2.64416E+02   3.10300E-02   2.44041E-08
 2.53750E+01   5.11871E+17   2.75902E+09   2.64340E+02   3.10298E-02   2.44047E-08
 2.54250E+01   5.11857E+17   2.75912E+09   2.64277E+02   3.10301E-02   2.44050E-08
 2.54750E+01   5.11879E+17   2.75963E+09   2.64226E+02   3.10310E-02   2.44049E-08
 2.55250E+01   5.11938E+17   2.76543E+09   2.64189E+02   3.10325E-02   2.44044E-08
 2.55750E+01   5.12038E+17   2.84302E+09   2.64167E+02   3.10345E-02   2.44033E-08
 2.56250E+01   5.12181E+17   2.99238E+09   2.64159E+02   3.10371E-02   2.44017E-08
 2.56750E+01   5.12368E+17   3.19708E+09   2.64167E+02   3.10402E-02   2.43996E-08
 2.57250E+01   5.12602E+17   3.44395E+09   2.64191E+02   3.10438E-02   2.43968E-08
 2.57750E+01   5.12882E+17   3.72470E+09   2.64230E+02   3.10479E-02   2.43935E-08
 2.58250E+01   5.13210E+17   4.03478E+09   2.64285E+02   3.10525E-02   2.43895E-08
 2.58750E+01   5.13586E+17   4.37291E+09   2.64357E+02   3.10575E-02   2.43848E-08
 2.59250E+01   5.14010E+17   4.74058E+09   2.64444E+02   3.10628E-02   2.43795E-08
 2.59750E+01   5.14481E+17   5.14153E+09   2.64546E+02   3.10686E-02   2.43736E-08
 2.60250E+01   5.14999E+17   5.58123E+09   2.64663E+02   3.10746E-02   2.43670E-08
 2.60750E+01   5.15564E+17   6.06639E+09   2.64794E+02   3.10810E-02   2.43597E-08
 2.61250E+01   5.16172E+17   6.60438E+09   2.64940E+02   3.10875E-02   2.43519E-08
 2.61750E+01   5.16823E+17   7.20265E+09   2.65098E+02   3.10943E-02   2.43434E-08
 2.62250E+01   5.17516E+17   7.86809E+09   2.65268E+02   3.11012E-02   2.43343E-08
 2.62750E+01   5.18246E+17   8.60631E+09   2.65451E+02   3.11083E-02   2.43247E-08
 2.63250E+01   5.19013E+17   9.42097E+09   2.65643E+02   3.11154E-02   2.43146E-08
 2.63750E+01   5.19814E+17   1.03131E+10   2.65845E+02   3.11226E-02   2.43040E-08
 2.64250E+01   5.20645E+17   1.12804E+10   2.66055E+02   3.11297E-02   2.42929E-08
 2.64750E+01   5.21503E+17   1.23170E+10   2.66273E+02   3.11368E-02   2.42814E-08
 2.65250E+01   5.22386E+17   1.34131E+10   2.66497E+02   3.11438E-02   2.42695E-08
 2.65750E+01   5.23291E+17   1.45551E+10   2.66726E+02   3.11506E-02   2.42573E-08
 2.66250E+01   5.24213E+17   1.57258E+10   2.66958E+02   3.11573E-02   2.42448E-08
 2.66750E+01   5.25150E+17   1.69050E+10   2.67194E+02   3.11638E-02   2.42321E-08
 2.67250E+01   5.26099E+17   1.80708E+10   2.67431E+02   3.11700E-02   2.42191E-08
 2.67750E+01   5.27055E+17   1.92001E+10   2.67669E+02   3.11760E-02   2.42060E-08
 2.68250E+01   5.28016E+17   2.02701E+10   2.67906E+02   3.11817E-02   2.41928E-08
 2.68750E+01   5.28978E+17   2.12596E+10   2.68142E+02   3.11871E-02   2.41795E-08
 2.69250E+01   5.29939E+17   2.21500E+10   2.68375E+02   3.11921E-02   2.41662E-08
 2.69750E+01   5.30894E+17   2.29266E+10   2.68604E+02   3.11968E-02   2.41529E-08
 2.70250E+01   5.31842E+17   2.35788E+10   2.68828E+02   3.12011E-02   2.41396E-08
 2.70750E+01   5.32779E+17   2.41011E+10   2.69047E+02   3.12050E-02   2.41265E-08
 2.71250E+01   5.33703E+17   2.44926E+10   2.69260E+02   3.12085E-02   2.41135E-08
 2.71750E+01   5.34610E+17   2.47567E+10   2.69465E+02   3.12116E-02   2.41006E-08
 2.72250E+01   5.35500E+17   2.49041E+10   2.69663E+02   3.12143E-02   2.40879E-08
 2.72750E+01   5.36371E+17   2.49382E+10   2.69852E+02   3.12166E-02   2.40755E-08
 2.73250E+01   5.37219E+17   2.49456E+10   2.70033E+02   3.12184E-02   2.40633E-08
 2.73750E+01   5.38044E+17   2.49528E+10   2.70204E+02   3.12199E-02   2.40514E-08
 2.74250E+01   5.38844E+17   2.48630E+10   2.70366E+02   3.12210E-02   2.40397E-08
 2.74750E+01   5.39619E+17   2.44352E+10   2.70518E+02   3.12216E-02   2.40284E-08
 2.75250E+01   5.40367E+17   2.37473E+10   2.70660E+02   3.12220E-02   2.40174E-08
 2.75750E+01   5.41088E+17   2.28643E+10   2.70791E+02   3.12219E-02   2.40067E-08
 2.76250E+01   5.41782E+17   2.18379E+10   2.70913E+02   3.12215E-02   2.39963E-08
 2.76750E+01   5.42449E+17   2.07120E+10   2.71024E+02   3.12208E-02   2.39863E-08
 2.77250E+01   5.43089E+17   1.95217E+10   2.71126E+02   3.12198E-02   2.39766E-08
 2.77750E+01   5.43702E+17   1.82949E+10   2.71218E+02   3.12185E-02   2.39673E-08
 2.78250E+01   5.44290E+17   1.70533E+10   2.71300E+02   3.12170E-02   2.39583E-08
 2.78750E+01   5.44853E+17   1.58142E+10   2.71374E+02   3.12153E-02   2.39496E-08
 2.79250E+01   5.45392E+17   1.45913E+10   2.71439E+02   3.12133E-02   2.39412E-08
 2.79750E+01   5.45909E+17   1.33962E+10   2.71496E+02   3.12112E-02   2.39331E-08
 2.80250E+01   5.46406E+17   1.22387E+10   2.71546E+02   3.12090E-02   2.39252E-08
 2.80750E+01   5.46883E+17   1.11275E+10   2.71588E+02   3.12066E-02   2.39177E-08
 2.81250E+01   5.47344E+17   1.00704E+10   2.71625E+02   3.12041E-02   2.39103E-08
 2.81750E+01   5.47791E+17   9.07435E+09   2.71656E+02   3.12016E-02   2.39032E-08
 2.82250E+01   5.48225E+17   8.14557E+09   2.71683E+02   3.11991E-02   2.38962E-08
 2.82750E+01   5.48649E+17   7.28933E+09   2.71705E+02   3.11966E-02   2.38894E-08
 2.83250E+01   5.49065E+17   6.50982E+09   2.71725E+02   3.11940E-02   2.38827E-08
 2.83750E+01   5.49477E+17   5.81009E+09   2.71742E+02   3.11916E-02   2.38761E-08
 2.84250E+01   5.49886E+17   5.19190E+09   2.71758E+02   3.11892E-02   2.38696E-08
 2.84750E+01   5.50296E+17   4.65561E+09   2.71773E+02   3.11869E-02   2.38631E-08
 2.85250E+01   5.50709E+17   4.20018E+09   2.71788E+02   3.11848E-02   2.38566E-08
 2.85750E+01   5.51128E+17   3.82311E+09   2.71805E+02   3.11828E-02   2.38500E-08
 2.86250E+01   5.51557E+17   3.52062E+09   2.71823E+02   3.11809E-02   2.38434E-08
 2.86750E+01   5.51996E+17   3.28766E+09   2.71844E+02   3.11793E-02   2.38366E-08
 2.87250E+01   5.52450E+17   3.11822E+09   2.71868E+02   3.11778E-02   2.38297E-08
 2.87750E+01   5.52921E+17   3.00548E+09   2.71897E+02   3.11766E-02   2.38226E-08
 2.88250E+01   5.53412E+17   2.94183E+09   2.71930E+02   3.11756E-02   2.38153E-08
 2.88750E+01   5.53925E+17   2.92236E+09   2.71969E+02   3.11748E-02   2.38078E-08
 2.89250E+01   5.54463E+17   2.92253E+09   2.72015E+02   3.11743E-02   2.38000E-08
 2.89750E+01   5.55028E+17   2.92268E+09   2.72067E+02   3.11740E-02   2.37918E-08
 2.90250E+01   5.55622E+17   2.93272E+09   2.72127E+02   3.11740E-02   2.37833E-08
 2.90750E+01   5.56248E+17   3.02182E+09   2.72194E+02   3.11742E-02   2.37744E-08
 2.91250E+01   5.56907E+17   3.18337E+09   2.72271E+02   3.11747E-02   2.37652E-08
 2.91750E+01   5.57602E+17   3.40027E+09   2.72356E+02   3.11754E-02   2.37555E-08
 2.92250E+01   5.58334E+17   3.66044E+09   2.72450E+02   3.11764E-02   2.37454E-08
 2.92750E+01   5.59105E+17   3.95648E+09   2.72554E+02   3.11777E-02   2.37348E-08
 2.93250E+01   5.59916E+17   4.28476E+09   2.72667E+02   3.11792E-02   2.37237E-08
 2.93750E+01   5.60768E+17   4.64508E+09   2.72791E+02   3.11809E-02   2.37121E-08
 2.94250E+01   5.61664E+17   5.04019E+09   2.72925E+02   3.11829E-02   2.37000E-08
 2.94750E+01   5.62604E+17   5.47519E+09   2.73069E+02   3.11851E-02   2.36873E-08
 2.95250E+01   5.63589E+17   5.95700E+09   2.73224E+02   3.11875E-02   2.36741E-08
 2.95750E+01   5.64619E+17   6.49362E+09   2.73389E+02   3.11901E-02   2.36604E-08
 2.96250E+01   5.65696E+17   7.09345E+09   2.73564E+02   3.11928E-02   2.36461E-08
 2.96750E+01   5.66819E+17   7.76443E+09   2.73750E+02   3.11958E-02   2.36312E-08
 2.97250E+01   5.67990E+17   8.51331E+09   2.73945E+02   3.11989E-02   2.36157E-08
 2.97750E+01   5.69208E+17   9.34476E+09   2.74151E+02   3.12021E-02   2.35997E-08
 2.98250E+01   5.70474E+17   1.02606E+10   2.74366E+02   3.12054E-02   2.35830E-08
 2.98750E+01   5.71789E+17   1.12594E+10   2.74591E+02   3.12089E-02   2.35658E-08
 2.99250E+01   5.73151E+17   1.23354E+10   2.74825E+02   3.12124E-02   2.35480E-08
 2.99750E+01   5.74561E+17   1.34793E+10   2.75068E+02   3.12160E-02   2.35296E-08
 3.00250E+01   5.76019E+17   1.46771E+10   2.75319E+02   3.12196E-02   2.35107E-08
 3.00750E+01   5.77525E+17   1.59113E+10   2.75579E+02   3.12233E-02   2.34912E-08
 3.01250E+01   5.79079E+17   1.71613E+10   2.75847E+02   3.12271E-02   2.34711E-08
 3.01750E+01   5.80680E+17   1.84040E+10   2.76123E+02   3.12308E-02   2.34504E-08
 3.02250E+01   5.82329E+17   1.96151E+10   2.76405E+02   3.12345E-02   2.34292E-08
 3.02750E+01   5.84026E+17   2.07705E+10   2.76695E+02   3.12382E-02   2.34074E-08
 3.03250E+01   5.85769E+17   2.18473E+10   2.76991E+02   3.12419E-02   2.33851E-08
 3.03750E+01   5.87559E+17   2.28252E+10   2.77293E+02   3.12455E-02   2.33622E-08
 3.04250E+01   5.89397E+17   2.36874E+10   2.77601E+02   3.12491E-02   2.33388E-08
 3.04750E+01   5.91281E+17   2.44215E+10   2.77915E+02   3.12526E-02   2.33148E-08
 3.05250E+01   5.93213E+17   2.50198E+10   2.78234E+02   3.12560E-02   2.32903E-08
 3.05750E+01   5.95193E+17   2.54799E+10   2.78558E+02   3.12594E-02   2.32653E-08
 3.06250E+01   5.97221E+17   2.58042E+10   2.78886E+02   3.12627E-02   2.32398E-08
 3.06750E+01   5.99296E+17   2.59999E+10   2.79219E+02   3.12659E-02   2.32137E-08
 3.07250E+01   6.01421E+17   2.60758E+10   2.79556E+02   3.12691E-02   2.31871E-08
 3.07750E+01   6.03595E+17   2.60765E+10   2.79897E+02   3.12721E-02   2.31600E-08
 3.08250E+01   6.05819E+17   2.60752E+10   2.80242E+02   3.12750E-02   2.31324E-08
 3.08750E+01   6.08095E+17   2.60528E+10   2.80591E+02   3.12779E-02   2.31042E-08
 3.09250E+01   6.10423E+17   2.57028E+10   2.80944E+02   3.12807E-02   2.30754E-08
 3.09750E+01   6.12805E+17   2.50220E+10   2.81301E+02   3.12834E-02   2.30462E-08
 3.10250E+01   6.15241E+17   2.40892E+10   2.81661E+02   3.12860E-02   2.30164E-08
 3.10750E+01   6.17735E+17   2.29760E+10   2.82025E+02   3.12886E-02   2.29860E-08
 3.11250E+01   6.20287E+17   2.17376E+10   2.82393E+02   3.12911E-02   2.29550E-08
 3.11750E+01   6.22900E+17   2.04188E+10   2.82765E+02   3.12936E-02   2.29235E-08
 3.12250E+01   6.25575E+17   1.90553E+10   2.83141E+02   3.12960E-02   2.28914E-08
 3.12750E+01   6.28315E+17   1.76757E+10   2.83522E+02   3.12985E-02   2.28586E-08
 3.13250E+01   6.31122E+17   1.63026E+10   2.83908E+02   3.13008E-02   2.28253E-08
 3.13750E+01   6.33999E+17   1.49546E+10   2.84299E+02   3.13032E-02   2.27913E-08
 3.14250E+01   6.36949E+17   1.36467E+10   2.84695E+02   3.13057E-02   2.27566E-08
 3.14750E+01   6.39974E+17   1.23917E+10   2.85097E+02   3.13081E-02   2.27213E-08
 3.15250E+01   6.43077E+17   1.12005E+10   2.85505E+02   3.13106E-02   2.26853E-08
 3.15750E+01   6.46262E+17   1.00823E+10   2.85919E+02   3.13131E-02   2.26486E-08
 3.16250E+01   6.49533E+17   9.04468E+09   2.86341E+02   3.13157E-02   2.26111E-08
 3.16750E+01   6.52892E+17   8.09391E+09   2.86770E+02   3.13184E-02   2.25729E-08
 3.17250E+01   6.56343E+17   7.23460E+09   2.87208E+02   3.13212E-02   2.25340E-08
 3.17750E+01   6.59890E+17   6.46973E+09   2.87654E+02   3.13241E-02   2.24942E-08
 3.18250E+01   6.63537E+17   5.80054E+09   2.88109E+02   3.13272E-02   2.24537E-08
 3.18750E+01   6.67287E+17   5.22657E+09   2.88574E+02   3.13304E-02   2.24123E-08
 3.19250E+01   6.71145E+17   4.74562E+09   2.89050E+02   3.13338E-02   2.23701E-08
 3.19750E+01   6.75114E+17   4.35386E+09   2.89537E+02   3.13374E-02   2.23270E-08
 3.20250E+01   6.79200E+17   4.04594E+09   2.90035E+02   3.13412E-02   2.22830E-08
 3.20750E+01   6.83404E+17   3.81517E+09   2.90545E+02   3.13452E-02   2.22382E-08
 3.21250E+01   6.87733E+17   3.65374E+09   2.91069E+02   3.13494E-02   2.21924E-08
 3.21750E+01   6.92190E+17   3.55330E+09   2.91606E+02   3.13538E-02   2.21457E-08
 3.22250E+01   6.96780E+17   3.50438E+09   2.92156E+02   3.13585E-02   2.20981E-08
 3.22750E+01   7.01506E+17   3.49837E+09   2.92722E+02   3.13635E-02   2.20495E-08
 3.23250E+01   7.06372E+17   3.49805E+09   2.93303E+02   3.13688E-02   2.20000E-08
 3.23750E+01   7.11384E+17   3.49773E+09   2.93900E+02   3.13743E-02   2.19495E-08
 3.24250E+01   7.16545E+17   3.54079E+09   2.94513E+02   3.13802E-02   2.18981E-08
 3.24750E+01   7.21859E+17   3.68975E+09   2.95144E+02   3.13863E-02   2.18456E-08
 3.25250E+01   7.27330E+17   3.91700E+09   2.95792E+02   3.13928E-02   2.17922E-08
 3.25750E+01   7.32963E+17   4.20832E+09   2.96458E+02   3.13996E-02   2.17378E-08
 3.26250E+01   7.38760E+17   4.55502E+09   2.97142E+02   3.14067E-02   2.16824E-08
 3.26750E+01   7.44727E+17   4.95385E+09   2.97846E+02   3.14142E-02   2.16261E-08
 3.27250E+01   7.50865E+17   5.40646E+09   2.98570E+02   3.14220E-02   2.15688E-08
 3.27750E+01   7.57181E+17   5.91824E+09   2.99313E+02   3.14302E-02   2.15105E-08
 3.28250E+01   7.63676E+17   6.49725E+09   3.00077E+02   3.14387E-02   2.14513E-08
 3.28750E+01   7.70354E+17   7.15295E+09   3.00861E+02   3.14476E-02   2.13911E-08
 3.29250E+01   7.77218E+17   7.89494E+09   3.01666E+02   3.14568E-02   2.13301E-08
 3.29750E+01   7.84271E+17   8.73163E+09   3.02493E+02   3.14664E-02   2.12681E-08
 3.30250E+01   7.91517E+17   9.66902E+09   3.03341E+02   3.14764E-02   2.12052E-08
 3.30750E+01   7.98957E+17   1.07096E+10   3.04211E+02   3.14867E-02   2.11415E-08
 3.31250E+01   8.06595E+17   1.18512E+10   3.05103E+02   3.14973E-02   2.10769E-08
 3.31750E+01   8.14433E+17   1.30870E+10   3.06017E+02   3.15083E-02   2.10116E-08
 3.32250E+01   8.22473E+17   1.44046E+10   3.06954E+02   3.15196E-02   2.09454E-08
 3.32750E+01   8.30716E+17   1.57865E+10   3.07912E+02   3.15313E-02   2.08784E-08
 3.33250E+01   8.39167E+17   1.72104E+10   3.08893E+02   3.15433E-02   2.08108E-08
 3.33750E+01   8.47824E+17   1.86506E+10   3.09897E+02   3.15557E-02   2.07424E-08
 3.34250E+01   8.56691E+17   2.00782E+10   3.10923E+02   3.15683E-02   2.06733E-08
 3.34750E+01   8.65769E+17   2.14636E+10   3.11971E+02   3.15813E-02   2.06037E-08
 3.35250E+01   8.75059E+17   2.27771E+10   3.13041E+02   3.15946E-02   2.05334E-08
 3.35750E+01   8.84561E+17   2.39910E+10   3.14133E+02   3.16082E-02   2.04625E-08
 3.36250E+01   8.94276E+17   2.50811E+10   3.15248E+02   3.16221E-02   2.03911E-08
 3.36750E+01   9.04206E+17   2.60283E+10   3.16384E+02   3.16363E-02   2.03192E-08
 3.37250E+01   9.14350E+17   2.68188E+10   3.17542E+02   3.16507E-02   2.02469E-08
 3.37750E+01   9.24709E+17   2.74453E+10   3.18721E+02   3.16655E-02   2.01742E-08
 3.38250E+01   9.35283E+17   2.79068E+10   3.19922E+02   3.16806E-02   2.01010E-08
 3.38750E+01   9.46072E+17   2.82071E+10   3.21144E+02   3.16959E-02   2.00275E-08
 3.39250E+01   9.57074E+17   2.83587E+10   3.22387E+02   3.17114E-02   1.99538E-08
 3.39750E+01   9.68291E+17   2.83733E+10   3.23650E+02   3.17273E-02   1.98797E-08
 3.40250E+01   9.79720E+17   2.83693E+10   3.24933E+02   3.17434E-02   1.98055E-08
 3.40750E+01   9.91361E+17   2.83653E+10   3.26235E+02   3.17597E-02   1.97310E-08
 3.41250E+01   1.00321E+18   2.81038E+10   3.27558E+02   3.17763E-02   1.96564E-08
 3.41750E+01   1.01527E+18   2.73381E+10   3.28899E+02   3.17931E-02   1.95817E-08
 3.42250E+01   1.02754E+18   2.62217E+10   3.30259E+02   3.18101E-02   1.95070E-08
 3.42750E+01   1.04002E+18   2.48504E+10   3.31637E+02   3.18273E-02   1.94322E-08
 3.43250E+01   1.05270E+18   2.33103E+10   3.33033E+02   3.18448E-02   1.93574E-08
 3.43750E+01   1.06558E+18   2.16722E+10   3.34447E+02   3.18624E-02   1.92826E-08
 3.44250E+01   1.07866E+18   1.99938E+10   3.35877E+02   3.18803E-02   1.92079E-08
 3.44750E+01   1.09194E+18   1.83226E+10   3.37325E+02   3.18984E-02   1.91334E-08
 3.45250E+01   1.10541E+18   1.66975E+10   3.38788E+02   3.19167E-02   1.90590E-08
 3.45750E+01   1.11908E+18   1.51502E+10   3.40267E+02   3.19352E-02   1.89847E-08
 3.46250E+01   1.13294E+18   1.37058E+10   3.41762E+02   3.19539E-02   1.89107E-08
 3.46750E+01   1.14698E+18   1.23836E+10   3.43271E+02   3.19727E-02   1.88369E-08
 3.47250E+01   1.16121E+18   1.11971E+10   3.44795E+02   3.19918E-02   1.87634E-08
 3.47750E+01   1.17561E+18   1.01543E+10   3.46333E+02   3.20111E-02   1.86902E-08
 3.48250E+01   1.19019E+18   9.25820E+09   3.47884E+02   3.20305E-02   1.86173E-08
 3.48750E+01   1.20495E+18   8.50711E+09   3.49448E+02   3.20501E-02   1.85448E-08
 3.49250E+01   1.21987E+18   7.89510E+09   3.51025E+02   3.20700E-02   1.84727E-08
 3.49750E+01   1.23495E+18   7.41277E+09   3.52614E+02   3.20900E-02   1.84010E-08
 3.50250E+01   1.25020E+18   7.04809E+09   3.54214E+02   3.21101E-02   1.83297E-08
 3.50750E+01   1.26560E+18   6.78739E+09   3.55825E+02   3.21305E-02   1.82589E-08
 3.51250E+01   1.28116E+18   6.61612E+09   3.57447E+02   3.21511E-02   1.81886E-08
 3.51750E+01   1.29686E+18   6.51960E+09   3.59080E+02   3.21718E-02   1.81188E-08
 3.52250E+01   1.31270E+18   6.48634E+09   3.60721E+02   3.21928E-02   1.80495E-08
 3.52750E+01   1.32868E+18   6.48526E+09   3.62372E+02   3.22139E-02   1.79808E-08
 3.53250E+01   1.34480E+18   6.48451E+09   3.64032E+02   3.22352E-02   1.79126E-08
 3.53750E+01   1.36104E+18   6.48381E+09   3.65700E+02   3.22568E-02   1.78451E-08
 3.54250E+01   1.37740E+18   6.66128E+09   3.67376E+02   3.22785E-02   1.77781E-08
 3.54750E+01   1.39388E+18   7.22273E+09   3.69059E+02   3.23004E-02   1.77118E-08
 3.55250E+01   1.41047E+18   8.08058E+09   3.70749E+02   3.23225E-02   1.76461E-08
 3.55750E+01   1.42717E+18   9.20010E+09   3.72445E+02   3.23448E-02   1.75810E-08
 3.56250E+01   1.44396E+18   1.05626E+10   3.74147E+02   3.23673E-02   1.75167E-08
 3.56750E+01   1.46085E+18   1.21618E+10   3.75854E+02   3.23900E-02   1.74530E-08
 3.57250E+01   1.47783E+18   1.39969E+10   3.77566E+02   3.24129E-02   1.73900E-08
 3.57750E+01   1.49489E+18   1.60654E+10   3.79282E+02   3.24360E-02   1.73277E-08
 3.58250E+01   1.51203E+18   1.83577E+10   3.81002E+02   3.24593E-02   1.72661E-08
 3.58750E+01   1.52924E+18   2.08543E+10   3.82725E+02   3.24829E-02   1.72053E-08
 3.59250E+01   1.54651E+18   2.35234E+10   3.84452E+02   3.25066E-02   1.71451E-08
 3.59750E+01   1.56384E+18   2.63209E+10   3.86180E+02   3.25305E-02   1.70858E-08
 3.60250E+01   1.58122E+18   2.91918E+10   3.87911E+02   3.25547E-02   1.70271E-08
 3.60750E+01   1.59865E+18   3.20730E+10   3.89643E+02   3.25791E-02   1.69693E-08
 3.61250E+01   1.61612E+18   3.48960E+10   3.91375E+02   3.26036E-02   1.69122E-08
 3.61750E+01   1.63361E+18   3.75912E+10   3.93108E+02   3.26284E-02   1.68558E-08
 3.62250E+01   1.65114E+18   4.00918E+10   3.94841E+02   3.26534E-02   1.68003E-08
 3.62750E+01   1.66868E+18   4.23374E+10   3.96573E+02   3.26786E-02   1.67455E-08
 3.63250E+01   1.68624E+18   4.42776E+10   3.98304E+02   3.27040E-02   1.66915E-08
 3.63750E+01   1.70380E+18   4.58760E+10   4.00033E+02   3.27296E-02   1.66383E-08
 3.64250E+01   1.72136E+18   4.71112E+10   4.01759E+02   3.27554E-02   1.65859E-08
 3.64750E+01   1.73892E+18   4.79790E+10   4.03483E+02   3.27814E-02   1.65343E-08
 3.65250E+01   1.75646E+18   4.84935E+10   4.05204E+02   3.28076E-02   1.64834E-08
 3.65750E+01   1.77398E+18   4.86592E+10   4.06921E+02   3.28341E-02   1.64334E-08
 3.66250E+01   1.79148E+18   4.86623E+10   4.08634E+02   3.28607E-02   1.63841E-08
 3.66750E+01   1.80894E+18   4.86653E+10   4.10341E+02   3.28875E-02   1.63357E-08
 3.67250E+01   1.82637E+18   4.84837E+10   4.12044E+02   3.29145E-02   1.62880E-08
 3.67750E+01   1.84375E+18   4.72705E+10   4.13741E+02   3.29416E-02   1.62411E-08
 3.68250E+01   1.86107E+18   4.52091E+10   4.15432E+02   3.29690E-02   1.61951E-08
 3.68750E+01   1.87834E+18   4.25631E+10   4.17116E+02   3.29966E-02   1.61498E-08
 3.69250E+01   1.89555E+18   3.95399E+10   4.18793E+02   3.30243E-02   1.61053E-08
 3.69750E+01   1.91269E+18   3.63126E+10   4.20463E+02   3.30522E-02   1.60615E-08
 3.70250E+01   1.92975E+18   3.30262E+10   4.22124E+02   3.30803E-02   1.60186E-08
 3.70750E+01   1.94672E+18   2.97998E+10   4.23776E+02   3.31085E-02   1.59764E-08
 3.71250E+01   1.96361E+18   2.67285E+10   4.25420E+02   3.31369E-02   1.59351E-08
 3.71750E+01   1.98041E+18   2.38848E+10   4.27054E+02   3.31655E-02   1.58944E-08
 3.72250E+01   1.99711E+18   2.13200E+10   4.28678E+02   3.31942E-02   1.58546E-08
 3.72750E+01   2.01370E+18   1.90665E+10   4.30292E+02   3.32230E-02   1.58155E-08
 3.73250E+01   2.03019E+18   1.71395E+10   4.31895E+02   3.32520E-02   1.57772E-08
 3.73750E+01   2.04655E+18   1.55403E+10   4.33487E+02   3.32812E-02   1.57396E-08
 3.74250E+01   2.06280E+18   1.42587E+10   4.35068E+02   3.33104E-02   1.57027E-08
 3.74750E+01   2.07893E+18   1.32758E+10   4.36637E+02   3.33398E-02   1.56667E-08
 3.75250E+01   2.09492E+18   1.25668E+10   4.38193E+02   3.33694E-02   1.56313E-08
 3.75750E+01   2.11078E+18   1.21040E+10   4.39737E+02   3.33990E-02   1.55967E-08
 3.76250E+01   2.12651E+18   1.18542E+10   4.41268E+02   3.34287E-02   1.55627E-08
 3.76750E+01   2.14208E+18   1.18034E+10   4.42786E+02   3.34585E-02   1.55295E-08
 3.77250E+01   2.15752E+18   1.18065E+10   4.44289E+02   3.34885E-02   1.54970E-08
 3.77750E+01   2.17280E+18   1.18096E+10   4.45780E+02   3.35185E-02   1.54652E-08
 3.78250E+01   2.18792E+18   1.20485E+10   4.47256E+02   3.35486E-02   1.54341E-08
 3.78750E+01   2.20289E+18   1.33303E+10   4.48717E+02   3.35788E-02   1.54037E-08
 3.79250E+01   2.21769E+18   1.54616E+10   4.50164E+02   3.36091E-02   1.53740E-08
 3.79750E+01   2.23233E+18   1.82379E+10   4.51595E+02   3.36394E-02   1.53449E-08
 3.80250E+01   2.24680E+18   2.15025E+10   4.53012E+02   3.36697E-02   1.53165E-08
 3.80750E+01   2.26110E+18   2.51213E+10   4.54413E+02   3.37002E-02   1.52888E-08
 3.81250E+01   2.27523E+18   2.89771E+10   4.55799E+02   3.37307E-02   1.52616E-08
 3.81750E+01   2.28918E+18   3.29635E+10   4.57168E+02   3.37612E-02   1.52352E-08
 3.82250E+01   2.30295E+18   3.69807E+10   4.58522E+02   3.37917E-02   1.52093E-08
 3.82750E+01   2.31654E+18   4.09331E+10   4.59860E+02   3.38223E-02   1.51841E-08
 3.83250E+01   2.32994E+18   4.47292E+10   4.61181E+02   3.38529E-02   1.51595E-08
 3.83750E+01   2.34316E+18   4.82831E+10   4.62486E+02   3.38835E-02   1.51355E-08
 3.84250E+01   2.35619E+18   5.15173E+10   4.63775E+02   3.39141E-02   1.51121E-08
 3.84750E+01   2.36904E+18   5.43653E+10   4.65047E+02   3.39447E-02   1.50893E-08
 3.85250E+01   2.38169E+18   5.67747E+10   4.66302E+02   3.39753E-02   1.50670E-08
 3.85750E+01   2.39415E+18   5.87098E+10   4.67541E+02   3.40059E-02   1.50454E-08
 3.86250E+01   2.40642E+18   6.01545E+10   4.68762E+02   3.40365E-02   1.50242E-08
 3.86750E+01   2.41850E+18   6.11095E+10   4.69967E+02   3.40670E-02   1.50037E-08
 3.87250E+01   2.43038E+18   6.16063E+10   4.71155E+02   3.40975E-02   1.49836E-08
 3.87750E+01   2.44207E+18   6.16823E+10   4.72326E+02   3.41280E-02   1.49642E-08
 3.88250E+01   2.45356E+18   6.17035E+10   4.73480E+02   3.41584E-02   1.49452E-08
 3.88750E+01   2.46486E+18   6.17246E+10   4.74617E+02   3.41888E-02   1.49267E-08
 3.89250E+01   2.47596E+18   6.10045E+10   4.75738E+02   3.42191E-02   1.49088E-08
 3.89750E+01   2.48687E+18   5.89381E+10   4.76840E+02   3.42493E-02   1.48914E-08
 3.90250E+01   2.49758E+18   5.59414E+10   4.77926E+02   3.42794E-02   1.48744E-08
 3.90750E+01   2.50809E+18   5.22836E+10   4.78995E+02   3.43095E-02   1.48579E-08
 3.91250E+01   2.51841E+18   4.82178E+10   4.80048E+02   3.43395E-02   1.48419E-08
 3.91750E+01   2.52853E+18   4.39589E+10   4.81083E+02   3.43693E-02   1.48264E-08
 3.92250E+01   2.53846E+18   3.96863E+10   4.82102E+02   3.43991E-02   1.48113E-08
 3.92750E+01   2.54820E+18   3.55462E+10   4.83104E+02   3.44288E-02   1.47967E-08
 3.93250E+01   2.55774E+18   3.16527E+10   4.84090E+02   3.44584E-02   1.47825E-08
 3.93750E+01   2.56710E+18   2.80901E+10   4.85059E+02   3.44878E-02   1.47687E-08
 3.94250E+01   2.57626E+18   2.49158E+10   4.86012E+02   3.45171E-02   1.47554E-08
 3.94750E+01   2.58523E+18   2.21633E+10   4.86948E+02   3.45463E-02   1.47424E-08
 3.95250E+01   2.59402E+18   1.98465E+10   4.87869E+02   3.45753E-02   1.47299E-08
 3.95750E+01   2.60262E+18   1.79619E+10   4.88773E+02   3.46043E-02   1.47177E-08
 3.96250E+01   2.61103E+18   1.64932E+10   4.89662E+02   3.46330E-02   1.47060E-08
 3.96750E+01   2.61926E+18   1.54135E+10   4.90535E+02   3.46617E-02   1.46946E-08
 3.97250E+01   2.62731E+18   1.46889E+10   4.91392E+02   3.46901E-02   1.46836E-08
 3.97750E+01   2.63518E+18   1.42785E+10   4.92234E+02   3.47184E-02   1.46730E-08
 3.98250E+01   2.64287E+18   1.41590E+10   4.93061E+02   3.47466E-02   1.46627E-08
 3.98750E+01   2.65038E+18   1.41626E+10   4.93872E+02   3.47745E-02   1.46527E-08
 3.99250E+01   2.65772E+18   1.41661E+10   4.94668E+02   3.48023E-02   1.46431E-08
 3.99750E+01   2.66489E+18   1.43345E+10   4.95450E+02   3.48299E-02   1.46339E-08
 4.00250E+01   2.67188E+18   1.56118E+10   4.96217E+02   3.48573E-02   1.46249E-08
 4.00750E+01   2.67871E+18   1.78721E+10   4.96969E+02   3.48846E-02   1.46163E-08
 4.01250E+01   2.68538E+18   2.08679E+10   4.97707E+02   3.49116E-02   1.46080E-08
 4.01750E+01   2.69187E+18   2.44012E+10   4.98431E+02   3.49385E-02   1.45999E-08
 4.02250E+01   2.69821E+18   2.83052E+10   4.99141E+02   3.49651E-02   1.45922E-08
 4.02750E+01   2.70439E+18   3.24340E+10   4.99837E+02   3.49916E-02   1.45848E-08
 4.03250E+01   2.71040E+18   3.66580E+10   5.00519E+02   3.50178E-02   1.45776E-08
 4.03750E+01   2.71627E+18   4.08603E+10   5.01187E+02   3.50438E-02   1.45707E-08
 4.04250E+01   2.72198E+18   4.49348E+10   5.01843E+02   3.50696E-02   1.45641E-08
 4.04750E+01   2.72754E+18   4.87854E+10   5.02485E+02   3.50952E-02   1.45577E-08
 4.05250E+01   2.73295E+18   5.23275E+10   5.03115E+02   3.51205E-02   1.45516E-08
 4.05750E+01   2.73822E+18   5.54891E+10   5.03732E+02   3.51457E-02   1.45457E-08
 4.06250E+01   2.74335E+18   5.82129E+10   5.04336E+02   3.51706E-02   1.45401E-08
 4.06750E+01   2.74834E+18   6.04583E+10   5.04928E+02   3.51953E-02   1.45347E-08
 4.07250E+01   2.75319E+18   6.22029E+10   5.05507E+02   3.52198E-02   1.45295E-08
 4.07750E+01   2.75790E+18   6.34442E+10   5.06075E+02   3.52440E-02   1.45246E-08
 4.08250E+01   2.76248E+18   6.41979E+10   5.06631E+02   3.52680E-02   1.45198E-08
 4.08750E+01   2.76693E+18   6.44812E+10   5.07174E+02   3.52917E-02   1.45153E-08
 4.09250E+01   2.77125E+18   6.44937E+10   5.07707E+02   3.53152E-02   1.45110E-08
 4.09750E+01   2.77545E+18   6.45014E+10   5.08228E+02   3.53384E-02   1.45068E-08
 4.10250E+01   2.77952E+18   6.43778E+10   5.08739E+02   3.53615E-02   1.45029E-08
 4.10750E+01   2.78348E+18   6.29986E+10   5.09238E+02   3.53842E-02   1.44991E-08
 4.11250E+01   2.78732E+18   6.04431E+10   5.09726E+02   3.54067E-02   1.44955E-08
 4.11750E+01   2.79104E+18   5.70346E+10   5.10205E+02   3.54290E-02   1.44921E-08
 4.12250E+01   2.79465E+18   5.30588E+10   5.10672E+02   3.54510E-02   1.44889E-08
 4.12750E+01   2.79815E+18   4.87547E+10   5.11129E+02   3.54728E-02   1.44858E-08
 4.13250E+01   2.80154E+18   4.43264E+10   5.11577E+02   3.54943E-02   1.44829E-08
 4.13750E+01   2.80483E+18   3.99424E+10   5.12014E+02   3.55156E-02   1.44801E-08
 4.14250E+01   2.80801E+18   3.57379E+10   5.12442E+02   3.55365E-02   1.44775E-08
 4.14750E+01   2.81109E+18   3.18166E+10   5.12860E+02   3.55573E-02   1.44750E-08
 4.15250E+01   2.81408E+18   2.82544E+10   5.13269E+02   3.55778E-02   1.44727E-08
 4.15750E+01   2.81697E+18   2.51013E+10   5.13669E+02   3.55980E-02   1.44705E-08
 4.16250E+01   2.81977E+18   2.23854E+10   5.14060E+02   3.56180E-02   1.44684E-08
 4.16750E+01   2.82247E+18   2.01162E+10   5.14442E+02   3.56377E-02   1.44664E-08
 4.17250E+01   2.82509E+18   1.82873E+10   5.14815E+02   3.56571E-02   1.44646E-08
 4.17750E+01   2.82762E+18   1.68800E+10   5.15180E+02   3.56764E-02   1.44629E-08
 4.18250E+01   2.83007E+18   1.58657E+10   5.15536E+02   3.56953E-02   1.44613E-08
 4.18750E+01   2.83243E+18   1.52100E+10   5.15884E+02   3.57140E-02   1.44598E-08
 4.19250E+01   2.83471E+18   1.48672E+10   5.16224E+02   3.57325E-02   1.44584E-08
 4.19750E+01   2.83692E+18   1.48111E+10   5.16557E+02   3.57506E-02   1.44571E-08
 4.20250E+01   2.83905E+18   1.48116E+10   5.16881E+02   3.57686E-02   1.44559E-08
 4.20750E+01   2.84111E+18   1.48121E+10   5.17198E+02   3.57862E-02   1.44548E-08
 4.21250E+01   2.84309E+18   1.52224E+10   5.17508E+02   3.58037E-02   1.44537E-08
 4.21750E+01   2.84501E+18   1.68485E+10   5.17810E+02   3.58208E-02   1.44528E-08
 4.22250E+01   2.84685E+18   1.93783E+10   5.18105E+02   3.58378E-02   1.44520E-08
 4.22750E+01   2.84864E+18   2.25861E+10   5.18394E+02   3.58545E-02   1.44512E-08
 4.23250E+01   2.85036E+18   2.62832E+10   5.18676E+02   3.58709E-02   1.44505E-08
 4.23750E+01   2.85202E+18   3.03028E+10   5.18951E+02   3.58871E-02   1.44499E-08
 4.24250E+01   2.85362E+18   3.44999E+10   5.19219E+02   3.59031E-02   1.44493E-08
 4.24750E+01   2.85516E+18   3.87455E+10   5.19482E+02   3.59188E-02   1.44488E-08
 4.25250E+01   2.85664E+18   4.29239E+10   5.19738E+02   3.59343E-02   1.44484E-08
 4.25750E+01   2.85807E+18   4.69311E+10   5.19987E+02   3.59495E-02   1.44480E-08
 4.26250E+01   2.85945E+18   5.06750E+10   5.20231E+02   3.59645E-02   1.44477E-08
 4.26750E+01   2.86077E+18   5.40764E+10   5.20469E+02   3.59793E-02   1.44475E-08
 4.27250E+01   2.86205E+18   5.70704E+10   5.20701E+02   3.59938E-02   1.44473E-08
 4.27750E+01   2.86327E+18   5.96078E+10   5.20927E+02   3.60081E-02   1.44471E-08
 4.28250E+01   2.86445E+18   6.16567E+10   5.21148E+02   3.60221E-02   1.44470E-08
 4.28750E+01   2.86558E+18   6.32036E+10   5.21363E+02   3.60359E-02   1.44469E-08
 4.29250E+01   2.86667E+18   6.42524E+10   5.21573E+02   3.60495E-02   1.44469E-08
 4.29750E+01   2.86772E+18   6.48370E+10   5.21778E+02   3.60629E-02   1.44470E-08
 4.30250E+01   2.86873E+18   6.49577E+10   5.21979E+02   3.60761E-02   1.44470E-08
 4.30750E+01   2.86970E+18   6.49570E+10   5.22174E+02   3.60891E-02   1.44471E-08
 4.31250E+01   2.87063E+18   6.49562E+10   5.22365E+02   3.61018E-02   1.44473E-08
 4.31750E+01   2.87152E+18   6.45242E+10   5.22551E+02   3.61144E-02   1.44474E-08
 4.32250E+01   2.87239E+18   6.26732E+10   5.22733E+02   3.61267E-02   1.44476E-08
 4.32750E+01   2.87321E+18   5.97742E+10   5.22910E+02   3.61389E-02   1.44479E-08
 4.33250E+01   2.87400E+18   5.61372E+10   5.23083E+02   3.61508E-02   1.44481E-08
 4.33750E+01   2.87477E+18   5.20215E+10   5.23252E+02   3.61625E-02   1.44484E-08
 4.34250E+01   2.87550E+18   4.76546E+10   5.23417E+02   3.61741E-02   1.44487E-08
 4.34750E+01   2.87620E+18   4.32262E+10   5.23577E+02   3.61854E-02   1.44491E-08
 4.35250E+01   2.87687E+18   3.88914E+10   5.23734E+02   3.61966E-02   1.44494E-08
 4.35750E+01   2.87752E+18   3.47726E+10   5.23888E+02   3.62075E-02   1.44498E-08
 4.36250E+01   2.87814E+18   3.09624E+10   5.24037E+02   3.62183E-02   1.44502E-08
 4.36750E+01   2.87873E+18   2.75270E+10   5.24183E+02   3.62289E-02   1.44506E-08
 4.37250E+01   2.87930E+18   2.45086E+10   5.24325E+02   3.62393E-02   1.44511E-08
 4.37750E+01   2.87985E+18   2.19294E+10   5.24464E+02   3.62496E-02   1.44515E-08
 4.38250E+01   2.88037E+18   1.97940E+10   5.24599E+02   3.62597E-02   1.44520E-08
 4.38750E+01   2.88087E+18   1.80930E+10   5.24732E+02   3.62696E-02   1.44524E-08
 4.39250E+01   2.88135E+18   1.68055E+10   5.24861E+02   3.62793E-02   1.44529E-08
 4.39750E+01   2.88181E+18   1.59013E+10   5.24987E+02   3.62889E-02   1.44534E-08
 4.40250E+01   2.88226E+18   1.53456E+10   5.25110E+02   3.62983E-02   1.44539E-08
 4.40750E+01   2.88268E+18   1.50964E+10   5.25230E+02   3.63075E-02   1.44545E-08
 4.41250E+01   2.88308E+18   1.50825E+10   5.25347E+02   3.63166E-02   1.44550E-08
 4.41750E+01   2.88347E+18   1.50815E+10   5.25461E+02   3.63255E-02   1.44555E-08
 4.42250E+01   2.88384E+18   1.50804E+10   5.25573E+02   3.63343E-02   1.44561E-08
 4.42750E+01   2.88420E+18   1.59115E+10   5.25682E+02   3.63429E-02   1.44566E-08
 4.43250E+01   2.88454E+18   1.78556E+10   5.25788E+02   3.63514E-02   1.44572E-08
 4.43750E+01   2.88486E+18   2.06415E+10   5.25891E+02   3.63597E-02   1.44577E-08
 4.44250E+01   2.88517E+18   2.40504E+10   5.25993E+02   3.63678E-02   1.44583E-08
 4.44750E+01   2.88547E+18   2.78906E+10   5.26091E+02   3.63759E-02   1.44589E-08
 4.45250E+01   2.88575E+18   3.20008E+10   5.26188E+02   3.63837E-02   1.44594E-08
 4.45750E+01   2.88602E+18   3.62389E+10   5.26282E+02   3.63915E-02   1.44600E-08
 4.46250E+01   2.88628E+18   4.04783E+10   5.26374E+02   3.63991E-02   1.44606E-08
 4.46750E+01   2.88653E+18   4.46060E+10   5.26463E+02   3.64066E-02   1.44612E-08
 4.47250E+01   2.88677E+18   4.85212E+10   5.26551E+02   3.64139E-02   1.44617E-08
 4.47750E+01   2.88699E+18   5.21364E+10   5.26636E+02   3.64212E-02   1.44623E-08
 4.48250E+01   2.88721E+18   5.53780E+10   5.26720E+02   3.64283E-02   1.44629E-08
 4.48750E+01   2.88741E+18   5.81879E+10   5.26801E+02   3.64352E-02   1.44635E-08
 4.49250E+01   2.88761E+18   6.05250E+10   5.26881E+02   3.64421E-02   1.44640E-08
 4.49750E+01   2.88780E+18   6.23660E+10   5.26959E+02   3.64488E-02   1.44646E-08
 4.50250E+01   2.88798E+18   6.37065E+10   5.27035E+02   3.64554E-02   1.44652E-08
 4.50750E+01   2.88815E+18   6.45578E+10   5.27109E+02   3.64619E-02   1.44658E-08
 4.51250E+01   2.88832E+18   6.49543E+10   5.27182E+02   3.64684E-02   1.44663E-08
 4.51750E+01   2.88848E+18   6.49707E+10   5.27253E+02   3.64746E-02   1.44669E-08
 4.52250E+01   2.88863E+18   6.49625E+10   5.27322E+02   3.64808E-02   1.44675E-08
 4.52750E+01   2.88877E+18   6.49542E+10   5.27390E+02   3.64869E-02   1.44680E-08
 4.53250E+01   2.88891E+18   6.39126E+10   5.27457E+02   3.64929E-02   1.44686E-08
 4.53750E+01   2.88904E+18   6.16130E+10   5.27522E+02   3.64988E-02   1.44692E-08
 4.54250E+01   2.88917E+18   5.83814E+10   5.27585E+02   3.65046E-02   1.44697E-08
 4.54750E+01   2.88929E+18   5.45195E+10   5.27647E+02   3.65103E-02   1.44703E-08
 4.55250E+01   2.88940E+18   5.02824E+10   5.27708E+02   3.65159E-02   1.44708E-08
 4.55750E+01   2.88951E+18   4.58798E+10   5.27768E+02   3.65214E-02   1.44714E-08
 4.56250E+01   2.88962E+18   4.14851E+10   5.27826E+02   3.65268E-02   1.44719E-08
 4.56750E+01   2.88972E+18   3.72385E+10   5.27883E+02   3.65321E-02   1.44724E-08
 4.57250E+01   2.88981E+18   3.32489E+10   5.27938E+02   3.65373E-02   1.44730E-08
 4.57750E+01   2.88990E+18   2.95977E+10   5.27993E+02   3.65425E-02   1.44735E-08
 4.58250E+01   2.88999E+18   2.63410E+10   5.28046E+02   3.65475E-02   1.44740E-08
 4.58750E+01   2.89007E+18   2.35125E+10   5.28098E+02   3.65525E-02   1.44745E-08
 4.59250E+01   2.89015E+18   2.11267E+10   5.28149E+02   3.65574E-02   1.44750E-08
 4.59750E+01   2.89023E+18   1.91822E+10   5.28199E+02   3.65622E-02   1.44755E-08
 4.60250E+01   2.89030E+18   1.76647E+10   5.28248E+02   3.65669E-02   1.44761E-08
 4.60750E+01   2.89036E+18   1.65500E+10   5.28295E+02   3.65716E-02   1.44766E-08
 4.61250E+01   2.89043E+18   1.58067E+10   5.28342E+02   3.65761E-02   1.44770E-08
 4.61750E+01   2.89049E+18   1.53916E+10   5.28388E+02   3.65806E-02   1.44775E-08
 4.62250E+01   2.89055E+18   1.52860E+10   5.28432E+02   3.65850E-02   1.44780E-08
 4.62750E+01   2.89060E+18   1.52840E+10   5.28476E+02   3.65894E-02   1.44785E-08
 4.63250E+01   2.89065E+18   1.52821E+10   5.28519E+02   3.65936E-02   1.44790E-08
 4.63750E+01   2.89070E+18   1.55189E+10   5.28561E+02   3.65978E-02   1.44795E-08
 4.64250E+01   2.89075E+18   1.69489E+10   5.28602E+02   3.66019E-02   1.44799E-08
 4.64750E+01   2.89079E+18   1.93668E+10   5.28642E+02   3.66060E-02   1.44804E-08
 4.65250E+01   2.89083E+18   2.25142E+10   5.28681E+02   3.66100E-02   1.44808E-08
 4.65750E+01   2.89087E+18   2.61865E+10   5.28720E+02   3.66139E-02   1.44813E-08
 4.66250E+01   2.89091E+18   3.02058E+10   5.28757E+02   3.66177E-02   1.44817E-08
 4.66750E+01   2.89094E+18   3.44164E+10   5.28794E+02   3.66215E-02   1.44822E-08
 4.67250E+01   2.89098E+18   3.86815E+10   5.28830E+02   3.66252E-02   1.44826E-08
 4.67750E+01   2.89101E+18   4.28794E+10   5.28866E+02   3.66289E-02   1.44830E-08
 4.68250E+01   2.89103E+18   4.69022E+10   5.28900E+02   3.66325E-02   1.44835E-08
 4.68750E+01   2.89106E+18   5.06558E+10   5.28934E+02   3.66360E-02   1.44839E-08
 4.69250E+01   2.89109E+18   5.40598E+10   5.28968E+02   3.66395E-02   1.44843E-08
 4.69750E+01   2.89111E+18   5.70494E+10   5.29001E+02   3.66429E-02   1.44847E-08
 4.70250E+01   2.89114E+18   5.95764E+10   5.29033E+02   3.66463E-02   1.44851E-08
 4.70750E+01   2.89116E+18   6.16113E+10   5.29065E+02   3.66497E-02   1.44855E-08
 4.71250E+01   2.89118E+18   6.31435E+10   5.29097E+02   3.66530E-02   1.44859E-08
 4.71750E+01   2.89120E+18   6.41797E+10   5.29128E+02   3.66562E-02   1.44863E-08
 4.72250E+01   2.89122E+18   6.47545E+10   5.29158E+02   3.66594E-02   1.44867E-08
 4.72750E+01   2.89124E+18   6.48711E+10   5.29188E+02   3.66626E-02   1.44871E-08
 4.73250E+01   2.89126E+18   6.48676E+10   5.29217E+02   3.66657E-02   1.44875E-08
 4.73750E+01   2.89127E+18   6.48645E+10   5.29246E+02   3.66687E-02   1.44878E-08
 4.74250E+01   2.89129E+18   6.44009E+10   5.29275E+02   3.66718E-02   1.44882E-08
 4.74750E+01   2.89131E+18   6.25012E+10   5.29303E+02   3.66747E-02   1.44886E-08
 4.75250E+01   2.89132E+18   5.95665E+10   5.29330E+02   3.66777E-02   1.44889E-08
 4.75750E+01   2.89134E+18   5.59126E+10   5.29357E+02   3.66805E-02   1.44893E-08
 4.76250E+01   2.89135E+18   5.17995E+10   5.29384E+02   3.66834E-02   1.44896E-08
 4.76750E+01   2.89136E+18   4.74506E+10   5.29411E+02   3.66862E-02   1.44900E-08
 4.77250E+01   2.89138E+18   4.30504E+10   5.29437E+02   3.66890E-02   1.44903E-08
 4.77750E+01   2.89139E+18   3.87499E+10   5.29463E+02   3.66917E-02   1.44907E-08
 4.78250E+01   2.89140E+18   3.46694E+10   5.29489E+02   3.66944E-02   1.44910E-08
 4.78750E+01   2.89141E+18   3.09006E+10   5.29514E+02   3.66971E-02   1.44913E-08
 4.79250E+01   2.89142E+18   2.75091E+10   5.29539E+02   3.66997E-02   1.44917E-08
 4.79750E+01   2.89143E+18   2.45368E+10   5.29563E+02   3.67023E-02   1.44920E-08
 4.80250E+01   2.89144E+18   2.20046E+10   5.29587E+02   3.67049E-02   1.44923E-08
 4.80750E+01   2.89145E+18   1.99160E+10   5.29611E+02   3.67074E-02   1.44926E-08
 4.81250E+01   2.89147E+18   1.82603E+10   5.29635E+02   3.67099E-02   1.44929E-08
 4.81750E+01   2.89148E+18   1.70162E+10   5.29659E+02   3.67124E-02   1.44933E-08
 4.82250E+01   2.89149E+18   1.61542E+10   5.29682E+02   3.67148E-02   1.44936E-08
 4.82750E+01   2.89149E+18   1.56399E+10   5.29704E+02   3.67172E-02   1.44939E-08
 4.83250E+01   2.89150E+18   1.54392E+10   5.29727E+02   3.67195E-02   1.44941E-08
 4.83750E+01   2.89151E+18   1.54369E+10   5.29750E+02   3.67219E-02   1.44944E-08
 4.84250E+01   2.89152E+18   1.54414E+10   5.29772E+02   3.67242E-02   1.44947E-08
 4.84750E+01   2.89153E+18   1.54959E+10   5.29794E+02   3.67265E-02   1.44950E-08
 4.85250E+01   2.89154E+18   1.65703E+10   5.29816E+02   3.67287E-02   1.44953E-08
 4.85750E+01   2.89155E+18   1.87039E+10   5.29837E+02   3.67309E-02   1.44956E-08
 4.86250E+01   2.89156E+18   2.16562E+10   5.29859E+02   3.67331E-02   1.44958E-08
 4.86750E+01   2.89156E+18   2.52205E+10   5.29880E+02   3.67352E-02   1.44961E-08
 4.87250E+01   2.89157E+18   2.91588E+10   5.29900E+02   3.67374E-02   1.44964E-08
 4.87750E+01   2.89158E+18   3.29901E+10   5.29921E+02   3.67394E-02   1.44966E-08
 4.88250E+01   2.89159E+18   3.72455E+10   5.29940E+02   3.67414E-02   1.44969E-08
 4.88750E+01   2.89160E+18   4.54582E+10   5.29959E+02   3.67433E-02   1.44971E-08
 4.89250E+01   2.89160E+18   4.82849E+10   5.29975E+02   3.67449E-02   1.44973E-08
 4.89750E+01   2.89161E+18   5.01817E+10   5.29986E+02   3.67460E-02   1.44975E-08
