      xx/10.      ss_ratio
         [-]           [-]
 1.02500E+00   7.73580E+00
 1.07500E+00   7.66669E+00
 1.12500E+00   7.57483E+00
 1.17500E+00   7.45713E+00
 1.22500E+00   7.31043E+00
 1.27500E+00   7.13174E+00
 1.32500E+00   6.91880E+00
 1.37500E+00   6.67060E+00
 1.42500E+00   6.38765E+00
 1.47500E+00   6.07233E+00
 1.52500E+00   5.72892E+00
 1.57500E+00   5.36356E+00
 1.62500E+00   4.98389E+00
 1.67500E+00   4.59846E+00
 1.72500E+00   4.21608E+00
 1.77500E+00   3.84506E+00
 1.82500E+00   3.49264E+00
 1.87500E+00   3.16452E+00
 1.92500E+00   2.86458E+00
 1.97500E+00   2.59497E+00
 2.02500E+00   2.35621E+00
 2.07500E+00   2.14753E+00
 2.12500E+00   1.96718E+00
 2.17500E+00   1.81282E+00
 2.22500E+00   1.68173E+00
 2.27500E+00   1.57116E+00
 2.32500E+00   1.47839E+00
 2.37500E+00   1.40090E+00
 2.42500E+00   1.33642E+00
 2.47500E+00   1.28291E+00
 2.52500E+00   1.23862E+00
 2.57500E+00   1.20203E+00
 2.62500E+00   1.17187E+00
 2.67500E+00   1.14705E+00
 2.72500E+00   1.12666E+00
 2.77500E+00   1.10996E+00
 2.82500E+00   1.09632E+00
 2.87500E+00   1.08522E+00
 2.92500E+00   1.07624E+00
 2.97500E+00   1.06904E+00
 3.02500E+00   1.06335E+00
 3.07500E+00   1.05893E+00
 3.12500E+00   1.05560E+00
 3.17500E+00   1.05324E+00
 3.22500E+00   1.05172E+00
 3.27500E+00   1.05096E+00
 3.32500E+00   1.05089E+00
 3.37500E+00   1.05148E+00
 3.42500E+00   1.05269E+00
 3.47500E+00   1.05448E+00
 3.52500E+00   1.05684E+00
 3.57500E+00   1.05976E+00
 3.62500E+00   1.06321E+00
 3.67500E+00   1.06717E+00
 3.72500E+00   1.07161E+00
 3.77500E+00   1.07649E+00
 3.82500E+00   1.08175E+00
 3.87500E+00   1.08733E+00
 3.92500E+00   1.09313E+00
 3.97500E+00   1.09904E+00
 4.02500E+00   1.10493E+00
 4.07500E+00   1.11065E+00
 4.12500E+00   1.11606E+00
 4.17500E+00   1.12098E+00
 4.22500E+00   1.12525E+00
 4.27500E+00   1.12872E+00
 4.32500E+00   1.13123E+00
 4.37500E+00   1.13268E+00
 4.42500E+00   1.13296E+00
 4.47500E+00   1.13204E+00
 4.52500E+00   1.12991E+00
 4.57500E+00   1.12659E+00
 4.62500E+00   1.12215E+00
 4.67500E+00   1.11671E+00
 4.72500E+00   1.11039E+00
 4.77500E+00   1.10335E+00
 4.82500E+00   1.09576E+00
 4.87500E+00   1.08778E+00
 4.92500E+00   1.07958E+00
 4.97500E+00   1.07132E+00
 5.02500E+00   1.06313E+00
 5.07500E+00   1.05512E+00
 5.12500E+00   1.04740E+00
 5.17500E+00   1.04003E+00
 5.22500E+00   1.03306E+00
 5.27500E+00   1.02651E+00
 5.32500E+00   1.02039E+00
 5.37500E+00   1.01465E+00
 5.42500E+00   1.00926E+00
 5.47500E+00   1.00416E+00
 5.52500E+00   9.99223E-01
 5.57500E+00   9.94339E-01
 5.62500E+00   9.89620E-01
 5.67500E+00   9.85120E-01
 5.72500E+00   9.80875E-01
 5.77500E+00   9.76915E-01
 5.82500E+00   9.73267E-01
 5.87500E+00   9.69943E-01
 5.92500E+00   9.66955E-01
 5.97500E+00   9.64304E-01
 6.02500E+00   9.61985E-01
 6.07500E+00   9.59993E-01
 6.12500E+00   9.58318E-01
 6.17500E+00   9.56946E-01
 6.22500E+00   9.55869E-01
 6.27500E+00   9.55067E-01
 6.32500E+00   9.54519E-01
 6.37500E+00   9.54214E-01
 6.42500E+00   9.54134E-01
 6.47500E+00   9.54261E-01
 6.52500E+00   9.54580E-01
 6.57500E+00   9.55067E-01
 6.62500E+00   9.55707E-01
 6.67500E+00   9.56488E-01
 6.72500E+00   9.57390E-01
 6.77500E+00   9.58400E-01
 6.82500E+00   9.59504E-01
 6.87500E+00   9.60687E-01
 6.92500E+00   9.61940E-01
 6.97500E+00   9.63247E-01
 7.02500E+00   9.64598E-01
 7.07500E+00   9.65985E-01
 7.12500E+00   9.67395E-01
 7.17500E+00   9.68825E-01
 7.22500E+00   9.70258E-01
 7.27500E+00   9.71697E-01
 7.32500E+00   9.73126E-01
 7.37500E+00   9.74547E-01
 7.42500E+00   9.75951E-01
 7.47500E+00   9.77334E-01
 7.52500E+00   9.78694E-01
 7.57500E+00   9.80017E-01
 7.62500E+00   9.81310E-01
 7.67500E+00   9.82569E-01
 7.72500E+00   9.83792E-01
 7.77500E+00   9.84970E-01
 7.82500E+00   9.86106E-01
 7.87500E+00   9.87196E-01
 7.92500E+00   9.88241E-01
 7.97500E+00   9.89242E-01
 8.02500E+00   9.90199E-01
 8.07500E+00   9.91108E-01
 8.12500E+00   9.91969E-01
 8.17500E+00   9.92784E-01
 8.22500E+00   9.93554E-01
 8.27500E+00   9.94280E-01
 8.32500E+00   9.94963E-01
 8.37500E+00   9.95601E-01
 8.42500E+00   9.96192E-01
 8.47500E+00   9.96746E-01
 8.52500E+00   9.97260E-01
 8.57500E+00   9.97729E-01
 8.62500E+00   9.98160E-01
 8.67500E+00   9.98554E-01
 8.72500E+00   9.98910E-01
 8.77500E+00   9.99232E-01
 8.82500E+00   9.99520E-01
 8.87500E+00   9.99775E-01
 8.92500E+00   9.99998E-01
 8.97500E+00   1.00019E+00
 9.02500E+00   1.00036E+00
 9.07500E+00   1.00051E+00
 9.12500E+00   1.00064E+00
 9.17500E+00   1.00076E+00
 9.22500E+00   1.00086E+00
 9.27500E+00   1.00095E+00
 9.32500E+00   1.00104E+00
 9.37500E+00   1.00110E+00
 9.42500E+00   1.00116E+00
 9.47500E+00   1.00122E+00
 9.52500E+00   1.00127E+00
 9.57500E+00   1.00131E+00
 9.62500E+00   1.00135E+00
 9.67500E+00   1.00138E+00
 9.72500E+00   1.00141E+00
 9.77500E+00   1.00143E+00
 9.82500E+00   1.00146E+00
 9.87500E+00   1.00147E+00
 9.92500E+00   1.00149E+00
 9.97500E+00   1.00150E+00
 1.00250E+01   1.00151E+00
 1.00750E+01   1.00153E+00
 1.01250E+01   1.00154E+00
 1.01750E+01   1.00155E+00
 1.02250E+01   1.00155E+00
 1.02750E+01   1.00156E+00
 1.03250E+01   1.00157E+00
 1.03750E+01   1.00158E+00
 1.04250E+01   1.00159E+00
 1.04750E+01   1.00160E+00
 1.05250E+01   1.00161E+00
 1.05750E+01   1.00162E+00
 1.06250E+01   1.00163E+00
 1.06750E+01   1.00164E+00
 1.07250E+01   1.00165E+00
 1.07750E+01   1.00165E+00
 1.08250E+01   1.00166E+00
 1.08750E+01   1.00166E+00
 1.09250E+01   1.00166E+00
 1.09750E+01   1.00167E+00
 1.10250E+01   1.00166E+00
 1.10750E+01   1.00165E+00
 1.11250E+01   1.00165E+00
 1.11750E+01   1.00163E+00
 1.12250E+01   1.00162E+00
 1.12750E+01   1.00159E+00
 1.13250E+01   1.00156E+00
 1.13750E+01   1.00151E+00
 1.14250E+01   1.00146E+00
 1.14750E+01   1.00140E+00
 1.15250E+01   1.00132E+00
 1.15750E+01   1.00122E+00
 1.16250E+01   1.00110E+00
 1.16750E+01   1.00097E+00
 1.17250E+01   1.00081E+00
 1.17750E+01   1.00062E+00
 1.18250E+01   1.00040E+00
 1.18750E+01   1.00015E+00
 1.19250E+01   9.99862E-01
 1.19750E+01   9.99534E-01
 1.20250E+01   9.99179E-01
 1.20750E+01   9.98802E-01
 1.21250E+01   9.98413E-01
 1.21750E+01   9.98013E-01
 1.22250E+01   9.97603E-01
 1.22750E+01   9.97189E-01
 1.23250E+01   9.96768E-01
 1.23750E+01   9.96342E-01
 1.24250E+01   9.95918E-01
 1.24750E+01   9.95495E-01
 1.25250E+01   9.95070E-01
 1.25750E+01   9.94643E-01
 1.26250E+01   9.94216E-01
 1.26750E+01   9.93789E-01
 1.27250E+01   9.93363E-01
 1.27750E+01   9.92939E-01
 1.28250E+01   9.92516E-01
 1.28750E+01   9.92095E-01
 1.29250E+01   9.91669E-01
 1.29750E+01   9.91248E-01
 1.30250E+01   9.90830E-01
 1.30750E+01   9.90414E-01
 1.31250E+01   9.89989E-01
 1.31750E+01   9.89572E-01
 1.32250E+01   9.89150E-01
 1.32750E+01   9.88731E-01
 1.33250E+01   9.88308E-01
 1.33750E+01   9.87888E-01
 1.34250E+01   9.87469E-01
 1.34750E+01   9.87050E-01
 1.35250E+01   9.86632E-01
 1.35750E+01   9.86211E-01
 1.36250E+01   9.85793E-01
 1.36750E+01   9.85374E-01
 1.37250E+01   9.84956E-01
 1.37750E+01   9.84536E-01
 1.38250E+01   9.84116E-01
 1.38750E+01   9.83694E-01
 1.39250E+01   9.83268E-01
 1.39750E+01   9.82843E-01
 1.40250E+01   9.82416E-01
 1.40750E+01   9.81984E-01
 1.41250E+01   9.81556E-01
 1.41750E+01   9.81123E-01
 1.42250E+01   9.80686E-01
 1.42750E+01   9.80250E-01
 1.43250E+01   9.79809E-01
 1.43750E+01   9.79365E-01
 1.44250E+01   9.78915E-01
 1.44750E+01   9.78463E-01
 1.45250E+01   9.78006E-01
 1.45750E+01   9.77545E-01
 1.46250E+01   9.77081E-01
 1.46750E+01   9.76608E-01
 1.47250E+01   9.76128E-01
 1.47750E+01   9.75641E-01
 1.48250E+01   9.75148E-01
 1.48750E+01   9.74644E-01
 1.49250E+01   9.74140E-01
 1.49750E+01   9.73622E-01
 1.50250E+01   9.73094E-01
 1.50750E+01   9.72558E-01
 1.51250E+01   9.72011E-01
 1.51750E+01   9.71451E-01
 1.52250E+01   9.70885E-01
 1.52750E+01   9.70308E-01
 1.53250E+01   9.69718E-01
 1.53750E+01   9.69122E-01
 1.54250E+01   9.68513E-01
 1.54750E+01   9.67892E-01
 1.55250E+01   9.67254E-01
 1.55750E+01   9.66608E-01
 1.56250E+01   9.65945E-01
 1.56750E+01   9.65270E-01
 1.57250E+01   9.64585E-01
 1.57750E+01   9.63882E-01
 1.58250E+01   9.63173E-01
 1.58750E+01   9.62448E-01
 1.59250E+01   9.61714E-01
 1.59750E+01   9.60967E-01
 1.60250E+01   9.60207E-01
 1.60750E+01   9.59435E-01
 1.61250E+01   9.58654E-01
 1.61750E+01   9.57864E-01
 1.62250E+01   9.57069E-01
 1.62750E+01   9.56259E-01
 1.63250E+01   9.55443E-01
 1.63750E+01   9.54625E-01
 1.64250E+01   9.53803E-01
 1.64750E+01   9.52973E-01
 1.65250E+01   9.52142E-01
 1.65750E+01   9.51309E-01
 1.66250E+01   9.50476E-01
 1.66750E+01   9.49642E-01
 1.67250E+01   9.48817E-01
 1.67750E+01   9.47991E-01
 1.68250E+01   9.47171E-01
 1.68750E+01   9.46360E-01
 1.69250E+01   9.45557E-01
 1.69750E+01   9.44768E-01
 1.70250E+01   9.43991E-01
 1.70750E+01   9.43232E-01
 1.71250E+01   9.42489E-01
 1.71750E+01   9.41763E-01
 1.72250E+01   9.41064E-01
 1.72750E+01   9.40383E-01
 1.73250E+01   9.39727E-01
 1.73750E+01   9.39099E-01
 1.74250E+01   9.38500E-01
 1.74750E+01   9.37934E-01
 1.75250E+01   9.37399E-01
 1.75750E+01   9.36901E-01
 1.76250E+01   9.36437E-01
 1.76750E+01   9.36014E-01
 1.77250E+01   9.35632E-01
 1.77750E+01   9.35296E-01
 1.78250E+01   9.35003E-01
 1.78750E+01   9.34754E-01
 1.79250E+01   9.34555E-01
 1.79750E+01   9.34407E-01
 1.80250E+01   9.34308E-01
 1.80750E+01   9.34260E-01
 1.81250E+01   9.34262E-01
 1.81750E+01   9.34318E-01
 1.82250E+01   9.34431E-01
 1.82750E+01   9.34598E-01
 1.83250E+01   9.34824E-01
 1.83750E+01   9.35102E-01
 1.84250E+01   9.35432E-01
 1.84750E+01   9.35822E-01
 1.85250E+01   9.36265E-01
 1.85750E+01   9.36766E-01
 1.86250E+01   9.37319E-01
 1.86750E+01   9.37929E-01
 1.87250E+01   9.38592E-01
 1.87750E+01   9.39309E-01
 1.88250E+01   9.40075E-01
 1.88750E+01   9.40890E-01
 1.89250E+01   9.41747E-01
 1.89750E+01   9.42656E-01
 1.90250E+01   9.43606E-01
 1.90750E+01   9.44600E-01
 1.91250E+01   9.45626E-01
 1.91750E+01   9.46695E-01
 1.92250E+01   9.47801E-01
 1.92750E+01   9.48939E-01
 1.93250E+01   9.50107E-01
 1.93750E+01   9.51302E-01
 1.94250E+01   9.52521E-01
 1.94750E+01   9.53760E-01
 1.95250E+01   9.55020E-01
 1.95750E+01   9.56291E-01
 1.96250E+01   9.57574E-01
 1.96750E+01   9.58866E-01
 1.97250E+01   9.60165E-01
 1.97750E+01   9.61463E-01
 1.98250E+01   9.62767E-01
 1.98750E+01   9.64061E-01
 1.99250E+01   9.65355E-01
 1.99750E+01   9.66633E-01
 2.00250E+01   9.67908E-01
 2.00750E+01   9.69166E-01
 2.01250E+01   9.70411E-01
 2.01750E+01   9.71636E-01
 2.02250E+01   9.72845E-01
 2.02750E+01   9.74030E-01
 2.03250E+01   9.75191E-01
 2.03750E+01   9.76325E-01
 2.04250E+01   9.77429E-01
 2.04750E+01   9.78503E-01
 2.05250E+01   9.79544E-01
 2.05750E+01   9.80554E-01
 2.06250E+01   9.81532E-01
 2.06750E+01   9.82477E-01
 2.07250E+01   9.83389E-01
 2.07750E+01   9.84264E-01
 2.08250E+01   9.85108E-01
 2.08750E+01   9.85921E-01
 2.09250E+01   9.86693E-01
 2.09750E+01   9.87428E-01
 2.10250E+01   9.88130E-01
 2.10750E+01   9.88800E-01
 2.11250E+01   9.89436E-01
 2.11750E+01   9.90039E-01
 2.12250E+01   9.90606E-01
 2.12750E+01   9.91142E-01
 2.13250E+01   9.91648E-01
 2.13750E+01   9.92119E-01
 2.14250E+01   9.92559E-01
 2.14750E+01   9.92970E-01
 2.15250E+01   9.93351E-01
 2.15750E+01   9.93703E-01
 2.16250E+01   9.94029E-01
 2.16750E+01   9.94327E-01
 2.17250E+01   9.94603E-01
 2.17750E+01   9.94851E-01
 2.18250E+01   9.95073E-01
 2.18750E+01   9.95272E-01
 2.19250E+01   9.95449E-01
 2.19750E+01   9.95603E-01
 2.20250E+01   9.95743E-01
 2.20750E+01   9.95859E-01
 2.21250E+01   9.95959E-01
 2.21750E+01   9.96043E-01
 2.22250E+01   9.96111E-01
 2.22750E+01   9.96160E-01
 2.23250E+01   9.96198E-01
 2.23750E+01   9.96220E-01
 2.24250E+01   9.96229E-01
 2.24750E+01   9.96224E-01
 2.25250E+01   9.96209E-01
 2.25750E+01   9.96178E-01
 2.26250E+01   9.96135E-01
 2.26750E+01   9.96083E-01
 2.27250E+01   9.96018E-01
 2.27750E+01   9.95951E-01
 2.28250E+01   9.95869E-01
 2.28750E+01   9.95782E-01
 2.29250E+01   9.95687E-01
 2.29750E+01   9.95582E-01
 2.30250E+01   9.95474E-01
 2.30750E+01   9.95357E-01
 2.31250E+01   9.95234E-01
 2.31750E+01   9.95108E-01
 2.32250E+01   9.94975E-01
 2.32750E+01   9.94837E-01
 2.33250E+01   9.94692E-01
 2.33750E+01   9.94539E-01
 2.34250E+01   9.94384E-01
 2.34750E+01   9.94223E-01
 2.35250E+01   9.94056E-01
 2.35750E+01   9.93882E-01
 2.36250E+01   9.93706E-01
 2.36750E+01   9.93523E-01
 2.37250E+01   9.93337E-01
 2.37750E+01   9.93144E-01
 2.38250E+01   9.92951E-01
 2.38750E+01   9.92753E-01
 2.39250E+01   9.92549E-01
 2.39750E+01   9.92338E-01
 2.40250E+01   9.92126E-01
 2.40750E+01   9.91907E-01
 2.41250E+01   9.91685E-01
 2.41750E+01   9.91457E-01
 2.42250E+01   9.91226E-01
 2.42750E+01   9.90987E-01
 2.43250E+01   9.90749E-01
 2.43750E+01   9.90509E-01
 2.44250E+01   9.90264E-01
 2.44750E+01   9.90013E-01
 2.45250E+01   9.89762E-01
 2.45750E+01   9.89505E-01
 2.46250E+01   9.89246E-01
 2.46750E+01   9.88984E-01
 2.47250E+01   9.88714E-01
 2.47750E+01   9.88441E-01
 2.48250E+01   9.88163E-01
 2.48750E+01   9.87883E-01
 2.49250E+01   9.87598E-01
 2.49750E+01   9.87310E-01
 2.50250E+01   9.87016E-01
 2.50750E+01   9.86717E-01
 2.51250E+01   9.86418E-01
 2.51750E+01   9.86111E-01
 2.52250E+01   9.85799E-01
 2.52750E+01   9.85483E-01
 2.53250E+01   9.85163E-01
 2.53750E+01   9.84840E-01
 2.54250E+01   9.84516E-01
 2.54750E+01   9.84181E-01
 2.55250E+01   9.83848E-01
 2.55750E+01   9.83505E-01
 2.56250E+01   9.83157E-01
 2.56750E+01   9.82802E-01
 2.57250E+01   9.82442E-01
 2.57750E+01   9.82078E-01
 2.58250E+01   9.81711E-01
 2.58750E+01   9.81342E-01
 2.59250E+01   9.80962E-01
 2.59750E+01   9.80581E-01
 2.60250E+01   9.80194E-01
 2.60750E+01   9.79803E-01
 2.61250E+01   9.79406E-01
 2.61750E+01   9.79001E-01
 2.62250E+01   9.78593E-01
 2.62750E+01   9.78178E-01
 2.63250E+01   9.77760E-01
 2.63750E+01   9.77336E-01
 2.64250E+01   9.76905E-01
 2.64750E+01   9.76466E-01
 2.65250E+01   9.76022E-01
 2.65750E+01   9.75574E-01
 2.66250E+01   9.75116E-01
 2.66750E+01   9.74651E-01
 2.67250E+01   9.74180E-01
 2.67750E+01   9.73702E-01
 2.68250E+01   9.73215E-01
 2.68750E+01   9.72722E-01
 2.69250E+01   9.72218E-01
 2.69750E+01   9.71712E-01
 2.70250E+01   9.71193E-01
 2.70750E+01   9.70668E-01
 2.71250E+01   9.70138E-01
 2.71750E+01   9.69593E-01
 2.72250E+01   9.69047E-01
 2.72750E+01   9.68490E-01
 2.73250E+01   9.67925E-01
 2.73750E+01   9.67353E-01
 2.74250E+01   9.66774E-01
 2.74750E+01   9.66186E-01
 2.75250E+01   9.65592E-01
 2.75750E+01   9.64988E-01
 2.76250E+01   9.64375E-01
 2.76750E+01   9.63758E-01
 2.77250E+01   9.63130E-01
 2.77750E+01   9.62491E-01
 2.78250E+01   9.61848E-01
 2.78750E+01   9.61193E-01
 2.79250E+01   9.60530E-01
 2.79750E+01   9.59859E-01
 2.80250E+01   9.59181E-01
 2.80750E+01   9.58495E-01
 2.81250E+01   9.57805E-01
 2.81750E+01   9.57109E-01
 2.82250E+01   9.56401E-01
 2.82750E+01   9.55692E-01
 2.83250E+01   9.54976E-01
 2.83750E+01   9.54256E-01
 2.84250E+01   9.53532E-01
 2.84750E+01   9.52800E-01
 2.85250E+01   9.52066E-01
 2.85750E+01   9.51327E-01
 2.86250E+01   9.50587E-01
 2.86750E+01   9.49848E-01
 2.87250E+01   9.49110E-01
 2.87750E+01   9.48374E-01
 2.88250E+01   9.47638E-01
 2.88750E+01   9.46901E-01
 2.89250E+01   9.46168E-01
 2.89750E+01   9.45440E-01
 2.90250E+01   9.44711E-01
 2.90750E+01   9.43989E-01
 2.91250E+01   9.43268E-01
 2.91750E+01   9.42559E-01
 2.92250E+01   9.41855E-01
 2.92750E+01   9.41162E-01
 2.93250E+01   9.40475E-01
 2.93750E+01   9.39798E-01
 2.94250E+01   9.39131E-01
 2.94750E+01   9.38477E-01
 2.95250E+01   9.37833E-01
 2.95750E+01   9.37205E-01
 2.96250E+01   9.36586E-01
 2.96750E+01   9.35988E-01
 2.97250E+01   9.35410E-01
 2.97750E+01   9.34845E-01
 2.98250E+01   9.34296E-01
 2.98750E+01   9.33767E-01
 2.99250E+01   9.33259E-01
 2.99750E+01   9.32773E-01
 3.00250E+01   9.32308E-01
 3.00750E+01   9.31868E-01
 3.01250E+01   9.31451E-01
 3.01750E+01   9.31059E-01
 3.02250E+01   9.30691E-01
 3.02750E+01   9.30352E-01
 3.03250E+01   9.30037E-01
 3.03750E+01   9.29749E-01
 3.04250E+01   9.29493E-01
 3.04750E+01   9.29271E-01
 3.05250E+01   9.29076E-01
 3.05750E+01   9.28909E-01
 3.06250E+01   9.28777E-01
 3.06750E+01   9.28675E-01
 3.07250E+01   9.28603E-01
 3.07750E+01   9.28564E-01
 3.08250E+01   9.28558E-01
 3.08750E+01   9.28589E-01
 3.09250E+01   9.28654E-01
 3.09750E+01   9.28749E-01
 3.10250E+01   9.28879E-01
 3.10750E+01   9.29043E-01
 3.11250E+01   9.29240E-01
 3.11750E+01   9.29471E-01
 3.12250E+01   9.29737E-01
 3.12750E+01   9.30032E-01
 3.13250E+01   9.30364E-01
 3.13750E+01   9.30727E-01
 3.14250E+01   9.31121E-01
 3.14750E+01   9.31545E-01
 3.15250E+01   9.32001E-01
 3.15750E+01   9.32488E-01
 3.16250E+01   9.33006E-01
 3.16750E+01   9.33550E-01
 3.17250E+01   9.34120E-01
 3.17750E+01   9.34716E-01
 3.18250E+01   9.35332E-01
 3.18750E+01   9.35971E-01
 3.19250E+01   9.36633E-01
 3.19750E+01   9.37314E-01
 3.20250E+01   9.38014E-01
 3.20750E+01   9.38738E-01
 3.21250E+01   9.39471E-01
 3.21750E+01   9.40220E-01
 3.22250E+01   9.40984E-01
 3.22750E+01   9.41759E-01
 3.23250E+01   9.42543E-01
 3.23750E+01   9.43336E-01
 3.24250E+01   9.44133E-01
 3.24750E+01   9.44933E-01
 3.25250E+01   9.45742E-01
 3.25750E+01   9.46549E-01
 3.26250E+01   9.47355E-01
 3.26750E+01   9.48161E-01
 3.27250E+01   9.48964E-01
 3.27750E+01   9.49767E-01
 3.28250E+01   9.50558E-01
 3.28750E+01   9.51346E-01
 3.29250E+01   9.52122E-01
 3.29750E+01   9.52889E-01
 3.30250E+01   9.53646E-01
 3.30750E+01   9.54389E-01
 3.31250E+01   9.55121E-01
 3.31750E+01   9.55837E-01
 3.32250E+01   9.56539E-01
 3.32750E+01   9.57224E-01
 3.33250E+01   9.57893E-01
 3.33750E+01   9.58544E-01
 3.34250E+01   9.59174E-01
 3.34750E+01   9.59788E-01
 3.35250E+01   9.60386E-01
 3.35750E+01   9.60961E-01
 3.36250E+01   9.61511E-01
 3.36750E+01   9.62043E-01
 3.37250E+01   9.62550E-01
 3.37750E+01   9.63034E-01
 3.38250E+01   9.63497E-01
 3.38750E+01   9.63942E-01
 3.39250E+01   9.64360E-01
 3.39750E+01   9.64756E-01
 3.40250E+01   9.65132E-01
 3.40750E+01   9.65487E-01
 3.41250E+01   9.65821E-01
 3.41750E+01   9.66132E-01
 3.42250E+01   9.66418E-01
 3.42750E+01   9.66683E-01
 3.43250E+01   9.66925E-01
 3.43750E+01   9.67153E-01
 3.44250E+01   9.67355E-01
 3.44750E+01   9.67541E-01
 3.45250E+01   9.67704E-01
 3.45750E+01   9.67848E-01
 3.46250E+01   9.67973E-01
 3.46750E+01   9.68080E-01
 3.47250E+01   9.68169E-01
 3.47750E+01   9.68240E-01
 3.48250E+01   9.68294E-01
 3.48750E+01   9.68330E-01
 3.49250E+01   9.68353E-01
 3.49750E+01   9.68360E-01
 3.50250E+01   9.68351E-01
 3.50750E+01   9.68326E-01
 3.51250E+01   9.68288E-01
 3.51750E+01   9.68236E-01
 3.52250E+01   9.68172E-01
 3.52750E+01   9.68097E-01
 3.53250E+01   9.68005E-01
 3.53750E+01   9.67903E-01
 3.54250E+01   9.67790E-01
 3.54750E+01   9.67663E-01
 3.55250E+01   9.67528E-01
 3.55750E+01   9.67379E-01
 3.56250E+01   9.67223E-01
 3.56750E+01   9.67057E-01
 3.57250E+01   9.66884E-01
 3.57750E+01   9.66703E-01
 3.58250E+01   9.66505E-01
 3.58750E+01   9.66302E-01
 3.59250E+01   9.66090E-01
 3.59750E+01   9.65870E-01
 3.60250E+01   9.65645E-01
 3.60750E+01   9.65414E-01
 3.61250E+01   9.65172E-01
 3.61750E+01   9.64920E-01
 3.62250E+01   9.64665E-01
 3.62750E+01   9.64402E-01
 3.63250E+01   9.64128E-01
 3.63750E+01   9.63852E-01
 3.64250E+01   9.63567E-01
 3.64750E+01   9.63277E-01
 3.65250E+01   9.62981E-01
 3.65750E+01   9.62682E-01
 3.66250E+01   9.62378E-01
 3.66750E+01   9.62068E-01
 3.67250E+01   9.61748E-01
 3.67750E+01   9.61425E-01
 3.68250E+01   9.61095E-01
 3.68750E+01   9.60760E-01
 3.69250E+01   9.60424E-01
 3.69750E+01   9.60078E-01
 3.70250E+01   9.59725E-01
 3.70750E+01   9.59371E-01
 3.71250E+01   9.59008E-01
 3.71750E+01   9.58640E-01
 3.72250E+01   9.58264E-01
 3.72750E+01   9.57889E-01
 3.73250E+01   9.57506E-01
 3.73750E+01   9.57119E-01
 3.74250E+01   9.56726E-01
 3.74750E+01   9.56324E-01
 3.75250E+01   9.55924E-01
 3.75750E+01   9.55514E-01
 3.76250E+01   9.55099E-01
 3.76750E+01   9.54680E-01
 3.77250E+01   9.54260E-01
 3.77750E+01   9.53830E-01
 3.78250E+01   9.53396E-01
 3.78750E+01   9.52959E-01
 3.79250E+01   9.52516E-01
 3.79750E+01   9.52067E-01
 3.80250E+01   9.51614E-01
 3.80750E+01   9.51154E-01
 3.81250E+01   9.50691E-01
 3.81750E+01   9.50220E-01
 3.82250E+01   9.49744E-01
 3.82750E+01   9.49264E-01
 3.83250E+01   9.48778E-01
 3.83750E+01   9.48287E-01
 3.84250E+01   9.47795E-01
 3.84750E+01   9.47293E-01
 3.85250E+01   9.46784E-01
 3.85750E+01   9.46273E-01
 3.86250E+01   9.45753E-01
 3.86750E+01   9.45228E-01
 3.87250E+01   9.44697E-01
 3.87750E+01   9.44158E-01
 3.88250E+01   9.43618E-01
 3.88750E+01   9.43073E-01
 3.89250E+01   9.42522E-01
 3.89750E+01   9.41969E-01
 3.90250E+01   9.41409E-01
 3.90750E+01   9.40844E-01
 3.91250E+01   9.40274E-01
 3.91750E+01   9.39693E-01
 3.92250E+01   9.39108E-01
 3.92750E+01   9.38517E-01
 3.93250E+01   9.37922E-01
 3.93750E+01   9.37320E-01
 3.94250E+01   9.36713E-01
 3.94750E+01   9.36103E-01
 3.95250E+01   9.35483E-01
 3.95750E+01   9.34856E-01
 3.96250E+01   9.34228E-01
 3.96750E+01   9.33592E-01
 3.97250E+01   9.32950E-01
 3.97750E+01   9.32304E-01
 3.98250E+01   9.31651E-01
 3.98750E+01   9.30989E-01
 3.99250E+01   9.30326E-01
 3.99750E+01   9.29655E-01
 4.00250E+01   9.28977E-01
 4.00750E+01   9.28292E-01
 4.01250E+01   9.27602E-01
 4.01750E+01   9.26908E-01
 4.02250E+01   9.26207E-01
 4.02750E+01   9.25500E-01
 4.03250E+01   9.24788E-01
 4.03750E+01   9.24076E-01
 4.04250E+01   9.23351E-01
 4.04750E+01   9.22624E-01
 4.05250E+01   9.21892E-01
 4.05750E+01   9.21151E-01
 4.06250E+01   9.20407E-01
 4.06750E+01   9.19662E-01
 4.07250E+01   9.18913E-01
 4.07750E+01   9.18159E-01
 4.08250E+01   9.17398E-01
 4.08750E+01   9.16633E-01
 4.09250E+01   9.15863E-01
 4.09750E+01   9.15092E-01
 4.10250E+01   9.14316E-01
 4.10750E+01   9.13538E-01
 4.11250E+01   9.12756E-01
 4.11750E+01   9.11975E-01
 4.12250E+01   9.11187E-01
 4.12750E+01   9.10400E-01
 4.13250E+01   9.09612E-01
 4.13750E+01   9.08823E-01
 4.14250E+01   9.08037E-01
 4.14750E+01   9.07248E-01
 4.15250E+01   9.06458E-01
 4.15750E+01   9.05674E-01
 4.16250E+01   9.04885E-01
 4.16750E+01   9.04101E-01
 4.17250E+01   9.03322E-01
 4.17750E+01   9.02545E-01
 4.18250E+01   9.01768E-01
 4.18750E+01   9.00999E-01
 4.19250E+01   9.00235E-01
 4.19750E+01   8.99476E-01
 4.20250E+01   8.98722E-01
 4.20750E+01   8.97975E-01
 4.21250E+01   8.97236E-01
 4.21750E+01   8.96505E-01
 4.22250E+01   8.95781E-01
 4.22750E+01   8.95065E-01
 4.23250E+01   8.94362E-01
 4.23750E+01   8.93667E-01
 4.24250E+01   8.92985E-01
 4.24750E+01   8.92310E-01
 4.25250E+01   8.91649E-01
 4.25750E+01   8.91002E-01
 4.26250E+01   8.90367E-01
 4.26750E+01   8.89746E-01
 4.27250E+01   8.89143E-01
 4.27750E+01   8.88555E-01
 4.28250E+01   8.87980E-01
 4.28750E+01   8.87424E-01
 4.29250E+01   8.86885E-01
 4.29750E+01   8.86359E-01
 4.30250E+01   8.85853E-01
 4.30750E+01   8.85367E-01
 4.31250E+01   8.84898E-01
 4.31750E+01   8.84450E-01
 4.32250E+01   8.84015E-01
 4.32750E+01   8.83603E-01
 4.33250E+01   8.83209E-01
 4.33750E+01   8.82837E-01
 4.34250E+01   8.82485E-01
 4.34750E+01   8.82148E-01
 4.35250E+01   8.81834E-01
 4.35750E+01   8.81538E-01
 4.36250E+01   8.81265E-01
 4.36750E+01   8.81012E-01
 4.37250E+01   8.80773E-01
 4.37750E+01   8.80556E-01
 4.38250E+01   8.80355E-01
 4.38750E+01   8.80173E-01
 4.39250E+01   8.80009E-01
 4.39750E+01   8.79863E-01
 4.40250E+01   8.79733E-01
 4.40750E+01   8.79621E-01
 4.41250E+01   8.79524E-01
 4.41750E+01   8.79440E-01
 4.42250E+01   8.79367E-01
 4.42750E+01   8.79311E-01
 4.43250E+01   8.79264E-01
 4.43750E+01   8.79228E-01
 4.44250E+01   8.79201E-01
 4.44750E+01   8.79179E-01
 4.45250E+01   8.79170E-01
 4.45750E+01   8.79166E-01
 4.46250E+01   8.79170E-01
 4.46750E+01   8.79179E-01
 4.47250E+01   8.79191E-01
 4.47750E+01   8.79204E-01
 4.48250E+01   8.79219E-01
 4.48750E+01   8.79232E-01
 4.49250E+01   8.79244E-01
 4.49750E+01   8.79250E-01
 4.50250E+01   8.79256E-01
 4.50750E+01   8.79254E-01
 4.51250E+01   8.79247E-01
 4.51750E+01   8.79232E-01
 4.52250E+01   8.79202E-01
 4.52750E+01   8.79167E-01
 4.53250E+01   8.79122E-01
 4.53750E+01   8.79060E-01
 4.54250E+01   8.78988E-01
 4.54750E+01   8.78901E-01
 4.55250E+01   8.78799E-01
 4.55750E+01   8.78681E-01
 4.56250E+01   8.78545E-01
 4.56750E+01   8.78393E-01
 4.57250E+01   8.78221E-01
 4.57750E+01   8.78027E-01
 4.58250E+01   8.77811E-01
 4.58750E+01   8.77576E-01
 4.59250E+01   8.77321E-01
 4.59750E+01   8.77043E-01
 4.60250E+01   8.76741E-01
 4.60750E+01   8.76417E-01
 4.61250E+01   8.76070E-01
 4.61750E+01   8.75695E-01
 4.62250E+01   8.75302E-01
 4.62750E+01   8.74885E-01
 4.63250E+01   8.74445E-01
 4.63750E+01   8.73980E-01
 4.64250E+01   8.73490E-01
 4.64750E+01   8.72974E-01
 4.65250E+01   8.72435E-01
 4.65750E+01   8.71875E-01
 4.66250E+01   8.71290E-01
 4.66750E+01   8.70684E-01
 4.67250E+01   8.70053E-01
 4.67750E+01   8.69403E-01
 4.68250E+01   8.68730E-01
 4.68750E+01   8.68033E-01
 4.69250E+01   8.67322E-01
 4.69750E+01   8.66586E-01
 4.70250E+01   8.65830E-01
 4.70750E+01   8.65056E-01
 4.71250E+01   8.64263E-01
 4.71750E+01   8.63455E-01
 4.72250E+01   8.62629E-01
 4.72750E+01   8.61782E-01
 4.73250E+01   8.60920E-01
 4.73750E+01   8.60041E-01
 4.74250E+01   8.59146E-01
 4.74750E+01   8.58232E-01
 4.75250E+01   8.57298E-01
 4.75750E+01   8.56345E-01
 4.76250E+01   8.55372E-01
 4.76750E+01   8.54377E-01
 4.77250E+01   8.53353E-01
 4.77750E+01   8.52298E-01
 4.78250E+01   8.51203E-01
 4.78750E+01   8.50058E-01
 4.79250E+01   8.48857E-01
 4.79750E+01   8.47577E-01
 4.80250E+01   8.46203E-01
 4.80750E+01   8.44710E-01
 4.81250E+01   8.43065E-01
 4.81750E+01   8.41224E-01
 4.82250E+01   8.39135E-01
 4.82750E+01   8.36732E-01
 4.83250E+01   8.33922E-01
 4.83750E+01   8.30594E-01
 4.84250E+01   8.26605E-01
 4.84750E+01   8.21773E-01
 4.85250E+01   8.15875E-01
 4.85750E+01   8.08619E-01
 4.86250E+01   7.99652E-01
 4.86750E+01   7.88534E-01
 4.87250E+01   7.74744E-01
 4.87750E+01   7.57652E-01
 4.88250E+01   7.36549E-01
 4.88750E+01   7.10697E-01
 4.89250E+01   6.79593E-01
 4.89750E+01   6.44883E-01
