      xx/10.      ss_ratio
         [-]           [-]
 1.02500E+00   1.13921E+01
 1.07500E+00   1.12343E+01
 1.12500E+00   1.10464E+01
 1.17500E+00   1.08279E+01
 1.22500E+00   1.05803E+01
 1.27500E+00   1.03074E+01
 1.32500E+00   1.00146E+01
 1.37500E+00   9.70822E+00
 1.42500E+00   9.39519E+00
 1.47500E+00   9.08217E+00
 1.52500E+00   8.77513E+00
 1.57500E+00   8.47919E+00
 1.62500E+00   8.19835E+00
 1.67500E+00   7.93536E+00
 1.72500E+00   7.69172E+00
 1.77500E+00   7.46795E+00
 1.82500E+00   7.26382E+00
 1.87500E+00   7.07814E+00
 1.92500E+00   6.90936E+00
 1.97500E+00   6.75520E+00
 2.02500E+00   6.61298E+00
 2.07500E+00   6.47972E+00
 2.12500E+00   6.35215E+00
 2.17500E+00   6.22699E+00
 2.22500E+00   6.10082E+00
 2.27500E+00   5.97041E+00
 2.32500E+00   5.83284E+00
 2.37500E+00   5.68555E+00
 2.42500E+00   5.52655E+00
 2.47500E+00   5.35445E+00
 2.52500E+00   5.16870E+00
 2.57500E+00   4.96951E+00
 2.62500E+00   4.75786E+00
 2.67500E+00   4.53548E+00
 2.72500E+00   4.30473E+00
 2.77500E+00   4.06849E+00
 2.82500E+00   3.82989E+00
 2.87500E+00   3.59215E+00
 2.92500E+00   3.35848E+00
 2.97500E+00   3.13175E+00
 3.02500E+00   2.91449E+00
 3.07500E+00   2.70877E+00
 3.12500E+00   2.51616E+00
 3.17500E+00   2.33773E+00
 3.22500E+00   2.17405E+00
 3.27500E+00   2.02524E+00
 3.32500E+00   1.89107E+00
 3.37500E+00   1.77103E+00
 3.42500E+00   1.66436E+00
 3.47500E+00   1.57018E+00
 3.52500E+00   1.48749E+00
 3.57500E+00   1.41527E+00
 3.62500E+00   1.35252E+00
 3.67500E+00   1.29824E+00
 3.72500E+00   1.25149E+00
 3.77500E+00   1.21138E+00
 3.82500E+00   1.17714E+00
 3.87500E+00   1.14799E+00
 3.92500E+00   1.12329E+00
 3.97500E+00   1.10243E+00
 4.02500E+00   1.08489E+00
 4.07500E+00   1.07019E+00
 4.12500E+00   1.05791E+00
 4.17500E+00   1.04770E+00
 4.22500E+00   1.03923E+00
 4.27500E+00   1.03224E+00
 4.32500E+00   1.02648E+00
 4.37500E+00   1.02176E+00
 4.42500E+00   1.01789E+00
 4.47500E+00   1.01474E+00
 4.52500E+00   1.01218E+00
 4.57500E+00   1.01011E+00
 4.62500E+00   1.00843E+00
 4.67500E+00   1.00707E+00
 4.72500E+00   1.00599E+00
 4.77500E+00   1.00511E+00
 4.82500E+00   1.00441E+00
 4.87500E+00   1.00385E+00
 4.92500E+00   1.00340E+00
 4.97500E+00   1.00305E+00
 5.02500E+00   1.00277E+00
 5.07500E+00   1.00255E+00
 5.12500E+00   1.00239E+00
 5.17500E+00   1.00226E+00
 5.22500E+00   1.00216E+00
 5.27500E+00   1.00209E+00
 5.32500E+00   1.00204E+00
 5.37500E+00   1.00201E+00
 5.42500E+00   1.00200E+00
 5.47500E+00   1.00200E+00
 5.52500E+00   1.00201E+00
 5.57500E+00   1.00204E+00
 5.62500E+00   1.00208E+00
 5.67500E+00   1.00213E+00
 5.72500E+00   1.00219E+00
 5.77500E+00   1.00226E+00
 5.82500E+00   1.00234E+00
 5.87500E+00   1.00243E+00
 5.92500E+00   1.00252E+00
 5.97500E+00   1.00263E+00
 6.02500E+00   1.00274E+00
 6.07500E+00   1.00286E+00
 6.12500E+00   1.00299E+00
 6.17500E+00   1.00312E+00
 6.22500E+00   1.00326E+00
 6.27500E+00   1.00340E+00
 6.32500E+00   1.00355E+00
 6.37500E+00   1.00369E+00
 6.42500E+00   1.00384E+00
 6.47500E+00   1.00398E+00
 6.52500E+00   1.00411E+00
 6.57500E+00   1.00424E+00
 6.62500E+00   1.00437E+00
 6.67500E+00   1.00449E+00
 6.72500E+00   1.00460E+00
 6.77500E+00   1.00470E+00
 6.82500E+00   1.00478E+00
 6.87500E+00   1.00485E+00
 6.92500E+00   1.00490E+00
 6.97500E+00   1.00494E+00
 7.02500E+00   1.00496E+00
 7.07500E+00   1.00497E+00
 7.12500E+00   1.00496E+00
 7.17500E+00   1.00494E+00
 7.22500E+00   1.00491E+00
 7.27500E+00   1.00487E+00
 7.32500E+00   1.00481E+00
 7.37500E+00   1.00474E+00
 7.42500E+00   1.00467E+00
 7.47500E+00   1.00459E+00
 7.52500E+00   1.00451E+00
 7.57500E+00   1.00442E+00
 7.62500E+00   1.00433E+00
 7.67500E+00   1.00424E+00
 7.72500E+00   1.00414E+00
 7.77500E+00   1.00405E+00
 7.82500E+00   1.00396E+00
 7.87500E+00   1.00387E+00
 7.92500E+00   1.00378E+00
 7.97500E+00   1.00368E+00
 8.02500E+00   1.00359E+00
 8.07500E+00   1.00349E+00
 8.12500E+00   1.00340E+00
 8.17500E+00   1.00330E+00
 8.22500E+00   1.00318E+00
 8.27500E+00   1.00307E+00
 8.32500E+00   1.00294E+00
 8.37500E+00   1.00279E+00
 8.42500E+00   1.00263E+00
 8.47500E+00   1.00243E+00
 8.52500E+00   1.00221E+00
 8.57500E+00   1.00195E+00
 8.62500E+00   1.00164E+00
 8.67500E+00   1.00127E+00
 8.72500E+00   1.00083E+00
 8.77500E+00   1.00030E+00
 8.82500E+00   9.99672E-01
 8.87500E+00   9.98926E-01
 8.92500E+00   9.98090E-01
 8.97500E+00   9.97181E-01
 9.02500E+00   9.96213E-01
 9.07500E+00   9.95194E-01
 9.12500E+00   9.94138E-01
 9.17500E+00   9.93050E-01
 9.22500E+00   9.91946E-01
 9.27500E+00   9.90828E-01
 9.32500E+00   9.89705E-01
 9.37500E+00   9.88578E-01
 9.42500E+00   9.87457E-01
 9.47500E+00   9.86340E-01
 9.52500E+00   9.85231E-01
 9.57500E+00   9.84133E-01
 9.62500E+00   9.83049E-01
 9.67500E+00   9.81979E-01
 9.72500E+00   9.80920E-01
 9.77500E+00   9.79874E-01
 9.82500E+00   9.78845E-01
 9.87500E+00   9.77823E-01
 9.92500E+00   9.76817E-01
 9.97500E+00   9.75818E-01
 1.00250E+01   9.74830E-01
 1.00750E+01   9.73851E-01
 1.01250E+01   9.72877E-01
 1.01750E+01   9.71910E-01
 1.02250E+01   9.70943E-01
 1.02750E+01   9.69978E-01
 1.03250E+01   9.69016E-01
 1.03750E+01   9.68049E-01
 1.04250E+01   9.67080E-01
 1.04750E+01   9.66107E-01
 1.05250E+01   9.65130E-01
 1.05750E+01   9.64145E-01
 1.06250E+01   9.63155E-01
 1.06750E+01   9.62158E-01
 1.07250E+01   9.61157E-01
 1.07750E+01   9.60141E-01
 1.08250E+01   9.59123E-01
 1.08750E+01   9.58093E-01
 1.09250E+01   9.57054E-01
 1.09750E+01   9.56008E-01
 1.10250E+01   9.54955E-01
 1.10750E+01   9.53897E-01
 1.11250E+01   9.52835E-01
 1.11750E+01   9.51769E-01
 1.12250E+01   9.50700E-01
 1.12750E+01   9.49633E-01
 1.13250E+01   9.48570E-01
 1.13750E+01   9.47509E-01
 1.14250E+01   9.46453E-01
 1.14750E+01   9.45403E-01
 1.15250E+01   9.44364E-01
 1.15750E+01   9.43335E-01
 1.16250E+01   9.42320E-01
 1.16750E+01   9.41323E-01
 1.17250E+01   9.40350E-01
 1.17750E+01   9.39399E-01
 1.18250E+01   9.38478E-01
 1.18750E+01   9.37583E-01
 1.19250E+01   9.36722E-01
 1.19750E+01   9.35889E-01
 1.20250E+01   9.35097E-01
 1.20750E+01   9.34345E-01
 1.21250E+01   9.33630E-01
 1.21750E+01   9.32963E-01
 1.22250E+01   9.32344E-01
 1.22750E+01   9.31782E-01
 1.23250E+01   9.31270E-01
 1.23750E+01   9.30815E-01
 1.24250E+01   9.30416E-01
 1.24750E+01   9.30075E-01
 1.25250E+01   9.29798E-01
 1.25750E+01   9.29583E-01
 1.26250E+01   9.29436E-01
 1.26750E+01   9.29358E-01
 1.27250E+01   9.29346E-01
 1.27750E+01   9.29404E-01
 1.28250E+01   9.29533E-01
 1.28750E+01   9.29732E-01
 1.29250E+01   9.30002E-01
 1.29750E+01   9.30345E-01
 1.30250E+01   9.30761E-01
 1.30750E+01   9.31247E-01
 1.31250E+01   9.31804E-01
 1.31750E+01   9.32428E-01
 1.32250E+01   9.33124E-01
 1.32750E+01   9.33884E-01
 1.33250E+01   9.34712E-01
 1.33750E+01   9.35604E-01
 1.34250E+01   9.36556E-01
 1.34750E+01   9.37567E-01
 1.35250E+01   9.38636E-01
 1.35750E+01   9.39759E-01
 1.36250E+01   9.40933E-01
 1.36750E+01   9.42153E-01
 1.37250E+01   9.43418E-01
 1.37750E+01   9.44723E-01
 1.38250E+01   9.46060E-01
 1.38750E+01   9.47432E-01
 1.39250E+01   9.48835E-01
 1.39750E+01   9.50261E-01
 1.40250E+01   9.51705E-01
 1.40750E+01   9.53165E-01
 1.41250E+01   9.54638E-01
 1.41750E+01   9.56117E-01
 1.42250E+01   9.57601E-01
 1.42750E+01   9.59084E-01
 1.43250E+01   9.60565E-01
 1.43750E+01   9.62038E-01
 1.44250E+01   9.63500E-01
 1.44750E+01   9.64946E-01
 1.45250E+01   9.66377E-01
 1.45750E+01   9.67786E-01
 1.46250E+01   9.69171E-01
 1.46750E+01   9.70532E-01
 1.47250E+01   9.71864E-01
 1.47750E+01   9.73161E-01
 1.48250E+01   9.74430E-01
 1.48750E+01   9.75664E-01
 1.49250E+01   9.76860E-01
 1.49750E+01   9.78019E-01
 1.50250E+01   9.79145E-01
 1.50750E+01   9.80229E-01
 1.51250E+01   9.81269E-01
 1.51750E+01   9.82270E-01
 1.52250E+01   9.83229E-01
 1.52750E+01   9.84147E-01
 1.53250E+01   9.85028E-01
 1.53750E+01   9.85866E-01
 1.54250E+01   9.86669E-01
 1.54750E+01   9.87425E-01
 1.55250E+01   9.88150E-01
 1.55750E+01   9.88837E-01
 1.56250E+01   9.89483E-01
 1.56750E+01   9.90093E-01
 1.57250E+01   9.90666E-01
 1.57750E+01   9.91205E-01
 1.58250E+01   9.91708E-01
 1.58750E+01   9.92180E-01
 1.59250E+01   9.92618E-01
 1.59750E+01   9.93025E-01
 1.60250E+01   9.93406E-01
 1.60750E+01   9.93755E-01
 1.61250E+01   9.94076E-01
 1.61750E+01   9.94368E-01
 1.62250E+01   9.94635E-01
 1.62750E+01   9.94878E-01
 1.63250E+01   9.95095E-01
 1.63750E+01   9.95288E-01
 1.64250E+01   9.95457E-01
 1.64750E+01   9.95605E-01
 1.65250E+01   9.95734E-01
 1.65750E+01   9.95842E-01
 1.66250E+01   9.95932E-01
 1.66750E+01   9.96004E-01
 1.67250E+01   9.96055E-01
 1.67750E+01   9.96096E-01
 1.68250E+01   9.96114E-01
 1.68750E+01   9.96120E-01
 1.69250E+01   9.96114E-01
 1.69750E+01   9.96091E-01
 1.70250E+01   9.96057E-01
 1.70750E+01   9.96009E-01
 1.71250E+01   9.95949E-01
 1.71750E+01   9.95875E-01
 1.72250E+01   9.95789E-01
 1.72750E+01   9.95694E-01
 1.73250E+01   9.95588E-01
 1.73750E+01   9.95470E-01
 1.74250E+01   9.95343E-01
 1.74750E+01   9.95206E-01
 1.75250E+01   9.95060E-01
 1.75750E+01   9.94902E-01
 1.76250E+01   9.94738E-01
 1.76750E+01   9.94563E-01
 1.77250E+01   9.94381E-01
 1.77750E+01   9.94190E-01
 1.78250E+01   9.93992E-01
 1.78750E+01   9.93787E-01
 1.79250E+01   9.93573E-01
 1.79750E+01   9.93352E-01
 1.80250E+01   9.93124E-01
 1.80750E+01   9.92887E-01
 1.81250E+01   9.92646E-01
 1.81750E+01   9.92396E-01
 1.82250E+01   9.92139E-01
 1.82750E+01   9.91874E-01
 1.83250E+01   9.91602E-01
 1.83750E+01   9.91326E-01
 1.84250E+01   9.91038E-01
 1.84750E+01   9.90747E-01
 1.85250E+01   9.90450E-01
 1.85750E+01   9.90149E-01
 1.86250E+01   9.89841E-01
 1.86750E+01   9.89530E-01
 1.87250E+01   9.89215E-01
 1.87750E+01   9.88896E-01
 1.88250E+01   9.88572E-01
 1.88750E+01   9.88239E-01
 1.89250E+01   9.87911E-01
 1.89750E+01   9.87579E-01
 1.90250E+01   9.87240E-01
 1.90750E+01   9.86895E-01
 1.91250E+01   9.86549E-01
 1.91750E+01   9.86203E-01
 1.92250E+01   9.85852E-01
 1.92750E+01   9.85494E-01
 1.93250E+01   9.85139E-01
 1.93750E+01   9.84777E-01
 1.94250E+01   9.84413E-01
 1.94750E+01   9.84050E-01
 1.95250E+01   9.83679E-01
 1.95750E+01   9.83311E-01
 1.96250E+01   9.82935E-01
 1.96750E+01   9.82558E-01
 1.97250E+01   9.82179E-01
 1.97750E+01   9.81796E-01
 1.98250E+01   9.81411E-01
 1.98750E+01   9.81023E-01
 1.99250E+01   9.80632E-01
 1.99750E+01   9.80242E-01
 2.00250E+01   9.79844E-01
 2.00750E+01   9.79445E-01
 2.01250E+01   9.79044E-01
 2.01750E+01   9.78633E-01
 2.02250E+01   9.78226E-01
 2.02750E+01   9.77811E-01
 2.03250E+01   9.77392E-01
 2.03750E+01   9.76968E-01
 2.04250E+01   9.76539E-01
 2.04750E+01   9.76104E-01
 2.05250E+01   9.75665E-01
 2.05750E+01   9.75223E-01
 2.06250E+01   9.74774E-01
 2.06750E+01   9.74318E-01
 2.07250E+01   9.73860E-01
 2.07750E+01   9.73390E-01
 2.08250E+01   9.72915E-01
 2.08750E+01   9.72431E-01
 2.09250E+01   9.71942E-01
 2.09750E+01   9.71442E-01
 2.10250E+01   9.70932E-01
 2.10750E+01   9.70412E-01
 2.11250E+01   9.69886E-01
 2.11750E+01   9.69353E-01
 2.12250E+01   9.68812E-01
 2.12750E+01   9.68257E-01
 2.13250E+01   9.67693E-01
 2.13750E+01   9.67117E-01
 2.14250E+01   9.66531E-01
 2.14750E+01   9.65938E-01
 2.15250E+01   9.65334E-01
 2.15750E+01   9.64718E-01
 2.16250E+01   9.64095E-01
 2.16750E+01   9.63458E-01
 2.17250E+01   9.62818E-01
 2.17750E+01   9.62161E-01
 2.18250E+01   9.61494E-01
 2.18750E+01   9.60817E-01
 2.19250E+01   9.60127E-01
 2.19750E+01   9.59426E-01
 2.20250E+01   9.58717E-01
 2.20750E+01   9.57997E-01
 2.21250E+01   9.57269E-01
 2.21750E+01   9.56528E-01
 2.22250E+01   9.55777E-01
 2.22750E+01   9.55014E-01
 2.23250E+01   9.54243E-01
 2.23750E+01   9.53461E-01
 2.24250E+01   9.52673E-01
 2.24750E+01   9.51875E-01
 2.25250E+01   9.51072E-01
 2.25750E+01   9.50258E-01
 2.26250E+01   9.49436E-01
 2.26750E+01   9.48608E-01
 2.27250E+01   9.47775E-01
 2.27750E+01   9.46936E-01
 2.28250E+01   9.46089E-01
 2.28750E+01   9.45241E-01
 2.29250E+01   9.44390E-01
 2.29750E+01   9.43534E-01
 2.30250E+01   9.42677E-01
 2.30750E+01   9.41819E-01
 2.31250E+01   9.40962E-01
 2.31750E+01   9.40103E-01
 2.32250E+01   9.39250E-01
 2.32750E+01   9.38401E-01
 2.33250E+01   9.37552E-01
 2.33750E+01   9.36710E-01
 2.34250E+01   9.35871E-01
 2.34750E+01   9.35040E-01
 2.35250E+01   9.34215E-01
 2.35750E+01   9.33400E-01
 2.36250E+01   9.32598E-01
 2.36750E+01   9.31805E-01
 2.37250E+01   9.31024E-01
 2.37750E+01   9.30256E-01
 2.38250E+01   9.29502E-01
 2.38750E+01   9.28765E-01
 2.39250E+01   9.28044E-01
 2.39750E+01   9.27339E-01
 2.40250E+01   9.26659E-01
 2.40750E+01   9.25996E-01
 2.41250E+01   9.25352E-01
 2.41750E+01   9.24733E-01
 2.42250E+01   9.24140E-01
 2.42750E+01   9.23570E-01
 2.43250E+01   9.23029E-01
 2.43750E+01   9.22513E-01
 2.44250E+01   9.22027E-01
 2.44750E+01   9.21575E-01
 2.45250E+01   9.21151E-01
 2.45750E+01   9.20759E-01
 2.46250E+01   9.20399E-01
 2.46750E+01   9.20078E-01
 2.47250E+01   9.19793E-01
 2.47750E+01   9.19545E-01
 2.48250E+01   9.19332E-01
 2.48750E+01   9.19159E-01
 2.49250E+01   9.19026E-01
 2.49750E+01   9.18928E-01
 2.50250E+01   9.18873E-01
 2.50750E+01   9.18859E-01
 2.51250E+01   9.18884E-01
 2.51750E+01   9.18952E-01
 2.52250E+01   9.19060E-01
 2.52750E+01   9.19210E-01
 2.53250E+01   9.19399E-01
 2.53750E+01   9.19630E-01
 2.54250E+01   9.19904E-01
 2.54750E+01   9.20217E-01
 2.55250E+01   9.20573E-01
 2.55750E+01   9.20967E-01
 2.56250E+01   9.21403E-01
 2.56750E+01   9.21875E-01
 2.57250E+01   9.22385E-01
 2.57750E+01   9.22930E-01
 2.58250E+01   9.23510E-01
 2.58750E+01   9.24125E-01
 2.59250E+01   9.24770E-01
 2.59750E+01   9.25449E-01
 2.60250E+01   9.26160E-01
 2.60750E+01   9.26893E-01
 2.61250E+01   9.27653E-01
 2.61750E+01   9.28435E-01
 2.62250E+01   9.29243E-01
 2.62750E+01   9.30072E-01
 2.63250E+01   9.30918E-01
 2.63750E+01   9.31784E-01
 2.64250E+01   9.32663E-01
 2.64750E+01   9.33557E-01
 2.65250E+01   9.34460E-01
 2.65750E+01   9.35369E-01
 2.66250E+01   9.36286E-01
 2.66750E+01   9.37207E-01
 2.67250E+01   9.38132E-01
 2.67750E+01   9.39060E-01
 2.68250E+01   9.39980E-01
 2.68750E+01   9.40900E-01
 2.69250E+01   9.41819E-01
 2.69750E+01   9.42727E-01
 2.70250E+01   9.43628E-01
 2.70750E+01   9.44517E-01
 2.71250E+01   9.45395E-01
 2.71750E+01   9.46257E-01
 2.72250E+01   9.47105E-01
 2.72750E+01   9.47934E-01
 2.73250E+01   9.48752E-01
 2.73750E+01   9.49547E-01
 2.74250E+01   9.50324E-01
 2.74750E+01   9.51079E-01
 2.75250E+01   9.51810E-01
 2.75750E+01   9.52518E-01
 2.76250E+01   9.53207E-01
 2.76750E+01   9.53868E-01
 2.77250E+01   9.54505E-01
 2.77750E+01   9.55115E-01
 2.78250E+01   9.55699E-01
 2.78750E+01   9.56258E-01
 2.79250E+01   9.56787E-01
 2.79750E+01   9.57293E-01
 2.80250E+01   9.57769E-01
 2.80750E+01   9.58218E-01
 2.81250E+01   9.58642E-01
 2.81750E+01   9.59042E-01
 2.82250E+01   9.59413E-01
 2.82750E+01   9.59758E-01
 2.83250E+01   9.60075E-01
 2.83750E+01   9.60368E-01
 2.84250E+01   9.60636E-01
 2.84750E+01   9.60878E-01
 2.85250E+01   9.61095E-01
 2.85750E+01   9.61290E-01
 2.86250E+01   9.61464E-01
 2.86750E+01   9.61611E-01
 2.87250E+01   9.61737E-01
 2.87750E+01   9.61840E-01
 2.88250E+01   9.61922E-01
 2.88750E+01   9.61984E-01
 2.89250E+01   9.62025E-01
 2.89750E+01   9.62046E-01
 2.90250E+01   9.62048E-01
 2.90750E+01   9.62029E-01
 2.91250E+01   9.61992E-01
 2.91750E+01   9.61940E-01
 2.92250E+01   9.61873E-01
 2.92750E+01   9.61788E-01
 2.93250E+01   9.61686E-01
 2.93750E+01   9.61572E-01
 2.94250E+01   9.61442E-01
 2.94750E+01   9.61295E-01
 2.95250E+01   9.61134E-01
 2.95750E+01   9.60962E-01
 2.96250E+01   9.60778E-01
 2.96750E+01   9.60582E-01
 2.97250E+01   9.60373E-01
 2.97750E+01   9.60155E-01
 2.98250E+01   9.59924E-01
 2.98750E+01   9.59682E-01
 2.99250E+01   9.59431E-01
 2.99750E+01   9.59167E-01
 3.00250E+01   9.58892E-01
 3.00750E+01   9.58608E-01
 3.01250E+01   9.58316E-01
 3.01750E+01   9.58011E-01
 3.02250E+01   9.57700E-01
 3.02750E+01   9.57382E-01
 3.03250E+01   9.57055E-01
 3.03750E+01   9.56718E-01
 3.04250E+01   9.56376E-01
 3.04750E+01   9.56026E-01
 3.05250E+01   9.55667E-01
 3.05750E+01   9.55301E-01
 3.06250E+01   9.54928E-01
 3.06750E+01   9.54547E-01
 3.07250E+01   9.54158E-01
 3.07750E+01   9.53764E-01
 3.08250E+01   9.53361E-01
 3.08750E+01   9.52951E-01
 3.09250E+01   9.52538E-01
 3.09750E+01   9.52112E-01
 3.10250E+01   9.51685E-01
 3.10750E+01   9.51248E-01
 3.11250E+01   9.50804E-01
 3.11750E+01   9.50353E-01
 3.12250E+01   9.49893E-01
 3.12750E+01   9.49424E-01
 3.13250E+01   9.48950E-01
 3.13750E+01   9.48469E-01
 3.14250E+01   9.47978E-01
 3.14750E+01   9.47477E-01
 3.15250E+01   9.46973E-01
 3.15750E+01   9.46459E-01
 3.16250E+01   9.45937E-01
 3.16750E+01   9.45406E-01
 3.17250E+01   9.44867E-01
 3.17750E+01   9.44321E-01
 3.18250E+01   9.43763E-01
 3.18750E+01   9.43201E-01
 3.19250E+01   9.42630E-01
 3.19750E+01   9.42051E-01
 3.20250E+01   9.41464E-01
 3.20750E+01   9.40865E-01
 3.21250E+01   9.40259E-01
 3.21750E+01   9.39642E-01
 3.22250E+01   9.39015E-01
 3.22750E+01   9.38378E-01
 3.23250E+01   9.37732E-01
 3.23750E+01   9.37074E-01
 3.24250E+01   9.36407E-01
 3.24750E+01   9.35732E-01
 3.25250E+01   9.35040E-01
 3.25750E+01   9.34341E-01
 3.26250E+01   9.33631E-01
 3.26750E+01   9.32908E-01
 3.27250E+01   9.32178E-01
 3.27750E+01   9.31436E-01
 3.28250E+01   9.30683E-01
 3.28750E+01   9.29915E-01
 3.29250E+01   9.29138E-01
 3.29750E+01   9.28345E-01
 3.30250E+01   9.27542E-01
 3.30750E+01   9.26727E-01
 3.31250E+01   9.25899E-01
 3.31750E+01   9.25060E-01
 3.32250E+01   9.24210E-01
 3.32750E+01   9.23349E-01
 3.33250E+01   9.22477E-01
 3.33750E+01   9.21590E-01
 3.34250E+01   9.20692E-01
 3.34750E+01   9.19781E-01
 3.35250E+01   9.18856E-01
 3.35750E+01   9.17922E-01
 3.36250E+01   9.16973E-01
 3.36750E+01   9.16019E-01
 3.37250E+01   9.15048E-01
 3.37750E+01   9.14064E-01
 3.38250E+01   9.13070E-01
 3.38750E+01   9.12067E-01
 3.39250E+01   9.11053E-01
 3.39750E+01   9.10027E-01
 3.40250E+01   9.08988E-01
 3.40750E+01   9.07935E-01
 3.41250E+01   9.06873E-01
 3.41750E+01   9.05804E-01
 3.42250E+01   9.04725E-01
 3.42750E+01   9.03633E-01
 3.43250E+01   9.02532E-01
 3.43750E+01   9.01424E-01
 3.44250E+01   9.00307E-01
 3.44750E+01   8.99180E-01
 3.45250E+01   8.98040E-01
 3.45750E+01   8.96894E-01
 3.46250E+01   8.95742E-01
 3.46750E+01   8.94584E-01
 3.47250E+01   8.93419E-01
 3.47750E+01   8.92247E-01
 3.48250E+01   8.91070E-01
 3.48750E+01   8.89885E-01
 3.49250E+01   8.88698E-01
 3.49750E+01   8.87504E-01
 3.50250E+01   8.86303E-01
 3.50750E+01   8.85103E-01
 3.51250E+01   8.83901E-01
 3.51750E+01   8.82695E-01
 3.52250E+01   8.81486E-01
 3.52750E+01   8.80277E-01
 3.53250E+01   8.79062E-01
 3.53750E+01   8.77854E-01
 3.54250E+01   8.76646E-01
 3.54750E+01   8.75441E-01
 3.55250E+01   8.74237E-01
 3.55750E+01   8.73037E-01
 3.56250E+01   8.71840E-01
 3.56750E+01   8.70646E-01
 3.57250E+01   8.69457E-01
 3.57750E+01   8.68275E-01
 3.58250E+01   8.67100E-01
 3.58750E+01   8.65932E-01
 3.59250E+01   8.64772E-01
 3.59750E+01   8.63619E-01
 3.60250E+01   8.62474E-01
 3.60750E+01   8.61340E-01
 3.61250E+01   8.60216E-01
 3.61750E+01   8.59104E-01
 3.62250E+01   8.57999E-01
 3.62750E+01   8.56909E-01
 3.63250E+01   8.55836E-01
 3.63750E+01   8.54779E-01
 3.64250E+01   8.53737E-01
 3.64750E+01   8.52707E-01
 3.65250E+01   8.51693E-01
 3.65750E+01   8.50697E-01
 3.66250E+01   8.49715E-01
 3.66750E+01   8.48751E-01
 3.67250E+01   8.47805E-01
 3.67750E+01   8.46879E-01
 3.68250E+01   8.45971E-01
 3.68750E+01   8.45079E-01
 3.69250E+01   8.44210E-01
 3.69750E+01   8.43360E-01
 3.70250E+01   8.42529E-01
 3.70750E+01   8.41717E-01
 3.71250E+01   8.40928E-01
 3.71750E+01   8.40157E-01
 3.72250E+01   8.39409E-01
 3.72750E+01   8.38681E-01
 3.73250E+01   8.37974E-01
 3.73750E+01   8.37287E-01
 3.74250E+01   8.36622E-01
 3.74750E+01   8.35974E-01
 3.75250E+01   8.35350E-01
 3.75750E+01   8.34743E-01
 3.76250E+01   8.34155E-01
 3.76750E+01   8.33586E-01
 3.77250E+01   8.33031E-01
 3.77750E+01   8.32492E-01
 3.78250E+01   8.31974E-01
 3.78750E+01   8.31470E-01
 3.79250E+01   8.30983E-01
 3.79750E+01   8.30511E-01
 3.80250E+01   8.30054E-01
 3.80750E+01   8.29608E-01
 3.81250E+01   8.29175E-01
 3.81750E+01   8.28755E-01
 3.82250E+01   8.28343E-01
 3.82750E+01   8.27945E-01
 3.83250E+01   8.27552E-01
 3.83750E+01   8.27169E-01
 3.84250E+01   8.26793E-01
 3.84750E+01   8.26420E-01
 3.85250E+01   8.26050E-01
 3.85750E+01   8.25684E-01
 3.86250E+01   8.25321E-01
 3.86750E+01   8.24959E-01
 3.87250E+01   8.24601E-01
 3.87750E+01   8.24237E-01
 3.88250E+01   8.23872E-01
 3.88750E+01   8.23504E-01
 3.89250E+01   8.23133E-01
 3.89750E+01   8.22758E-01
 3.90250E+01   8.22381E-01
 3.90750E+01   8.21996E-01
 3.91250E+01   8.21605E-01
 3.91750E+01   8.21203E-01
 3.92250E+01   8.20790E-01
 3.92750E+01   8.20372E-01
 3.93250E+01   8.19943E-01
 3.93750E+01   8.19505E-01
 3.94250E+01   8.19055E-01
 3.94750E+01   8.18595E-01
 3.95250E+01   8.18122E-01
 3.95750E+01   8.17634E-01
 3.96250E+01   8.17133E-01
 3.96750E+01   8.16617E-01
 3.97250E+01   8.16088E-01
 3.97750E+01   8.15543E-01
 3.98250E+01   8.14986E-01
 3.98750E+01   8.14411E-01
 3.99250E+01   8.13825E-01
 3.99750E+01   8.13221E-01
 4.00250E+01   8.12606E-01
 4.00750E+01   8.11975E-01
 4.01250E+01   8.11328E-01
 4.01750E+01   8.10664E-01
 4.02250E+01   8.09990E-01
 4.02750E+01   8.09303E-01
 4.03250E+01   8.08601E-01
 4.03750E+01   8.07885E-01
 4.04250E+01   8.07150E-01
 4.04750E+01   8.06405E-01
 4.05250E+01   8.05647E-01
 4.05750E+01   8.04876E-01
 4.06250E+01   8.04092E-01
 4.06750E+01   8.03294E-01
 4.07250E+01   8.02487E-01
 4.07750E+01   8.01671E-01
 4.08250E+01   8.00846E-01
 4.08750E+01   8.00009E-01
 4.09250E+01   7.99164E-01
 4.09750E+01   7.98309E-01
 4.10250E+01   7.97447E-01
 4.10750E+01   7.96573E-01
 4.11250E+01   7.95695E-01
 4.11750E+01   7.94810E-01
 4.12250E+01   7.93919E-01
 4.12750E+01   7.93022E-01
 4.13250E+01   7.92119E-01
 4.13750E+01   7.91210E-01
 4.14250E+01   7.90301E-01
 4.14750E+01   7.89387E-01
 4.15250E+01   7.88466E-01
 4.15750E+01   7.87544E-01
 4.16250E+01   7.86621E-01
 4.16750E+01   7.85694E-01
 4.17250E+01   7.84766E-01
 4.17750E+01   7.83834E-01
 4.18250E+01   7.82905E-01
 4.18750E+01   7.81977E-01
 4.19250E+01   7.81047E-01
 4.19750E+01   7.80118E-01
 4.20250E+01   7.79188E-01
 4.20750E+01   7.78259E-01
 4.21250E+01   7.77333E-01
 4.21750E+01   7.76410E-01
 4.22250E+01   7.75487E-01
 4.22750E+01   7.74568E-01
 4.23250E+01   7.73647E-01
 4.23750E+01   7.72729E-01
 4.24250E+01   7.71815E-01
 4.24750E+01   7.70904E-01
 4.25250E+01   7.69996E-01
 4.25750E+01   7.69090E-01
 4.26250E+01   7.68190E-01
 4.26750E+01   7.67291E-01
 4.27250E+01   7.66396E-01
 4.27750E+01   7.65505E-01
 4.28250E+01   7.64621E-01
 4.28750E+01   7.63736E-01
 4.29250E+01   7.62854E-01
 4.29750E+01   7.61976E-01
 4.30250E+01   7.61099E-01
 4.30750E+01   7.60225E-01
 4.31250E+01   7.59358E-01
 4.31750E+01   7.58495E-01
 4.32250E+01   7.57633E-01
 4.32750E+01   7.56774E-01
 4.33250E+01   7.55916E-01
 4.33750E+01   7.55063E-01
 4.34250E+01   7.54212E-01
 4.34750E+01   7.53364E-01
 4.35250E+01   7.52516E-01
 4.35750E+01   7.51671E-01
 4.36250E+01   7.50828E-01
 4.36750E+01   7.49986E-01
 4.37250E+01   7.49146E-01
 4.37750E+01   7.48307E-01
 4.38250E+01   7.47469E-01
 4.38750E+01   7.46631E-01
 4.39250E+01   7.45795E-01
 4.39750E+01   7.44960E-01
 4.40250E+01   7.44126E-01
 4.40750E+01   7.43292E-01
 4.41250E+01   7.42459E-01
 4.41750E+01   7.41628E-01
 4.42250E+01   7.40796E-01
 4.42750E+01   7.39966E-01
 4.43250E+01   7.39135E-01
 4.43750E+01   7.38306E-01
 4.44250E+01   7.37476E-01
 4.44750E+01   7.36649E-01
 4.45250E+01   7.35821E-01
 4.45750E+01   7.34993E-01
 4.46250E+01   7.34166E-01
 4.46750E+01   7.33340E-01
 4.47250E+01   7.32514E-01
 4.47750E+01   7.31689E-01
 4.48250E+01   7.30866E-01
 4.48750E+01   7.30044E-01
 4.49250E+01   7.29222E-01
 4.49750E+01   7.28402E-01
 4.50250E+01   7.27581E-01
 4.50750E+01   7.26765E-01
 4.51250E+01   7.25948E-01
 4.51750E+01   7.25139E-01
 4.52250E+01   7.24329E-01
 4.52750E+01   7.23523E-01
 4.53250E+01   7.22719E-01
 4.53750E+01   7.21922E-01
 4.54250E+01   7.21126E-01
 4.54750E+01   7.20332E-01
 4.55250E+01   7.19546E-01
 4.55750E+01   7.18760E-01
 4.56250E+01   7.17982E-01
 4.56750E+01   7.17213E-01
 4.57250E+01   7.16449E-01
 4.57750E+01   7.15689E-01
 4.58250E+01   7.14938E-01
 4.58750E+01   7.14194E-01
 4.59250E+01   7.13457E-01
 4.59750E+01   7.12728E-01
 4.60250E+01   7.12007E-01
 4.60750E+01   7.11296E-01
 4.61250E+01   7.10593E-01
 4.61750E+01   7.09901E-01
 4.62250E+01   7.09215E-01
 4.62750E+01   7.08545E-01
 4.63250E+01   7.07882E-01
 4.63750E+01   7.07229E-01
 4.64250E+01   7.06588E-01
 4.64750E+01   7.05956E-01
 4.65250E+01   7.05340E-01
 4.65750E+01   7.04732E-01
 4.66250E+01   7.04140E-01
 4.66750E+01   7.03559E-01
 4.67250E+01   7.02992E-01
 4.67750E+01   7.02433E-01
 4.68250E+01   7.01887E-01
 4.68750E+01   7.01355E-01
 4.69250E+01   7.00833E-01
 4.69750E+01   7.00324E-01
 4.70250E+01   6.99828E-01
 4.70750E+01   6.99346E-01
 4.71250E+01   6.98872E-01
 4.71750E+01   6.98411E-01
 4.72250E+01   6.97962E-01
 4.72750E+01   6.97523E-01
 4.73250E+01   6.97096E-01
 4.73750E+01   6.96678E-01
 4.74250E+01   6.96269E-01
 4.74750E+01   6.95869E-01
 4.75250E+01   6.95476E-01
 4.75750E+01   6.95088E-01
 4.76250E+01   6.94703E-01
 4.76750E+01   6.94318E-01
 4.77250E+01   6.93927E-01
 4.77750E+01   6.93528E-01
 4.78250E+01   6.93116E-01
 4.78750E+01   6.92681E-01
 4.79250E+01   6.92216E-01
 4.79750E+01   6.91701E-01
 4.80250E+01   6.91123E-01
 4.80750E+01   6.90463E-01
 4.81250E+01   6.89689E-01
 4.81750E+01   6.88770E-01
 4.82250E+01   6.87651E-01
 4.82750E+01   6.86278E-01
 4.83250E+01   6.84572E-01
 4.83750E+01   6.82438E-01
 4.84250E+01   6.79743E-01
 4.84750E+01   6.76334E-01
 4.85250E+01   6.72003E-01
 4.85750E+01   6.66495E-01
 4.86250E+01   6.59494E-01
 4.86750E+01   6.50600E-01
 4.87250E+01   6.39332E-01
 4.87750E+01   6.25123E-01
 4.88250E+01   6.07318E-01
 4.88750E+01   5.85244E-01
 4.89250E+01   5.58462E-01
 4.89750E+01   5.28586E-01
