      xx/10.        Omega0        Omega1        Omega2           C_l         r_avg
         [-]       [kg^-1]     [m kg^-1]   [m^2 kg^-1]           [-]           [m]
 1.02500E+00   7.78766E+17   3.09372E+08   1.70502E-01   3.32726E-07   3.97259E-10
 1.07500E+00   1.18137E+18   4.39423E+08   2.58633E-01   5.04695E-07   3.71959E-10
 1.12500E+00   1.58491E+18   5.08357E+08   3.46954E-01   6.77020E-07   3.20748E-10
 1.17500E+00   1.98934E+18   6.70814E+08   4.35458E-01   8.49690E-07   3.37204E-10
 1.22500E+00   2.39468E+18   8.53260E+08   5.24147E-01   1.02271E-06   3.56315E-10
 1.27500E+00   2.80096E+18   1.04020E+09   6.13029E-01   1.19609E-06   3.71372E-10
 1.32500E+00   3.20826E+18   1.22839E+09   7.02118E-01   1.36986E-06   3.82884E-10
 1.37500E+00   3.61664E+18   1.41717E+09   7.91427E-01   1.54405E-06   3.91847E-10
 1.42500E+00   4.02617E+18   1.60640E+09   8.80973E-01   1.71867E-06   3.98990E-10
 1.47500E+00   4.43693E+18   1.79609E+09   9.70768E-01   1.89377E-06   4.04805E-10
 1.52500E+00   4.84899E+18   1.98625E+09   1.06083E+00   2.06937E-06   4.09622E-10
 1.57500E+00   5.26241E+18   2.17692E+09   1.15117E+00   2.24549E-06   4.13673E-10
 1.62500E+00   5.67729E+18   2.36811E+09   1.24180E+00   2.42216E-06   4.17120E-10
 1.67500E+00   6.09369E+18   2.55986E+09   1.33274E+00   2.59942E-06   4.20084E-10
 1.72500E+00   6.51171E+18   2.75221E+09   1.42402E+00   2.77730E-06   4.22655E-10
 1.77500E+00   6.93144E+18   2.94518E+09   1.51564E+00   2.95583E-06   4.24901E-10
 1.82500E+00   7.35297E+18   3.13882E+09   1.60763E+00   3.13506E-06   4.26877E-10
 1.87500E+00   7.77641E+18   3.33316E+09   1.70001E+00   3.31501E-06   4.28625E-10
 1.92500E+00   8.20184E+18   3.52826E+09   1.79279E+00   3.49572E-06   4.30179E-10
 1.97500E+00   8.62936E+18   3.72415E+09   1.88600E+00   3.67723E-06   4.31567E-10
 2.02500E+00   9.05908E+18   3.92087E+09   1.97965E+00   3.85957E-06   4.32812E-10
 2.07500E+00   9.49109E+18   4.11848E+09   2.07377E+00   4.04280E-06   4.33931E-10
 2.12500E+00   9.92552E+18   4.31700E+09   2.16838E+00   4.22694E-06   4.34940E-10
 2.17500E+00   1.03625E+19   4.51648E+09   2.26351E+00   4.41205E-06   4.35850E-10
 2.22500E+00   1.08020E+19   4.71695E+09   2.35916E+00   4.59815E-06   4.36673E-10
 2.27500E+00   1.12443E+19   4.91846E+09   2.45537E+00   4.78529E-06   4.37417E-10
 2.32500E+00   1.16894E+19   5.12105E+09   2.55216E+00   4.97352E-06   4.38091E-10
 2.37500E+00   1.21375E+19   5.32475E+09   2.64954E+00   5.16286E-06   4.38701E-10
 2.42500E+00   1.25887E+19   5.52960E+09   2.74755E+00   5.35338E-06   4.39252E-10
 2.47500E+00   1.30430E+19   5.73568E+09   2.84620E+00   5.54510E-06   4.39751E-10
 2.52500E+00   1.35007E+19   5.94305E+09   2.94552E+00   5.73807E-06   4.40205E-10
 2.57500E+00   1.39617E+19   6.15176E+09   3.04553E+00   5.93235E-06   4.40617E-10
 2.62500E+00   1.44263E+19   6.36187E+09   3.14626E+00   6.12796E-06   4.40991E-10
 2.67500E+00   1.48946E+19   6.57344E+09   3.24773E+00   6.32498E-06   4.41332E-10
 2.72500E+00   1.53667E+19   6.78655E+09   3.34998E+00   6.52343E-06   4.41641E-10
 2.77500E+00   1.58427E+19   7.00124E+09   3.45302E+00   6.72338E-06   4.41923E-10
 2.82500E+00   1.63228E+19   7.21756E+09   3.55688E+00   6.92487E-06   4.42178E-10
 2.87500E+00   1.68070E+19   7.43557E+09   3.66160E+00   7.12794E-06   4.42408E-10
 2.92500E+00   1.72957E+19   7.65531E+09   3.76718E+00   7.33265E-06   4.42615E-10
 2.97500E+00   1.77887E+19   7.87685E+09   3.87367E+00   7.53905E-06   4.42800E-10
 3.02500E+00   1.82864E+19   8.10022E+09   3.98108E+00   7.74718E-06   4.42965E-10
 3.07500E+00   1.87888E+19   8.32548E+09   4.08945E+00   7.95709E-06   4.43109E-10
 3.12500E+00   1.92960E+19   8.55267E+09   4.19879E+00   8.16884E-06   4.43235E-10
 3.17500E+00   1.98083E+19   8.78186E+09   4.30915E+00   8.38247E-06   4.43343E-10
 3.22500E+00   2.03257E+19   9.01310E+09   4.42055E+00   8.59804E-06   4.43433E-10
 3.27500E+00   2.08484E+19   9.24644E+09   4.53300E+00   8.81560E-06   4.43508E-10
 3.32500E+00   2.13765E+19   9.48195E+09   4.64656E+00   9.03520E-06   4.43568E-10
 3.37500E+00   2.19103E+19   9.71970E+09   4.76123E+00   9.25690E-06   4.43614E-10
 3.42500E+00   2.24497E+19   9.95974E+09   4.87706E+00   9.48074E-06   4.43647E-10
 3.47500E+00   2.29950E+19   1.02021E+10   4.99406E+00   9.70679E-06   4.43666E-10
 3.52500E+00   2.35464E+19   1.04469E+10   5.11228E+00   9.93510E-06   4.43672E-10
 3.57500E+00   2.41039E+19   1.06941E+10   5.23173E+00   1.01657E-05   4.43665E-10
 3.62500E+00   2.46677E+19   1.09438E+10   5.35245E+00   1.03987E-05   4.43646E-10
 3.67500E+00   2.52381E+19   1.11960E+10   5.47447E+00   1.06341E-05   4.43616E-10
 3.72500E+00   2.58150E+19   1.14509E+10   5.59781E+00   1.08720E-05   4.43575E-10
 3.77500E+00   2.63987E+19   1.17085E+10   5.72252E+00   1.11124E-05   4.43524E-10
 3.82500E+00   2.69894E+19   1.19689E+10   5.84861E+00   1.13553E-05   4.43465E-10
 3.87500E+00   2.75871E+19   1.22321E+10   5.97612E+00   1.16010E-05   4.43399E-10
 3.92500E+00   2.81921E+19   1.24983E+10   6.10508E+00   1.18493E-05   4.43325E-10
 3.97500E+00   2.88046E+19   1.27675E+10   6.23552E+00   1.21004E-05   4.43247E-10
 4.02500E+00   2.94246E+19   1.30400E+10   6.36747E+00   1.23542E-05   4.43165E-10
 4.07500E+00   3.00524E+19   1.33156E+10   6.50097E+00   1.26110E-05   4.43080E-10
 4.12500E+00   3.06881E+19   1.35946E+10   6.63604E+00   1.28707E-05   4.42993E-10
 4.17500E+00   3.13318E+19   1.38770E+10   6.77273E+00   1.31334E-05   4.42904E-10
 4.22500E+00   3.19838E+19   1.41629E+10   6.91105E+00   1.33991E-05   4.42813E-10
 4.27500E+00   3.26442E+19   1.44523E+10   7.05104E+00   1.36679E-05   4.42720E-10
 4.32500E+00   3.33132E+19   1.47452E+10   7.19273E+00   1.39399E-05   4.42624E-10
 4.37500E+00   3.39909E+19   1.50419E+10   7.33615E+00   1.42151E-05   4.42526E-10
 4.42500E+00   3.46774E+19   1.53422E+10   7.48134E+00   1.44936E-05   4.42425E-10
 4.47500E+00   3.53730E+19   1.56463E+10   7.62831E+00   1.47753E-05   4.42323E-10
 4.52500E+00   3.60778E+19   1.59543E+10   7.77711E+00   1.50605E-05   4.42218E-10
 4.57500E+00   3.67919E+19   1.62661E+10   7.92775E+00   1.53491E-05   4.42111E-10
 4.62500E+00   3.75156E+19   1.65820E+10   8.08027E+00   1.56411E-05   4.42002E-10
 4.67500E+00   3.82489E+19   1.69018E+10   8.23471E+00   1.59367E-05   4.41889E-10
 4.72500E+00   3.89920E+19   1.72256E+10   8.39108E+00   1.62359E-05   4.41774E-10
 4.77500E+00   3.97450E+19   1.75536E+10   8.54942E+00   1.65387E-05   4.41656E-10
 4.82500E+00   4.05082E+19   1.78858E+10   8.70975E+00   1.68452E-05   4.41536E-10
 4.87500E+00   4.12817E+19   1.82222E+10   8.87210E+00   1.71554E-05   4.41412E-10
 4.92500E+00   4.20655E+19   1.85630E+10   9.03650E+00   1.74695E-05   4.41287E-10
 4.97500E+00   4.28599E+19   1.89081E+10   9.20298E+00   1.77873E-05   4.41160E-10
 5.02500E+00   4.36651E+19   1.92576E+10   9.37156E+00   1.81091E-05   4.41031E-10
 5.07500E+00   4.44810E+19   1.96118E+10   9.54228E+00   1.84347E-05   4.40902E-10
 5.12500E+00   4.53080E+19   1.99705E+10   9.71515E+00   1.87644E-05   4.40772E-10
 5.17500E+00   4.61462E+19   2.03340E+10   9.89021E+00   1.90981E-05   4.40643E-10
 5.22500E+00   4.69957E+19   2.07023E+10   1.00675E+01   1.94359E-05   4.40515E-10
 5.27500E+00   4.78566E+19   2.10754E+10   1.02470E+01   1.97777E-05   4.40388E-10
 5.32500E+00   4.87290E+19   2.14536E+10   1.04288E+01   2.01238E-05   4.40263E-10
 5.37500E+00   4.96132E+19   2.18367E+10   1.06128E+01   2.04741E-05   4.40139E-10
 5.42500E+00   5.05092E+19   2.22249E+10   1.07992E+01   2.08286E-05   4.40017E-10
 5.47500E+00   5.14172E+19   2.26183E+10   1.09879E+01   2.11874E-05   4.39897E-10
 5.52500E+00   5.23374E+19   2.30169E+10   1.11790E+01   2.15506E-05   4.39780E-10
 5.57500E+00   5.32697E+19   2.34208E+10   1.13724E+01   2.19181E-05   4.39664E-10
 5.62500E+00   5.42144E+19   2.38299E+10   1.15683E+01   2.22900E-05   4.39550E-10
 5.67500E+00   5.51716E+19   2.42445E+10   1.17666E+01   2.26664E-05   4.39437E-10
 5.72500E+00   5.61414E+19   2.46645E+10   1.19673E+01   2.30473E-05   4.39327E-10
 5.77500E+00   5.71240E+19   2.50899E+10   1.21705E+01   2.34327E-05   4.39218E-10
 5.82500E+00   5.81193E+19   2.55209E+10   1.23762E+01   2.38227E-05   4.39112E-10
 5.87500E+00   5.91276E+19   2.59575E+10   1.25844E+01   2.42172E-05   4.39008E-10
 5.92500E+00   6.01490E+19   2.63998E+10   1.27951E+01   2.46164E-05   4.38906E-10
 5.97500E+00   6.11834E+19   2.68478E+10   1.30083E+01   2.50202E-05   4.38808E-10
 6.02500E+00   6.22311E+19   2.73016E+10   1.32241E+01   2.54287E-05   4.38713E-10
 6.07500E+00   6.32921E+19   2.77613E+10   1.34425E+01   2.58419E-05   4.38621E-10
 6.12500E+00   6.43666E+19   2.82269E+10   1.36635E+01   2.62598E-05   4.38533E-10
 6.17500E+00   6.54546E+19   2.86985E+10   1.38870E+01   2.66825E-05   4.38449E-10
 6.22500E+00   6.65561E+19   2.91761E+10   1.41132E+01   2.71100E-05   4.38368E-10
 6.27500E+00   6.76714E+19   2.96598E+10   1.43420E+01   2.75422E-05   4.38291E-10
 6.32500E+00   6.88003E+19   3.01495E+10   1.45734E+01   2.79793E-05   4.38218E-10
 6.37500E+00   6.99431E+19   3.06454E+10   1.48075E+01   2.84212E-05   4.38148E-10
 6.42500E+00   7.10998E+19   3.11474E+10   1.50443E+01   2.88679E-05   4.38081E-10
 6.47500E+00   7.22703E+19   3.16557E+10   1.52837E+01   2.93195E-05   4.38017E-10
 6.52500E+00   7.34549E+19   3.21701E+10   1.55258E+01   2.97759E-05   4.37958E-10
 6.57500E+00   7.46535E+19   3.26908E+10   1.57705E+01   3.02372E-05   4.37901E-10
 6.62500E+00   7.58661E+19   3.32178E+10   1.60180E+01   3.07034E-05   4.37848E-10
 6.67500E+00   7.70929E+19   3.37511E+10   1.62681E+01   3.11746E-05   4.37797E-10
 6.72500E+00   7.83339E+19   3.42906E+10   1.65210E+01   3.16506E-05   4.37750E-10
 6.77500E+00   7.95890E+19   3.48365E+10   1.67765E+01   3.21315E-05   4.37705E-10
 6.82500E+00   8.08583E+19   3.53888E+10   1.70348E+01   3.26173E-05   4.37664E-10
 6.87500E+00   8.21420E+19   3.59474E+10   1.72957E+01   3.31081E-05   4.37625E-10
 6.92500E+00   8.34399E+19   3.65124E+10   1.75594E+01   3.36038E-05   4.37590E-10
 6.97500E+00   8.47521E+19   3.70838E+10   1.78258E+01   3.41043E-05   4.37557E-10
 7.02500E+00   8.60786E+19   3.76617E+10   1.80949E+01   3.46098E-05   4.37527E-10
 7.07500E+00   8.74194E+19   3.82460E+10   1.83667E+01   3.51202E-05   4.37500E-10
 7.12500E+00   8.87745E+19   3.88367E+10   1.86412E+01   3.56355E-05   4.37475E-10
 7.17500E+00   9.01439E+19   3.94339E+10   1.89184E+01   3.61557E-05   4.37455E-10
 7.22500E+00   9.15277E+19   4.00377E+10   1.91982E+01   3.66807E-05   4.37438E-10
 7.27500E+00   9.29257E+19   4.06480E+10   1.94808E+01   3.72106E-05   4.37425E-10
 7.32500E+00   9.43379E+19   4.12648E+10   1.97661E+01   3.77454E-05   4.37415E-10
 7.37500E+00   9.57644E+19   4.18881E+10   2.00540E+01   3.82850E-05   4.37408E-10
 7.42500E+00   9.72051E+19   4.25179E+10   2.03447E+01   3.88294E-05   4.37404E-10
 7.47500E+00   9.86599E+19   4.31541E+10   2.06379E+01   3.93786E-05   4.37402E-10
 7.52500E+00   1.00129E+20   4.37967E+10   2.09338E+01   3.99325E-05   4.37404E-10
 7.57500E+00   1.01612E+20   4.44458E+10   2.12324E+01   4.04912E-05   4.37407E-10
 7.62500E+00   1.03109E+20   4.51011E+10   2.15335E+01   4.10546E-05   4.37413E-10
 7.67500E+00   1.04620E+20   4.57628E+10   2.18373E+01   4.16227E-05   4.37420E-10
 7.72500E+00   1.06145E+20   4.64307E+10   2.21436E+01   4.21955E-05   4.37429E-10
 7.77500E+00   1.07683E+20   4.71050E+10   2.24526E+01   4.27729E-05   4.37440E-10
 7.82500E+00   1.09236E+20   4.77855E+10   2.27641E+01   4.33548E-05   4.37453E-10
 7.87500E+00   1.10802E+20   4.84723E+10   2.30782E+01   4.39414E-05   4.37468E-10
 7.92500E+00   1.12382E+20   4.91652E+10   2.33948E+01   4.45326E-05   4.37484E-10
 7.97500E+00   1.13975E+20   4.98644E+10   2.37139E+01   4.51282E-05   4.37503E-10
 8.02500E+00   1.15582E+20   5.05699E+10   2.40355E+01   4.57284E-05   4.37524E-10
 8.07500E+00   1.17203E+20   5.12816E+10   2.43596E+01   4.63330E-05   4.37547E-10
 8.12500E+00   1.18836E+20   5.19994E+10   2.46862E+01   4.69421E-05   4.37572E-10
 8.17500E+00   1.20483E+20   5.27234E+10   2.50152E+01   4.75555E-05   4.37599E-10
 8.22500E+00   1.22143E+20   5.34534E+10   2.53467E+01   4.81733E-05   4.37628E-10
 8.27500E+00   1.23817E+20   5.41895E+10   2.56806E+01   4.87954E-05   4.37659E-10
 8.32500E+00   1.25503E+20   5.49315E+10   2.60168E+01   4.94217E-05   4.37692E-10
 8.37500E+00   1.27202E+20   5.56795E+10   2.63555E+01   5.00523E-05   4.37726E-10
 8.42500E+00   1.28914E+20   5.64333E+10   2.66965E+01   5.06871E-05   4.37761E-10
 8.47500E+00   1.30638E+20   5.71929E+10   2.70398E+01   5.13260E-05   4.37797E-10
 8.52500E+00   1.32375E+20   5.79583E+10   2.73854E+01   5.19691E-05   4.37834E-10
 8.57500E+00   1.34125E+20   5.87294E+10   2.77332E+01   5.26161E-05   4.37872E-10
 8.62500E+00   1.35886E+20   5.95061E+10   2.80834E+01   5.32672E-05   4.37911E-10
 8.67500E+00   1.37660E+20   6.02885E+10   2.84357E+01   5.39222E-05   4.37952E-10
 8.72500E+00   1.39446E+20   6.10764E+10   2.87902E+01   5.45811E-05   4.37993E-10
 8.77500E+00   1.41244E+20   6.18698E+10   2.91469E+01   5.52439E-05   4.38036E-10
 8.82500E+00   1.43053E+20   6.26687E+10   2.95058E+01   5.59105E-05   4.38080E-10
 8.87500E+00   1.44875E+20   6.34731E+10   2.98668E+01   5.65808E-05   4.38125E-10
 8.92500E+00   1.46707E+20   6.42829E+10   3.02298E+01   5.72548E-05   4.38171E-10
 8.97500E+00   1.48551E+20   6.50981E+10   3.05950E+01   5.79326E-05   4.38219E-10
 9.02500E+00   1.50407E+20   6.59185E+10   3.09621E+01   5.86139E-05   4.38268E-10
 9.07500E+00   1.52273E+20   6.67440E+10   3.13313E+01   5.92987E-05   4.38318E-10
 9.12500E+00   1.54150E+20   6.75748E+10   3.17024E+01   5.99871E-05   4.38369E-10
 9.17500E+00   1.56039E+20   6.84105E+10   3.20755E+01   6.06789E-05   4.38421E-10
 9.22500E+00   1.57937E+20   6.92510E+10   3.24505E+01   6.13741E-05   4.38472E-10
 9.27500E+00   1.59847E+20   7.00964E+10   3.28274E+01   6.20726E-05   4.38523E-10
 9.32500E+00   1.61766E+20   7.09467E+10   3.32062E+01   6.27745E-05   4.38575E-10
 9.37500E+00   1.63696E+20   7.18016E+10   3.35868E+01   6.34795E-05   4.38627E-10
 9.42500E+00   1.65636E+20   7.26611E+10   3.39692E+01   6.41877E-05   4.38679E-10
 9.47500E+00   1.67586E+20   7.35250E+10   3.43534E+01   6.48991E-05   4.38731E-10
 9.52500E+00   1.69545E+20   7.43934E+10   3.47393E+01   6.56135E-05   4.38782E-10
 9.57500E+00   1.71514E+20   7.52661E+10   3.51269E+01   6.63309E-05   4.38833E-10
 9.62500E+00   1.73493E+20   7.61430E+10   3.55162E+01   6.70512E-05   4.38884E-10
 9.67500E+00   1.75480E+20   7.70242E+10   3.59071E+01   6.77744E-05   4.38934E-10
 9.72500E+00   1.77477E+20   7.79095E+10   3.62997E+01   6.85005E-05   4.38983E-10
 9.77500E+00   1.79483E+20   7.87989E+10   3.66939E+01   6.92293E-05   4.39033E-10
 9.82500E+00   1.81497E+20   7.96923E+10   3.70896E+01   6.99609E-05   4.39083E-10
 9.87500E+00   1.83520E+20   8.05898E+10   3.74868E+01   7.06952E-05   4.39132E-10
 9.92500E+00   1.85552E+20   8.14912E+10   3.78855E+01   7.14320E-05   4.39182E-10
 9.97500E+00   1.87592E+20   8.23964E+10   3.82857E+01   7.21714E-05   4.39232E-10
 1.00250E+01   1.89640E+20   8.33054E+10   3.86873E+01   7.29134E-05   4.39282E-10
 1.00750E+01   1.91696E+20   8.42182E+10   3.90903E+01   7.36577E-05   4.39333E-10
 1.01250E+01   1.93760E+20   8.51347E+10   3.94947E+01   7.44044E-05   4.39383E-10
 1.01750E+01   1.95831E+20   8.60547E+10   3.99004E+01   7.51534E-05   4.39434E-10
 1.02250E+01   1.97910E+20   8.69782E+10   4.03074E+01   7.59048E-05   4.39485E-10
 1.02750E+01   1.99996E+20   8.79052E+10   4.07157E+01   7.66583E-05   4.39536E-10
 1.03250E+01   2.02089E+20   8.88355E+10   4.11252E+01   7.74139E-05   4.39587E-10
 1.03750E+01   2.04189E+20   8.97690E+10   4.15359E+01   7.81716E-05   4.39637E-10
 1.04250E+01   2.06295E+20   9.07056E+10   4.19478E+01   7.89314E-05   4.39688E-10
 1.04750E+01   2.08409E+20   9.16452E+10   4.23608E+01   7.96931E-05   4.39738E-10
 1.05250E+01   2.10529E+20   9.25880E+10   4.27750E+01   8.04568E-05   4.39788E-10
 1.05750E+01   2.12655E+20   9.35336E+10   4.31902E+01   8.12223E-05   4.39838E-10
 1.06250E+01   2.14787E+20   9.44821E+10   4.36065E+01   8.19897E-05   4.39887E-10
 1.06750E+01   2.16925E+20   9.54332E+10   4.40238E+01   8.27588E-05   4.39936E-10
 1.07250E+01   2.19069E+20   9.63872E+10   4.44421E+01   8.35295E-05   4.39985E-10
 1.07750E+01   2.21219E+20   9.73437E+10   4.48614E+01   8.43020E-05   4.40034E-10
 1.08250E+01   2.23374E+20   9.83026E+10   4.52815E+01   8.50760E-05   4.40082E-10
 1.08750E+01   2.25534E+20   9.92641E+10   4.57026E+01   8.58515E-05   4.40129E-10
 1.09250E+01   2.27699E+20   1.00228E+11   4.61245E+01   8.66285E-05   4.40177E-10
 1.09750E+01   2.29870E+20   1.01194E+11   4.65473E+01   8.74070E-05   4.40224E-10
 1.10250E+01   2.32045E+20   1.02163E+11   4.69709E+01   8.81868E-05   4.40271E-10
 1.10750E+01   2.34225E+20   1.03133E+11   4.73952E+01   8.89680E-05   4.40318E-10
 1.11250E+01   2.36409E+20   1.04106E+11   4.78203E+01   8.97504E-05   4.40365E-10
 1.11750E+01   2.38597E+20   1.05081E+11   4.82462E+01   9.05340E-05   4.40412E-10
 1.12250E+01   2.40790E+20   1.06058E+11   4.86727E+01   9.13188E-05   4.40458E-10
 1.12750E+01   2.42987E+20   1.07037E+11   4.90999E+01   9.21047E-05   4.40503E-10
 1.13250E+01   2.45188E+20   1.08017E+11   4.95277E+01   9.28918E-05   4.40548E-10
 1.13750E+01   2.47392E+20   1.08999E+11   4.99562E+01   9.36798E-05   4.40592E-10
 1.14250E+01   2.49601E+20   1.09983E+11   5.03852E+01   9.44688E-05   4.40635E-10
 1.14750E+01   2.51812E+20   1.10968E+11   5.08149E+01   9.52588E-05   4.40677E-10
 1.15250E+01   2.54027E+20   1.11954E+11   5.12450E+01   9.60496E-05   4.40716E-10
 1.15750E+01   2.56245E+20   1.12941E+11   5.16757E+01   9.68413E-05   4.40754E-10
 1.16250E+01   2.58467E+20   1.13930E+11   5.21068E+01   9.76338E-05   4.40791E-10
 1.16750E+01   2.60691E+20   1.14919E+11   5.25384E+01   9.84271E-05   4.40825E-10
 1.17250E+01   2.62918E+20   1.15910E+11   5.29705E+01   9.92211E-05   4.40858E-10
 1.17750E+01   2.65147E+20   1.16901E+11   5.34030E+01   1.00016E-04   4.40890E-10
 1.18250E+01   2.67380E+20   1.17893E+11   5.38358E+01   1.00811E-04   4.40921E-10
 1.18750E+01   2.69614E+20   1.18886E+11   5.42691E+01   1.01607E-04   4.40950E-10
 1.19250E+01   2.71851E+20   1.19880E+11   5.47027E+01   1.02403E-04   4.40978E-10
 1.19750E+01   2.74090E+20   1.20875E+11   5.51366E+01   1.03200E-04   4.41004E-10
 1.20250E+01   2.76332E+20   1.21870E+11   5.55709E+01   1.03998E-04   4.41029E-10
 1.20750E+01   2.78575E+20   1.22866E+11   5.60054E+01   1.04796E-04   4.41053E-10
 1.21250E+01   2.80820E+20   1.23863E+11   5.64402E+01   1.05594E-04   4.41075E-10
 1.21750E+01   2.83067E+20   1.24860E+11   5.68752E+01   1.06393E-04   4.41097E-10
 1.22250E+01   2.85315E+20   1.25857E+11   5.73105E+01   1.07192E-04   4.41117E-10
 1.22750E+01   2.87565E+20   1.26855E+11   5.77460E+01   1.07991E-04   4.41136E-10
 1.23250E+01   2.89816E+20   1.27854E+11   5.81816E+01   1.08791E-04   4.41154E-10
 1.23750E+01   2.92069E+20   1.28852E+11   5.86175E+01   1.09591E-04   4.41170E-10
 1.24250E+01   2.94323E+20   1.29851E+11   5.90535E+01   1.10391E-04   4.41185E-10
 1.24750E+01   2.96578E+20   1.30850E+11   5.94897E+01   1.11191E-04   4.41199E-10
 1.25250E+01   2.98834E+20   1.31849E+11   5.99260E+01   1.11992E-04   4.41211E-10
 1.25750E+01   3.01091E+20   1.32848E+11   6.03624E+01   1.12793E-04   4.41221E-10
 1.26250E+01   3.03349E+20   1.33847E+11   6.07989E+01   1.13593E-04   4.41231E-10
 1.26750E+01   3.05608E+20   1.34846E+11   6.12354E+01   1.14394E-04   4.41239E-10
 1.27250E+01   3.07868E+20   1.35846E+11   6.16721E+01   1.15195E-04   4.41247E-10
 1.27750E+01   3.10128E+20   1.36845E+11   6.21088E+01   1.15996E-04   4.41254E-10
 1.28250E+01   3.12389E+20   1.37845E+11   6.25455E+01   1.16797E-04   4.41260E-10
 1.28750E+01   3.14650E+20   1.38844E+11   6.29823E+01   1.17598E-04   4.41265E-10
 1.29250E+01   3.16912E+20   1.39844E+11   6.34191E+01   1.18399E-04   4.41271E-10
 1.29750E+01   3.19174E+20   1.40844E+11   6.38559E+01   1.19200E-04   4.41276E-10
 1.30250E+01   3.21436E+20   1.41844E+11   6.42926E+01   1.20000E-04   4.41282E-10
 1.30750E+01   3.23698E+20   1.42844E+11   6.47294E+01   1.20801E-04   4.41287E-10
 1.31250E+01   3.25961E+20   1.43844E+11   6.51661E+01   1.21602E-04   4.41292E-10
 1.31750E+01   3.28223E+20   1.44844E+11   6.56027E+01   1.22402E-04   4.41296E-10
 1.32250E+01   3.30486E+20   1.45844E+11   6.60393E+01   1.23202E-04   4.41301E-10
 1.32750E+01   3.32749E+20   1.46843E+11   6.64759E+01   1.24002E-04   4.41304E-10
 1.33250E+01   3.35011E+20   1.47843E+11   6.69124E+01   1.24802E-04   4.41308E-10
 1.33750E+01   3.37274E+20   1.48842E+11   6.73487E+01   1.25602E-04   4.41310E-10
 1.34250E+01   3.39536E+20   1.49841E+11   6.77851E+01   1.26402E-04   4.41312E-10
 1.34750E+01   3.41798E+20   1.50840E+11   6.82213E+01   1.27201E-04   4.41313E-10
 1.35250E+01   3.44060E+20   1.51838E+11   6.86574E+01   1.28000E-04   4.41313E-10
 1.35750E+01   3.46321E+20   1.52836E+11   6.90934E+01   1.28799E-04   4.41313E-10
 1.36250E+01   3.48582E+20   1.53834E+11   6.95292E+01   1.29597E-04   4.41312E-10
 1.36750E+01   3.50843E+20   1.54831E+11   6.99650E+01   1.30396E-04   4.41311E-10
 1.37250E+01   3.53103E+20   1.55828E+11   7.04005E+01   1.31194E-04   4.41310E-10
 1.37750E+01   3.55362E+20   1.56825E+11   7.08360E+01   1.31991E-04   4.41309E-10
 1.38250E+01   3.57621E+20   1.57821E+11   7.12712E+01   1.32788E-04   4.41307E-10
 1.38750E+01   3.59880E+20   1.58817E+11   7.17063E+01   1.33585E-04   4.41305E-10
 1.39250E+01   3.62137E+20   1.59812E+11   7.21413E+01   1.34382E-04   4.41303E-10
 1.39750E+01   3.64394E+20   1.60808E+11   7.25760E+01   1.35178E-04   4.41301E-10
 1.40250E+01   3.66650E+20   1.61803E+11   7.30106E+01   1.35974E-04   4.41299E-10
 1.40750E+01   3.68906E+20   1.62797E+11   7.34449E+01   1.36770E-04   4.41298E-10
 1.41250E+01   3.71160E+20   1.63791E+11   7.38791E+01   1.37565E-04   4.41296E-10
 1.41750E+01   3.73414E+20   1.64785E+11   7.43131E+01   1.38359E-04   4.41294E-10
 1.42250E+01   3.75666E+20   1.65779E+11   7.47468E+01   1.39154E-04   4.41292E-10
 1.42750E+01   3.77918E+20   1.66772E+11   7.51803E+01   1.39947E-04   4.41291E-10
 1.43250E+01   3.80169E+20   1.67764E+11   7.56136E+01   1.40741E-04   4.41289E-10
 1.43750E+01   3.82418E+20   1.68756E+11   7.60467E+01   1.41534E-04   4.41287E-10
 1.44250E+01   3.84667E+20   1.69748E+11   7.64795E+01   1.42326E-04   4.41286E-10
 1.44750E+01   3.86914E+20   1.70739E+11   7.69121E+01   1.43118E-04   4.41285E-10
 1.45250E+01   3.89160E+20   1.71730E+11   7.73444E+01   1.43909E-04   4.41284E-10
 1.45750E+01   3.91405E+20   1.72720E+11   7.77764E+01   1.44700E-04   4.41283E-10
 1.46250E+01   3.93649E+20   1.73710E+11   7.82082E+01   1.45491E-04   4.41282E-10
 1.46750E+01   3.95891E+20   1.74699E+11   7.86397E+01   1.46281E-04   4.41281E-10
 1.47250E+01   3.98133E+20   1.75688E+11   7.90709E+01   1.47070E-04   4.41280E-10
 1.47750E+01   4.00372E+20   1.76676E+11   7.95018E+01   1.47859E-04   4.41280E-10
 1.48250E+01   4.02610E+20   1.77664E+11   7.99324E+01   1.48647E-04   4.41280E-10
 1.48750E+01   4.04847E+20   1.78651E+11   8.03627E+01   1.49434E-04   4.41280E-10
 1.49250E+01   4.07083E+20   1.79637E+11   8.07926E+01   1.50221E-04   4.41279E-10
 1.49750E+01   4.09316E+20   1.80623E+11   8.12223E+01   1.51008E-04   4.41280E-10
 1.50250E+01   4.11548E+20   1.81608E+11   8.16516E+01   1.51793E-04   4.41281E-10
 1.50750E+01   4.13779E+20   1.82593E+11   8.20806E+01   1.52578E-04   4.41282E-10
 1.51250E+01   4.16008E+20   1.83578E+11   8.25092E+01   1.53363E-04   4.41284E-10
 1.51750E+01   4.18235E+20   1.84561E+11   8.29376E+01   1.54147E-04   4.41286E-10
 1.52250E+01   4.20460E+20   1.85545E+11   8.33655E+01   1.54930E-04   4.41289E-10
 1.52750E+01   4.22684E+20   1.86527E+11   8.37932E+01   1.55713E-04   4.41292E-10
 1.53250E+01   4.24906E+20   1.87509E+11   8.42204E+01   1.56494E-04   4.41295E-10
 1.53750E+01   4.27127E+20   1.88490E+11   8.46473E+01   1.57276E-04   4.41299E-10
 1.54250E+01   4.29345E+20   1.89471E+11   8.50738E+01   1.58056E-04   4.41302E-10
 1.54750E+01   4.31561E+20   1.90451E+11   8.55000E+01   1.58836E-04   4.41306E-10
 1.55250E+01   4.33776E+20   1.91429E+11   8.59258E+01   1.59615E-04   4.41310E-10
 1.55750E+01   4.35989E+20   1.92408E+11   8.63512E+01   1.60393E-04   4.41313E-10
 1.56250E+01   4.38199E+20   1.93385E+11   8.67762E+01   1.61171E-04   4.41317E-10
 1.56750E+01   4.40408E+20   1.94361E+11   8.72008E+01   1.61948E-04   4.41320E-10
 1.57250E+01   4.42615E+20   1.95336E+11   8.76250E+01   1.62724E-04   4.41322E-10
 1.57750E+01   4.44819E+20   1.96310E+11   8.80488E+01   1.63500E-04   4.41324E-10
 1.58250E+01   4.47022E+20   1.97282E+11   8.84721E+01   1.64274E-04   4.41326E-10
 1.58750E+01   4.49222E+20   1.98254E+11   8.88951E+01   1.65048E-04   4.41328E-10
 1.59250E+01   4.51421E+20   1.99225E+11   8.93176E+01   1.65821E-04   4.41330E-10
 1.59750E+01   4.53617E+20   2.00195E+11   8.97398E+01   1.66594E-04   4.41331E-10
 1.60250E+01   4.55810E+20   2.01164E+11   9.01614E+01   1.67365E-04   4.41332E-10
 1.60750E+01   4.58002E+20   2.02132E+11   9.05827E+01   1.68136E-04   4.41334E-10
 1.61250E+01   4.60192E+20   2.03099E+11   9.10035E+01   1.68906E-04   4.41336E-10
 1.61750E+01   4.62379E+20   2.04065E+11   9.14239E+01   1.69675E-04   4.41337E-10
 1.62250E+01   4.64564E+20   2.05029E+11   9.18439E+01   1.70444E-04   4.41337E-10
 1.62750E+01   4.66746E+20   2.05993E+11   9.22634E+01   1.71211E-04   4.41338E-10
 1.63250E+01   4.68927E+20   2.06955E+11   9.26824E+01   1.71978E-04   4.41338E-10
 1.63750E+01   4.71105E+20   2.07917E+11   9.31010E+01   1.72744E-04   4.41339E-10
 1.64250E+01   4.73280E+20   2.08877E+11   9.35191E+01   1.73509E-04   4.41339E-10
 1.64750E+01   4.75453E+20   2.09836E+11   9.39368E+01   1.74273E-04   4.41338E-10
 1.65250E+01   4.77624E+20   2.10794E+11   9.43539E+01   1.75036E-04   4.41338E-10
 1.65750E+01   4.79792E+20   2.11750E+11   9.47706E+01   1.75798E-04   4.41338E-10
 1.66250E+01   4.81957E+20   2.12705E+11   9.51868E+01   1.76560E-04   4.41337E-10
 1.66750E+01   4.84120E+20   2.13660E+11   9.56026E+01   1.77321E-04   4.41336E-10
 1.67250E+01   4.86281E+20   2.14613E+11   9.60178E+01   1.78080E-04   4.41334E-10
 1.67750E+01   4.88439E+20   2.15564E+11   9.64325E+01   1.78839E-04   4.41333E-10
 1.68250E+01   4.90594E+20   2.16515E+11   9.68467E+01   1.79597E-04   4.41332E-10
 1.68750E+01   4.92747E+20   2.17465E+11   9.72605E+01   1.80354E-04   4.41331E-10
 1.69250E+01   4.94897E+20   2.18413E+11   9.76737E+01   1.81110E-04   4.41331E-10
 1.69750E+01   4.97044E+20   2.19361E+11   9.80864E+01   1.81865E-04   4.41330E-10
 1.70250E+01   4.99189E+20   2.20307E+11   9.84986E+01   1.82619E-04   4.41330E-10
 1.70750E+01   5.01330E+20   2.21252E+11   9.89102E+01   1.83373E-04   4.41330E-10
 1.71250E+01   5.03469E+20   2.22196E+11   9.93213E+01   1.84125E-04   4.41330E-10
 1.71750E+01   5.05605E+20   2.23139E+11   9.97319E+01   1.84876E-04   4.41330E-10
 1.72250E+01   5.07738E+20   2.24080E+11   1.00142E+02   1.85626E-04   4.41330E-10
 1.72750E+01   5.09869E+20   2.25020E+11   1.00551E+02   1.86376E-04   4.41330E-10
 1.73250E+01   5.11996E+20   2.25959E+11   1.00960E+02   1.87124E-04   4.41330E-10
 1.73750E+01   5.14121E+20   2.26897E+11   1.01369E+02   1.87871E-04   4.41329E-10
 1.74250E+01   5.16242E+20   2.27832E+11   1.01776E+02   1.88617E-04   4.41329E-10
 1.74750E+01   5.18360E+20   2.28767E+11   1.02184E+02   1.89362E-04   4.41328E-10
 1.75250E+01   5.20475E+20   2.29699E+11   1.02590E+02   1.90106E-04   4.41326E-10
 1.75750E+01   5.22587E+20   2.30630E+11   1.02996E+02   1.90849E-04   4.41324E-10
 1.76250E+01   5.24696E+20   2.31559E+11   1.03402E+02   1.91591E-04   4.41321E-10
 1.76750E+01   5.26802E+20   2.32487E+11   1.03806E+02   1.92332E-04   4.41318E-10
 1.77250E+01   5.28904E+20   2.33413E+11   1.04210E+02   1.93072E-04   4.41314E-10
 1.77750E+01   5.31003E+20   2.34337E+11   1.04614E+02   1.93810E-04   4.41309E-10
 1.78250E+01   5.33099E+20   2.35259E+11   1.05017E+02   1.94547E-04   4.41304E-10
 1.78750E+01   5.35191E+20   2.36179E+11   1.05419E+02   1.95283E-04   4.41299E-10
 1.79250E+01   5.37280E+20   2.37099E+11   1.05821E+02   1.96018E-04   4.41295E-10
 1.79750E+01   5.39365E+20   2.38016E+11   1.06222E+02   1.96752E-04   4.41290E-10
 1.80250E+01   5.41446E+20   2.38933E+11   1.06622E+02   1.97485E-04   4.41286E-10
 1.80750E+01   5.43525E+20   2.39848E+11   1.07021E+02   1.98216E-04   4.41282E-10
 1.81250E+01   5.45599E+20   2.40761E+11   1.07420E+02   1.98946E-04   4.41278E-10
 1.81750E+01   5.47670E+20   2.41673E+11   1.07819E+02   1.99675E-04   4.41275E-10
 1.82250E+01   5.49737E+20   2.42584E+11   1.08216E+02   2.00403E-04   4.41272E-10
 1.82750E+01   5.51801E+20   2.43493E+11   1.08613E+02   2.01129E-04   4.41270E-10
 1.83250E+01   5.53860E+20   2.44401E+11   1.09009E+02   2.01854E-04   4.41268E-10
 1.83750E+01   5.55916E+20   2.45308E+11   1.09404E+02   2.02577E-04   4.41268E-10
 1.84250E+01   5.57968E+20   2.46213E+11   1.09799E+02   2.03300E-04   4.41267E-10
 1.84750E+01   5.60016E+20   2.47117E+11   1.10193E+02   2.04021E-04   4.41268E-10
 1.85250E+01   5.62060E+20   2.48020E+11   1.10586E+02   2.04740E-04   4.41270E-10
 1.85750E+01   5.64100E+20   2.48921E+11   1.10978E+02   2.05459E-04   4.41272E-10
 1.86250E+01   5.66135E+20   2.49821E+11   1.11370E+02   2.06175E-04   4.41275E-10
 1.86750E+01   5.68167E+20   2.50720E+11   1.11761E+02   2.06891E-04   4.41278E-10
 1.87250E+01   5.70194E+20   2.51617E+11   1.12151E+02   2.07605E-04   4.41282E-10
 1.87750E+01   5.72217E+20   2.52512E+11   1.12540E+02   2.08317E-04   4.41287E-10
 1.88250E+01   5.74236E+20   2.53405E+11   1.12928E+02   2.09028E-04   4.41291E-10
 1.88750E+01   5.76250E+20   2.54297E+11   1.13316E+02   2.09738E-04   4.41297E-10
 1.89250E+01   5.78259E+20   2.55188E+11   1.13702E+02   2.10446E-04   4.41303E-10
 1.89750E+01   5.80264E+20   2.56077E+11   1.14088E+02   2.11152E-04   4.41311E-10
 1.90250E+01   5.82265E+20   2.56965E+11   1.14473E+02   2.11857E-04   4.41321E-10
 1.90750E+01   5.84260E+20   2.57852E+11   1.14857E+02   2.12561E-04   4.41331E-10
 1.91250E+01   5.86251E+20   2.58737E+11   1.15241E+02   2.13262E-04   4.41342E-10
 1.91750E+01   5.88237E+20   2.59622E+11   1.15623E+02   2.13962E-04   4.41356E-10
 1.92250E+01   5.90218E+20   2.60505E+11   1.16004E+02   2.14661E-04   4.41370E-10
 1.92750E+01   5.92193E+20   2.61386E+11   1.16384E+02   2.15357E-04   4.41387E-10
 1.93250E+01   5.94164E+20   2.62267E+11   1.16764E+02   2.16052E-04   4.41405E-10
 1.93750E+01   5.96130E+20   2.63146E+11   1.17142E+02   2.16745E-04   4.41424E-10
 1.94250E+01   5.98090E+20   2.64024E+11   1.17520E+02   2.17437E-04   4.41445E-10
 1.94750E+01   6.00044E+20   2.64900E+11   1.17896E+02   2.18126E-04   4.41468E-10
 1.95250E+01   6.01994E+20   2.65775E+11   1.18272E+02   2.18814E-04   4.41492E-10
 1.95750E+01   6.03937E+20   2.66649E+11   1.18646E+02   2.19500E-04   4.41518E-10
 1.96250E+01   6.05874E+20   2.67522E+11   1.19019E+02   2.20184E-04   4.41546E-10
 1.96750E+01   6.07806E+20   2.68393E+11   1.19391E+02   2.20865E-04   4.41577E-10
 1.97250E+01   6.09731E+20   2.69263E+11   1.19762E+02   2.21545E-04   4.41609E-10
 1.97750E+01   6.11650E+20   2.70131E+11   1.20132E+02   2.22223E-04   4.41642E-10
 1.98250E+01   6.13563E+20   2.70997E+11   1.20501E+02   2.22899E-04   4.41678E-10
 1.98750E+01   6.15469E+20   2.71862E+11   1.20868E+02   2.23572E-04   4.41714E-10
 1.99250E+01   6.17368E+20   2.72724E+11   1.21235E+02   2.24243E-04   4.41753E-10
 1.99750E+01   6.19261E+20   2.73585E+11   1.21600E+02   2.24912E-04   4.41793E-10
 2.00250E+01   6.21146E+20   2.74444E+11   1.21963E+02   2.25579E-04   4.41834E-10
 2.00750E+01   6.23024E+20   2.75300E+11   1.22325E+02   2.26243E-04   4.41877E-10
 2.01250E+01   6.24896E+20   2.76155E+11   1.22686E+02   2.26905E-04   4.41921E-10
 2.01750E+01   6.26759E+20   2.77007E+11   1.23046E+02   2.27564E-04   4.41968E-10
 2.02250E+01   6.28614E+20   2.77858E+11   1.23404E+02   2.28221E-04   4.42016E-10
 2.02750E+01   6.30462E+20   2.78706E+11   1.23761E+02   2.28875E-04   4.42067E-10
 2.03250E+01   6.32301E+20   2.79552E+11   1.24116E+02   2.29526E-04   4.42119E-10
 2.03750E+01   6.34132E+20   2.80397E+11   1.24469E+02   2.30175E-04   4.42174E-10
 2.04250E+01   6.35954E+20   2.81239E+11   1.24821E+02   2.30820E-04   4.42231E-10
 2.04750E+01   6.37768E+20   2.82079E+11   1.25172E+02   2.31463E-04   4.42291E-10
 2.05250E+01   6.39572E+20   2.82916E+11   1.25520E+02   2.32103E-04   4.42352E-10
 2.05750E+01   6.41367E+20   2.83751E+11   1.25867E+02   2.32740E-04   4.42416E-10
 2.06250E+01   6.43153E+20   2.84583E+11   1.26213E+02   2.33373E-04   4.42482E-10
 2.06750E+01   6.44929E+20   2.85413E+11   1.26556E+02   2.34004E-04   4.42550E-10
 2.07250E+01   6.46694E+20   2.86240E+11   1.26898E+02   2.34631E-04   4.42621E-10
 2.07750E+01   6.48450E+20   2.87065E+11   1.27237E+02   2.35255E-04   4.42693E-10
 2.08250E+01   6.50196E+20   2.87886E+11   1.27575E+02   2.35876E-04   4.42768E-10
 2.08750E+01   6.51930E+20   2.88704E+11   1.27911E+02   2.36493E-04   4.42846E-10
 2.09250E+01   6.53654E+20   2.89520E+11   1.28245E+02   2.37106E-04   4.42925E-10
 2.09750E+01   6.55367E+20   2.90332E+11   1.28577E+02   2.37716E-04   4.43007E-10
 2.10250E+01   6.57069E+20   2.91141E+11   1.28907E+02   2.38322E-04   4.43091E-10
 2.10750E+01   6.58758E+20   2.91946E+11   1.29234E+02   2.38924E-04   4.43177E-10
 2.11250E+01   6.60436E+20   2.92748E+11   1.29560E+02   2.39522E-04   4.43265E-10
 2.11750E+01   6.62101E+20   2.93545E+11   1.29883E+02   2.40117E-04   4.43355E-10
 2.12250E+01   6.63754E+20   2.94339E+11   1.30204E+02   2.40707E-04   4.43446E-10
 2.12750E+01   6.65394E+20   2.95129E+11   1.30522E+02   2.41293E-04   4.43541E-10
 2.13250E+01   6.67021E+20   2.95915E+11   1.30838E+02   2.41875E-04   4.43637E-10
 2.13750E+01   6.68635E+20   2.96697E+11   1.31152E+02   2.42452E-04   4.43735E-10
 2.14250E+01   6.70235E+20   2.97474E+11   1.31463E+02   2.43025E-04   4.43835E-10
 2.14750E+01   6.71821E+20   2.98246E+11   1.31772E+02   2.43594E-04   4.43937E-10
 2.15250E+01   6.73394E+20   2.99014E+11   1.32078E+02   2.44157E-04   4.44041E-10
 2.15750E+01   6.74951E+20   2.99777E+11   1.32381E+02   2.44716E-04   4.44146E-10
 2.16250E+01   6.76494E+20   3.00535E+11   1.32682E+02   2.45271E-04   4.44253E-10
 2.16750E+01   6.78022E+20   3.01287E+11   1.32980E+02   2.45820E-04   4.44362E-10
 2.17250E+01   6.79535E+20   3.02035E+11   1.33275E+02   2.46365E-04   4.44473E-10
 2.17750E+01   6.81033E+20   3.02777E+11   1.33568E+02   2.46904E-04   4.44585E-10
 2.18250E+01   6.82514E+20   3.03513E+11   1.33858E+02   2.47439E-04   4.44698E-10
 2.18750E+01   6.83981E+20   3.04244E+11   1.34144E+02   2.47968E-04   4.44814E-10
 2.19250E+01   6.85431E+20   3.04969E+11   1.34428E+02   2.48492E-04   4.44931E-10
 2.19750E+01   6.86864E+20   3.05688E+11   1.34709E+02   2.49011E-04   4.45049E-10
 2.20250E+01   6.88280E+20   3.06401E+11   1.34986E+02   2.49524E-04   4.45169E-10
 2.20750E+01   6.89680E+20   3.07107E+11   1.35261E+02   2.50032E-04   4.45290E-10
 2.21250E+01   6.91063E+20   3.07807E+11   1.35532E+02   2.50534E-04   4.45412E-10
 2.21750E+01   6.92428E+20   3.08501E+11   1.35801E+02   2.51030E-04   4.45535E-10
 2.22250E+01   6.93776E+20   3.09187E+11   1.36066E+02   2.51521E-04   4.45659E-10
 2.22750E+01   6.95105E+20   3.09866E+11   1.36327E+02   2.52006E-04   4.45783E-10
 2.23250E+01   6.96417E+20   3.10539E+11   1.36586E+02   2.52485E-04   4.45909E-10
 2.23750E+01   6.97710E+20   3.11204E+11   1.36841E+02   2.52958E-04   4.46036E-10
 2.24250E+01   6.98986E+20   3.11861E+11   1.37093E+02   2.53426E-04   4.46163E-10
 2.24750E+01   7.00242E+20   3.12511E+11   1.37341E+02   2.53887E-04   4.46290E-10
 2.25250E+01   7.01480E+20   3.13153E+11   1.37586E+02   2.54341E-04   4.46417E-10
 2.25750E+01   7.02699E+20   3.13787E+11   1.37828E+02   2.54790E-04   4.46545E-10
 2.26250E+01   7.03899E+20   3.14412E+11   1.38066E+02   2.55233E-04   4.46672E-10
 2.26750E+01   7.05080E+20   3.15029E+11   1.38300E+02   2.55670E-04   4.46799E-10
 2.27250E+01   7.06241E+20   3.15637E+11   1.38532E+02   2.56100E-04   4.46925E-10
 2.27750E+01   7.07383E+20   3.16237E+11   1.38759E+02   2.56524E-04   4.47051E-10
 2.28250E+01   7.08507E+20   3.16828E+11   1.38983E+02   2.56941E-04   4.47177E-10
 2.28750E+01   7.09611E+20   3.17410E+11   1.39204E+02   2.57353E-04   4.47301E-10
 2.29250E+01   7.10696E+20   3.17982E+11   1.39421E+02   2.57758E-04   4.47423E-10
 2.29750E+01   7.11762E+20   3.18545E+11   1.39634E+02   2.58157E-04   4.47544E-10
 2.30250E+01   7.12808E+20   3.19097E+11   1.39844E+02   2.58550E-04   4.47661E-10
 2.30750E+01   7.13836E+20   3.19639E+11   1.40051E+02   2.58936E-04   4.47777E-10
 2.31250E+01   7.14845E+20   3.20170E+11   1.40254E+02   2.59316E-04   4.47888E-10
 2.31750E+01   7.15834E+20   3.20691E+11   1.40453E+02   2.59690E-04   4.47997E-10
 2.32250E+01   7.16805E+20   3.21201E+11   1.40650E+02   2.60058E-04   4.48101E-10
 2.32750E+01   7.17759E+20   3.21700E+11   1.40842E+02   2.60421E-04   4.48201E-10
 2.33250E+01   7.18693E+20   3.22188E+11   1.41032E+02   2.60777E-04   4.48297E-10
 2.33750E+01   7.19611E+20   3.22664E+11   1.41218E+02   2.61127E-04   4.48387E-10
 2.34250E+01   7.20510E+20   3.23128E+11   1.41401E+02   2.61472E-04   4.48472E-10
 2.34750E+01   7.21393E+20   3.23581E+11   1.41581E+02   2.61811E-04   4.48550E-10
 2.35250E+01   7.22259E+20   3.24021E+11   1.41758E+02   2.62144E-04   4.48622E-10
 2.35750E+01   7.23109E+20   3.24449E+11   1.41932E+02   2.62473E-04   4.48686E-10
 2.36250E+01   7.23943E+20   3.24865E+11   1.42103E+02   2.62796E-04   4.48743E-10
 2.36750E+01   7.24762E+20   3.25267E+11   1.42271E+02   2.63114E-04   4.48792E-10
 2.37250E+01   7.25566E+20   3.25657E+11   1.42437E+02   2.63427E-04   4.48831E-10
 2.37750E+01   7.26357E+20   3.26034E+11   1.42600E+02   2.63735E-04   4.48862E-10
 2.38250E+01   7.27134E+20   3.26398E+11   1.42760E+02   2.64040E-04   4.48882E-10
 2.38750E+01   7.27898E+20   3.26748E+11   1.42918E+02   2.64339E-04   4.48892E-10
 2.39250E+01   7.28651E+20   3.27085E+11   1.43074E+02   2.64635E-04   4.48890E-10
 2.39750E+01   7.29393E+20   3.27408E+11   1.43228E+02   2.64928E-04   4.48877E-10
 2.40250E+01   7.30126E+20   3.27717E+11   1.43380E+02   2.65217E-04   4.48850E-10
 2.40750E+01   7.30848E+20   3.28012E+11   1.43530E+02   2.65502E-04   4.48810E-10
 2.41250E+01   7.31563E+20   3.28294E+11   1.43679E+02   2.65785E-04   4.48757E-10
 2.41750E+01   7.32270E+20   3.28561E+11   1.43826E+02   2.66066E-04   4.48689E-10
 2.42250E+01   7.32972E+20   3.28814E+11   1.43972E+02   2.66344E-04   4.48604E-10
 2.42750E+01   7.33669E+20   3.29053E+11   1.44117E+02   2.66620E-04   4.48503E-10
 2.43250E+01   7.34362E+20   3.29277E+11   1.44262E+02   2.66895E-04   4.48385E-10
 2.43750E+01   7.35053E+20   3.29486E+11   1.44405E+02   2.67169E-04   4.48248E-10
 2.44250E+01   7.35743E+20   3.29680E+11   1.44549E+02   2.67443E-04   4.48091E-10
 2.44750E+01   7.36434E+20   3.29859E+11   1.44693E+02   2.67716E-04   4.47914E-10
 2.45250E+01   7.37127E+20   3.30024E+11   1.44836E+02   2.67989E-04   4.47717E-10
 2.45750E+01   7.37824E+20   3.30175E+11   1.44980E+02   2.68263E-04   4.47499E-10
 2.46250E+01   7.38526E+20   3.30313E+11   1.45126E+02   2.68539E-04   4.47260E-10
 2.46750E+01   7.39234E+20   3.30438E+11   1.45272E+02   2.68816E-04   4.47000E-10
 2.47250E+01   7.39952E+20   3.30549E+11   1.45419E+02   2.69095E-04   4.46717E-10
 2.47750E+01   7.40680E+20   3.30648E+11   1.45568E+02   2.69378E-04   4.46411E-10
 2.48250E+01   7.41421E+20   3.30731E+11   1.45720E+02   2.69664E-04   4.46077E-10
 2.48750E+01   7.42177E+20   3.30798E+11   1.45873E+02   2.69954E-04   4.45713E-10
 2.49250E+01   7.42949E+20   3.30846E+11   1.46030E+02   2.70248E-04   4.45314E-10
 2.49750E+01   7.43740E+20   3.30874E+11   1.46189E+02   2.70548E-04   4.44879E-10
 2.50250E+01   7.44553E+20   3.30882E+11   1.46352E+02   2.70854E-04   4.44404E-10
 2.50750E+01   7.45389E+20   3.30885E+11   1.46520E+02   2.71167E-04   4.43909E-10
 2.51250E+01   7.46251E+20   3.30888E+11   1.46691E+02   2.71487E-04   4.43400E-10
 2.51750E+01   7.47141E+20   3.30884E+11   1.46867E+02   2.71816E-04   4.42867E-10
 2.52250E+01   7.48063E+20   3.30863E+11   1.47049E+02   2.72153E-04   4.42294E-10
 2.52750E+01   7.49019E+20   3.30829E+11   1.47236E+02   2.72501E-04   4.41683E-10
 2.53250E+01   7.50011E+20   3.30782E+11   1.47430E+02   2.72859E-04   4.41036E-10
 2.53750E+01   7.51043E+20   3.30723E+11   1.47630E+02   2.73228E-04   4.40352E-10
 2.54250E+01   7.52118E+20   3.30655E+11   1.47837E+02   2.73610E-04   4.39631E-10
 2.54750E+01   7.53238E+20   3.30576E+11   1.48052E+02   2.74005E-04   4.38874E-10
 2.55250E+01   7.54407E+20   3.30489E+11   1.48276E+02   2.74415E-04   4.38078E-10
 2.55750E+01   7.55628E+20   3.30394E+11   1.48508E+02   2.74840E-04   4.37244E-10
 2.56250E+01   7.56905E+20   3.30291E+11   1.48750E+02   2.75280E-04   4.36370E-10
 2.56750E+01   7.58241E+20   3.30181E+11   1.49001E+02   2.75738E-04   4.35457E-10
 2.57250E+01   7.59639E+20   3.30066E+11   1.49263E+02   2.76214E-04   4.34504E-10
 2.57750E+01   7.61103E+20   3.29946E+11   1.49537E+02   2.76710E-04   4.33510E-10
 2.58250E+01   7.62637E+20   3.29822E+11   1.49822E+02   2.77226E-04   4.32475E-10
 2.58750E+01   7.64245E+20   3.29694E+11   1.50120E+02   2.77763E-04   4.31399E-10
 2.59250E+01   7.65930E+20   3.29564E+11   1.50431E+02   2.78323E-04   4.30280E-10
 2.59750E+01   7.67697E+20   3.29433E+11   1.50755E+02   2.78906E-04   4.29119E-10
 2.60250E+01   7.69549E+20   3.29302E+11   1.51094E+02   2.79514E-04   4.27915E-10
 2.60750E+01   7.71492E+20   3.29171E+11   1.51449E+02   2.80149E-04   4.26669E-10
 2.61250E+01   7.73528E+20   3.29043E+11   1.51819E+02   2.80811E-04   4.25380E-10
 2.61750E+01   7.75664E+20   3.28919E+11   1.52206E+02   2.81501E-04   4.24048E-10
 2.62250E+01   7.77903E+20   3.28800E+11   1.52611E+02   2.82221E-04   4.22676E-10
 2.62750E+01   7.80249E+20   3.28689E+11   1.53033E+02   2.82973E-04   4.21262E-10
 2.63250E+01   7.82708E+20   3.28587E+11   1.53475E+02   2.83757E-04   4.19807E-10
 2.63750E+01   7.85284E+20   3.28494E+11   1.53936E+02   2.84575E-04   4.18313E-10
 2.64250E+01   7.87982E+20   3.28415E+11   1.54418E+02   2.85428E-04   4.16779E-10
 2.64750E+01   7.90807E+20   3.28348E+11   1.54921E+02   2.86317E-04   4.15207E-10
 2.65250E+01   7.93764E+20   3.28296E+11   1.55446E+02   2.87245E-04   4.13594E-10
 2.65750E+01   7.96858E+20   3.28257E+11   1.55995E+02   2.88212E-04   4.11940E-10
 2.66250E+01   8.00094E+20   3.28233E+11   1.56567E+02   2.89219E-04   4.10242E-10
 2.66750E+01   8.03478E+20   3.28220E+11   1.57164E+02   2.90269E-04   4.08500E-10
 2.67250E+01   8.07014E+20   3.28219E+11   1.57786E+02   2.91363E-04   4.06709E-10
 2.67750E+01   8.10709E+20   3.28220E+11   1.58435E+02   2.92502E-04   4.04855E-10
 2.68250E+01   8.14567E+20   3.28220E+11   1.59112E+02   2.93687E-04   4.02938E-10
 2.68750E+01   8.18595E+20   3.28249E+11   1.59816E+02   2.94921E-04   4.00991E-10
 2.69250E+01   8.22797E+20   3.28341E+11   1.60550E+02   2.96204E-04   3.99055E-10
 2.69750E+01   8.27179E+20   3.28483E+11   1.61313E+02   2.97538E-04   3.97112E-10
 2.70250E+01   8.31748E+20   3.28667E+11   1.62108E+02   2.98925E-04   3.95153E-10
 2.70750E+01   8.36508E+20   3.28890E+11   1.62934E+02   3.00366E-04   3.93170E-10
 2.71250E+01   8.41466E+20   3.29150E+11   1.63794E+02   3.01864E-04   3.91162E-10
 2.71750E+01   8.46627E+20   3.29447E+11   1.64687E+02   3.03418E-04   3.89128E-10
 2.72250E+01   8.51998E+20   3.29782E+11   1.65614E+02   3.05031E-04   3.87070E-10
 2.72750E+01   8.57583E+20   3.30161E+11   1.66577E+02   3.06705E-04   3.84990E-10
 2.73250E+01   8.63390E+20   3.30584E+11   1.67577E+02   3.08441E-04   3.82891E-10
 2.73750E+01   8.69424E+20   3.31057E+11   1.68614E+02   3.10240E-04   3.80777E-10
 2.74250E+01   8.75690E+20   3.31582E+11   1.69690E+02   3.12104E-04   3.78652E-10
 2.74750E+01   8.82196E+20   3.32163E+11   1.70804E+02   3.14034E-04   3.76518E-10
 2.75250E+01   8.88947E+20   3.32803E+11   1.71959E+02   3.16033E-04   3.74379E-10
 2.75750E+01   8.95948E+20   3.33506E+11   1.73155E+02   3.18101E-04   3.72238E-10
 2.76250E+01   9.03206E+20   3.34273E+11   1.74393E+02   3.20241E-04   3.70096E-10
 2.76750E+01   9.10728E+20   3.35109E+11   1.75675E+02   3.22453E-04   3.67958E-10
 2.77250E+01   9.18518E+20   3.36017E+11   1.77000E+02   3.24739E-04   3.65825E-10
 2.77750E+01   9.26582E+20   3.36999E+11   1.78370E+02   3.27101E-04   3.63701E-10
 2.78250E+01   9.34928E+20   3.38059E+11   1.79785E+02   3.29540E-04   3.61588E-10
 2.78750E+01   9.43559E+20   3.39200E+11   1.81247E+02   3.32057E-04   3.59490E-10
 2.79250E+01   9.52483E+20   3.40426E+11   1.82757E+02   3.34654E-04   3.57408E-10
 2.79750E+01   9.61705E+20   3.41739E+11   1.84315E+02   3.37333E-04   3.55347E-10
 2.80250E+01   9.71231E+20   3.43145E+11   1.85922E+02   3.40093E-04   3.53310E-10
 2.80750E+01   9.81065E+20   3.44646E+11   1.87578E+02   3.42938E-04   3.51297E-10
 2.81250E+01   9.91215E+20   3.46245E+11   1.89286E+02   3.45868E-04   3.49314E-10
 2.81750E+01   1.00169E+21   3.47947E+11   1.91045E+02   3.48885E-04   3.47361E-10
 2.82250E+01   1.01248E+21   3.49754E+11   1.92857E+02   3.51989E-04   3.45443E-10
 2.82750E+01   1.02361E+21   3.51672E+11   1.94722E+02   3.55182E-04   3.43562E-10
 2.83250E+01   1.03507E+21   3.53703E+11   1.96640E+02   3.58465E-04   3.41720E-10
 2.83750E+01   1.04687E+21   3.55852E+11   1.98613E+02   3.61839E-04   3.39919E-10
 2.84250E+01   1.05902E+21   3.58121E+11   2.00642E+02   3.65305E-04   3.38162E-10
 2.84750E+01   1.07152E+21   3.60515E+11   2.02726E+02   3.68864E-04   3.36451E-10
 2.85250E+01   1.08438E+21   3.63038E+11   2.04867E+02   3.72518E-04   3.34790E-10
 2.85750E+01   1.09759E+21   3.65696E+11   2.07065E+02   3.76267E-04   3.33179E-10
 2.86250E+01   1.11118E+21   3.68492E+11   2.09321E+02   3.80112E-04   3.31623E-10
 2.86750E+01   1.12513E+21   3.71432E+11   2.11635E+02   3.84055E-04   3.30124E-10
 2.87250E+01   1.13945E+21   3.74521E+11   2.14009E+02   3.88096E-04   3.28684E-10
 2.87750E+01   1.15416E+21   3.77763E+11   2.16442E+02   3.92235E-04   3.27307E-10
 2.88250E+01   1.16924E+21   3.81165E+11   2.18935E+02   3.96474E-04   3.25993E-10
 2.88750E+01   1.18471E+21   3.84730E+11   2.21489E+02   4.00813E-04   3.24745E-10
 2.89250E+01   1.20057E+21   3.88464E+11   2.24103E+02   4.05253E-04   3.23566E-10
 2.89750E+01   1.21682E+21   3.92373E+11   2.26779E+02   4.09794E-04   3.22457E-10
 2.90250E+01   1.23347E+21   3.96462E+11   2.29516E+02   4.14436E-04   3.21420E-10
 2.90750E+01   1.25051E+21   4.00735E+11   2.32316E+02   4.19181E-04   3.20457E-10
 2.91250E+01   1.26796E+21   4.05200E+11   2.35177E+02   4.24028E-04   3.19569E-10
 2.91750E+01   1.28580E+21   4.09862E+11   2.38101E+02   4.28978E-04   3.18759E-10
 2.92250E+01   1.30406E+21   4.14726E+11   2.41088E+02   4.34031E-04   3.18028E-10
 2.92750E+01   1.32272E+21   4.19800E+11   2.44138E+02   4.39187E-04   3.17377E-10
 2.93250E+01   1.34179E+21   4.25088E+11   2.47250E+02   4.44446E-04   3.16808E-10
 2.93750E+01   1.36126E+21   4.30598E+11   2.50426E+02   4.49808E-04   3.16322E-10
 2.94250E+01   1.38116E+21   4.36336E+11   2.53665E+02   4.55274E-04   3.15921E-10
 2.94750E+01   1.40146E+21   4.42308E+11   2.56967E+02   4.60843E-04   3.15605E-10
 2.95250E+01   1.42218E+21   4.48520E+11   2.60332E+02   4.66515E-04   3.15376E-10
 2.95750E+01   1.44331E+21   4.54979E+11   2.63760E+02   4.72290E-04   3.15233E-10
 2.96250E+01   1.46486E+21   4.61690E+11   2.67251E+02   4.78167E-04   3.15178E-10
 2.96750E+01   1.48682E+21   4.68661E+11   2.70805E+02   4.84146E-04   3.15211E-10
 2.97250E+01   1.50919E+21   4.75898E+11   2.74421E+02   4.90226E-04   3.15333E-10
 2.97750E+01   1.53198E+21   4.83406E+11   2.78100E+02   4.96407E-04   3.15543E-10
 2.98250E+01   1.55518E+21   4.91192E+11   2.81841E+02   5.02689E-04   3.15842E-10
 2.98750E+01   1.57880E+21   4.99263E+11   2.85644E+02   5.09071E-04   3.16230E-10
 2.99250E+01   1.60283E+21   5.07624E+11   2.89508E+02   5.15552E-04   3.16706E-10
 2.99750E+01   1.62726E+21   5.16280E+11   2.93433E+02   5.22131E-04   3.17269E-10
 3.00250E+01   1.65211E+21   5.25236E+11   2.97419E+02   5.28808E-04   3.17919E-10
 3.00750E+01   1.67736E+21   5.34496E+11   3.01465E+02   5.35581E-04   3.18654E-10
 3.01250E+01   1.70301E+21   5.44064E+11   3.05571E+02   5.42450E-04   3.19472E-10
 3.01750E+01   1.72906E+21   5.53943E+11   3.09735E+02   5.49413E-04   3.20372E-10
 3.02250E+01   1.75551E+21   5.64138E+11   3.13958E+02   5.56469E-04   3.21352E-10
 3.02750E+01   1.78236E+21   5.74652E+11   3.18238E+02   5.63617E-04   3.22411E-10
 3.03250E+01   1.80960E+21   5.85488E+11   3.22576E+02   5.70857E-04   3.23546E-10
 3.03750E+01   1.83722E+21   5.96651E+11   3.26970E+02   5.78185E-04   3.24757E-10
 3.04250E+01   1.86523E+21   6.08141E+11   3.31419E+02   5.85602E-04   3.26040E-10
 3.04750E+01   1.89362E+21   6.19960E+11   3.35924E+02   5.93106E-04   3.27394E-10
 3.05250E+01   1.92238E+21   6.32108E+11   3.40482E+02   6.00694E-04   3.28815E-10
 3.05750E+01   1.95151E+21   6.44586E+11   3.45093E+02   6.08365E-04   3.30301E-10
 3.06250E+01   1.98101E+21   6.57392E+11   3.49756E+02   6.16119E-04   3.31846E-10
 3.06750E+01   2.01087E+21   6.70521E+11   3.54470E+02   6.23952E-04   3.33448E-10
 3.07250E+01   2.04108E+21   6.83973E+11   3.59234E+02   6.31864E-04   3.35103E-10
 3.07750E+01   2.07164E+21   6.97742E+11   3.64047E+02   6.39852E-04   3.36807E-10
 3.08250E+01   2.10254E+21   7.11825E+11   3.68908E+02   6.47914E-04   3.38555E-10
 3.08750E+01   2.13378E+21   7.26218E+11   3.73816E+02   6.56049E-04   3.40344E-10
 3.09250E+01   2.16534E+21   7.40915E+11   3.78769E+02   6.64255E-04   3.42170E-10
 3.09750E+01   2.19724E+21   7.55913E+11   3.83768E+02   6.72530E-04   3.44029E-10
 3.10250E+01   2.22945E+21   7.71206E+11   3.88810E+02   6.80872E-04   3.45918E-10
 3.10750E+01   2.26197E+21   7.86786E+11   3.93894E+02   6.89280E-04   3.47833E-10
 3.11250E+01   2.29479E+21   8.02648E+11   3.99020E+02   6.97750E-04   3.49769E-10
 3.11750E+01   2.32791E+21   8.18781E+11   4.04186E+02   7.06281E-04   3.51723E-10
 3.12250E+01   2.36133E+21   8.35178E+11   4.09390E+02   7.14871E-04   3.53691E-10
 3.12750E+01   2.39502E+21   8.51828E+11   4.14632E+02   7.23516E-04   3.55667E-10
 3.13250E+01   2.42898E+21   8.68719E+11   4.19910E+02   7.32216E-04   3.57648E-10
 3.13750E+01   2.46321E+21   8.85842E+11   4.25222E+02   7.40967E-04   3.59630E-10
 3.14250E+01   2.49769E+21   9.03185E+11   4.30568E+02   7.49768E-04   3.61608E-10
 3.14750E+01   2.53243E+21   9.20736E+11   4.35946E+02   7.58616E-04   3.63579E-10
 3.15250E+01   2.56740E+21   9.38484E+11   4.41354E+02   7.67509E-04   3.65539E-10
 3.15750E+01   2.60260E+21   9.56415E+11   4.46791E+02   7.76444E-04   3.67484E-10
 3.16250E+01   2.63803E+21   9.74517E+11   4.52256E+02   7.85419E-04   3.69411E-10
 3.16750E+01   2.67367E+21   9.92777E+11   4.57748E+02   7.94432E-04   3.71316E-10
 3.17250E+01   2.70952E+21   1.01118E+12   4.63265E+02   8.03481E-04   3.73197E-10
 3.17750E+01   2.74556E+21   1.02972E+12   4.68805E+02   8.12563E-04   3.75050E-10
 3.18250E+01   2.78180E+21   1.04838E+12   4.74367E+02   8.21675E-04   3.76873E-10
 3.18750E+01   2.81821E+21   1.06715E+12   4.79950E+02   8.30816E-04   3.78663E-10
 3.19250E+01   2.85479E+21   1.08601E+12   4.85552E+02   8.39982E-04   3.80419E-10
 3.19750E+01   2.89152E+21   1.10496E+12   4.91172E+02   8.49172E-04   3.82137E-10
 3.20250E+01   2.92841E+21   1.12397E+12   4.96808E+02   8.58382E-04   3.83816E-10
 3.20750E+01   2.96545E+21   1.14304E+12   5.02459E+02   8.67611E-04   3.85453E-10
 3.21250E+01   3.00261E+21   1.16215E+12   5.08124E+02   8.76857E-04   3.87047E-10
 3.21750E+01   3.03990E+21   1.18129E+12   5.13801E+02   8.86117E-04   3.88594E-10
 3.22250E+01   3.07730E+21   1.20044E+12   5.19488E+02   8.95388E-04   3.90094E-10
 3.22750E+01   3.11481E+21   1.21958E+12   5.25185E+02   9.04668E-04   3.91544E-10
 3.23250E+01   3.15241E+21   1.23872E+12   5.30888E+02   9.13954E-04   3.92943E-10
 3.23750E+01   3.19010E+21   1.25783E+12   5.36599E+02   9.23246E-04   3.94292E-10
 3.24250E+01   3.22787E+21   1.27691E+12   5.42315E+02   9.32541E-04   3.95588E-10
 3.24750E+01   3.26571E+21   1.29594E+12   5.48035E+02   9.41837E-04   3.96833E-10
 3.25250E+01   3.30361E+21   1.31493E+12   5.53758E+02   9.51132E-04   3.98028E-10
 3.25750E+01   3.34157E+21   1.33386E+12   5.59482E+02   9.60423E-04   3.99172E-10
 3.26250E+01   3.37957E+21   1.35272E+12   5.65205E+02   9.69708E-04   4.00265E-10
 3.26750E+01   3.41760E+21   1.37151E+12   5.70927E+02   9.78985E-04   4.01307E-10
 3.27250E+01   3.45566E+21   1.39021E+12   5.76647E+02   9.88252E-04   4.02299E-10
 3.27750E+01   3.49374E+21   1.40881E+12   5.82363E+02   9.97507E-04   4.03239E-10
 3.28250E+01   3.53182E+21   1.42732E+12   5.88074E+02   1.00675E-03   4.04131E-10
 3.28750E+01   3.56991E+21   1.44572E+12   5.93778E+02   1.01597E-03   4.04973E-10
 3.29250E+01   3.60799E+21   1.46400E+12   5.99475E+02   1.02518E-03   4.05767E-10
 3.29750E+01   3.64606E+21   1.48217E+12   6.05163E+02   1.03437E-03   4.06512E-10
 3.30250E+01   3.68410E+21   1.50021E+12   6.10841E+02   1.04354E-03   4.07211E-10
 3.30750E+01   3.72212E+21   1.51811E+12   6.16509E+02   1.05268E-03   4.07863E-10
 3.31250E+01   3.76009E+21   1.53588E+12   6.22164E+02   1.06180E-03   4.08469E-10
 3.31750E+01   3.79802E+21   1.55351E+12   6.27806E+02   1.07089E-03   4.09032E-10
 3.32250E+01   3.83590E+21   1.57100E+12   6.33435E+02   1.07996E-03   4.09552E-10
 3.32750E+01   3.87372E+21   1.58834E+12   6.39048E+02   1.08899E-03   4.10029E-10
 3.33250E+01   3.91147E+21   1.60553E+12   6.44645E+02   1.09800E-03   4.10467E-10
 3.33750E+01   3.94915E+21   1.62257E+12   6.50226E+02   1.10697E-03   4.10866E-10
 3.34250E+01   3.98675E+21   1.63946E+12   6.55788E+02   1.11591E-03   4.11226E-10
 3.34750E+01   4.02427E+21   1.65619E+12   6.61332E+02   1.12481E-03   4.11550E-10
 3.35250E+01   4.06169E+21   1.67275E+12   6.66856E+02   1.13368E-03   4.11837E-10
 3.35750E+01   4.09901E+21   1.68916E+12   6.72360E+02   1.14250E-03   4.12089E-10
 3.36250E+01   4.13623E+21   1.70539E+12   6.77843E+02   1.15129E-03   4.12307E-10
 3.36750E+01   4.17334E+21   1.72147E+12   6.83303E+02   1.16004E-03   4.12491E-10
 3.37250E+01   4.21033E+21   1.73737E+12   6.88741E+02   1.16875E-03   4.12645E-10
 3.37750E+01   4.24720E+21   1.75312E+12   6.94155E+02   1.17741E-03   4.12770E-10
 3.38250E+01   4.28394E+21   1.76870E+12   6.99545E+02   1.18604E-03   4.12867E-10
 3.38750E+01   4.32056E+21   1.78413E+12   7.04911E+02   1.19462E-03   4.12939E-10
 3.39250E+01   4.35704E+21   1.79941E+12   7.10253E+02   1.20315E-03   4.12988E-10
 3.39750E+01   4.39339E+21   1.81453E+12   7.15568E+02   1.21164E-03   4.13015E-10
 3.40250E+01   4.42959E+21   1.82951E+12   7.20857E+02   1.22008E-03   4.13021E-10
 3.40750E+01   4.46564E+21   1.84433E+12   7.26119E+02   1.22847E-03   4.13005E-10
 3.41250E+01   4.50154E+21   1.85899E+12   7.31354E+02   1.23682E-03   4.12969E-10
 3.41750E+01   4.53728E+21   1.87350E+12   7.36561E+02   1.24511E-03   4.12913E-10
 3.42250E+01   4.57285E+21   1.88784E+12   7.41739E+02   1.25336E-03   4.12837E-10
 3.42750E+01   4.60827E+21   1.90203E+12   7.46888E+02   1.26156E-03   4.12744E-10
 3.43250E+01   4.64351E+21   1.91607E+12   7.52007E+02   1.26970E-03   4.12633E-10
 3.43750E+01   4.67859E+21   1.92995E+12   7.57098E+02   1.27780E-03   4.12507E-10
 3.44250E+01   4.71350E+21   1.94369E+12   7.62159E+02   1.28584E-03   4.12367E-10
 3.44750E+01   4.74823E+21   1.95729E+12   7.67190E+02   1.29383E-03   4.12214E-10
 3.45250E+01   4.78278E+21   1.97074E+12   7.72191E+02   1.30177E-03   4.12049E-10
 3.45750E+01   4.81715E+21   1.98405E+12   7.77162E+02   1.30966E-03   4.11872E-10
 3.46250E+01   4.85134E+21   1.99722E+12   7.82101E+02   1.31750E-03   4.11684E-10
 3.46750E+01   4.88535E+21   2.01024E+12   7.87010E+02   1.32528E-03   4.11484E-10
 3.47250E+01   4.91916E+21   2.02313E+12   7.91887E+02   1.33301E-03   4.11275E-10
 3.47750E+01   4.95279E+21   2.03587E+12   7.96733E+02   1.34068E-03   4.11055E-10
 3.48250E+01   4.98623E+21   2.04848E+12   8.01547E+02   1.34830E-03   4.10828E-10
 3.48750E+01   5.01948E+21   2.06096E+12   8.06331E+02   1.35587E-03   4.10593E-10
 3.49250E+01   5.05254E+21   2.07332E+12   8.11083E+02   1.36339E-03   4.10352E-10
 3.49750E+01   5.08541E+21   2.08556E+12   8.15804E+02   1.37085E-03   4.10106E-10
 3.50250E+01   5.11809E+21   2.09768E+12   8.20494E+02   1.37826E-03   4.09856E-10
 3.50750E+01   5.15057E+21   2.10968E+12   8.25152E+02   1.38562E-03   4.09602E-10
 3.51250E+01   5.18286E+21   2.12157E+12   8.29779E+02   1.39293E-03   4.09344E-10
 3.51750E+01   5.21495E+21   2.13335E+12   8.34374E+02   1.40018E-03   4.09083E-10
 3.52250E+01   5.24684E+21   2.14500E+12   8.38938E+02   1.40738E-03   4.08817E-10
 3.52750E+01   5.27854E+21   2.15654E+12   8.43471E+02   1.41453E-03   4.08548E-10
 3.53250E+01   5.31004E+21   2.16796E+12   8.47972E+02   1.42162E-03   4.08275E-10
 3.53750E+01   5.34135E+21   2.17927E+12   8.52442E+02   1.42866E-03   4.08000E-10
 3.54250E+01   5.37246E+21   2.19047E+12   8.56882E+02   1.43566E-03   4.07723E-10
 3.54750E+01   5.40338E+21   2.20157E+12   8.61291E+02   1.44260E-03   4.07444E-10
 3.55250E+01   5.43410E+21   2.21258E+12   8.65670E+02   1.44949E-03   4.07165E-10
 3.55750E+01   5.46463E+21   2.22348E+12   8.70018E+02   1.45633E-03   4.06886E-10
 3.56250E+01   5.49497E+21   2.23430E+12   8.74336E+02   1.46312E-03   4.06609E-10
 3.56750E+01   5.52512E+21   2.24504E+12   8.78625E+02   1.46986E-03   4.06333E-10
 3.57250E+01   5.55507E+21   2.25569E+12   8.82883E+02   1.47655E-03   4.06060E-10
 3.57750E+01   5.58483E+21   2.26627E+12   8.87112E+02   1.48320E-03   4.05791E-10
 3.58250E+01   5.61440E+21   2.27678E+12   8.91311E+02   1.48979E-03   4.05525E-10
 3.58750E+01   5.64378E+21   2.28722E+12   8.95482E+02   1.49634E-03   4.05263E-10
 3.59250E+01   5.67298E+21   2.29758E+12   8.99622E+02   1.50284E-03   4.05004E-10
 3.59750E+01   5.70198E+21   2.30786E+12   9.03734E+02   1.50929E-03   4.04747E-10
 3.60250E+01   5.73079E+21   2.31806E+12   9.07817E+02   1.51569E-03   4.04492E-10
 3.60750E+01   5.75942E+21   2.32817E+12   9.11873E+02   1.52205E-03   4.04238E-10
 3.61250E+01   5.78786E+21   2.33820E+12   9.15899E+02   1.52836E-03   4.03984E-10
 3.61750E+01   5.81612E+21   2.34815E+12   9.19898E+02   1.53463E-03   4.03732E-10
 3.62250E+01   5.84419E+21   2.35803E+12   9.23868E+02   1.54085E-03   4.03482E-10
 3.62750E+01   5.87209E+21   2.36783E+12   9.27813E+02   1.54703E-03   4.03235E-10
 3.63250E+01   5.89981E+21   2.37756E+12   9.31731E+02   1.55316E-03   4.02990E-10
 3.63750E+01   5.92735E+21   2.38723E+12   9.35623E+02   1.55925E-03   4.02748E-10
 3.64250E+01   5.95472E+21   2.39684E+12   9.39488E+02   1.56530E-03   4.02511E-10
 3.64750E+01   5.98192E+21   2.40639E+12   9.43328E+02   1.57131E-03   4.02277E-10
 3.65250E+01   6.00895E+21   2.41588E+12   9.47142E+02   1.57728E-03   4.02046E-10
 3.65750E+01   6.03580E+21   2.42530E+12   9.50931E+02   1.58320E-03   4.01818E-10
 3.66250E+01   6.06249E+21   2.43466E+12   9.54695E+02   1.58909E-03   4.01593E-10
 3.66750E+01   6.08901E+21   2.44395E+12   9.58435E+02   1.59493E-03   4.01371E-10
 3.67250E+01   6.11536E+21   2.45318E+12   9.62149E+02   1.60074E-03   4.01151E-10
 3.67750E+01   6.14155E+21   2.46235E+12   9.65840E+02   1.60651E-03   4.00933E-10
 3.68250E+01   6.16758E+21   2.47146E+12   9.69507E+02   1.61224E-03   4.00718E-10
 3.68750E+01   6.19346E+21   2.48051E+12   9.73152E+02   1.61793E-03   4.00505E-10
 3.69250E+01   6.21918E+21   2.48952E+12   9.76774E+02   1.62359E-03   4.00296E-10
 3.69750E+01   6.24475E+21   2.49847E+12   9.80373E+02   1.62921E-03   4.00092E-10
 3.70250E+01   6.27016E+21   2.50739E+12   9.83951E+02   1.63480E-03   3.99892E-10
 3.70750E+01   6.29543E+21   2.51626E+12   9.87508E+02   1.64035E-03   3.99697E-10
 3.71250E+01   6.32055E+21   2.52510E+12   9.91043E+02   1.64587E-03   3.99506E-10
 3.71750E+01   6.34552E+21   2.53389E+12   9.94556E+02   1.65135E-03   3.99319E-10
 3.72250E+01   6.37035E+21   2.54263E+12   9.98049E+02   1.65681E-03   3.99135E-10
 3.72750E+01   6.39503E+21   2.55133E+12   1.00152E+03   1.66223E-03   3.98955E-10
 3.73250E+01   6.41957E+21   2.55997E+12   1.00497E+03   1.66761E-03   3.98777E-10
 3.73750E+01   6.44397E+21   2.56857E+12   1.00840E+03   1.67297E-03   3.98601E-10
 3.74250E+01   6.46823E+21   2.57712E+12   1.01182E+03   1.67829E-03   3.98427E-10
 3.74750E+01   6.49236E+21   2.58562E+12   1.01521E+03   1.68359E-03   3.98255E-10
 3.75250E+01   6.51637E+21   2.59408E+12   1.01859E+03   1.68885E-03   3.98087E-10
 3.75750E+01   6.54024E+21   2.60251E+12   1.02194E+03   1.69409E-03   3.97923E-10
 3.76250E+01   6.56399E+21   2.61091E+12   1.02528E+03   1.69930E-03   3.97763E-10
 3.76750E+01   6.58761E+21   2.61929E+12   1.02860E+03   1.70448E-03   3.97609E-10
 3.77250E+01   6.61110E+21   2.62764E+12   1.03191E+03   1.70963E-03   3.97458E-10
 3.77750E+01   6.63447E+21   2.63596E+12   1.03519E+03   1.71476E-03   3.97312E-10
 3.78250E+01   6.65772E+21   2.64425E+12   1.03846E+03   1.71986E-03   3.97171E-10
 3.78750E+01   6.68084E+21   2.65251E+12   1.04172E+03   1.72493E-03   3.97032E-10
 3.79250E+01   6.70384E+21   2.66073E+12   1.04495E+03   1.72998E-03   3.96896E-10
 3.79750E+01   6.72672E+21   2.66890E+12   1.04817E+03   1.73500E-03   3.96761E-10
 3.80250E+01   6.74949E+21   2.67704E+12   1.05137E+03   1.73999E-03   3.96629E-10
 3.80750E+01   6.77214E+21   2.68515E+12   1.05456E+03   1.74496E-03   3.96499E-10
 3.81250E+01   6.79467E+21   2.69321E+12   1.05773E+03   1.74991E-03   3.96371E-10
 3.81750E+01   6.81710E+21   2.70124E+12   1.06089E+03   1.75484E-03   3.96245E-10
 3.82250E+01   6.83943E+21   2.70925E+12   1.06403E+03   1.75974E-03   3.96122E-10
 3.82750E+01   6.86164E+21   2.71723E+12   1.06715E+03   1.76462E-03   3.96003E-10
 3.83250E+01   6.88375E+21   2.72519E+12   1.07027E+03   1.76947E-03   3.95887E-10
 3.83750E+01   6.90575E+21   2.73311E+12   1.07336E+03   1.77430E-03   3.95773E-10
 3.84250E+01   6.92765E+21   2.74101E+12   1.07645E+03   1.77912E-03   3.95663E-10
 3.84750E+01   6.94945E+21   2.74888E+12   1.07952E+03   1.78391E-03   3.95554E-10
 3.85250E+01   6.97114E+21   2.75672E+12   1.08257E+03   1.78868E-03   3.95448E-10
 3.85750E+01   6.99273E+21   2.76453E+12   1.08562E+03   1.79342E-03   3.95343E-10
 3.86250E+01   7.01423E+21   2.77230E+12   1.08864E+03   1.79815E-03   3.95239E-10
 3.86750E+01   7.03562E+21   2.78003E+12   1.09166E+03   1.80286E-03   3.95136E-10
 3.87250E+01   7.05693E+21   2.78773E+12   1.09466E+03   1.80755E-03   3.95035E-10
 3.87750E+01   7.07815E+21   2.79541E+12   1.09766E+03   1.81222E-03   3.94936E-10
 3.88250E+01   7.09928E+21   2.80307E+12   1.10064E+03   1.81687E-03   3.94838E-10
 3.88750E+01   7.12032E+21   2.81070E+12   1.10360E+03   1.82151E-03   3.94744E-10
 3.89250E+01   7.14127E+21   2.81831E+12   1.10656E+03   1.82613E-03   3.94651E-10
 3.89750E+01   7.16213E+21   2.82589E+12   1.10950E+03   1.83073E-03   3.94561E-10
 3.90250E+01   7.18290E+21   2.83346E+12   1.11244E+03   1.83531E-03   3.94472E-10
 3.90750E+01   7.20359E+21   2.84100E+12   1.11536E+03   1.83987E-03   3.94386E-10
 3.91250E+01   7.22420E+21   2.84851E+12   1.11827E+03   1.84442E-03   3.94301E-10
 3.91750E+01   7.24472E+21   2.85600E+12   1.12117E+03   1.84895E-03   3.94218E-10
 3.92250E+01   7.26516E+21   2.86345E+12   1.12406E+03   1.85347E-03   3.94134E-10
 3.92750E+01   7.28551E+21   2.87087E+12   1.12694E+03   1.85797E-03   3.94052E-10
 3.93250E+01   7.30579E+21   2.87826E+12   1.12980E+03   1.86245E-03   3.93970E-10
 3.93750E+01   7.32599E+21   2.88562E+12   1.13266E+03   1.86692E-03   3.93889E-10
 3.94250E+01   7.34612E+21   2.89296E+12   1.13551E+03   1.87137E-03   3.93808E-10
 3.94750E+01   7.36617E+21   2.90028E+12   1.13835E+03   1.87581E-03   3.93730E-10
 3.95250E+01   7.38615E+21   2.90758E+12   1.14118E+03   1.88024E-03   3.93653E-10
 3.95750E+01   7.40605E+21   2.91487E+12   1.14400E+03   1.88465E-03   3.93579E-10
 3.96250E+01   7.42589E+21   2.92214E+12   1.14681E+03   1.88905E-03   3.93507E-10
 3.96750E+01   7.44564E+21   2.92940E+12   1.14961E+03   1.89343E-03   3.93438E-10
 3.97250E+01   7.46533E+21   2.93665E+12   1.15240E+03   1.89780E-03   3.93372E-10
 3.97750E+01   7.48495E+21   2.94388E+12   1.15518E+03   1.90216E-03   3.93307E-10
 3.98250E+01   7.50450E+21   2.95110E+12   1.15795E+03   1.90650E-03   3.93244E-10
 3.98750E+01   7.52398E+21   2.95830E+12   1.16072E+03   1.91083E-03   3.93183E-10
 3.99250E+01   7.54338E+21   2.96547E+12   1.16347E+03   1.91514E-03   3.93122E-10
 3.99750E+01   7.56272E+21   2.97262E+12   1.16622E+03   1.91945E-03   3.93062E-10
 4.00250E+01   7.58199E+21   2.97975E+12   1.16896E+03   1.92374E-03   3.93003E-10
 4.00750E+01   7.60120E+21   2.98685E+12   1.17169E+03   1.92802E-03   3.92944E-10
 4.01250E+01   7.62035E+21   2.99393E+12   1.17441E+03   1.93228E-03   3.92886E-10
 4.01750E+01   7.63943E+21   3.00099E+12   1.17712E+03   1.93654E-03   3.92829E-10
 4.02250E+01   7.65846E+21   3.00803E+12   1.17983E+03   1.94078E-03   3.92772E-10
 4.02750E+01   7.67742E+21   3.01505E+12   1.18253E+03   1.94501E-03   3.92716E-10
 4.03250E+01   7.69632E+21   3.02206E+12   1.18522E+03   1.94924E-03   3.92662E-10
 4.03750E+01   7.71517E+21   3.02904E+12   1.18790E+03   1.95345E-03   3.92609E-10
 4.04250E+01   7.73395E+21   3.03601E+12   1.19058E+03   1.95765E-03   3.92556E-10
 4.04750E+01   7.75268E+21   3.04296E+12   1.19325E+03   1.96183E-03   3.92505E-10
 4.05250E+01   7.77134E+21   3.04990E+12   1.19591E+03   1.96601E-03   3.92455E-10
 4.05750E+01   7.78995E+21   3.05682E+12   1.19856E+03   1.97018E-03   3.92406E-10
 4.06250E+01   7.80850E+21   3.06373E+12   1.20121E+03   1.97433E-03   3.92358E-10
 4.06750E+01   7.82699E+21   3.07062E+12   1.20385E+03   1.97848E-03   3.92311E-10
 4.07250E+01   7.84543E+21   3.07749E+12   1.20648E+03   1.98261E-03   3.92266E-10
 4.07750E+01   7.86381E+21   3.08436E+12   1.20911E+03   1.98674E-03   3.92222E-10
 4.08250E+01   7.88213E+21   3.09121E+12   1.21173E+03   1.99085E-03   3.92179E-10
 4.08750E+01   7.90041E+21   3.09804E+12   1.21434E+03   1.99496E-03   3.92137E-10
 4.09250E+01   7.91862E+21   3.10486E+12   1.21694E+03   1.99906E-03   3.92096E-10
 4.09750E+01   7.93679E+21   3.11166E+12   1.21954E+03   2.00314E-03   3.92056E-10
 4.10250E+01   7.95490E+21   3.11845E+12   1.22213E+03   2.00722E-03   3.92017E-10
 4.10750E+01   7.97295E+21   3.12523E+12   1.22472E+03   2.01128E-03   3.91979E-10
 4.11250E+01   7.99096E+21   3.13199E+12   1.22729E+03   2.01534E-03   3.91942E-10
 4.11750E+01   8.00892E+21   3.13874E+12   1.22987E+03   2.01939E-03   3.91906E-10
 4.12250E+01   8.02682E+21   3.14548E+12   1.23243E+03   2.02343E-03   3.91871E-10
 4.12750E+01   8.04467E+21   3.15220E+12   1.23499E+03   2.02746E-03   3.91837E-10
 4.13250E+01   8.06247E+21   3.15890E+12   1.23754E+03   2.03147E-03   3.91803E-10
 4.13750E+01   8.08023E+21   3.16559E+12   1.24009E+03   2.03548E-03   3.91770E-10
 4.14250E+01   8.09793E+21   3.17226E+12   1.24263E+03   2.03949E-03   3.91738E-10
 4.14750E+01   8.11558E+21   3.17892E+12   1.24517E+03   2.04348E-03   3.91706E-10
 4.15250E+01   8.13319E+21   3.18556E+12   1.24769E+03   2.04746E-03   3.91674E-10
 4.15750E+01   8.15074E+21   3.19218E+12   1.25022E+03   2.05144E-03   3.91643E-10
 4.16250E+01   8.16825E+21   3.19879E+12   1.25273E+03   2.05541E-03   3.91613E-10
 4.16750E+01   8.18571E+21   3.20538E+12   1.25524E+03   2.05936E-03   3.91582E-10
 4.17250E+01   8.20311E+21   3.21194E+12   1.25775E+03   2.06331E-03   3.91552E-10
 4.17750E+01   8.22048E+21   3.21849E+12   1.26025E+03   2.06725E-03   3.91521E-10
 4.18250E+01   8.23780E+21   3.22502E+12   1.26274E+03   2.07118E-03   3.91491E-10
 4.18750E+01   8.25507E+21   3.23154E+12   1.26522E+03   2.07511E-03   3.91461E-10
 4.19250E+01   8.27229E+21   3.23804E+12   1.26771E+03   2.07902E-03   3.91432E-10
 4.19750E+01   8.28947E+21   3.24452E+12   1.27018E+03   2.08293E-03   3.91403E-10
 4.20250E+01   8.30660E+21   3.25100E+12   1.27265E+03   2.08683E-03   3.91376E-10
 4.20750E+01   8.32368E+21   3.25747E+12   1.27511E+03   2.09072E-03   3.91349E-10
 4.21250E+01   8.34072E+21   3.26392E+12   1.27757E+03   2.09460E-03   3.91323E-10
 4.21750E+01   8.35772E+21   3.27036E+12   1.28002E+03   2.09847E-03   3.91298E-10
 4.22250E+01   8.37467E+21   3.27678E+12   1.28247E+03   2.10234E-03   3.91273E-10
 4.22750E+01   8.39157E+21   3.28318E+12   1.28491E+03   2.10619E-03   3.91247E-10
 4.23250E+01   8.40842E+21   3.28955E+12   1.28734E+03   2.11004E-03   3.91220E-10
 4.23750E+01   8.42523E+21   3.29589E+12   1.28977E+03   2.11388E-03   3.91192E-10
 4.24250E+01   8.44200E+21   3.30220E+12   1.29220E+03   2.11771E-03   3.91163E-10
 4.24750E+01   8.45873E+21   3.30849E+12   1.29462E+03   2.12154E-03   3.91133E-10
 4.25250E+01   8.47542E+21   3.31477E+12   1.29703E+03   2.12536E-03   3.91104E-10
 4.25750E+01   8.49206E+21   3.32104E+12   1.29944E+03   2.12917E-03   3.91076E-10
 4.26250E+01   8.50867E+21   3.32730E+12   1.30184E+03   2.13297E-03   3.91048E-10
 4.26750E+01   8.52524E+21   3.33355E+12   1.30424E+03   2.13677E-03   3.91021E-10
 4.27250E+01   8.54176E+21   3.33979E+12   1.30664E+03   2.14056E-03   3.90996E-10
 4.27750E+01   8.55825E+21   3.34603E+12   1.30902E+03   2.14434E-03   3.90971E-10
 4.28250E+01   8.57469E+21   3.35226E+12   1.31141E+03   2.14811E-03   3.90948E-10
 4.28750E+01   8.59109E+21   3.35848E+12   1.31379E+03   2.15188E-03   3.90926E-10
 4.29250E+01   8.60745E+21   3.36469E+12   1.31616E+03   2.15564E-03   3.90905E-10
 4.29750E+01   8.62376E+21   3.37088E+12   1.31853E+03   2.15939E-03   3.90883E-10
 4.30250E+01   8.64003E+21   3.37704E+12   1.32089E+03   2.16313E-03   3.90859E-10
 4.30750E+01   8.65626E+21   3.38317E+12   1.32324E+03   2.16686E-03   3.90835E-10
 4.31250E+01   8.67245E+21   3.38928E+12   1.32559E+03   2.17059E-03   3.90810E-10
 4.31750E+01   8.68860E+21   3.39536E+12   1.32794E+03   2.17431E-03   3.90784E-10
 4.32250E+01   8.70472E+21   3.40143E+12   1.33028E+03   2.17803E-03   3.90757E-10
 4.32750E+01   8.72080E+21   3.40749E+12   1.33262E+03   2.18173E-03   3.90732E-10
 4.33250E+01   8.73685E+21   3.41354E+12   1.33496E+03   2.18544E-03   3.90706E-10
 4.33750E+01   8.75286E+21   3.41958E+12   1.33729E+03   2.18913E-03   3.90681E-10
 4.34250E+01   8.76883E+21   3.42560E+12   1.33961E+03   2.19282E-03   3.90656E-10
 4.34750E+01   8.78477E+21   3.43162E+12   1.34193E+03   2.19650E-03   3.90633E-10
 4.35250E+01   8.80067E+21   3.43763E+12   1.34425E+03   2.20018E-03   3.90610E-10
 4.35750E+01   8.81653E+21   3.44363E+12   1.34656E+03   2.20385E-03   3.90588E-10
 4.36250E+01   8.83235E+21   3.44962E+12   1.34886E+03   2.20751E-03   3.90566E-10
 4.36750E+01   8.84814E+21   3.45559E+12   1.35116E+03   2.21116E-03   3.90544E-10
 4.37250E+01   8.86388E+21   3.46155E+12   1.35346E+03   2.21481E-03   3.90523E-10
 4.37750E+01   8.87960E+21   3.46750E+12   1.35575E+03   2.21845E-03   3.90502E-10
 4.38250E+01   8.89527E+21   3.47345E+12   1.35804E+03   2.22209E-03   3.90482E-10
 4.38750E+01   8.91092E+21   3.47939E+12   1.36032E+03   2.22572E-03   3.90463E-10
 4.39250E+01   8.92653E+21   3.48532E+12   1.36260E+03   2.22934E-03   3.90446E-10
 4.39750E+01   8.94210E+21   3.49125E+12   1.36488E+03   2.23296E-03   3.90428E-10
 4.40250E+01   8.95763E+21   3.49715E+12   1.36715E+03   2.23656E-03   3.90410E-10
 4.40750E+01   8.97313E+21   3.50304E+12   1.36941E+03   2.24017E-03   3.90393E-10
 4.41250E+01   8.98859E+21   3.50892E+12   1.37167E+03   2.24376E-03   3.90375E-10
 4.41750E+01   9.00402E+21   3.51479E+12   1.37393E+03   2.24735E-03   3.90358E-10
 4.42250E+01   9.01941E+21   3.52065E+12   1.37618E+03   2.25094E-03   3.90342E-10
 4.42750E+01   9.03477E+21   3.52651E+12   1.37843E+03   2.25451E-03   3.90326E-10
 4.43250E+01   9.05010E+21   3.53235E+12   1.38067E+03   2.25808E-03   3.90311E-10
 4.43750E+01   9.06540E+21   3.53818E+12   1.38291E+03   2.26165E-03   3.90295E-10
 4.44250E+01   9.08065E+21   3.54399E+12   1.38515E+03   2.26521E-03   3.90279E-10
 4.44750E+01   9.09587E+21   3.54978E+12   1.38738E+03   2.26876E-03   3.90263E-10
 4.45250E+01   9.11105E+21   3.55557E+12   1.38960E+03   2.27230E-03   3.90248E-10
 4.45750E+01   9.12621E+21   3.56135E+12   1.39182E+03   2.27584E-03   3.90233E-10
 4.46250E+01   9.14133E+21   3.56712E+12   1.39404E+03   2.27938E-03   3.90219E-10
 4.46750E+01   9.15642E+21   3.57288E+12   1.39626E+03   2.28290E-03   3.90205E-10
 4.47250E+01   9.17148E+21   3.57864E+12   1.39847E+03   2.28642E-03   3.90192E-10
 4.47750E+01   9.18650E+21   3.58438E+12   1.40067E+03   2.28994E-03   3.90180E-10
 4.48250E+01   9.20149E+21   3.59012E+12   1.40287E+03   2.29345E-03   3.90168E-10
 4.48750E+01   9.21644E+21   3.59585E+12   1.40507E+03   2.29695E-03   3.90156E-10
 4.49250E+01   9.23136E+21   3.60156E+12   1.40726E+03   2.30045E-03   3.90144E-10
 4.49750E+01   9.24625E+21   3.60728E+12   1.40945E+03   2.30394E-03   3.90134E-10
 4.50250E+01   9.26111E+21   3.61299E+12   1.41163E+03   2.30742E-03   3.90125E-10
 4.50750E+01   9.27594E+21   3.61868E+12   1.41381E+03   2.31090E-03   3.90115E-10
 4.51250E+01   9.29073E+21   3.62436E+12   1.41599E+03   2.31438E-03   3.90105E-10
 4.51750E+01   9.30549E+21   3.63002E+12   1.41816E+03   2.31784E-03   3.90095E-10
 4.52250E+01   9.32022E+21   3.63567E+12   1.42033E+03   2.32130E-03   3.90085E-10
 4.52750E+01   9.33491E+21   3.64132E+12   1.42249E+03   2.32476E-03   3.90075E-10
 4.53250E+01   9.34958E+21   3.64695E+12   1.42465E+03   2.32821E-03   3.90066E-10
 4.53750E+01   9.36422E+21   3.65258E+12   1.42681E+03   2.33165E-03   3.90058E-10
 4.54250E+01   9.37883E+21   3.65822E+12   1.42896E+03   2.33509E-03   3.90051E-10
 4.54750E+01   9.39341E+21   3.66386E+12   1.43111E+03   2.33852E-03   3.90046E-10
 4.55250E+01   9.40795E+21   3.66950E+12   1.43326E+03   2.34195E-03   3.90042E-10
 4.55750E+01   9.42246E+21   3.67514E+12   1.43540E+03   2.34537E-03   3.90040E-10
 4.56250E+01   9.43695E+21   3.68077E+12   1.43754E+03   2.34879E-03   3.90038E-10
 4.56750E+01   9.45139E+21   3.68638E+12   1.43967E+03   2.35220E-03   3.90036E-10
 4.57250E+01   9.46582E+21   3.69197E+12   1.44180E+03   2.35560E-03   3.90032E-10
 4.57750E+01   9.48020E+21   3.69753E+12   1.44392E+03   2.35899E-03   3.90027E-10
 4.58250E+01   9.49455E+21   3.70305E+12   1.44604E+03   2.36238E-03   3.90018E-10
 4.58750E+01   9.50888E+21   3.70853E+12   1.44816E+03   2.36577E-03   3.90007E-10
 4.59250E+01   9.52318E+21   3.71399E+12   1.45027E+03   2.36915E-03   3.89995E-10
 4.59750E+01   9.53744E+21   3.71943E+12   1.45238E+03   2.37252E-03   3.89982E-10
 4.60250E+01   9.55167E+21   3.72486E+12   1.45448E+03   2.37589E-03   3.89969E-10
 4.60750E+01   9.56588E+21   3.73028E+12   1.45659E+03   2.37926E-03   3.89957E-10
 4.61250E+01   9.58005E+21   3.73570E+12   1.45869E+03   2.38262E-03   3.89946E-10
 4.61750E+01   9.59420E+21   3.74112E+12   1.46078E+03   2.38597E-03   3.89936E-10
 4.62250E+01   9.60833E+21   3.74654E+12   1.46287E+03   2.38932E-03   3.89926E-10
 4.62750E+01   9.62243E+21   3.75196E+12   1.46496E+03   2.39266E-03   3.89918E-10
 4.63250E+01   9.63650E+21   3.75738E+12   1.46704E+03   2.39600E-03   3.89911E-10
 4.63750E+01   9.65054E+21   3.76278E+12   1.46912E+03   2.39933E-03   3.89904E-10
 4.64250E+01   9.66456E+21   3.76817E+12   1.47120E+03   2.40266E-03   3.89896E-10
 4.64750E+01   9.67854E+21   3.77353E+12   1.47327E+03   2.40598E-03   3.89887E-10
 4.65250E+01   9.69249E+21   3.77887E+12   1.47534E+03   2.40930E-03   3.89876E-10
 4.65750E+01   9.70641E+21   3.78419E+12   1.47741E+03   2.41260E-03   3.89865E-10
 4.66250E+01   9.72029E+21   3.78949E+12   1.47947E+03   2.41591E-03   3.89853E-10
 4.66750E+01   9.73415E+21   3.79476E+12   1.48153E+03   2.41921E-03   3.89840E-10
 4.67250E+01   9.74798E+21   3.80000E+12   1.48358E+03   2.42250E-03   3.89824E-10
 4.67750E+01   9.76179E+21   3.80522E+12   1.48563E+03   2.42579E-03   3.89808E-10
 4.68250E+01   9.77558E+21   3.81045E+12   1.48768E+03   2.42907E-03   3.89792E-10
 4.68750E+01   9.78935E+21   3.81567E+12   1.48972E+03   2.43235E-03   3.89778E-10
 4.69250E+01   9.80309E+21   3.82090E+12   1.49177E+03   2.43563E-03   3.89765E-10
 4.69750E+01   9.81681E+21   3.82613E+12   1.49380E+03   2.43890E-03   3.89753E-10
 4.70250E+01   9.83050E+21   3.83135E+12   1.49584E+03   2.44217E-03   3.89741E-10
 4.70750E+01   9.84417E+21   3.83657E+12   1.49787E+03   2.44543E-03   3.89730E-10
 4.71250E+01   9.85781E+21   3.84179E+12   1.49990E+03   2.44868E-03   3.89721E-10
 4.71750E+01   9.87142E+21   3.84701E+12   1.50193E+03   2.45194E-03   3.89712E-10
 4.72250E+01   9.88500E+21   3.85221E+12   1.50395E+03   2.45518E-03   3.89703E-10
 4.72750E+01   9.89854E+21   3.85740E+12   1.50597E+03   2.45842E-03   3.89694E-10
 4.73250E+01   9.91207E+21   3.86258E+12   1.50798E+03   2.46166E-03   3.89684E-10
 4.73750E+01   9.92557E+21   3.86774E+12   1.50999E+03   2.46489E-03   3.89675E-10
 4.74250E+01   9.93905E+21   3.87291E+12   1.51200E+03   2.46812E-03   3.89666E-10
 4.74750E+01   9.95251E+21   3.87808E+12   1.51401E+03   2.47134E-03   3.89658E-10
 4.75250E+01   9.96595E+21   3.88324E+12   1.51601E+03   2.47456E-03   3.89651E-10
 4.75750E+01   9.97937E+21   3.88839E+12   1.51801E+03   2.47778E-03   3.89643E-10
 4.76250E+01   9.99275E+21   3.89353E+12   1.52001E+03   2.48098E-03   3.89635E-10
 4.76750E+01   1.00061E+22   3.89864E+12   1.52200E+03   2.48419E-03   3.89626E-10
 4.77250E+01   1.00194E+22   3.90374E+12   1.52399E+03   2.48739E-03   3.89616E-10
 4.77750E+01   1.00328E+22   3.90884E+12   1.52597E+03   2.49058E-03   3.89607E-10
 4.78250E+01   1.00461E+22   3.91393E+12   1.52796E+03   2.49377E-03   3.89599E-10
 4.78750E+01   1.00593E+22   3.91901E+12   1.52994E+03   2.49696E-03   3.89591E-10
 4.79250E+01   1.00725E+22   3.92409E+12   1.53192E+03   2.50014E-03   3.89583E-10
 4.79750E+01   1.00857E+22   3.92915E+12   1.53389E+03   2.50332E-03   3.89575E-10
 4.80250E+01   1.00989E+22   3.93420E+12   1.53586E+03   2.50649E-03   3.89566E-10
 4.80750E+01   1.01121E+22   3.93924E+12   1.53783E+03   2.50966E-03   3.89558E-10
 4.81250E+01   1.01252E+22   3.94428E+12   1.53980E+03   2.51283E-03   3.89550E-10
 4.81750E+01   1.01383E+22   3.94933E+12   1.54176E+03   2.51599E-03   3.89544E-10
 4.82250E+01   1.01514E+22   3.95438E+12   1.54372E+03   2.51914E-03   3.89539E-10
 4.82750E+01   1.01645E+22   3.95943E+12   1.54568E+03   2.52229E-03   3.89534E-10
 4.83250E+01   1.01776E+22   3.96447E+12   1.54763E+03   2.52544E-03   3.89531E-10
 4.83750E+01   1.01906E+22   3.96952E+12   1.54958E+03   2.52858E-03   3.89528E-10
 4.84250E+01   1.02036E+22   3.97457E+12   1.55152E+03   2.53171E-03   3.89527E-10
 4.84750E+01   1.02165E+22   3.97962E+12   1.55347E+03   2.53484E-03   3.89528E-10
 4.85250E+01   1.02295E+22   3.98468E+12   1.55540E+03   2.53796E-03   3.89530E-10
 4.85750E+01   1.02424E+22   3.98974E+12   1.55734E+03   2.54108E-03   3.89534E-10
 4.86250E+01   1.02552E+22   3.99483E+12   1.55926E+03   2.54418E-03   3.89542E-10
 4.86750E+01   1.02680E+22   3.99998E+12   1.56118E+03   2.54727E-03   3.89559E-10
 4.87250E+01   1.02806E+22   4.00509E+12   1.56307E+03   2.55033E-03   3.89576E-10
 4.87750E+01   1.02931E+22   4.00965E+12   1.56494E+03   2.55334E-03   3.89549E-10
 4.88250E+01   1.03051E+22   4.01484E+12   1.56675E+03   2.55625E-03   3.89598E-10
 4.88750E+01   1.03163E+22   4.02528E+12   1.56843E+03   2.55897E-03   3.90185E-10
 4.89250E+01   1.03260E+22   4.02901E+12   1.56988E+03   2.56130E-03   3.90180E-10
 4.89750E+01   1.03325E+22   4.03150E+12   1.57086E+03   2.56287E-03   3.90177E-10
