      xx/10.      ss_ratio
         [-]           [-]
 1.02500E+00   2.87071E+01
 1.07500E+00   2.86999E+01
 1.12500E+00   2.86918E+01
 1.17500E+00   2.86828E+01
 1.22500E+00   2.86729E+01
 1.27500E+00   2.86618E+01
 1.32500E+00   2.86497E+01
 1.37500E+00   2.86362E+01
 1.42500E+00   2.86211E+01
 1.47500E+00   2.86044E+01
 1.52500E+00   2.85858E+01
 1.57500E+00   2.85654E+01
 1.62500E+00   2.85424E+01
 1.67500E+00   2.85171E+01
 1.72500E+00   2.84890E+01
 1.77500E+00   2.84577E+01
 1.82500E+00   2.84229E+01
 1.87500E+00   2.83842E+01
 1.92500E+00   2.83413E+01
 1.97500E+00   2.82939E+01
 2.02500E+00   2.82409E+01
 2.07500E+00   2.81821E+01
 2.12500E+00   2.81169E+01
 2.17500E+00   2.80446E+01
 2.22500E+00   2.79644E+01
 2.27500E+00   2.78756E+01
 2.32500E+00   2.77773E+01
 2.37500E+00   2.76686E+01
 2.42500E+00   2.75486E+01
 2.47500E+00   2.74162E+01
 2.52500E+00   2.72703E+01
 2.57500E+00   2.71100E+01
 2.62500E+00   2.69340E+01
 2.67500E+00   2.67413E+01
 2.72500E+00   2.65306E+01
 2.77500E+00   2.63009E+01
 2.82500E+00   2.60510E+01
 2.87500E+00   2.57797E+01
 2.92500E+00   2.54858E+01
 2.97500E+00   2.51687E+01
 3.02500E+00   2.48271E+01
 3.07500E+00   2.44605E+01
 3.12500E+00   2.40683E+01
 3.17500E+00   2.36497E+01
 3.22500E+00   2.32048E+01
 3.27500E+00   2.27333E+01
 3.32500E+00   2.22354E+01
 3.37500E+00   2.17116E+01
 3.42500E+00   2.11627E+01
 3.47500E+00   2.05897E+01
 3.52500E+00   1.99938E+01
 3.57500E+00   1.93766E+01
 3.62500E+00   1.87399E+01
 3.67500E+00   1.80858E+01
 3.72500E+00   1.74166E+01
 3.77500E+00   1.67351E+01
 3.82500E+00   1.60440E+01
 3.87500E+00   1.53462E+01
 3.92500E+00   1.46448E+01
 3.97500E+00   1.39428E+01
 4.02500E+00   1.32434E+01
 4.07500E+00   1.25496E+01
 4.12500E+00   1.18646E+01
 4.17500E+00   1.11911E+01
 4.22500E+00   1.05320E+01
 4.27500E+00   9.88953E+00
 4.32500E+00   9.26612E+00
 4.37500E+00   8.66368E+00
 4.42500E+00   8.08393E+00
 4.47500E+00   7.52825E+00
 4.52500E+00   6.99777E+00
 4.57500E+00   6.49323E+00
 4.62500E+00   6.01512E+00
 4.67500E+00   5.56369E+00
 4.72500E+00   5.13891E+00
 4.77500E+00   4.74052E+00
 4.82500E+00   4.36802E+00
 4.87500E+00   4.02077E+00
 4.92500E+00   3.69793E+00
 4.97500E+00   3.39859E+00
 5.02500E+00   3.12171E+00
 5.07500E+00   2.86619E+00
 5.12500E+00   2.63086E+00
 5.17500E+00   2.41455E+00
 5.22500E+00   2.21607E+00
 5.27500E+00   2.03424E+00
 5.32500E+00   1.86789E+00
 5.37500E+00   1.71589E+00
 5.42500E+00   1.57715E+00
 5.47500E+00   1.45063E+00
 5.52500E+00   1.33535E+00
 5.57500E+00   1.23036E+00
 5.62500E+00   1.13481E+00
 5.67500E+00   1.04787E+00
 5.72500E+00   9.68777E-01
 5.77500E+00   8.96837E-01
 5.82500E+00   8.31404E-01
 5.87500E+00   7.71883E-01
 5.92500E+00   7.17730E-01
 5.97500E+00   6.68448E-01
 6.02500E+00   6.23585E-01
 6.07500E+00   5.82726E-01
 6.12500E+00   5.45497E-01
 6.17500E+00   5.11555E-01
 6.22500E+00   4.80596E-01
 6.27500E+00   4.52337E-01
 6.32500E+00   4.26529E-01
 6.37500E+00   4.02944E-01
 6.42500E+00   3.81375E-01
 6.47500E+00   3.61636E-01
 6.52500E+00   3.43557E-01
 6.57500E+00   3.26990E-01
 6.62500E+00   3.11800E-01
 6.67500E+00   2.97858E-01
 6.72500E+00   2.85057E-01
 6.77500E+00   2.73295E-01
 6.82500E+00   2.62481E-01
 6.87500E+00   2.52533E-01
 6.92500E+00   2.43378E-01
 6.97500E+00   2.34946E-01
 7.02500E+00   2.27180E-01
 7.07500E+00   2.20022E-01
 7.12500E+00   2.13422E-01
 7.17500E+00   2.07336E-01
 7.22500E+00   2.01723E-01
 7.27500E+00   1.96544E-01
 7.32500E+00   1.91766E-01
 7.37500E+00   1.87357E-01
 7.42500E+00   1.83289E-01
 7.47500E+00   1.79535E-01
 7.52500E+00   1.76073E-01
 7.57500E+00   1.72880E-01
 7.62500E+00   1.69936E-01
 7.67500E+00   1.67223E-01
 7.72500E+00   1.64725E-01
 7.77500E+00   1.62424E-01
 7.82500E+00   1.60308E-01
 7.87500E+00   1.58363E-01
 7.92500E+00   1.56577E-01
 7.97500E+00   1.54937E-01
 8.02500E+00   1.53434E-01
 8.07500E+00   1.52058E-01
 8.12500E+00   1.50800E-01
 8.17500E+00   1.49652E-01
 8.22500E+00   1.48605E-01
 8.27500E+00   1.47652E-01
 8.32500E+00   1.46787E-01
 8.37500E+00   1.46002E-01
 8.42500E+00   1.45292E-01
 8.47500E+00   1.44652E-01
 8.52500E+00   1.44076E-01
 8.57500E+00   1.43559E-01
 8.62500E+00   1.43097E-01
 8.67500E+00   1.42685E-01
 8.72500E+00   1.42320E-01
 8.77500E+00   1.41997E-01
 8.82500E+00   1.41714E-01
 8.87500E+00   1.41467E-01
 8.92500E+00   1.41253E-01
 8.97500E+00   1.41069E-01
 9.02500E+00   1.40913E-01
 9.07500E+00   1.40781E-01
 9.12500E+00   1.40672E-01
 9.17500E+00   1.40583E-01
 9.22500E+00   1.40513E-01
 9.27500E+00   1.40460E-01
 9.32500E+00   1.40422E-01
 9.37500E+00   1.40397E-01
 9.42500E+00   1.40383E-01
 9.47500E+00   1.40381E-01
 9.52500E+00   1.40388E-01
 9.57500E+00   1.40403E-01
 9.62500E+00   1.40426E-01
 9.67500E+00   1.40455E-01
 9.72500E+00   1.40489E-01
 9.77500E+00   1.40528E-01
 9.82500E+00   1.40571E-01
 9.87500E+00   1.40617E-01
 9.92500E+00   1.40666E-01
 9.97500E+00   1.40718E-01
 1.00250E+01   1.40771E-01
 1.00750E+01   1.40826E-01
 1.01250E+01   1.40882E-01
 1.01750E+01   1.40939E-01
 1.02250E+01   1.40996E-01
 1.02750E+01   1.41053E-01
 1.03250E+01   1.41110E-01
 1.03750E+01   1.41167E-01
 1.04250E+01   1.41224E-01
 1.04750E+01   1.41280E-01
 1.05250E+01   1.41335E-01
 1.05750E+01   1.41389E-01
 1.06250E+01   1.41443E-01
 1.06750E+01   1.41497E-01
 1.07250E+01   1.41548E-01
 1.07750E+01   1.41599E-01
 1.08250E+01   1.41649E-01
 1.08750E+01   1.41699E-01
 1.09250E+01   1.41748E-01
 1.09750E+01   1.41795E-01
 1.10250E+01   1.41842E-01
 1.10750E+01   1.41888E-01
 1.11250E+01   1.41933E-01
 1.11750E+01   1.41976E-01
 1.12250E+01   1.42020E-01
 1.12750E+01   1.42062E-01
 1.13250E+01   1.42103E-01
 1.13750E+01   1.42144E-01
 1.14250E+01   1.42184E-01
 1.14750E+01   1.42223E-01
 1.15250E+01   1.42262E-01
 1.15750E+01   1.42300E-01
 1.16250E+01   1.42338E-01
 1.16750E+01   1.42375E-01
 1.17250E+01   1.42412E-01
 1.17750E+01   1.42448E-01
 1.18250E+01   1.42484E-01
 1.18750E+01   1.42520E-01
 1.19250E+01   1.42556E-01
 1.19750E+01   1.42591E-01
 1.20250E+01   1.42628E-01
 1.20750E+01   1.42666E-01
 1.21250E+01   1.42704E-01
 1.21750E+01   1.42743E-01
 1.22250E+01   1.42785E-01
 1.22750E+01   1.42829E-01
 1.23250E+01   1.42876E-01
 1.23750E+01   1.42926E-01
 1.24250E+01   1.42982E-01
 1.24750E+01   1.43044E-01
 1.25250E+01   1.43113E-01
 1.25750E+01   1.43192E-01
 1.26250E+01   1.43284E-01
 1.26750E+01   1.43390E-01
 1.27250E+01   1.43514E-01
 1.27750E+01   1.43662E-01
 1.28250E+01   1.43839E-01
 1.28750E+01   1.44051E-01
 1.29250E+01   1.44306E-01
 1.29750E+01   1.44615E-01
 1.30250E+01   1.44991E-01
 1.30750E+01   1.45451E-01
 1.31250E+01   1.46011E-01
 1.31750E+01   1.46699E-01
 1.32250E+01   1.47541E-01
 1.32750E+01   1.48578E-01
 1.33250E+01   1.49852E-01
 1.33750E+01   1.51422E-01
 1.34250E+01   1.53357E-01
 1.34750E+01   1.55744E-01
 1.35250E+01   1.58689E-01
 1.35750E+01   1.62325E-01
 1.36250E+01   1.66810E-01
 1.36750E+01   1.72339E-01
 1.37250E+01   1.79142E-01
 1.37750E+01   1.87490E-01
 1.38250E+01   1.97693E-01
 1.38750E+01   2.10092E-01
 1.39250E+01   2.25050E-01
 1.39750E+01   2.42931E-01
 1.40250E+01   2.64066E-01
 1.40750E+01   2.88712E-01
 1.41250E+01   3.17013E-01
 1.41750E+01   3.48952E-01
 1.42250E+01   3.84320E-01
 1.42750E+01   4.22702E-01
 1.43250E+01   4.63492E-01
 1.43750E+01   5.05927E-01
 1.44250E+01   5.49153E-01
 1.44750E+01   5.92286E-01
 1.45250E+01   6.34487E-01
 1.45750E+01   6.75027E-01
 1.46250E+01   7.13305E-01
 1.46750E+01   7.48893E-01
 1.47250E+01   7.81518E-01
 1.47750E+01   8.11053E-01
 1.48250E+01   8.37489E-01
 1.48750E+01   8.60928E-01
 1.49250E+01   8.81531E-01
 1.49750E+01   8.99508E-01
 1.50250E+01   9.15091E-01
 1.50750E+01   9.28529E-01
 1.51250E+01   9.40056E-01
 1.51750E+01   9.49911E-01
 1.52250E+01   9.58302E-01
 1.52750E+01   9.65432E-01
 1.53250E+01   9.71467E-01
 1.53750E+01   9.76568E-01
 1.54250E+01   9.80870E-01
 1.54750E+01   9.84497E-01
 1.55250E+01   9.87544E-01
 1.55750E+01   9.90107E-01
 1.56250E+01   9.92262E-01
 1.56750E+01   9.94064E-01
 1.57250E+01   9.95578E-01
 1.57750E+01   9.96843E-01
 1.58250E+01   9.97903E-01
 1.58750E+01   9.98787E-01
 1.59250E+01   9.99528E-01
 1.59750E+01   1.00015E+00
 1.60250E+01   1.00066E+00
 1.60750E+01   1.00109E+00
 1.61250E+01   1.00145E+00
 1.61750E+01   1.00175E+00
 1.62250E+01   1.00200E+00
 1.62750E+01   1.00221E+00
 1.63250E+01   1.00238E+00
 1.63750E+01   1.00253E+00
 1.64250E+01   1.00264E+00
 1.64750E+01   1.00274E+00
 1.65250E+01   1.00282E+00
 1.65750E+01   1.00289E+00
 1.66250E+01   1.00294E+00
 1.66750E+01   1.00299E+00
 1.67250E+01   1.00303E+00
 1.67750E+01   1.00306E+00
 1.68250E+01   1.00309E+00
 1.68750E+01   1.00311E+00
 1.69250E+01   1.00313E+00
 1.69750E+01   1.00314E+00
 1.70250E+01   1.00316E+00
 1.70750E+01   1.00317E+00
 1.71250E+01   1.00317E+00
 1.71750E+01   1.00318E+00
 1.72250E+01   1.00319E+00
 1.72750E+01   1.00319E+00
 1.73250E+01   1.00320E+00
 1.73750E+01   1.00320E+00
 1.74250E+01   1.00320E+00
 1.74750E+01   1.00320E+00
 1.75250E+01   1.00320E+00
 1.75750E+01   1.00320E+00
 1.76250E+01   1.00320E+00
 1.76750E+01   1.00321E+00
 1.77250E+01   1.00321E+00
 1.77750E+01   1.00321E+00
 1.78250E+01   1.00322E+00
 1.78750E+01   1.00322E+00
 1.79250E+01   1.00322E+00
 1.79750E+01   1.00322E+00
 1.80250E+01   1.00323E+00
 1.80750E+01   1.00323E+00
 1.81250E+01   1.00323E+00
 1.81750E+01   1.00323E+00
 1.82250E+01   1.00323E+00
 1.82750E+01   1.00323E+00
 1.83250E+01   1.00323E+00
 1.83750E+01   1.00323E+00
 1.84250E+01   1.00323E+00
 1.84750E+01   1.00323E+00
 1.85250E+01   1.00323E+00
 1.85750E+01   1.00323E+00
 1.86250E+01   1.00323E+00
 1.86750E+01   1.00323E+00
 1.87250E+01   1.00323E+00
 1.87750E+01   1.00323E+00
 1.88250E+01   1.00323E+00
 1.88750E+01   1.00323E+00
 1.89250E+01   1.00323E+00
 1.89750E+01   1.00323E+00
 1.90250E+01   1.00323E+00
 1.90750E+01   1.00323E+00
 1.91250E+01   1.00323E+00
 1.91750E+01   1.00323E+00
 1.92250E+01   1.00323E+00
 1.92750E+01   1.00323E+00
 1.93250E+01   1.00323E+00
 1.93750E+01   1.00323E+00
 1.94250E+01   1.00323E+00
 1.94750E+01   1.00323E+00
 1.95250E+01   1.00323E+00
 1.95750E+01   1.00323E+00
 1.96250E+01   1.00323E+00
 1.96750E+01   1.00323E+00
 1.97250E+01   1.00323E+00
 1.97750E+01   1.00323E+00
 1.98250E+01   1.00323E+00
 1.98750E+01   1.00323E+00
 1.99250E+01   1.00323E+00
 1.99750E+01   1.00323E+00
 2.00250E+01   1.00323E+00
 2.00750E+01   1.00323E+00
 2.01250E+01   1.00323E+00
 2.01750E+01   1.00323E+00
 2.02250E+01   1.00323E+00
 2.02750E+01   1.00323E+00
 2.03250E+01   1.00323E+00
 2.03750E+01   1.00323E+00
 2.04250E+01   1.00323E+00
 2.04750E+01   1.00323E+00
 2.05250E+01   1.00323E+00
 2.05750E+01   1.00323E+00
 2.06250E+01   1.00323E+00
 2.06750E+01   1.00323E+00
 2.07250E+01   1.00323E+00
 2.07750E+01   1.00323E+00
 2.08250E+01   1.00323E+00
 2.08750E+01   1.00323E+00
 2.09250E+01   1.00323E+00
 2.09750E+01   1.00323E+00
 2.10250E+01   1.00323E+00
 2.10750E+01   1.00323E+00
 2.11250E+01   1.00323E+00
 2.11750E+01   1.00323E+00
 2.12250E+01   1.00323E+00
 2.12750E+01   1.00323E+00
 2.13250E+01   1.00323E+00
 2.13750E+01   1.00323E+00
 2.14250E+01   1.00323E+00
 2.14750E+01   1.00323E+00
 2.15250E+01   1.00323E+00
 2.15750E+01   1.00323E+00
 2.16250E+01   1.00323E+00
 2.16750E+01   1.00323E+00
 2.17250E+01   1.00323E+00
 2.17750E+01   1.00323E+00
 2.18250E+01   1.00323E+00
 2.18750E+01   1.00323E+00
 2.19250E+01   1.00323E+00
 2.19750E+01   1.00323E+00
 2.20250E+01   1.00323E+00
 2.20750E+01   1.00323E+00
 2.21250E+01   1.00323E+00
 2.21750E+01   1.00323E+00
 2.22250E+01   1.00323E+00
 2.22750E+01   1.00323E+00
 2.23250E+01   1.00323E+00
 2.23750E+01   1.00323E+00
 2.24250E+01   1.00323E+00
 2.24750E+01   1.00323E+00
 2.25250E+01   1.00323E+00
 2.25750E+01   1.00323E+00
 2.26250E+01   1.00323E+00
 2.26750E+01   1.00323E+00
 2.27250E+01   1.00323E+00
 2.27750E+01   1.00323E+00
 2.28250E+01   1.00323E+00
 2.28750E+01   1.00323E+00
 2.29250E+01   1.00323E+00
 2.29750E+01   1.00323E+00
 2.30250E+01   1.00323E+00
 2.30750E+01   1.00323E+00
 2.31250E+01   1.00323E+00
 2.31750E+01   1.00323E+00
 2.32250E+01   1.00323E+00
 2.32750E+01   1.00323E+00
 2.33250E+01   1.00323E+00
 2.33750E+01   1.00323E+00
 2.34250E+01   1.00323E+00
 2.34750E+01   1.00323E+00
 2.35250E+01   1.00323E+00
 2.35750E+01   1.00323E+00
 2.36250E+01   1.00323E+00
 2.36750E+01   1.00323E+00
 2.37250E+01   1.00323E+00
 2.37750E+01   1.00323E+00
 2.38250E+01   1.00323E+00
 2.38750E+01   1.00323E+00
 2.39250E+01   1.00323E+00
 2.39750E+01   1.00323E+00
 2.40250E+01   1.00323E+00
 2.40750E+01   1.00323E+00
 2.41250E+01   1.00323E+00
 2.41750E+01   1.00323E+00
 2.42250E+01   1.00323E+00
 2.42750E+01   1.00323E+00
 2.43250E+01   1.00323E+00
 2.43750E+01   1.00323E+00
 2.44250E+01   1.00323E+00
 2.44750E+01   1.00323E+00
 2.45250E+01   1.00323E+00
 2.45750E+01   1.00323E+00
 2.46250E+01   1.00323E+00
 2.46750E+01   1.00323E+00
 2.47250E+01   1.00323E+00
 2.47750E+01   1.00323E+00
 2.48250E+01   1.00323E+00
 2.48750E+01   1.00323E+00
 2.49250E+01   1.00323E+00
 2.49750E+01   1.00323E+00
 2.50250E+01   1.00323E+00
 2.50750E+01   1.00323E+00
 2.51250E+01   1.00323E+00
 2.51750E+01   1.00323E+00
 2.52250E+01   1.00323E+00
 2.52750E+01   1.00323E+00
 2.53250E+01   1.00323E+00
 2.53750E+01   1.00323E+00
 2.54250E+01   1.00323E+00
 2.54750E+01   1.00323E+00
 2.55250E+01   1.00323E+00
 2.55750E+01   1.00323E+00
 2.56250E+01   1.00323E+00
 2.56750E+01   1.00323E+00
 2.57250E+01   1.00323E+00
 2.57750E+01   1.00323E+00
 2.58250E+01   1.00323E+00
 2.58750E+01   1.00323E+00
 2.59250E+01   1.00323E+00
 2.59750E+01   1.00323E+00
 2.60250E+01   1.00323E+00
 2.60750E+01   1.00323E+00
 2.61250E+01   1.00323E+00
 2.61750E+01   1.00323E+00
 2.62250E+01   1.00323E+00
 2.62750E+01   1.00323E+00
 2.63250E+01   1.00323E+00
 2.63750E+01   1.00323E+00
 2.64250E+01   1.00323E+00
 2.64750E+01   1.00323E+00
 2.65250E+01   1.00323E+00
 2.65750E+01   1.00323E+00
 2.66250E+01   1.00323E+00
 2.66750E+01   1.00323E+00
 2.67250E+01   1.00323E+00
 2.67750E+01   1.00323E+00
 2.68250E+01   1.00323E+00
 2.68750E+01   1.00323E+00
 2.69250E+01   1.00323E+00
 2.69750E+01   1.00323E+00
 2.70250E+01   1.00323E+00
 2.70750E+01   1.00323E+00
 2.71250E+01   1.00323E+00
 2.71750E+01   1.00323E+00
 2.72250E+01   1.00323E+00
 2.72750E+01   1.00323E+00
 2.73250E+01   1.00323E+00
 2.73750E+01   1.00323E+00
 2.74250E+01   1.00323E+00
 2.74750E+01   1.00323E+00
 2.75250E+01   1.00323E+00
 2.75750E+01   1.00323E+00
 2.76250E+01   1.00323E+00
 2.76750E+01   1.00323E+00
 2.77250E+01   1.00323E+00
 2.77750E+01   1.00323E+00
 2.78250E+01   1.00323E+00
 2.78750E+01   1.00323E+00
 2.79250E+01   1.00323E+00
 2.79750E+01   1.00323E+00
 2.80250E+01   1.00323E+00
 2.80750E+01   1.00323E+00
 2.81250E+01   1.00323E+00
 2.81750E+01   1.00323E+00
 2.82250E+01   1.00323E+00
 2.82750E+01   1.00323E+00
 2.83250E+01   1.00323E+00
 2.83750E+01   1.00323E+00
 2.84250E+01   1.00323E+00
 2.84750E+01   1.00323E+00
 2.85250E+01   1.00323E+00
 2.85750E+01   1.00323E+00
 2.86250E+01   1.00323E+00
 2.86750E+01   1.00323E+00
 2.87250E+01   1.00323E+00
 2.87750E+01   1.00323E+00
 2.88250E+01   1.00323E+00
 2.88750E+01   1.00323E+00
 2.89250E+01   1.00323E+00
 2.89750E+01   1.00323E+00
 2.90250E+01   1.00323E+00
 2.90750E+01   1.00323E+00
 2.91250E+01   1.00323E+00
 2.91750E+01   1.00323E+00
 2.92250E+01   1.00323E+00
 2.92750E+01   1.00323E+00
 2.93250E+01   1.00323E+00
 2.93750E+01   1.00323E+00
 2.94250E+01   1.00323E+00
 2.94750E+01   1.00323E+00
 2.95250E+01   1.00323E+00
 2.95750E+01   1.00323E+00
 2.96250E+01   1.00323E+00
 2.96750E+01   1.00323E+00
 2.97250E+01   1.00323E+00
 2.97750E+01   1.00323E+00
 2.98250E+01   1.00323E+00
 2.98750E+01   1.00323E+00
 2.99250E+01   1.00323E+00
 2.99750E+01   1.00323E+00
 3.00250E+01   1.00323E+00
 3.00750E+01   1.00323E+00
 3.01250E+01   1.00323E+00
 3.01750E+01   1.00323E+00
 3.02250E+01   1.00323E+00
 3.02750E+01   1.00323E+00
 3.03250E+01   1.00323E+00
 3.03750E+01   1.00323E+00
 3.04250E+01   1.00323E+00
 3.04750E+01   1.00323E+00
 3.05250E+01   1.00323E+00
 3.05750E+01   1.00323E+00
 3.06250E+01   1.00323E+00
 3.06750E+01   1.00323E+00
 3.07250E+01   1.00323E+00
 3.07750E+01   1.00323E+00
 3.08250E+01   1.00323E+00
 3.08750E+01   1.00323E+00
 3.09250E+01   1.00323E+00
 3.09750E+01   1.00323E+00
 3.10250E+01   1.00323E+00
 3.10750E+01   1.00323E+00
 3.11250E+01   1.00323E+00
 3.11750E+01   1.00323E+00
 3.12250E+01   1.00323E+00
 3.12750E+01   1.00323E+00
 3.13250E+01   1.00323E+00
 3.13750E+01   1.00323E+00
 3.14250E+01   1.00323E+00
 3.14750E+01   1.00323E+00
 3.15250E+01   1.00323E+00
 3.15750E+01   1.00323E+00
 3.16250E+01   1.00323E+00
 3.16750E+01   1.00323E+00
 3.17250E+01   1.00323E+00
 3.17750E+01   1.00323E+00
 3.18250E+01   1.00323E+00
 3.18750E+01   1.00323E+00
 3.19250E+01   1.00323E+00
 3.19750E+01   1.00323E+00
 3.20250E+01   1.00323E+00
 3.20750E+01   1.00323E+00
 3.21250E+01   1.00323E+00
 3.21750E+01   1.00323E+00
 3.22250E+01   1.00323E+00
 3.22750E+01   1.00323E+00
 3.23250E+01   1.00323E+00
 3.23750E+01   1.00323E+00
 3.24250E+01   1.00323E+00
 3.24750E+01   1.00323E+00
 3.25250E+01   1.00323E+00
 3.25750E+01   1.00323E+00
 3.26250E+01   1.00323E+00
 3.26750E+01   1.00323E+00
 3.27250E+01   1.00323E+00
 3.27750E+01   1.00323E+00
 3.28250E+01   1.00323E+00
 3.28750E+01   1.00323E+00
 3.29250E+01   1.00323E+00
 3.29750E+01   1.00323E+00
 3.30250E+01   1.00323E+00
 3.30750E+01   1.00323E+00
 3.31250E+01   1.00323E+00
 3.31750E+01   1.00323E+00
 3.32250E+01   1.00323E+00
 3.32750E+01   1.00323E+00
 3.33250E+01   1.00323E+00
 3.33750E+01   1.00323E+00
 3.34250E+01   1.00323E+00
 3.34750E+01   1.00323E+00
 3.35250E+01   1.00323E+00
 3.35750E+01   1.00323E+00
 3.36250E+01   1.00323E+00
 3.36750E+01   1.00323E+00
 3.37250E+01   1.00323E+00
 3.37750E+01   1.00323E+00
 3.38250E+01   1.00323E+00
 3.38750E+01   1.00323E+00
 3.39250E+01   1.00323E+00
 3.39750E+01   1.00323E+00
 3.40250E+01   1.00322E+00
 3.40750E+01   1.00322E+00
 3.41250E+01   1.00322E+00
 3.41750E+01   1.00322E+00
 3.42250E+01   1.00322E+00
 3.42750E+01   1.00322E+00
 3.43250E+01   1.00321E+00
 3.43750E+01   1.00321E+00
 3.44250E+01   1.00321E+00
 3.44750E+01   1.00321E+00
 3.45250E+01   1.00321E+00
 3.45750E+01   1.00321E+00
 3.46250E+01   1.00320E+00
 3.46750E+01   1.00320E+00
 3.47250E+01   1.00320E+00
 3.47750E+01   1.00320E+00
 3.48250E+01   1.00320E+00
 3.48750E+01   1.00320E+00
 3.49250E+01   1.00320E+00
 3.49750E+01   1.00320E+00
 3.50250E+01   1.00320E+00
 3.50750E+01   1.00320E+00
 3.51250E+01   1.00320E+00
 3.51750E+01   1.00320E+00
 3.52250E+01   1.00320E+00
 3.52750E+01   1.00320E+00
 3.53250E+01   1.00320E+00
 3.53750E+01   1.00320E+00
 3.54250E+01   1.00320E+00
 3.54750E+01   1.00320E+00
 3.55250E+01   1.00321E+00
 3.55750E+01   1.00321E+00
 3.56250E+01   1.00321E+00
 3.56750E+01   1.00321E+00
 3.57250E+01   1.00321E+00
 3.57750E+01   1.00321E+00
 3.58250E+01   1.00321E+00
 3.58750E+01   1.00321E+00
 3.59250E+01   1.00321E+00
 3.59750E+01   1.00321E+00
 3.60250E+01   1.00321E+00
 3.60750E+01   1.00321E+00
 3.61250E+01   1.00321E+00
 3.61750E+01   1.00321E+00
 3.62250E+01   1.00321E+00
 3.62750E+01   1.00321E+00
 3.63250E+01   1.00321E+00
 3.63750E+01   1.00321E+00
 3.64250E+01   1.00322E+00
 3.64750E+01   1.00321E+00
 3.65250E+01   1.00321E+00
 3.65750E+01   1.00321E+00
 3.66250E+01   1.00321E+00
 3.66750E+01   1.00321E+00
 3.67250E+01   1.00321E+00
 3.67750E+01   1.00321E+00
 3.68250E+01   1.00321E+00
 3.68750E+01   1.00321E+00
 3.69250E+01   1.00321E+00
 3.69750E+01   1.00321E+00
 3.70250E+01   1.00321E+00
 3.70750E+01   1.00321E+00
 3.71250E+01   1.00321E+00
 3.71750E+01   1.00322E+00
 3.72250E+01   1.00322E+00
 3.72750E+01   1.00322E+00
 3.73250E+01   1.00322E+00
 3.73750E+01   1.00322E+00
 3.74250E+01   1.00323E+00
 3.74750E+01   1.00323E+00
 3.75250E+01   1.00322E+00
 3.75750E+01   1.00322E+00
 3.76250E+01   1.00322E+00
 3.76750E+01   1.00322E+00
 3.77250E+01   1.00322E+00
 3.77750E+01   1.00322E+00
 3.78250E+01   1.00322E+00
 3.78750E+01   1.00323E+00
 3.79250E+01   1.00323E+00
 3.79750E+01   1.00323E+00
 3.80250E+01   1.00323E+00
 3.80750E+01   1.00323E+00
 3.81250E+01   1.00323E+00
 3.81750E+01   1.00323E+00
 3.82250E+01   1.00323E+00
 3.82750E+01   1.00323E+00
 3.83250E+01   1.00323E+00
 3.83750E+01   1.00323E+00
 3.84250E+01   1.00323E+00
 3.84750E+01   1.00323E+00
 3.85250E+01   1.00323E+00
 3.85750E+01   1.00323E+00
 3.86250E+01   1.00324E+00
 3.86750E+01   1.00324E+00
 3.87250E+01   1.00324E+00
 3.87750E+01   1.00324E+00
 3.88250E+01   1.00324E+00
 3.88750E+01   1.00324E+00
 3.89250E+01   1.00324E+00
 3.89750E+01   1.00323E+00
 3.90250E+01   1.00323E+00
 3.90750E+01   1.00323E+00
 3.91250E+01   1.00323E+00
 3.91750E+01   1.00323E+00
 3.92250E+01   1.00323E+00
 3.92750E+01   1.00324E+00
 3.93250E+01   1.00323E+00
 3.93750E+01   1.00324E+00
 3.94250E+01   1.00324E+00
 3.94750E+01   1.00324E+00
 3.95250E+01   1.00324E+00
 3.95750E+01   1.00323E+00
 3.96250E+01   1.00323E+00
 3.96750E+01   1.00323E+00
 3.97250E+01   1.00323E+00
 3.97750E+01   1.00323E+00
 3.98250E+01   1.00323E+00
 3.98750E+01   1.00323E+00
 3.99250E+01   1.00323E+00
 3.99750E+01   1.00323E+00
 4.00250E+01   1.00322E+00
 4.00750E+01   1.00322E+00
 4.01250E+01   1.00322E+00
 4.01750E+01   1.00322E+00
 4.02250E+01   1.00322E+00
 4.02750E+01   1.00322E+00
 4.03250E+01   1.00322E+00
 4.03750E+01   1.00322E+00
 4.04250E+01   1.00322E+00
 4.04750E+01   1.00322E+00
 4.05250E+01   1.00322E+00
 4.05750E+01   1.00322E+00
 4.06250E+01   1.00322E+00
 4.06750E+01   1.00322E+00
 4.07250E+01   1.00322E+00
 4.07750E+01   1.00322E+00
 4.08250E+01   1.00322E+00
 4.08750E+01   1.00322E+00
 4.09250E+01   1.00322E+00
 4.09750E+01   1.00322E+00
 4.10250E+01   1.00322E+00
 4.10750E+01   1.00322E+00
 4.11250E+01   1.00321E+00
 4.11750E+01   1.00321E+00
 4.12250E+01   1.00321E+00
 4.12750E+01   1.00321E+00
 4.13250E+01   1.00321E+00
 4.13750E+01   1.00321E+00
 4.14250E+01   1.00321E+00
 4.14750E+01   1.00321E+00
 4.15250E+01   1.00321E+00
 4.15750E+01   1.00321E+00
 4.16250E+01   1.00321E+00
 4.16750E+01   1.00321E+00
 4.17250E+01   1.00321E+00
 4.17750E+01   1.00320E+00
 4.18250E+01   1.00320E+00
 4.18750E+01   1.00320E+00
 4.19250E+01   1.00320E+00
 4.19750E+01   1.00320E+00
 4.20250E+01   1.00320E+00
 4.20750E+01   1.00320E+00
 4.21250E+01   1.00320E+00
 4.21750E+01   1.00320E+00
 4.22250E+01   1.00320E+00
 4.22750E+01   1.00320E+00
 4.23250E+01   1.00320E+00
 4.23750E+01   1.00320E+00
 4.24250E+01   1.00320E+00
 4.24750E+01   1.00321E+00
 4.25250E+01   1.00320E+00
 4.25750E+01   1.00320E+00
 4.26250E+01   1.00320E+00
 4.26750E+01   1.00320E+00
 4.27250E+01   1.00320E+00
 4.27750E+01   1.00320E+00
 4.28250E+01   1.00320E+00
 4.28750E+01   1.00320E+00
 4.29250E+01   1.00320E+00
 4.29750E+01   1.00320E+00
 4.30250E+01   1.00321E+00
 4.30750E+01   1.00321E+00
 4.31250E+01   1.00321E+00
 4.31750E+01   1.00321E+00
 4.32250E+01   1.00322E+00
 4.32750E+01   1.00322E+00
 4.33250E+01   1.00323E+00
 4.33750E+01   1.00323E+00
 4.34250E+01   1.00324E+00
 4.34750E+01   1.00324E+00
 4.35250E+01   1.00325E+00
 4.35750E+01   1.00325E+00
 4.36250E+01   1.00326E+00
 4.36750E+01   1.00326E+00
 4.37250E+01   1.00327E+00
 4.37750E+01   1.00327E+00
 4.38250E+01   1.00328E+00
 4.38750E+01   1.00329E+00
 4.39250E+01   1.00330E+00
 4.39750E+01   1.00331E+00
 4.40250E+01   1.00332E+00
 4.40750E+01   1.00333E+00
 4.41250E+01   1.00334E+00
 4.41750E+01   1.00335E+00
 4.42250E+01   1.00336E+00
 4.42750E+01   1.00336E+00
 4.43250E+01   1.00338E+00
 4.43750E+01   1.00338E+00
 4.44250E+01   1.00339E+00
 4.44750E+01   1.00340E+00
 4.45250E+01   1.00341E+00
 4.45750E+01   1.00342E+00
 4.46250E+01   1.00343E+00
 4.46750E+01   1.00344E+00
 4.47250E+01   1.00345E+00
 4.47750E+01   1.00346E+00
 4.48250E+01   1.00347E+00
 4.48750E+01   1.00348E+00
 4.49250E+01   1.00349E+00
 4.49750E+01   1.00350E+00
 4.50250E+01   1.00351E+00
 4.50750E+01   1.00352E+00
 4.51250E+01   1.00354E+00
 4.51750E+01   1.00355E+00
 4.52250E+01   1.00356E+00
 4.52750E+01   1.00357E+00
 4.53250E+01   1.00358E+00
 4.53750E+01   1.00360E+00
 4.54250E+01   1.00361E+00
 4.54750E+01   1.00363E+00
 4.55250E+01   1.00365E+00
 4.55750E+01   1.00367E+00
 4.56250E+01   1.00369E+00
 4.56750E+01   1.00370E+00
 4.57250E+01   1.00373E+00
 4.57750E+01   1.00375E+00
 4.58250E+01   1.00377E+00
 4.58750E+01   1.00380E+00
 4.59250E+01   1.00383E+00
 4.59750E+01   1.00386E+00
 4.60250E+01   1.00389E+00
 4.60750E+01   1.00392E+00
 4.61250E+01   1.00395E+00
 4.61750E+01   1.00398E+00
 4.62250E+01   1.00401E+00
 4.62750E+01   1.00406E+00
 4.63250E+01   1.00410E+00
 4.63750E+01   1.00414E+00
 4.64250E+01   1.00418E+00
 4.64750E+01   1.00422E+00
 4.65250E+01   1.00427E+00
 4.65750E+01   1.00432E+00
 4.66250E+01   1.00437E+00
 4.66750E+01   1.00442E+00
 4.67250E+01   1.00448E+00
 4.67750E+01   1.00454E+00
 4.68250E+01   1.00460E+00
 4.68750E+01   1.00466E+00
 4.69250E+01   1.00473E+00
 4.69750E+01   1.00480E+00
 4.70250E+01   1.00487E+00
 4.70750E+01   1.00495E+00
 4.71250E+01   1.00503E+00
 4.71750E+01   1.00511E+00
 4.72250E+01   1.00519E+00
 4.72750E+01   1.00528E+00
 4.73250E+01   1.00537E+00
 4.73750E+01   1.00547E+00
 4.74250E+01   1.00557E+00
 4.74750E+01   1.00567E+00
 4.75250E+01   1.00577E+00
 4.75750E+01   1.00588E+00
 4.76250E+01   1.00598E+00
 4.76750E+01   1.00609E+00
 4.77250E+01   1.00621E+00
 4.77750E+01   1.00633E+00
 4.78250E+01   1.00645E+00
 4.78750E+01   1.00658E+00
 4.79250E+01   1.00671E+00
 4.79750E+01   1.00685E+00
 4.80250E+01   1.00699E+00
 4.80750E+01   1.00714E+00
 4.81250E+01   1.00729E+00
 4.81750E+01   1.00745E+00
 4.82250E+01   1.00761E+00
 4.82750E+01   1.00778E+00
 4.83250E+01   1.00795E+00
 4.83750E+01   1.00813E+00
 4.84250E+01   1.00832E+00
 4.84750E+01   1.00851E+00
 4.85250E+01   1.00870E+00
 4.85750E+01   1.00890E+00
 4.86250E+01   1.00910E+00
 4.86750E+01   1.00930E+00
 4.87250E+01   1.00951E+00
 4.87750E+01   1.00972E+00
 4.88250E+01   1.00994E+00
 4.88750E+01   1.01015E+00
 4.89250E+01   1.01037E+00
 4.89750E+01   1.01059E+00
