 1.0250  2.26882  0.87605  0.6103218  1.3847079
 1.0750  2.26851  0.87616  0.6103672  1.3846235
 1.1250  2.26815  0.87626  0.6104321  1.3845537
 1.1750  2.26777  0.87635  0.6105096  1.3844944
 1.2250  2.26736  0.87645  0.6105953  1.3844424
 1.2750  2.26695  0.87654  0.6106860  1.3843942
 1.3250  2.26653  0.87663  0.6107793  1.3843482
 1.3750  2.26611  0.87672  0.6108742  1.3843054
 1.4250  2.26568  0.87681  0.6109697  1.3842639
 1.4750  2.26526  0.87690  0.6110653  1.3842233
 1.5250  2.26484  0.87698  0.6111604  1.3841834
 1.5750  2.26443  0.87707  0.6112550  1.3841444
 1.6250  2.26402  0.87715  0.6113489  1.3841053
 1.6750  2.26361  0.87724  0.6114416  1.3840660
 1.7250  2.26321  0.87732  0.6115332  1.3840278
 1.7750  2.26281  0.87740  0.6116241  1.3839908
 1.8250  2.26242  0.87748  0.6117141  1.3839544
 1.8750  2.26203  0.87756  0.6118035  1.3839180
 1.9250  2.26164  0.87764  0.6118919  1.3838819
 1.9750  2.26126  0.87772  0.6119793  1.3838457
 2.0250  2.26088  0.87780  0.6120654  1.3838089
 2.0750  2.26051  0.87787  0.6121505  1.3837721
 2.1250  2.26014  0.87795  0.6122347  1.3837361
 2.1750  2.25977  0.87802  0.6123178  1.3837001
 2.2250  2.25941  0.87810  0.6124000  1.3836633
 2.2750  2.25905  0.87817  0.6124811  1.3836272
 2.3250  2.25870  0.87825  0.6125612  1.3835914
 2.3750  2.25835  0.87832  0.6126406  1.3835576
 2.4250  2.25801  0.87839  0.6127197  1.3835242
 2.4750  2.25766  0.87846  0.6127982  1.3834906
 2.5250  2.25732  0.87853  0.6128757  1.3834573
 2.5750  2.25698  0.87860  0.6129522  1.3834236
 2.6250  2.25665  0.87867  0.6130278  1.3833908
 2.6750  2.25632  0.87874  0.6131024  1.3833565
 2.7250  2.25600  0.87881  0.6131762  1.3833228
 2.7750  2.25567  0.87888  0.6132493  1.3832897
 2.8250  2.25535  0.87894  0.6133214  1.3832562
 2.8750  2.25504  0.87901  0.6133927  1.3832228
 2.9250  2.25472  0.87908  0.6134632  1.3831897
 2.9750  2.25441  0.87914  0.6135331  1.3831557
 3.0250  2.25410  0.87921  0.6136025  1.3831223
 3.0750  2.25380  0.87927  0.6136710  1.3830887
 3.1250  2.25349  0.87934  0.6137387  1.3830560
 3.1750  2.25319  0.87940  0.6138058  1.3830241
 3.2250  2.25290  0.87946  0.6138724  1.3829918
 3.2750  2.25260  0.87952  0.6139385  1.3829596
 3.3250  2.25231  0.87959  0.6140039  1.3829280
 3.3750  2.25202  0.87965  0.6140686  1.3828962
 3.4250  2.25174  0.87971  0.6141327  1.3828647
 3.4750  2.25145  0.87977  0.6141962  1.3828335
 3.5250  2.25117  0.87983  0.6142592  1.3828021
 3.5750  2.25089  0.87989  0.6143212  1.3827704
 3.6250  2.25062  0.87995  0.6143830  1.3827398
 3.6750  2.25034  0.88001  0.6144440  1.3827097
 3.7250  2.25007  0.88006  0.6145047  1.3826795
 3.7750  2.24980  0.88012  0.6145649  1.3826495
 3.8250  2.24954  0.88018  0.6146243  1.3826194
 3.8750  2.24927  0.88023  0.6146832  1.3825890
 3.9250  2.24901  0.88029  0.6147415  1.3825603
 3.9750  2.24875  0.88035  0.6147997  1.3825321
 4.0250  2.24849  0.88040  0.6148574  1.3825036
 4.0750  2.24824  0.88046  0.6149147  1.3824745
 4.1250  2.24798  0.88051  0.6149709  1.3824445
 4.1750  2.24773  0.88057  0.6150262  1.3824136
 4.2250  2.24748  0.88062  0.6150811  1.3823847
 4.2750  2.24724  0.88067  0.6151356  1.3823559
 4.3250  2.24699  0.88073  0.6151897  1.3823266
 4.3750  2.24675  0.88078  0.6152434  1.3822976
 4.4250  2.24651  0.88083  0.6152966  1.3822681
 4.4750  2.24627  0.88089  0.6153492  1.3822390
 4.5250  2.24603  0.88094  0.6154014  1.3822111
 4.5750  2.24580  0.88099  0.6154536  1.3821830
 4.6250  2.24556  0.88104  0.6155053  1.3821554
 4.6750  2.24533  0.88109  0.6155565  1.3821276
 4.7250  2.24510  0.88114  0.6156073  1.3820994
 4.7750  2.24487  0.88119  0.6156575  1.3820714
 4.8250  2.24464  0.88124  0.6157076  1.3820449
 4.8750  2.24442  0.88129  0.6157575  1.3820182
 4.9250  2.24420  0.88134  0.6158071  1.3819915
 4.9750  2.24397  0.88139  0.6158561  1.3819642
 5.0250  2.24375  0.88143  0.6159046  1.3819369
 5.0750  2.24353  0.88148  0.6159527  1.3819091
 5.1250  2.24331  0.88153  0.6160001  1.3818816
 5.1750  2.24310  0.88158  0.6160469  1.3818533
 5.2250  2.24289  0.88162  0.6160933  1.3818265
 5.2750  2.24267  0.88167  0.6161395  1.3817996
 5.3250  2.24246  0.88172  0.6161855  1.3817726
 5.3750  2.24225  0.88176  0.6162310  1.3817458
 5.4250  2.24204  0.88181  0.6162761  1.3817182
 5.4750  2.24184  0.88186  0.6163208  1.3816909
 5.5250  2.24163  0.88190  0.6163653  1.3816655
 5.5750  2.24143  0.88195  0.6164098  1.3816397
 5.6250  2.24123  0.88199  0.6164540  1.3816142
 5.6750  2.24103  0.88204  0.6164981  1.3815888
 5.7250  2.24083  0.88208  0.6165418  1.3815632
 5.7750  2.24063  0.88213  0.6165848  1.3815371
 5.8250  2.24043  0.88217  0.6166276  1.3815128
 5.8750  2.24024  0.88221  0.6166704  1.3814877
 5.9250  2.24004  0.88226  0.6167129  1.3814629
 5.9750  2.23985  0.88230  0.6167549  1.3814374
 6.0250  2.23966  0.88234  0.6167963  1.3814117
 6.0750  2.23947  0.88238  0.6168371  1.3813866
 6.1250  2.23928  0.88243  0.6168780  1.3813623
 6.1750  2.23909  0.88247  0.6169187  1.3813376
 6.2250  2.23890  0.88251  0.6169590  1.3813125
 6.2750  2.23872  0.88255  0.6169987  1.3812866
 6.3250  2.23854  0.88259  0.6170381  1.3812618
 6.3750  2.23836  0.88264  0.6170772  1.3812380
 6.4250  2.23818  0.88268  0.6171165  1.3812147
 6.4750  2.23799  0.88272  0.6171557  1.3811908
 6.5250  2.23781  0.88276  0.6171944  1.3811668
 6.5750  2.23764  0.88280  0.6172329  1.3811431
 6.6250  2.23746  0.88284  0.6172709  1.3811191
 6.6750  2.23729  0.88288  0.6173087  1.3810967
 6.7250  2.23711  0.88292  0.6173465  1.3810744
 6.7750  2.23694  0.88296  0.6173841  1.3810509
 6.8250  2.23677  0.88299  0.6174212  1.3810270
 6.8750  2.23659  0.88303  0.6174581  1.3810030
 6.9250  2.23642  0.88307  0.6174946  1.3809797
 6.9750  2.23626  0.88311  0.6175312  1.3809577
 7.0250  2.23609  0.88315  0.6175678  1.3809359
 7.0750  2.23592  0.88319  0.6176041  1.3809140
 7.1250  2.23575  0.88322  0.6176401  1.3808917
 7.1750  2.23559  0.88326  0.6176761  1.3808699
 7.2250  2.23542  0.88330  0.6177119  1.3808482
 7.2750  2.23526  0.88334  0.6177475  1.3808262
 7.3250  2.23510  0.88337  0.6177828  1.3808042
 7.3750  2.23493  0.88341  0.6178179  1.3807828
 7.4250  2.23477  0.88345  0.6178526  1.3807604
 7.4750  2.23461  0.88348  0.6178869  1.3807377
 7.5250  2.23445  0.88352  0.6179209  1.3807149
 7.5750  2.23429  0.88356  0.6179546  1.3806922
 7.6250  2.23414  0.88359  0.6179878  1.3806694
 7.6750  2.23398  0.88363  0.6180208  1.3806469
 7.7250  2.23383  0.88366  0.6180537  1.3806248
 7.7750  2.23367  0.88370  0.6180864  1.3806018
 7.8250  2.23352  0.88374  0.6181187  1.3805795
 7.8750  2.23337  0.88377  0.6181511  1.3805578
 7.9250  2.23321  0.88381  0.6181833  1.3805358
 7.9750  2.23306  0.88384  0.6182153  1.3805144
 8.0250  2.23291  0.88388  0.6182472  1.3804927
 8.0750  2.23276  0.88391  0.6182790  1.3804708
 8.1250  2.23262  0.88394  0.6183101  1.3804488
 8.1750  2.23247  0.88398  0.6183411  1.3804270
 8.2250  2.23232  0.88401  0.6183721  1.3804061
 8.2750  2.23218  0.88405  0.6184028  1.3803848
 8.3250  2.23203  0.88408  0.6184337  1.3803636
 8.3750  2.23189  0.88411  0.6184642  1.3803424
 8.4250  2.23174  0.88415  0.6184946  1.3803213
 8.4750  2.23160  0.88418  0.6185248  1.3803000
 8.5250  2.23146  0.88421  0.6185550  1.3802793
 8.5750  2.23132  0.88425  0.6185849  1.3802581
 8.6250  2.23117  0.88428  0.6186146  1.3802372
 8.6750  2.23103  0.88431  0.6186438  1.3802159
 8.7250  2.23090  0.88434  0.6186731  1.3801955
 8.7750  2.23076  0.88438  0.6187023  1.3801746
 8.8250  2.23062  0.88441  0.6187312  1.3801540
 8.8750  2.23048  0.88444  0.6187598  1.3801330
 8.9250  2.23035  0.88447  0.6187881  1.3801122
 8.9750  2.23021  0.88450  0.6188163  1.3800919
 9.0250  2.23008  0.88453  0.6188444  1.3800710
 9.0750  2.22994  0.88457  0.6188724  1.3800502
 9.1250  2.22981  0.88460  0.6189004  1.3800304
 9.1750  2.22968  0.88463  0.6189282  1.3800101
 9.2250  2.22954  0.88466  0.6189560  1.3799901
 9.2750  2.22941  0.88469  0.6189834  1.3799698
 9.3250  2.22928  0.88472  0.6190104  1.3799490
 9.3750  2.22915  0.88475  0.6190372  1.3799284
 9.4250  2.22903  0.88478  0.6190640  1.3799096
 9.4750  2.22890  0.88481  0.6190912  1.3798908
 9.5250  2.22877  0.88484  0.6191182  1.3798712
 9.5750  2.22864  0.88487  0.6191450  1.3798515
 9.6250  2.22851  0.88490  0.6191716  1.3798313
 9.6750  2.22839  0.88493  0.6191979  1.3798114
 9.7250  2.22826  0.88496  0.6192240  1.3797919
 9.7750  2.22813  0.88499  0.6192501  1.3797722
 9.8250  2.22801  0.88502  0.6192759  1.3797522
 9.8750  2.22788  0.88505  0.6193018  1.3797328
 9.9250  2.22776  0.88508  0.6193274  1.3797131
 9.9750  2.22764  0.88511  0.6193529  1.3796937
10.0250  2.22751  0.88514  0.6193781  1.3796740
10.0750  2.22739  0.88517  0.6194031  1.3796539
10.1250  2.22727  0.88520  0.6194281  1.3796341
10.1750  2.22715  0.88523  0.6194530  1.3796152
10.2250  2.22703  0.88525  0.6194778  1.3795955
10.2750  2.22691  0.88528  0.6195024  1.3795766
10.3250  2.22679  0.88531  0.6195266  1.3795573
10.3750  2.22667  0.88534  0.6195508  1.3795375
10.4250  2.22656  0.88537  0.6195745  1.3795174
10.4750  2.22644  0.88540  0.6195984  1.3794991
10.5250  2.22633  0.88542  0.6196222  1.3794806
10.5750  2.22621  0.88545  0.6196459  1.3794612
10.6250  2.22609  0.88548  0.6196694  1.3794414
10.6750  2.22598  0.88551  0.6196930  1.3794227
10.7250  2.22586  0.88553  0.6197165  1.3794030
10.7750  2.22575  0.88556  0.6197398  1.3793844
10.8250  2.22563  0.88559  0.6197630  1.3793660
10.8750  2.22552  0.88562  0.6197861  1.3793471
10.9250  2.22541  0.88564  0.6198088  1.3793275
10.9750  2.22530  0.88567  0.6198313  1.3793086
11.0250  2.22518  0.88570  0.6198539  1.3792894
11.0750  2.22508  0.88572  0.6198761  1.3792715
11.1250  2.22497  0.88575  0.6198986  1.3792539
11.1750  2.22486  0.88578  0.6199210  1.3792354
11.2250  2.22475  0.88580  0.6199432  1.3792164
11.2750  2.22464  0.88583  0.6199653  1.3791978
11.3250  2.22453  0.88586  0.6199872  1.3791784
11.3750  2.22442  0.88588  0.6200088  1.3791592
11.4250  2.22431  0.88591  0.6200302  1.3791412
11.4750  2.22421  0.88593  0.6200517  1.3791231
11.5250  2.22410  0.88596  0.6200732  1.3791052
11.5750  2.22399  0.88599  0.6200948  1.3790873
11.6250  2.22389  0.88601  0.6201165  1.3790696
11.6750  2.22378  0.88604  0.6201378  1.3790513
11.7250  2.22368  0.88606  0.6201590  1.3790343
11.7750  2.22357  0.88609  0.6201802  1.3790166
11.8250  2.22347  0.88611  0.6202013  1.3789988
11.8750  2.22337  0.88614  0.6202223  1.3789822
11.9250  2.22326  0.88616  0.6202433  1.3789649
11.9750  2.22316  0.88619  0.6202641  1.3789471
12.0250  2.22306  0.88621  0.6202848  1.3789290
12.0750  2.22296  0.88624  0.6203052  1.3789119
12.1250  2.22286  0.88626  0.6203256  1.3788947
12.1750  2.22275  0.88629  0.6203459  1.3788764
12.2250  2.22265  0.88631  0.6203660  1.3788592
12.2750  2.22255  0.88634  0.6203860  1.3788410
12.3250  2.22245  0.88636  0.6204057  1.3788227
12.3750  2.22235  0.88639  0.6204255  1.3788054
12.4250  2.22226  0.88641  0.6204450  1.3787876
12.4750  2.22216  0.88644  0.6204644  1.3787694
12.5250  2.22206  0.88646  0.6204835  1.3787510
12.5750  2.22196  0.88648  0.6205024  1.3787328
12.6250  2.22187  0.88651  0.6205212  1.3787147
12.6750  2.22177  0.88653  0.6205403  1.3786978
12.7250  2.22168  0.88656  0.6205595  1.3786823
12.7750  2.22158  0.88658  0.6205788  1.3786653
12.8250  2.22148  0.88660  0.6205978  1.3786484
12.8750  2.22139  0.88663  0.6206168  1.3786309
12.9250  2.22129  0.88665  0.6206354  1.3786132
12.9750  2.22120  0.88667  0.6206536  1.3785957
13.0250  2.22111  0.88670  0.6206721  1.3785787
13.0750  2.22101  0.88672  0.6206907  1.3785625
13.1250  2.22092  0.88674  0.6207091  1.3785454
13.1750  2.22083  0.88677  0.6207272  1.3785274
13.2250  2.22073  0.88679  0.6207452  1.3785101
13.2750  2.22064  0.88681  0.6207631  1.3784922
13.3250  2.22055  0.88684  0.6207810  1.3784753
13.3750  2.22046  0.88686  0.6207989  1.3784591
13.4250  2.22037  0.88688  0.6208168  1.3784431
13.4750  2.22028  0.88690  0.6208349  1.3784271
13.5250  2.22019  0.88693  0.6208528  1.3784107
13.5750  2.22010  0.88695  0.6208706  1.3783951
13.6250  2.22001  0.88697  0.6208882  1.3783787
13.6750  2.21992  0.88699  0.6209055  1.3783622
13.7250  2.21983  0.88701  0.6209229  1.3783456
13.7750  2.21974  0.88704  0.6209402  1.3783289
13.8250  2.21966  0.88706  0.6209575  1.3783127
13.8750  2.21957  0.88708  0.6209747  1.3782974
13.9250  2.21948  0.88710  0.6209918  1.3782806
13.9750  2.21940  0.88712  0.6210086  1.3782642
14.0250  2.21931  0.88715  0.6210256  1.3782487
14.0750  2.21922  0.88717  0.6210424  1.3782318
14.1250  2.21914  0.88719  0.6210589  1.3782148
14.1750  2.21905  0.88721  0.6210753  1.3781979
14.2250  2.21897  0.88723  0.6210915  1.3781812
14.2750  2.21888  0.88726  0.6211078  1.3781643
14.3250  2.21880  0.88728  0.6211241  1.3781478
14.3750  2.21871  0.88730  0.6211405  1.3781329
14.4250  2.21863  0.88732  0.6211569  1.3781172
14.4750  2.21855  0.88734  0.6211730  1.3781008
14.5250  2.21846  0.88736  0.6211886  1.3780828
14.5750  2.21838  0.88738  0.6212040  1.3780658
14.6250  2.21830  0.88740  0.6212196  1.3780488
14.6750  2.21821  0.88743  0.6212351  1.3780311
14.7250  2.21813  0.88745  0.6212504  1.3780131
14.7750  2.21805  0.88747  0.6212658  1.3779962
14.8250  2.21796  0.88749  0.6212809  1.3779788
14.8750  2.21788  0.88751  0.6212961  1.3779624
14.9250  2.21780  0.88753  0.6213112  1.3779461
14.9750  2.21772  0.88755  0.6213264  1.3779299
15.0250  2.21764  0.88757  0.6213412  1.3779128
15.0750  2.21756  0.88759  0.6213561  1.3778963
15.1250  2.21748  0.88761  0.6213711  1.3778799
15.1750  2.21740  0.88763  0.6213861  1.3778641
15.2250  2.21732  0.88765  0.6214013  1.3778479
15.2750  2.21724  0.88767  0.6214163  1.3778322
15.3250  2.21717  0.88769  0.6214312  1.3778162
15.3750  2.21709  0.88771  0.6214461  1.3778003
15.4250  2.21701  0.88773  0.6214607  1.3777840
15.4750  2.21693  0.88775  0.6214751  1.3777680
15.5250  2.21686  0.88777  0.6214895  1.3777525
15.5750  2.21678  0.88779  0.6215041  1.3777372
15.6250  2.21670  0.88781  0.6215187  1.3777219
15.6750  2.21662  0.88783  0.6215334  1.3777062
15.7250  2.21655  0.88785  0.6215481  1.3776909
15.7750  2.21647  0.88787  0.6215625  1.3776753
15.8250  2.21639  0.88789  0.6215770  1.3776593
15.8750  2.21632  0.88791  0.6215913  1.3776437
15.9250  2.21624  0.88793  0.6216053  1.3776273
15.9750  2.21617  0.88795  0.6216194  1.3776116
16.0250  2.21609  0.88797  0.6216331  1.3775947
16.0750  2.21601  0.88799  0.6216466  1.3775773
16.1250  2.21594  0.88801  0.6216596  1.3775595
16.1750  2.21587  0.88803  0.6216725  1.3775425
16.2250  2.21579  0.88805  0.6216857  1.3775268
16.2750  2.21572  0.88807  0.6216990  1.3775107
16.3250  2.21565  0.88809  0.6217121  1.3774947
16.3750  2.21557  0.88811  0.6217254  1.3774790
16.4250  2.21550  0.88813  0.6217383  1.3774624
16.4750  2.21543  0.88815  0.6217513  1.3774459
16.5250  2.21536  0.88817  0.6217641  1.3774297
16.5750  2.21529  0.88819  0.6217770  1.3774146
16.6250  2.21522  0.88820  0.6217899  1.3773990
16.6750  2.21515  0.88822  0.6218030  1.3773842
16.7250  2.21507  0.88824  0.6218161  1.3773688
16.7750  2.21500  0.88826  0.6218291  1.3773533
16.8250  2.21493  0.88828  0.6218421  1.3773375
16.8750  2.21486  0.88830  0.6218547  1.3773209
16.9250  2.21479  0.88832  0.6218671  1.3773057
16.9750  2.21472  0.88834  0.6218797  1.3772901
17.0250  2.21465  0.88835  0.6218926  1.3772757
17.0750  2.21458  0.88837  0.6219056  1.3772610
17.1250  2.21451  0.88839  0.6219183  1.3772465
17.1750  2.21444  0.88841  0.6219308  1.3772310
17.2250  2.21437  0.88843  0.6219431  1.3772150
17.2750  2.21431  0.88845  0.6219549  1.3771996
17.3250  2.21424  0.88846  0.6219672  1.3771843
17.3750  2.21417  0.88848  0.6219795  1.3771688
17.4250  2.21410  0.88850  0.6219915  1.3771533
17.4750  2.21403  0.88852  0.6220035  1.3771372
17.5250  2.21397  0.88854  0.6220154  1.3771213
17.5750  2.21390  0.88855  0.6220272  1.3771058
17.6250  2.21383  0.88857  0.6220390  1.3770899
17.6750  2.21377  0.88859  0.6220509  1.3770748
17.7250  2.21370  0.88861  0.6220626  1.3770592
17.7750  2.21363  0.88862  0.6220742  1.3770441
17.8250  2.21357  0.88864  0.6220860  1.3770292
17.8750  2.21350  0.88866  0.6220976  1.3770143
17.9250  2.21344  0.88868  0.6221091  1.3769989
17.9750  2.21337  0.88869  0.6221205  1.3769836
18.0250  2.21331  0.88871  0.6221318  1.3769691
18.0750  2.21324  0.88873  0.6221436  1.3769547
18.1250  2.21318  0.88875  0.6221554  1.3769403
18.1750  2.21311  0.88876  0.6221671  1.3769253
18.2250  2.21305  0.88878  0.6221788  1.3769099
18.2750  2.21298  0.88880  0.6221906  1.3768953
18.3250  2.21291  0.88882  0.6222026  1.3768808
18.3750  2.21285  0.88883  0.6222144  1.3768660
18.4250  2.21278  0.88885  0.6222256  1.3768502
18.4750  2.21272  0.88887  0.6222365  1.3768342
18.5250  2.21266  0.88889  0.6222474  1.3768195
18.5750  2.21259  0.88890  0.6222583  1.3768052
18.6250  2.21253  0.88892  0.6222692  1.3767902
18.6750  2.21247  0.88894  0.6222799  1.3767744
18.7250  2.21240  0.88896  0.6222907  1.3767588
18.7750  2.21234  0.88897  0.6223016  1.3767427
18.8250  2.21228  0.88899  0.6223121  1.3767263
18.8750  2.21221  0.88901  0.6223226  1.3767099
18.9250  2.21215  0.88902  0.6223328  1.3766937
18.9750  2.21209  0.88904  0.6223435  1.3766792
19.0250  2.21203  0.88906  0.6223544  1.3766650
19.0750  2.21196  0.88907  0.6223655  1.3766507
19.1250  2.21190  0.88909  0.6223766  1.3766361
19.1750  2.21184  0.88911  0.6223872  1.3766212
19.2250  2.21178  0.88912  0.6223974  1.3766053
19.2750  2.21172  0.88914  0.6224078  1.3765910
19.3250  2.21166  0.88916  0.6224183  1.3765776
19.3750  2.21160  0.88917  0.6224289  1.3765634
19.4250  2.21154  0.88919  0.6224393  1.3765489
19.4750  2.21148  0.88921  0.6224495  1.3765340
19.5250  2.21142  0.88922  0.6224599  1.3765194
19.5750  2.21136  0.88924  0.6224703  1.3765039
19.6250  2.21130  0.88926  0.6224803  1.3764880
19.6750  2.21124  0.88927  0.6224905  1.3764737
19.7250  2.21118  0.88929  0.6225008  1.3764602
19.7750  2.21112  0.88930  0.6225113  1.3764459
19.8250  2.21106  0.88932  0.6225218  1.3764317
19.8750  2.21100  0.88934  0.6225320  1.3764178
19.9250  2.21094  0.88935  0.6225424  1.3764040
19.9750  2.21088  0.88937  0.6225526  1.3763894
20.0250  2.21082  0.88938  0.6225625  1.3763746
20.0750  2.21077  0.88940  0.6225724  1.3763613
20.1250  2.21071  0.88942  0.6225827  1.3763483
20.1750  2.21065  0.88943  0.6225929  1.3763340
20.2250  2.21059  0.88945  0.6226031  1.3763198
20.2750  2.21053  0.88947  0.6226133  1.3763059
20.3250  2.21047  0.88948  0.6226233  1.3762914
20.3750  2.21041  0.88950  0.6226330  1.3762760
20.4250  2.21035  0.88951  0.6226424  1.3762605
20.4750  2.21030  0.88953  0.6226521  1.3762468
20.5250  2.21024  0.88955  0.6226622  1.3762331
20.5750  2.21018  0.88956  0.6226724  1.3762192
20.6250  2.21012  0.88958  0.6226825  1.3762048
20.6750  2.21007  0.88959  0.6226923  1.3761907
20.7250  2.21001  0.88961  0.6227019  1.3761753
20.7750  2.20995  0.88963  0.6227112  1.3761603
20.8250  2.20989  0.88964  0.6227204  1.3761455
20.8750  2.20984  0.88966  0.6227294  1.3761315
20.9250  2.20978  0.88967  0.6227384  1.3761172
20.9750  2.20973  0.88969  0.6227478  1.3761030
21.0250  2.20967  0.88970  0.6227570  1.3760883
21.0750  2.20962  0.88972  0.6227662  1.3760743
21.1250  2.20956  0.88973  0.6227754  1.3760598
21.1750  2.20950  0.88975  0.6227844  1.3760452
21.2250  2.20945  0.88977  0.6227934  1.3760301
21.2750  2.20939  0.88978  0.6228025  1.3760155
21.3250  2.20934  0.88980  0.6228115  1.3760008
21.3750  2.20928  0.88981  0.6228206  1.3759863
21.4250  2.20923  0.88983  0.6228296  1.3759712
21.4750  2.20917  0.88985  0.6228385  1.3759565
21.5250  2.20911  0.88986  0.6228474  1.3759410
21.5750  2.20906  0.88988  0.6228562  1.3759255
21.6250  2.20900  0.88989  0.6228648  1.3759100
21.6750  2.20895  0.88991  0.6228734  1.3758954
21.7250  2.20889  0.88992  0.6228822  1.3758813
21.7750  2.20884  0.88994  0.6228911  1.3758665
21.8250  2.20878  0.88996  0.6228997  1.3758514
21.8750  2.20873  0.88997  0.6229084  1.3758359
21.9250  2.20867  0.88999  0.6229170  1.3758206
21.9750  2.20862  0.89000  0.6229254  1.3758047
22.0250  2.20856  0.89002  0.6229337  1.3757882
22.0750  2.20851  0.89003  0.6229419  1.3757737
22.1250  2.20846  0.89005  0.6229505  1.3757586
22.1750  2.20840  0.89007  0.6229591  1.3757437
22.2250  2.20835  0.89008  0.6229681  1.3757288
22.2750  2.20829  0.89010  0.6229768  1.3757137
22.3250  2.20823  0.89011  0.6229856  1.3756983
22.3750  2.20818  0.89013  0.6229941  1.3756822
22.4250  2.20812  0.89015  0.6230025  1.3756660
22.4750  2.20807  0.89016  0.6230110  1.3756516
22.5250  2.20801  0.89018  0.6230198  1.3756369
22.5750  2.20796  0.89020  0.6230286  1.3756217
22.6250  2.20790  0.89021  0.6230375  1.3756057
22.6750  2.20785  0.89023  0.6230464  1.3755902
22.7250  2.20779  0.89025  0.6230548  1.3755738
22.7750  2.20773  0.89026  0.6230631  1.3755569
22.8250  2.20768  0.89028  0.6230713  1.3755397
22.8750  2.20762  0.89030  0.6230792  1.3755217
22.9250  2.20756  0.89031  0.6230872  1.3755043
22.9750  2.20751  0.89033  0.6230955  1.3754871
23.0250  2.20745  0.89035  0.6231038  1.3754697
23.0750  2.20739  0.89037  0.6231121  1.3754516
23.1250  2.20733  0.89038  0.6231205  1.3754340
23.1750  2.20727  0.89040  0.6231290  1.3754157
23.2250  2.20721  0.89042  0.6231375  1.3753976
23.2750  2.20715  0.89044  0.6231458  1.3753778
23.3250  2.20709  0.89046  0.6231537  1.3753586
23.3750  2.20704  0.89048  0.6231620  1.3753403
23.4250  2.20697  0.89049  0.6231706  1.3753219
23.4750  2.20691  0.89051  0.6231794  1.3753029
23.5250  2.20685  0.89053  0.6231882  1.3752835
23.5750  2.20679  0.89055  0.6231970  1.3752638
23.6250  2.20672  0.89057  0.6232056  1.3752433
23.6750  2.20666  0.89059  0.6232140  1.3752213
23.7250  2.20659  0.89062  0.6232224  1.3751990
23.7750  2.20653  0.89064  0.6232305  1.3751756
23.8250  2.20646  0.89066  0.6232384  1.3751512
23.8750  2.20639  0.89068  0.6232462  1.3751264
23.9250  2.20633  0.89070  0.6232540  1.3751023
23.9750  2.20626  0.89073  0.6232621  1.3750776
24.0250  2.20619  0.89075  0.6232705  1.3750517
24.0750  2.20612  0.89078  0.6232789  1.3750256
24.1250  2.20604  0.89080  0.6232874  1.3749986
24.1750  2.20597  0.89083  0.6232960  1.3749706
24.2250  2.20589  0.89085  0.6233044  1.3749418
24.2750  2.20581  0.89088  0.6233127  1.3749118
24.3250  2.20574  0.89091  0.6233211  1.3748811
24.3750  2.20566  0.89094  0.6233294  1.3748497
24.4250  2.20557  0.89097  0.6233379  1.3748170
24.4750  2.20549  0.89100  0.6233463  1.3747832
24.5250  2.20540  0.89103  0.6233548  1.3747485
24.5750  2.20532  0.89106  0.6233631  1.3747121
24.6250  2.20523  0.89109  0.6233717  1.3746750
24.6750  2.20513  0.89113  0.6233804  1.3746368
24.7250  2.20504  0.89116  0.6233889  1.3745974
24.7750  2.20494  0.89120  0.6233975  1.3745564
24.8250  2.20485  0.89123  0.6234061  1.3745143
24.8750  2.20475  0.89127  0.6234144  1.3744704
24.9250  2.20464  0.89131  0.6234229  1.3744247
24.9750  2.20454  0.89135  0.6234314  1.3743776
25.0250  2.20443  0.89139  0.6234404  1.3743294
25.0750  2.20432  0.89144  0.6234493  1.3742791
25.1250  2.20420  0.89148  0.6234583  1.3742263
25.1750  2.20408  0.89153  0.6234672  1.3741713
25.2250  2.20396  0.89158  0.6234761  1.3741150
25.2750  2.20383  0.89163  0.6234851  1.3740563
25.3250  2.20370  0.89168  0.6234943  1.3739949
25.3750  2.20356  0.89174  0.6235033  1.3739296
25.4250  2.20342  0.89179  0.6235123  1.3738621
25.4750  2.20328  0.89185  0.6235213  1.3737915
25.5250  2.20313  0.89192  0.6235304  1.3737185
25.5750  2.20298  0.89198  0.6235399  1.3736430
25.6250  2.20282  0.89204  0.6235489  1.3735628
25.6750  2.20265  0.89211  0.6235578  1.3734798
25.7250  2.20248  0.89218  0.6235669  1.3733935
25.7750  2.20230  0.89226  0.6235760  1.3733034
25.8250  2.20212  0.89233  0.6235851  1.3732101
25.8750  2.20193  0.89241  0.6235944  1.3731132
25.9250  2.20174  0.89250  0.6236035  1.3730112
25.9750  2.20154  0.89258  0.6236125  1.3729051
26.0250  2.20133  0.89267  0.6236218  1.3727950
26.0750  2.20111  0.89276  0.6236313  1.3726813
26.1250  2.20088  0.89286  0.6236410  1.3725619
26.1750  2.20065  0.89296  0.6236507  1.3724389
26.2250  2.20041  0.89306  0.6236607  1.3723117
26.2750  2.20016  0.89317  0.6236711  1.3721787
26.3250  2.19991  0.89328  0.6236812  1.3720404
26.3750  2.19964  0.89340  0.6236915  1.3718965
26.4250  2.19936  0.89352  0.6237018  1.3717458
26.4750  2.19907  0.89364  0.6237121  1.3715895
26.5250  2.19878  0.89377  0.6237225  1.3714265
26.5750  2.19847  0.89391  0.6237330  1.3712565
26.6250  2.19815  0.89405  0.6237437  1.3710808
26.6750  2.19782  0.89419  0.6237546  1.3708977
26.7250  2.19747  0.89435  0.6237659  1.3707074
26.7750  2.19711  0.89450  0.6237774  1.3705094
26.8250  2.19674  0.89467  0.6237890  1.3703038
26.8750  2.19636  0.89484  0.6238006  1.3700891
26.9250  2.19596  0.89501  0.6238123  1.3698665
26.9750  2.19555  0.89519  0.6238240  1.3696338
27.0250  2.19512  0.89538  0.6238358  1.3693924
27.0750  2.19467  0.89558  0.6238476  1.3691407
27.1250  2.19421  0.89578  0.6238595  1.3688797
27.1750  2.19374  0.89599  0.6238716  1.3686091
27.2250  2.19324  0.89621  0.6238841  1.3683286
27.2750  2.19273  0.89644  0.6238967  1.3680375
27.3250  2.19220  0.89667  0.6239095  1.3677357
27.3750  2.19166  0.89691  0.6239226  1.3674234
27.4250  2.19109  0.89716  0.6239361  1.3670994
27.4750  2.19050  0.89742  0.6239499  1.3667638
27.5250  2.18990  0.89769  0.6239641  1.3664165
27.5750  2.18927  0.89797  0.6239784  1.3660562
27.6250  2.18862  0.89826  0.6239927  1.3656819
27.6750  2.18795  0.89855  0.6240070  1.3652943
27.7250  2.18725  0.89886  0.6240214  1.3648924
27.7750  2.18654  0.89918  0.6240361  1.3644769
27.8250  2.18579  0.89951  0.6240510  1.3640474
27.8750  2.18503  0.89984  0.6240661  1.3636034
27.9250  2.18424  0.90019  0.6240815  1.3631443
27.9750  2.18343  0.90055  0.6240972  1.3626701
28.0250  2.18259  0.90092  0.6241131  1.3621800
28.0750  2.18172  0.90131  0.6241293  1.3616747
28.1250  2.18082  0.90170  0.6241457  1.3611522
28.1750  2.17990  0.90211  0.6241623  1.3606136
28.2250  2.17895  0.90253  0.6241794  1.3600585
28.2750  2.17798  0.90296  0.6241966  1.3594860
28.3250  2.17697  0.90341  0.6242143  1.3588964
28.3750  2.17593  0.90386  0.6242322  1.3582880
28.4250  2.17487  0.90433  0.6242499  1.3576610
28.4750  2.17377  0.90482  0.6242676  1.3570150
28.5250  2.17264  0.90531  0.6242856  1.3563510
28.5750  2.17149  0.90582  0.6243041  1.3556685
28.6250  2.17030  0.90635  0.6243225  1.3549666
28.6750  2.16908  0.90689  0.6243414  1.3542454
28.7250  2.16782  0.90744  0.6243606  1.3535045
28.7750  2.16654  0.90801  0.6243798  1.3527429
28.8250  2.16522  0.90859  0.6243994  1.3519617
28.8750  2.16387  0.90919  0.6244189  1.3511593
28.9250  2.16248  0.90980  0.6244388  1.3503377
28.9750  2.16106  0.91043  0.6244590  1.3494952
29.0250  2.15961  0.91107  0.6244794  1.3486308
29.0750  2.15812  0.91173  0.6245000  1.3477454
29.1250  2.15660  0.91241  0.6245207  1.3468388
29.1750  2.15504  0.91310  0.6245416  1.3459116
29.2250  2.15345  0.91380  0.6245626  1.3449621
29.2750  2.15182  0.91452  0.6245836  1.3439901
29.3250  2.15015  0.91526  0.6246046  1.3429958
29.3750  2.14845  0.91602  0.6246256  1.3419797
29.4250  2.14672  0.91679  0.6246468  1.3409411
29.4750  2.14495  0.91758  0.6246680  1.3398818
29.5250  2.14315  0.91838  0.6246893  1.3388001
29.5750  2.14130  0.91920  0.6247108  1.3376961
29.6250  2.13943  0.92004  0.6247324  1.3365705
29.6750  2.13752  0.92089  0.6247540  1.3354225
29.7250  2.13557  0.92177  0.6247755  1.3342521
29.7750  2.13359  0.92265  0.6247965  1.3330587
29.8250  2.13157  0.92356  0.6248174  1.3318425
29.8750  2.12952  0.92448  0.6248382  1.3306046
29.9250  2.12743  0.92542  0.6248590  1.3293447
29.9750  2.12531  0.92638  0.6248796  1.3280624
30.0250  2.12315  0.92736  0.6248997  1.3267579
30.0750  2.12096  0.92835  0.6249194  1.3254302
30.1250  2.11874  0.92936  0.6249388  1.3240812
30.1750  2.11648  0.93038  0.6249580  1.3227104
30.2250  2.11419  0.93143  0.6249769  1.3213180
30.2750  2.11186  0.93249  0.6249952  1.3199028
30.3250  2.10950  0.93357  0.6250128  1.3184658
30.3750  2.10711  0.93466  0.6250298  1.3170068
30.4250  2.10469  0.93577  0.6250462  1.3155271
30.4750  2.10223  0.93690  0.6250620  1.3140262
30.5250  2.09975  0.93805  0.6250771  1.3125046
30.5750  2.09723  0.93922  0.6250913  1.3109607
30.6250  2.09468  0.94040  0.6251042  1.3093960
30.6750  2.09211  0.94160  0.6251159  1.3078103
30.7250  2.08950  0.94281  0.6251265  1.3062041
30.7750  2.08687  0.94404  0.6251359  1.3045775
30.8250  2.08421  0.94529  0.6251437  1.3029295
30.8750  2.08152  0.94656  0.6251500  1.3012625
30.9250  2.07881  0.94784  0.6251550  1.2995768
30.9750  2.07607  0.94914  0.6251581  1.2978690
31.0250  2.07330  0.95046  0.6251591  1.2961428
31.0750  2.07051  0.95179  0.6251583  1.2943974
31.1250  2.06770  0.95314  0.6251553  1.2926333
31.1750  2.06486  0.95450  0.6251501  1.2908504
31.2250  2.06201  0.95588  0.6251425  1.2890484
31.2750  2.05913  0.95728  0.6251323  1.2872287
31.3250  2.05623  0.95869  0.6251191  1.2853906
31.3750  2.05332  0.96011  0.6251031  1.2835345
31.4250  2.05038  0.96156  0.6250838  1.2816603
31.4750  2.04743  0.96301  0.6250608  1.2797672
31.5250  2.04446  0.96449  0.6250336  1.2778567
31.5750  2.04148  0.96598  0.6250027  1.2759296
31.6250  2.03848  0.96748  0.6249676  1.2739860
31.6750  2.03547  0.96900  0.6249279  1.2720248
31.7250  2.03246  0.97053  0.6248832  1.2700472
31.7750  2.02943  0.97207  0.6248333  1.2680531
31.8250  2.02639  0.97363  0.6247779  1.2660420
31.8750  2.02334  0.97521  0.6247166  1.2640151
31.9250  2.02029  0.97679  0.6246491  1.2619722
31.9750  2.01723  0.97839  0.6245750  1.2599137
32.0250  2.01417  0.98001  0.6244937  1.2578379
32.0750  2.01111  0.98164  0.6244043  1.2557451
32.1250  2.00805  0.98328  0.6243070  1.2536371
32.1750  2.00498  0.98493  0.6242012  1.2515141
32.2250  2.00193  0.98660  0.6240869  1.2493761
32.2750  1.99887  0.98828  0.6239632  1.2472224
32.3250  1.99582  0.98997  0.6238296  1.2450527
32.3750  1.99278  0.99167  0.6236857  1.2428682
32.4250  1.98975  0.99339  0.6235308  1.2406679
32.4750  1.98672  0.99511  0.6233643  1.2384514
32.5250  1.98371  0.99685  0.6231856  1.2362199
32.5750  1.98071  0.99860  0.6229943  1.2339731
32.6250  1.97773  1.00037  0.6227898  1.2317109
32.6750  1.97477  1.00214  0.6225712  1.2294328
32.7250  1.97182  1.00392  0.6223382  1.2271391
32.7750  1.96889  1.00572  0.6220897  1.2248292
32.8250  1.96599  1.00752  0.6218251  1.2225026
32.8750  1.96311  1.00934  0.6215433  1.2201583
32.9250  1.96026  1.01116  0.6212436  1.2177972
32.9750  1.95743  1.01300  0.6209257  1.2154198
33.0250  1.95464  1.01485  0.6205888  1.2130255
33.0750  1.95187  1.01670  0.6202321  1.2106138
33.1250  1.94914  1.01857  0.6198550  1.2081853
33.1750  1.94645  1.02044  0.6194570  1.2057396
33.2250  1.94379  1.02233  0.6190373  1.2032762
33.2750  1.94116  1.02422  0.6185951  1.2007949
33.3250  1.93858  1.02613  0.6181294  1.1982954
33.3750  1.93604  1.02804  0.6176395  1.1957766
33.4250  1.93355  1.02996  0.6171248  1.1932395
33.4750  1.93110  1.03189  0.6165845  1.1906837
33.5250  1.92869  1.03383  0.6160182  1.1881090
33.5750  1.92634  1.03577  0.6154249  1.1855146
33.6250  1.92403  1.03773  0.6148043  1.1829010
33.6750  1.92177  1.03969  0.6141557  1.1802675
33.7250  1.91957  1.04166  0.6134789  1.1776153
33.7750  1.91742  1.04363  0.6127732  1.1749430
33.8250  1.91532  1.04562  0.6120384  1.1722513
33.8750  1.91328  1.04761  0.6112741  1.1695399
33.9250  1.91130  1.04960  0.6104801  1.1668088
33.9750  1.90937  1.05161  0.6096562  1.1640584
34.0250  1.90750  1.05362  0.6088020  1.1612890
34.0750  1.90569  1.05563  0.6079177  1.1585001
34.1250  1.90393  1.05765  0.6070031  1.1556926
34.1750  1.90224  1.05968  0.6060586  1.1528662
34.2250  1.90060  1.06171  0.6050841  1.1500221
34.2750  1.89902  1.06374  0.6040803  1.1471612
34.3250  1.89750  1.06578  0.6030476  1.1442833
34.3750  1.89604  1.06782  0.6019866  1.1413900
34.4250  1.89463  1.06986  0.6008979  1.1384817
34.4750  1.89329  1.07190  0.5997823  1.1355596
34.5250  1.89199  1.07395  0.5986404  1.1326237
34.5750  1.89076  1.07599  0.5974734  1.1296766
34.6250  1.88957  1.07804  0.5962825  1.1267185
34.6750  1.88844  1.08008  0.5950688  1.1237510
34.7250  1.88736  1.08212  0.5938333  1.1207752
34.7750  1.88632  1.08417  0.5925776  1.1177926
34.8250  1.88534  1.08620  0.5913034  1.1148051
34.8750  1.88439  1.08824  0.5900121  1.1118143
34.9250  1.88349  1.09027  0.5887057  1.1088222
34.9750  1.88263  1.09229  0.5873859  1.1058309
35.0250  1.88181  1.09431  0.5860544  1.1028415
35.0750  1.88102  1.09632  0.5847130  1.0998565
35.1250  1.88026  1.09833  0.5833637  1.0968776
35.1750  1.87954  1.10032  0.5820081  1.0939070
35.2250  1.87884  1.10231  0.5806487  1.0909470
35.2750  1.87817  1.10429  0.5792871  1.0879984
35.3250  1.87752  1.10625  0.5779253  1.0850643
35.3750  1.87688  1.10820  0.5765654  1.0821468
35.4250  1.87627  1.11014  0.5752095  1.0792480
35.4750  1.87567  1.11207  0.5738595  1.0763695
35.5250  1.87508  1.11398  0.5725171  1.0735139
35.5750  1.87450  1.11588  0.5711845  1.0706830
35.6250  1.87392  1.11775  0.5698636  1.0678796
35.6750  1.87335  1.11962  0.5685560  1.0651045
35.7250  1.87278  1.12146  0.5672632  1.0623598
35.7750  1.87221  1.12329  0.5659870  1.0596471
35.8250  1.87164  1.12510  0.5647288  1.0569682
35.8750  1.87106  1.12689  0.5634900  1.0543247
35.9250  1.87048  1.12866  0.5622721  1.0517179
35.9750  1.86989  1.13041  0.5610760  1.0491492
36.0250  1.86929  1.13213  0.5599032  1.0466202
36.0750  1.86868  1.13384  0.5587545  1.0441319
36.1250  1.86805  1.13552  0.5576308  1.0416850
36.1750  1.86742  1.13719  0.5565331  1.0392809
36.2250  1.86677  1.13882  0.5554618  1.0369200
36.2750  1.86611  1.14044  0.5544177  1.0346036
36.3250  1.86543  1.14203  0.5534014  1.0323316
36.3750  1.86474  1.14360  0.5524127  1.0301048
36.4250  1.86403  1.14515  0.5514525  1.0279235
36.4750  1.86331  1.14667  0.5505206  1.0257878
36.5250  1.86257  1.14817  0.5496172  1.0236981
36.5750  1.86181  1.14964  0.5487425  1.0216542
36.6250  1.86104  1.15109  0.5478960  1.0196564
36.6750  1.86025  1.15252  0.5470778  1.0177039
36.7250  1.85945  1.15392  0.5462878  1.0157975
36.7750  1.85864  1.15530  0.5455256  1.0139362
36.8250  1.85781  1.15665  0.5447908  1.0121194
36.8750  1.85697  1.15798  0.5440831  1.0103476
36.9250  1.85612  1.15928  0.5434023  1.0086198
36.9750  1.85526  1.16056  0.5427473  1.0069352
37.0250  1.85438  1.16182  0.5421177  1.0052933
37.0750  1.85350  1.16305  0.5415132  1.0036938
37.1250  1.85261  1.16426  0.5409330  1.0021359
37.1750  1.85171  1.16545  0.5403767  1.0006189
37.2250  1.85080  1.16662  0.5398436  0.9991419
37.2750  1.84989  1.16776  0.5393328  0.9977040
37.3250  1.84897  1.16888  0.5388440  0.9963052
37.3750  1.84805  1.16997  0.5383764  0.9949439
37.4250  1.84712  1.17105  0.5379294  0.9936202
37.4750  1.84619  1.17210  0.5375024  0.9923328
37.5250  1.84526  1.17313  0.5370942  0.9910802
37.5750  1.84433  1.17414  0.5367044  0.9898627
37.6250  1.84341  1.17512  0.5363324  0.9886786
37.6750  1.84248  1.17609  0.5359770  0.9875264
37.7250  1.84155  1.17704  0.5356380  0.9864067
37.7750  1.84063  1.17796  0.5353149  0.9853189
37.8250  1.83972  1.17887  0.5350069  0.9842618
37.8750  1.83880  1.17976  0.5347134  0.9832331
37.9250  1.83790  1.18062  0.5344332  0.9822326
37.9750  1.83699  1.18147  0.5341661  0.9812601
38.0250  1.83610  1.18230  0.5339116  0.9803150
38.0750  1.83521  1.18311  0.5336694  0.9793971
38.1250  1.83433  1.18390  0.5334387  0.9785049
38.1750  1.83346  1.18467  0.5332193  0.9776384
38.2250  1.83260  1.18543  0.5330105  0.9767964
38.2750  1.83175  1.18617  0.5328118  0.9759777
38.3250  1.83091  1.18689  0.5326223  0.9751813
38.3750  1.83007  1.18760  0.5324416  0.9744068
38.4250  1.82925  1.18828  0.5322692  0.9736539
38.4750  1.82844  1.18896  0.5321049  0.9729217
38.5250  1.82764  1.18961  0.5319484  0.9722099
38.5750  1.82685  1.19025  0.5317988  0.9715172
38.6250  1.82608  1.19088  0.5316560  0.9708438
38.6750  1.82531  1.19149  0.5315198  0.9701892
38.7250  1.82456  1.19208  0.5313900  0.9695531
38.7750  1.82382  1.19266  0.5312660  0.9689347
38.8250  1.82310  1.19322  0.5311477  0.9683335
38.8750  1.82238  1.19377  0.5310346  0.9677486
38.9250  1.82168  1.19431  0.5309263  0.9671800
38.9750  1.82100  1.19483  0.5308231  0.9666274
39.0250  1.82032  1.19534  0.5307242  0.9660903
39.0750  1.81966  1.19584  0.5306298  0.9655684
39.1250  1.81902  1.19632  0.5305393  0.9650607
39.1750  1.81838  1.19679  0.5304528  0.9645672
39.2250  1.81776  1.19725  0.5303696  0.9640871
39.2750  1.81716  1.19770  0.5302900  0.9636205
39.3250  1.81656  1.19813  0.5302137  0.9631673
39.3750  1.81598  1.19855  0.5301404  0.9627265
39.4250  1.81542  1.19897  0.5300700  0.9622979
39.4750  1.81486  1.19937  0.5300024  0.9618812
39.5250  1.81432  1.19975  0.5299374  0.9614761
39.5750  1.81379  1.20013  0.5298750  0.9610828
39.6250  1.81328  1.20050  0.5298149  0.9607002
39.6750  1.81277  1.20086  0.5297570  0.9603283
39.7250  1.81228  1.20121  0.5297012  0.9599670
39.7750  1.81180  1.20154  0.5296475  0.9596155
39.8250  1.81133  1.20187  0.5295954  0.9592741
39.8750  1.81088  1.20219  0.5295452  0.9589419
39.9250  1.81043  1.20250  0.5294967  0.9586190
39.9750  1.81000  1.20280  0.5294497  0.9583051
40.0250  1.80958  1.20309  0.5294042  0.9580002
40.0750  1.80917  1.20337  0.5293603  0.9577041
40.1250  1.80877  1.20365  0.5293179  0.9574167
40.1750  1.80839  1.20391  0.5292768  0.9571373
40.2250  1.80801  1.20417  0.5292369  0.9568653
40.2750  1.80764  1.20442  0.5291981  0.9566010
40.3250  1.80729  1.20466  0.5291603  0.9563444
40.3750  1.80694  1.20490  0.5291237  0.9560949
40.4250  1.80660  1.20513  0.5290881  0.9558530
40.4750  1.80628  1.20535  0.5290536  0.9556179
40.5250  1.80596  1.20556  0.5290200  0.9553894
40.5750  1.80565  1.20577  0.5289871  0.9551673
40.6250  1.80535  1.20597  0.5289553  0.9549520
40.6750  1.80506  1.20616  0.5289244  0.9547428
40.7250  1.80478  1.20635  0.5288942  0.9545394
40.7750  1.80451  1.20653  0.5288646  0.9543419
40.8250  1.80425  1.20671  0.5288357  0.9541503
40.8750  1.80399  1.20688  0.5288076  0.9539641
40.9250  1.80374  1.20704  0.5287805  0.9537838
40.9750  1.80350  1.20720  0.5287538  0.9536086
41.0250  1.80327  1.20735  0.5287278  0.9534384
41.0750  1.80304  1.20750  0.5287023  0.9532729
41.1250  1.80282  1.20764  0.5286774  0.9531124
41.1750  1.80261  1.20778  0.5286531  0.9529570
41.2250  1.80241  1.20792  0.5286294  0.9528061
41.2750  1.80221  1.20804  0.5286063  0.9526597
41.3250  1.80202  1.20817  0.5285835  0.9525173
41.3750  1.80183  1.20829  0.5285611  0.9523791
41.4250  1.80165  1.20840  0.5285392  0.9522450
41.4750  1.80148  1.20852  0.5285179  0.9521152
41.5250  1.80131  1.20862  0.5284971  0.9519893
41.5750  1.80115  1.20873  0.5284765  0.9518668
41.6250  1.80100  1.20883  0.5284566  0.9517481
41.6750  1.80084  1.20892  0.5284370  0.9516327
41.7250  1.80070  1.20902  0.5284178  0.9515207
41.7750  1.80056  1.20911  0.5283988  0.9514120
41.8250  1.80042  1.20919  0.5283800  0.9513067
41.8750  1.80029  1.20927  0.5283617  0.9512045
41.9250  1.80016  1.20935  0.5283437  0.9511052
41.9750  1.80004  1.20943  0.5283263  0.9510091
42.0250  1.79992  1.20950  0.5283092  0.9509163
42.0750  1.79981  1.20957  0.5282924  0.9508258
42.1250  1.79970  1.20964  0.5282758  0.9507381
42.1750  1.79959  1.20971  0.5282598  0.9506535
42.2250  1.79949  1.20977  0.5282441  0.9505712
42.2750  1.79939  1.20983  0.5282286  0.9504910
42.3250  1.79930  1.20989  0.5282132  0.9504129
42.3750  1.79921  1.20995  0.5281980  0.9503372
42.4250  1.79912  1.21000  0.5281831  0.9502639
42.4750  1.79903  1.21005  0.5281685  0.9501927
42.5250  1.79895  1.21010  0.5281541  0.9501235
42.5750  1.79887  1.21015  0.5281399  0.9500563
42.6250  1.79880  1.21019  0.5281259  0.9499909
42.6750  1.79872  1.21024  0.5281122  0.9499276
42.7250  1.79865  1.21028  0.5280988  0.9498667
42.7750  1.79859  1.21032  0.5280856  0.9498075
42.8250  1.79852  1.21036  0.5280726  0.9497496
42.8750  1.79846  1.21039  0.5280597  0.9496933
42.9250  1.79840  1.21043  0.5280470  0.9496385
42.9750  1.79834  1.21046  0.5280343  0.9495848
43.0250  1.79828  1.21049  0.5280218  0.9495323
43.0750  1.79823  1.21052  0.5280094  0.9494817
43.1250  1.79818  1.21055  0.5279973  0.9494328
43.1750  1.79813  1.21058  0.5279855  0.9493855
43.2250  1.79808  1.21061  0.5279738  0.9493393
43.2750  1.79803  1.21063  0.5279622  0.9492943
43.3250  1.79799  1.21066  0.5279509  0.9492505
43.3750  1.79795  1.21068  0.5279396  0.9492075
43.4250  1.79791  1.21070  0.5279282  0.9491655
43.4750  1.79787  1.21072  0.5279171  0.9491246
43.5250  1.79783  1.21074  0.5279062  0.9490854
43.5750  1.79779  1.21076  0.5278956  0.9490474
43.6250  1.79776  1.21078  0.5278852  0.9490104
43.6750  1.79773  1.21080  0.5278749  0.9489741
43.7250  1.79769  1.21082  0.5278646  0.9489382
43.7750  1.79766  1.21083  0.5278545  0.9489034
43.8250  1.79763  1.21085  0.5278444  0.9488696
43.8750  1.79760  1.21086  0.5278345  0.9488366
43.9250  1.79758  1.21088  0.5278247  0.9488047
43.9750  1.79755  1.21089  0.5278152  0.9487738
44.0250  1.79752  1.21090  0.5278058  0.9487439
44.0750  1.79750  1.21091  0.5277965  0.9487145
44.1250  1.79748  1.21093  0.5277873  0.9486856
44.1750  1.79745  1.21094  0.5277782  0.9486576
44.2250  1.79743  1.21095  0.5277693  0.9486297
44.2750  1.79741  1.21096  0.5277604  0.9486023
44.3250  1.79739  1.21097  0.5277516  0.9485754
44.3750  1.79737  1.21097  0.5277426  0.9485489
44.4250  1.79735  1.21098  0.5277337  0.9485228
44.4750  1.79733  1.21099  0.5277249  0.9484968
44.5250  1.79731  1.21100  0.5277160  0.9484715
44.5750  1.79730  1.21101  0.5277072  0.9484464
44.6250  1.79728  1.21101  0.5276983  0.9484218
44.6750  1.79726  1.21102  0.5276895  0.9483975
44.7250  1.79725  1.21103  0.5276807  0.9483734
44.7750  1.79723  1.21103  0.5276721  0.9483497
44.8250  1.79722  1.21104  0.5276634  0.9483265
44.8750  1.79721  1.21104  0.5276549  0.9483042
44.9250  1.79719  1.21105  0.5276467  0.9482827
44.9750  1.79718  1.21105  0.5276387  0.9482619
45.0250  1.79717  1.21106  0.5276309  0.9482415
45.0750  1.79716  1.21106  0.5276231  0.9482214
45.1250  1.79715  1.21107  0.5276154  0.9482015
45.1750  1.79713  1.21107  0.5276078  0.9481819
45.2250  1.79712  1.21107  0.5276003  0.9481627
45.2750  1.79711  1.21108  0.5275928  0.9481435
45.3250  1.79710  1.21108  0.5275853  0.9481246
45.3750  1.79709  1.21108  0.5275780  0.9481063
45.4250  1.79708  1.21109  0.5275708  0.9480883
45.4750  1.79707  1.21109  0.5275635  0.9480703
45.5250  1.79706  1.21109  0.5275562  0.9480522
45.5750  1.79705  1.21109  0.5275489  0.9480342
45.6250  1.79705  1.21110  0.5275418  0.9480167
45.6750  1.79704  1.21110  0.5275347  0.9479998
45.7250  1.79703  1.21110  0.5275278  0.9479834
45.7750  1.79702  1.21110  0.5275212  0.9479677
45.8250  1.79702  1.21111  0.5275146  0.9479519
45.8750  1.79701  1.21111  0.5275081  0.9479363
45.9250  1.79700  1.21111  0.5275016  0.9479210
45.9750  1.79699  1.21111  0.5274951  0.9479055
46.0250  1.79699  1.21111  0.5274888  0.9478903
46.0750  1.79698  1.21111  0.5274826  0.9478752
46.1250  1.79697  1.21112  0.5274763  0.9478601
46.1750  1.79697  1.21112  0.5274699  0.9478452
46.2250  1.79696  1.21112  0.5274637  0.9478303
46.2750  1.79695  1.21112  0.5274575  0.9478157
46.3250  1.79694  1.21112  0.5274514  0.9478010
46.3750  1.79694  1.21112  0.5274453  0.9477867
46.4250  1.79693  1.21113  0.5274392  0.9477725
46.4750  1.79693  1.21113  0.5274333  0.9477586
46.5250  1.79692  1.21113  0.5274274  0.9477447
46.5750  1.79691  1.21113  0.5274214  0.9477306
46.6250  1.79691  1.21113  0.5274155  0.9477168
46.6750  1.79690  1.21113  0.5274094  0.9477027
46.7250  1.79690  1.21113  0.5274034  0.9476888
46.7750  1.79689  1.21113  0.5273975  0.9476753
46.8250  1.79688  1.21113  0.5273917  0.9476618
46.8750  1.79688  1.21114  0.5273858  0.9476488
46.9250  1.79687  1.21114  0.5273800  0.9476357
46.9750  1.79687  1.21114  0.5273741  0.9476225
47.0250  1.79686  1.21114  0.5273682  0.9476093
47.0750  1.79686  1.21114  0.5273621  0.9475959
47.1250  1.79686  1.21114  0.5273560  0.9475827
47.1750  1.79685  1.21114  0.5273501  0.9475698
47.2250  1.79685  1.21114  0.5273442  0.9475570
47.2750  1.79684  1.21114  0.5273381  0.9475442
47.3250  1.79684  1.21114  0.5273320  0.9475314
47.3750  1.79684  1.21114  0.5273260  0.9475189
47.4250  1.79683  1.21114  0.5273199  0.9475065
47.4750  1.79683  1.21114  0.5273137  0.9474940
47.5250  1.79683  1.21114  0.5273076  0.9474819
47.5750  1.79683  1.21113  0.5273017  0.9474703
47.6250  1.79683  1.21113  0.5272956  0.9474586
47.6750  1.79683  1.21113  0.5272895  0.9474472
47.7250  1.79683  1.21113  0.5272834  0.9474362
47.7750  1.79683  1.21113  0.5272771  0.9474255
47.8250  1.79683  1.21112  0.5272707  0.9474148
47.8750  1.79683  1.21112  0.5272639  0.9474041
47.9250  1.79684  1.21111  0.5272567  0.9473938
47.9750  1.79684  1.21111  0.5272491  0.9473839
48.0250  1.79685  1.21110  0.5272409  0.9473742
48.0750  1.79687  1.21109  0.5272321  0.9473652
48.1250  1.79688  1.21107  0.5272226  0.9473571
48.1750  1.79690  1.21106  0.5272121  0.9473495
48.2250  1.79693  1.21104  0.5272005  0.9473428
48.2750  1.79696  1.21102  0.5271874  0.9473371
48.3250  1.79701  1.21099  0.5271726  0.9473324
48.3750  1.79706  1.21095  0.5271555  0.9473298
48.4250  1.79713  1.21091  0.5271355  0.9473285
48.4750  1.79721  1.21085  0.5271122  0.9473295
48.5250  1.79731  1.21078  0.5270848  0.9473334
48.5750  1.79743  1.21070  0.5270522  0.9473404
48.6250  1.79759  1.21060  0.5270132  0.9473515
48.6750  1.79778  1.21048  0.5269666  0.9473675
48.7250  1.79801  1.21032  0.5269107  0.9473903
48.7750  1.79830  1.21014  0.5268436  0.9474219
48.8250  1.79866  1.20990  0.5267640  0.9474689
48.8750  1.79913  1.20962  0.5266748  0.9475567
48.9250  1.79984  1.20928  0.5266044  0.9478053
48.9750  1.80139  1.20887  0.5267087  0.9488075
