      xx/10.          rhoa          temp           vel      vel*rhoa
         [-]           [-]           [-]           [-]           [-]
 1.02500E+00   2.38413E+00   8.99272E-01   5.56012E-01   1.32560E+00
 1.07500E+00   2.38409E+00   8.99283E-01   5.55889E-01   1.32529E+00
 1.12500E+00   2.38467E+00   8.99326E-01   5.55550E-01   1.32480E+00
 1.17500E+00   2.38563E+00   8.99386E-01   5.55079E-01   1.32421E+00
 1.22500E+00   2.38683E+00   8.99455E-01   5.54528E-01   1.32356E+00
 1.27500E+00   2.38816E+00   8.99528E-01   5.53934E-01   1.32289E+00
 1.32500E+00   2.38958E+00   8.99599E-01   5.53319E-01   1.32220E+00
 1.37500E+00   2.39103E+00   8.99667E-01   5.52696E-01   1.32151E+00
 1.42500E+00   2.39250E+00   8.99731E-01   5.52074E-01   1.32084E+00
 1.47500E+00   2.39397E+00   8.99789E-01   5.51461E-01   1.32018E+00
 1.52500E+00   2.39542E+00   8.99842E-01   5.50858E-01   1.31954E+00
 1.57500E+00   2.39686E+00   8.99887E-01   5.50269E-01   1.31892E+00
 1.62500E+00   2.39827E+00   8.99927E-01   5.49695E-01   1.31831E+00
 1.67500E+00   2.39965E+00   8.99960E-01   5.49136E-01   1.31773E+00
 1.72500E+00   2.40101E+00   8.99986E-01   5.48593E-01   1.31717E+00
 1.77500E+00   2.40233E+00   9.00007E-01   5.48066E-01   1.31664E+00
 1.82500E+00   2.40363E+00   9.00021E-01   5.47555E-01   1.31612E+00
 1.87500E+00   2.40491E+00   9.00029E-01   5.47059E-01   1.31563E+00
 1.92500E+00   2.40615E+00   9.00030E-01   5.46580E-01   1.31515E+00
 1.97500E+00   2.40736E+00   9.00027E-01   5.46116E-01   1.31470E+00
 2.02500E+00   2.40855E+00   9.00018E-01   5.45667E-01   1.31426E+00
 2.07500E+00   2.40970E+00   9.00004E-01   5.45233E-01   1.31385E+00
 2.12500E+00   2.41083E+00   8.99984E-01   5.44813E-01   1.31345E+00
 2.17500E+00   2.41193E+00   8.99960E-01   5.44408E-01   1.31307E+00
 2.22500E+00   2.41300E+00   8.99931E-01   5.44017E-01   1.31271E+00
 2.27500E+00   2.41405E+00   8.99897E-01   5.43639E-01   1.31237E+00
 2.32500E+00   2.41507E+00   8.99859E-01   5.43275E-01   1.31205E+00
 2.37500E+00   2.41607E+00   8.99817E-01   5.42923E-01   1.31174E+00
 2.42500E+00   2.41703E+00   8.99772E-01   5.42585E-01   1.31145E+00
 2.47500E+00   2.41798E+00   8.99722E-01   5.42258E-01   1.31117E+00
 2.52500E+00   2.41890E+00   8.99669E-01   5.41943E-01   1.31090E+00
 2.57500E+00   2.41979E+00   8.99613E-01   5.41639E-01   1.31065E+00
 2.62500E+00   2.42066E+00   8.99554E-01   5.41347E-01   1.31042E+00
 2.67500E+00   2.42151E+00   8.99492E-01   5.41066E-01   1.31020E+00
 2.72500E+00   2.42234E+00   8.99427E-01   5.40794E-01   1.30999E+00
 2.77500E+00   2.42314E+00   8.99360E-01   5.40533E-01   1.30979E+00
 2.82500E+00   2.42392E+00   8.99290E-01   5.40282E-01   1.30960E+00
 2.87500E+00   2.42468E+00   8.99219E-01   5.40040E-01   1.30943E+00
 2.92500E+00   2.42542E+00   8.99145E-01   5.39807E-01   1.30926E+00
 2.97500E+00   2.42614E+00   8.99070E-01   5.39583E-01   1.30910E+00
 3.02500E+00   2.42684E+00   8.98993E-01   5.39367E-01   1.30896E+00
 3.07500E+00   2.42752E+00   8.98914E-01   5.39159E-01   1.30882E+00
 3.12500E+00   2.42818E+00   8.98834E-01   5.38960E-01   1.30869E+00
 3.17500E+00   2.42882E+00   8.98754E-01   5.38768E-01   1.30857E+00
 3.22500E+00   2.42944E+00   8.98672E-01   5.38583E-01   1.30846E+00
 3.27500E+00   2.43005E+00   8.98589E-01   5.38405E-01   1.30835E+00
 3.32500E+00   2.43064E+00   8.98506E-01   5.38234E-01   1.30825E+00
 3.37500E+00   2.43121E+00   8.98422E-01   5.38070E-01   1.30816E+00
 3.42500E+00   2.43176E+00   8.98337E-01   5.37911E-01   1.30807E+00
 3.47500E+00   2.43230E+00   8.98252E-01   5.37759E-01   1.30799E+00
 3.52500E+00   2.43282E+00   8.98167E-01   5.37613E-01   1.30791E+00
 3.57500E+00   2.43332E+00   8.98082E-01   5.37472E-01   1.30784E+00
 3.62500E+00   2.43381E+00   8.97997E-01   5.37337E-01   1.30778E+00
 3.67500E+00   2.43429E+00   8.97912E-01   5.37207E-01   1.30772E+00
 3.72500E+00   2.43475E+00   8.97827E-01   5.37081E-01   1.30766E+00
 3.77500E+00   2.43519E+00   8.97742E-01   5.36961E-01   1.30760E+00
 3.82500E+00   2.43563E+00   8.97658E-01   5.36844E-01   1.30755E+00
 3.87500E+00   2.43604E+00   8.97574E-01   5.36732E-01   1.30750E+00
 3.92500E+00   2.43645E+00   8.97490E-01   5.36624E-01   1.30746E+00
 3.97500E+00   2.43684E+00   8.97408E-01   5.36520E-01   1.30741E+00
 4.02500E+00   2.43722E+00   8.97325E-01   5.36420E-01   1.30737E+00
 4.07500E+00   2.43759E+00   8.97244E-01   5.36324E-01   1.30734E+00
 4.12500E+00   2.43794E+00   8.97163E-01   5.36231E-01   1.30730E+00
 4.17500E+00   2.43828E+00   8.97083E-01   5.36142E-01   1.30727E+00
 4.22500E+00   2.43861E+00   8.97004E-01   5.36055E-01   1.30723E+00
 4.27500E+00   2.43894E+00   8.96926E-01   5.35972E-01   1.30720E+00
 4.32500E+00   2.43924E+00   8.96848E-01   5.35892E-01   1.30717E+00
 4.37500E+00   2.43954E+00   8.96772E-01   5.35814E-01   1.30714E+00
 4.42500E+00   2.43983E+00   8.96697E-01   5.35739E-01   1.30711E+00
 4.47500E+00   2.44011E+00   8.96622E-01   5.35667E-01   1.30708E+00
 4.52500E+00   2.44038E+00   8.96549E-01   5.35596E-01   1.30706E+00
 4.57500E+00   2.44064E+00   8.96477E-01   5.35529E-01   1.30703E+00
 4.62500E+00   2.44088E+00   8.96406E-01   5.35463E-01   1.30700E+00
 4.67500E+00   2.44112E+00   8.96335E-01   5.35400E-01   1.30698E+00
 4.72500E+00   2.44136E+00   8.96267E-01   5.35338E-01   1.30695E+00
 4.77500E+00   2.44158E+00   8.96199E-01   5.35279E-01   1.30693E+00
 4.82500E+00   2.44179E+00   8.96132E-01   5.35221E-01   1.30690E+00
 4.87500E+00   2.44200E+00   8.96067E-01   5.35166E-01   1.30687E+00
 4.92500E+00   2.44220E+00   8.96003E-01   5.35112E-01   1.30685E+00
 4.97500E+00   2.44239E+00   8.95940E-01   5.35059E-01   1.30682E+00
 5.02500E+00   2.44257E+00   8.95878E-01   5.35008E-01   1.30680E+00
 5.07500E+00   2.44275E+00   8.95817E-01   5.34958E-01   1.30677E+00
 5.12500E+00   2.44292E+00   8.95757E-01   5.34910E-01   1.30674E+00
 5.17500E+00   2.44308E+00   8.95699E-01   5.34863E-01   1.30671E+00
 5.22500E+00   2.44323E+00   8.95642E-01   5.34818E-01   1.30668E+00
 5.27500E+00   2.44338E+00   8.95586E-01   5.34773E-01   1.30666E+00
 5.32500E+00   2.44353E+00   8.95531E-01   5.34730E-01   1.30663E+00
 5.37500E+00   2.44366E+00   8.95478E-01   5.34687E-01   1.30660E+00
 5.42500E+00   2.44379E+00   8.95425E-01   5.34646E-01   1.30656E+00
 5.47500E+00   2.44392E+00   8.95374E-01   5.34606E-01   1.30653E+00
 5.52500E+00   2.44404E+00   8.95324E-01   5.34566E-01   1.30650E+00
 5.57500E+00   2.44415E+00   8.95275E-01   5.34528E-01   1.30647E+00
 5.62500E+00   2.44426E+00   8.95227E-01   5.34490E-01   1.30643E+00
 5.67500E+00   2.44437E+00   8.95180E-01   5.34453E-01   1.30640E+00
 5.72500E+00   2.44446E+00   8.95134E-01   5.34417E-01   1.30636E+00
 5.77500E+00   2.44456E+00   8.95089E-01   5.34382E-01   1.30633E+00
 5.82500E+00   2.44465E+00   8.95045E-01   5.34347E-01   1.30629E+00
 5.87500E+00   2.44473E+00   8.95003E-01   5.34313E-01   1.30625E+00
 5.92500E+00   2.44481E+00   8.94961E-01   5.34280E-01   1.30621E+00
 5.97500E+00   2.44489E+00   8.94920E-01   5.34247E-01   1.30618E+00
 6.02500E+00   2.44497E+00   8.94881E-01   5.34215E-01   1.30614E+00
 6.07500E+00   2.44503E+00   8.94842E-01   5.34183E-01   1.30610E+00
 6.12500E+00   2.44510E+00   8.94804E-01   5.34152E-01   1.30605E+00
 6.17500E+00   2.44516E+00   8.94768E-01   5.34121E-01   1.30601E+00
 6.22500E+00   2.44522E+00   8.94732E-01   5.34091E-01   1.30597E+00
 6.27500E+00   2.44528E+00   8.94697E-01   5.34061E-01   1.30593E+00
 6.32500E+00   2.44533E+00   8.94663E-01   5.34032E-01   1.30588E+00
 6.37500E+00   2.44538E+00   8.94630E-01   5.34002E-01   1.30584E+00
 6.42500E+00   2.44542E+00   8.94597E-01   5.33974E-01   1.30579E+00
 6.47500E+00   2.44546E+00   8.94566E-01   5.33946E-01   1.30575E+00
 6.52500E+00   2.44550E+00   8.94535E-01   5.33918E-01   1.30570E+00
 6.57500E+00   2.44554E+00   8.94505E-01   5.33891E-01   1.30565E+00
 6.62500E+00   2.44558E+00   8.94476E-01   5.33863E-01   1.30560E+00
 6.67500E+00   2.44561E+00   8.94448E-01   5.33836E-01   1.30555E+00
 6.72500E+00   2.44564E+00   8.94420E-01   5.33810E-01   1.30551E+00
 6.77500E+00   2.44567E+00   8.94393E-01   5.33783E-01   1.30546E+00
 6.82500E+00   2.44569E+00   8.94367E-01   5.33757E-01   1.30541E+00
 6.87500E+00   2.44571E+00   8.94341E-01   5.33731E-01   1.30535E+00
 6.92500E+00   2.44574E+00   8.94316E-01   5.33706E-01   1.30530E+00
 6.97500E+00   2.44576E+00   8.94292E-01   5.33680E-01   1.30525E+00
 7.02500E+00   2.44577E+00   8.94269E-01   5.33655E-01   1.30520E+00
 7.07500E+00   2.44579E+00   8.94246E-01   5.33630E-01   1.30515E+00
 7.12500E+00   2.44580E+00   8.94223E-01   5.33605E-01   1.30509E+00
 7.17500E+00   2.44581E+00   8.94202E-01   5.33580E-01   1.30504E+00
 7.22500E+00   2.44583E+00   8.94181E-01   5.33556E-01   1.30498E+00
 7.27500E+00   2.44584E+00   8.94160E-01   5.33532E-01   1.30493E+00
 7.32500E+00   2.44584E+00   8.94140E-01   5.33507E-01   1.30488E+00
 7.37500E+00   2.44585E+00   8.94121E-01   5.33484E-01   1.30482E+00
 7.42500E+00   2.44585E+00   8.94102E-01   5.33460E-01   1.30477E+00
 7.47500E+00   2.44586E+00   8.94084E-01   5.33436E-01   1.30471E+00
 7.52500E+00   2.44586E+00   8.94066E-01   5.33413E-01   1.30465E+00
 7.57500E+00   2.44586E+00   8.94048E-01   5.33390E-01   1.30460E+00
 7.62500E+00   2.44586E+00   8.94031E-01   5.33366E-01   1.30454E+00
 7.67500E+00   2.44586E+00   8.94015E-01   5.33343E-01   1.30448E+00
 7.72500E+00   2.44586E+00   8.93999E-01   5.33320E-01   1.30443E+00
 7.77500E+00   2.44586E+00   8.93983E-01   5.33297E-01   1.30437E+00
 7.82500E+00   2.44585E+00   8.93968E-01   5.33275E-01   1.30431E+00
 7.87500E+00   2.44585E+00   8.93953E-01   5.33252E-01   1.30425E+00
 7.92500E+00   2.44584E+00   8.93938E-01   5.33230E-01   1.30420E+00
 7.97500E+00   2.44584E+00   8.93924E-01   5.33207E-01   1.30414E+00
 8.02500E+00   2.44583E+00   8.93911E-01   5.33185E-01   1.30408E+00
 8.07500E+00   2.44582E+00   8.93898E-01   5.33164E-01   1.30402E+00
 8.12500E+00   2.44582E+00   8.93885E-01   5.33142E-01   1.30397E+00
 8.17500E+00   2.44581E+00   8.93872E-01   5.33121E-01   1.30391E+00
 8.22500E+00   2.44580E+00   8.93859E-01   5.33099E-01   1.30385E+00
 8.27500E+00   2.44579E+00   8.93847E-01   5.33078E-01   1.30380E+00
 8.32500E+00   2.44578E+00   8.93836E-01   5.33057E-01   1.30374E+00
 8.37500E+00   2.44577E+00   8.93824E-01   5.33036E-01   1.30368E+00
 8.42500E+00   2.44576E+00   8.93813E-01   5.33015E-01   1.30363E+00
 8.47500E+00   2.44575E+00   8.93803E-01   5.32994E-01   1.30357E+00
 8.52500E+00   2.44573E+00   8.93792E-01   5.32973E-01   1.30351E+00
 8.57500E+00   2.44572E+00   8.93782E-01   5.32953E-01   1.30345E+00
 8.62500E+00   2.44571E+00   8.93772E-01   5.32932E-01   1.30340E+00
 8.67500E+00   2.44570E+00   8.93762E-01   5.32912E-01   1.30334E+00
 8.72500E+00   2.44568E+00   8.93753E-01   5.32892E-01   1.30329E+00
 8.77500E+00   2.44567E+00   8.93744E-01   5.32872E-01   1.30323E+00
 8.82500E+00   2.44566E+00   8.93735E-01   5.32852E-01   1.30317E+00
 8.87500E+00   2.44564E+00   8.93726E-01   5.32832E-01   1.30312E+00
 8.92500E+00   2.44562E+00   8.93718E-01   5.32813E-01   1.30306E+00
 8.97500E+00   2.44561E+00   8.93709E-01   5.32793E-01   1.30300E+00
 9.02500E+00   2.44559E+00   8.93701E-01   5.32773E-01   1.30295E+00
 9.07500E+00   2.44558E+00   8.93693E-01   5.32753E-01   1.30289E+00
 9.12500E+00   2.44556E+00   8.93685E-01   5.32734E-01   1.30283E+00
 9.17500E+00   2.44554E+00   8.93678E-01   5.32715E-01   1.30278E+00
 9.22500E+00   2.44553E+00   8.93670E-01   5.32695E-01   1.30272E+00
 9.27500E+00   2.44551E+00   8.93663E-01   5.32676E-01   1.30267E+00
 9.32500E+00   2.44550E+00   8.93656E-01   5.32658E-01   1.30261E+00
 9.37500E+00   2.44548E+00   8.93649E-01   5.32639E-01   1.30256E+00
 9.42500E+00   2.44547E+00   8.93642E-01   5.32621E-01   1.30251E+00
 9.47500E+00   2.44545E+00   8.93636E-01   5.32602E-01   1.30245E+00
 9.52500E+00   2.44544E+00   8.93629E-01   5.32584E-01   1.30240E+00
 9.57500E+00   2.44542E+00   8.93623E-01   5.32565E-01   1.30235E+00
 9.62500E+00   2.44541E+00   8.93617E-01   5.32547E-01   1.30229E+00
 9.67500E+00   2.44539E+00   8.93611E-01   5.32529E-01   1.30224E+00
 9.72500E+00   2.44538E+00   8.93605E-01   5.32511E-01   1.30219E+00
 9.77500E+00   2.44536E+00   8.93600E-01   5.32494E-01   1.30214E+00
 9.82500E+00   2.44535E+00   8.93594E-01   5.32476E-01   1.30209E+00
 9.87500E+00   2.44533E+00   8.93589E-01   5.32459E-01   1.30204E+00
 9.92500E+00   2.44532E+00   8.93583E-01   5.32442E-01   1.30199E+00
 9.97500E+00   2.44530E+00   8.93578E-01   5.32425E-01   1.30194E+00
 1.00250E+01   2.44528E+00   8.93573E-01   5.32408E-01   1.30189E+00
 1.00750E+01   2.44527E+00   8.93568E-01   5.32390E-01   1.30184E+00
 1.01250E+01   2.44525E+00   8.93563E-01   5.32373E-01   1.30179E+00
 1.01750E+01   2.44524E+00   8.93559E-01   5.32357E-01   1.30174E+00
 1.02250E+01   2.44522E+00   8.93554E-01   5.32340E-01   1.30169E+00
 1.02750E+01   2.44521E+00   8.93549E-01   5.32323E-01   1.30164E+00
 1.03250E+01   2.44519E+00   8.93545E-01   5.32306E-01   1.30159E+00
 1.03750E+01   2.44518E+00   8.93541E-01   5.32290E-01   1.30154E+00
 1.04250E+01   2.44517E+00   8.93536E-01   5.32273E-01   1.30150E+00
 1.04750E+01   2.44515E+00   8.93532E-01   5.32257E-01   1.30145E+00
 1.05250E+01   2.44514E+00   8.93528E-01   5.32240E-01   1.30140E+00
 1.05750E+01   2.44513E+00   8.93524E-01   5.32224E-01   1.30136E+00
 1.06250E+01   2.44511E+00   8.93520E-01   5.32208E-01   1.30131E+00
 1.06750E+01   2.44510E+00   8.93517E-01   5.32191E-01   1.30126E+00
 1.07250E+01   2.44509E+00   8.93513E-01   5.32175E-01   1.30121E+00
 1.07750E+01   2.44507E+00   8.93510E-01   5.32158E-01   1.30117E+00
 1.08250E+01   2.44506E+00   8.93506E-01   5.32142E-01   1.30112E+00
 1.08750E+01   2.44505E+00   8.93503E-01   5.32126E-01   1.30107E+00
 1.09250E+01   2.44504E+00   8.93500E-01   5.32110E-01   1.30103E+00
 1.09750E+01   2.44502E+00   8.93497E-01   5.32093E-01   1.30098E+00
 1.10250E+01   2.44501E+00   8.93494E-01   5.32077E-01   1.30094E+00
 1.10750E+01   2.44500E+00   8.93490E-01   5.32061E-01   1.30089E+00
 1.11250E+01   2.44499E+00   8.93488E-01   5.32045E-01   1.30085E+00
 1.11750E+01   2.44498E+00   8.93485E-01   5.32029E-01   1.30080E+00
 1.12250E+01   2.44497E+00   8.93482E-01   5.32013E-01   1.30076E+00
 1.12750E+01   2.44496E+00   8.93479E-01   5.31998E-01   1.30071E+00
 1.13250E+01   2.44495E+00   8.93476E-01   5.31982E-01   1.30067E+00
 1.13750E+01   2.44494E+00   8.93473E-01   5.31967E-01   1.30063E+00
 1.14250E+01   2.44493E+00   8.93471E-01   5.31951E-01   1.30058E+00
 1.14750E+01   2.44492E+00   8.93468E-01   5.31936E-01   1.30054E+00
 1.15250E+01   2.44491E+00   8.93466E-01   5.31920E-01   1.30050E+00
 1.15750E+01   2.44491E+00   8.93463E-01   5.31905E-01   1.30046E+00
 1.16250E+01   2.44490E+00   8.93461E-01   5.31890E-01   1.30042E+00
 1.16750E+01   2.44489E+00   8.93458E-01   5.31875E-01   1.30038E+00
 1.17250E+01   2.44488E+00   8.93456E-01   5.31859E-01   1.30034E+00
 1.17750E+01   2.44488E+00   8.93454E-01   5.31844E-01   1.30029E+00
 1.18250E+01   2.44487E+00   8.93452E-01   5.31829E-01   1.30025E+00
 1.18750E+01   2.44487E+00   8.93450E-01   5.31813E-01   1.30021E+00
 1.19250E+01   2.44486E+00   8.93448E-01   5.31798E-01   1.30017E+00
 1.19750E+01   2.44486E+00   8.93446E-01   5.31783E-01   1.30013E+00
 1.20250E+01   2.44485E+00   8.93444E-01   5.31767E-01   1.30009E+00
 1.20750E+01   2.44485E+00   8.93442E-01   5.31752E-01   1.30005E+00
 1.21250E+01   2.44485E+00   8.93440E-01   5.31736E-01   1.30001E+00
 1.21750E+01   2.44484E+00   8.93438E-01   5.31721E-01   1.29997E+00
 1.22250E+01   2.44484E+00   8.93436E-01   5.31705E-01   1.29993E+00
 1.22750E+01   2.44484E+00   8.93435E-01   5.31690E-01   1.29990E+00
 1.23250E+01   2.44484E+00   8.93433E-01   5.31675E-01   1.29986E+00
 1.23750E+01   2.44483E+00   8.93432E-01   5.31660E-01   1.29982E+00
 1.24250E+01   2.44483E+00   8.93430E-01   5.31644E-01   1.29978E+00
 1.24750E+01   2.44483E+00   8.93429E-01   5.31629E-01   1.29974E+00
 1.25250E+01   2.44483E+00   8.93428E-01   5.31613E-01   1.29971E+00
 1.25750E+01   2.44483E+00   8.93427E-01   5.31598E-01   1.29967E+00
 1.26250E+01   2.44483E+00   8.93426E-01   5.31582E-01   1.29963E+00
 1.26750E+01   2.44484E+00   8.93424E-01   5.31567E-01   1.29959E+00
 1.27250E+01   2.44484E+00   8.93423E-01   5.31551E-01   1.29956E+00
 1.27750E+01   2.44484E+00   8.93422E-01   5.31536E-01   1.29952E+00
 1.28250E+01   2.44484E+00   8.93422E-01   5.31520E-01   1.29948E+00
 1.28750E+01   2.44485E+00   8.93421E-01   5.31505E-01   1.29945E+00
 1.29250E+01   2.44485E+00   8.93420E-01   5.31489E-01   1.29941E+00
 1.29750E+01   2.44486E+00   8.93420E-01   5.31473E-01   1.29938E+00
 1.30250E+01   2.44486E+00   8.93419E-01   5.31457E-01   1.29934E+00
 1.30750E+01   2.44486E+00   8.93418E-01   5.31442E-01   1.29930E+00
 1.31250E+01   2.44487E+00   8.93418E-01   5.31426E-01   1.29927E+00
 1.31750E+01   2.44488E+00   8.93418E-01   5.31410E-01   1.29923E+00
 1.32250E+01   2.44488E+00   8.93418E-01   5.31394E-01   1.29920E+00
 1.32750E+01   2.44489E+00   8.93418E-01   5.31377E-01   1.29916E+00
 1.33250E+01   2.44490E+00   8.93417E-01   5.31361E-01   1.29912E+00
 1.33750E+01   2.44491E+00   8.93417E-01   5.31345E-01   1.29909E+00
 1.34250E+01   2.44492E+00   8.93417E-01   5.31328E-01   1.29905E+00
 1.34750E+01   2.44493E+00   8.93417E-01   5.31312E-01   1.29902E+00
 1.35250E+01   2.44494E+00   8.93417E-01   5.31296E-01   1.29898E+00
 1.35750E+01   2.44495E+00   8.93417E-01   5.31279E-01   1.29895E+00
 1.36250E+01   2.44496E+00   8.93418E-01   5.31262E-01   1.29891E+00
 1.36750E+01   2.44497E+00   8.93418E-01   5.31246E-01   1.29888E+00
 1.37250E+01   2.44498E+00   8.93419E-01   5.31229E-01   1.29885E+00
 1.37750E+01   2.44500E+00   8.93419E-01   5.31211E-01   1.29881E+00
 1.38250E+01   2.44501E+00   8.93420E-01   5.31195E-01   1.29878E+00
 1.38750E+01   2.44502E+00   8.93420E-01   5.31177E-01   1.29874E+00
 1.39250E+01   2.44504E+00   8.93421E-01   5.31160E-01   1.29871E+00
 1.39750E+01   2.44505E+00   8.93422E-01   5.31143E-01   1.29867E+00
 1.40250E+01   2.44507E+00   8.93422E-01   5.31125E-01   1.29864E+00
 1.40750E+01   2.44508E+00   8.93423E-01   5.31107E-01   1.29860E+00
 1.41250E+01   2.44510E+00   8.93424E-01   5.31089E-01   1.29857E+00
 1.41750E+01   2.44512E+00   8.93425E-01   5.31071E-01   1.29853E+00
 1.42250E+01   2.44514E+00   8.93426E-01   5.31052E-01   1.29850E+00
 1.42750E+01   2.44516E+00   8.93427E-01   5.31034E-01   1.29846E+00
 1.43250E+01   2.44517E+00   8.93428E-01   5.31015E-01   1.29842E+00
 1.43750E+01   2.44519E+00   8.93429E-01   5.30997E-01   1.29839E+00
 1.44250E+01   2.44521E+00   8.93430E-01   5.30978E-01   1.29835E+00
 1.44750E+01   2.44523E+00   8.93431E-01   5.30959E-01   1.29832E+00
 1.45250E+01   2.44525E+00   8.93433E-01   5.30940E-01   1.29828E+00
 1.45750E+01   2.44528E+00   8.93434E-01   5.30920E-01   1.29825E+00
 1.46250E+01   2.44530E+00   8.93435E-01   5.30901E-01   1.29821E+00
 1.46750E+01   2.44532E+00   8.93437E-01   5.30881E-01   1.29818E+00
 1.47250E+01   2.44535E+00   8.93439E-01   5.30861E-01   1.29814E+00
 1.47750E+01   2.44537E+00   8.93440E-01   5.30841E-01   1.29810E+00
 1.48250E+01   2.44540E+00   8.93442E-01   5.30821E-01   1.29807E+00
 1.48750E+01   2.44542E+00   8.93444E-01   5.30801E-01   1.29803E+00
 1.49250E+01   2.44545E+00   8.93445E-01   5.30780E-01   1.29800E+00
 1.49750E+01   2.44548E+00   8.93447E-01   5.30760E-01   1.29796E+00
 1.50250E+01   2.44550E+00   8.93449E-01   5.30739E-01   1.29792E+00
 1.50750E+01   2.44553E+00   8.93452E-01   5.30718E-01   1.29789E+00
 1.51250E+01   2.44556E+00   8.93454E-01   5.30697E-01   1.29785E+00
 1.51750E+01   2.44559E+00   8.93456E-01   5.30675E-01   1.29782E+00
 1.52250E+01   2.44562E+00   8.93458E-01   5.30654E-01   1.29778E+00
 1.52750E+01   2.44566E+00   8.93461E-01   5.30632E-01   1.29774E+00
 1.53250E+01   2.44569E+00   8.93463E-01   5.30610E-01   1.29771E+00
 1.53750E+01   2.44572E+00   8.93466E-01   5.30589E-01   1.29767E+00
 1.54250E+01   2.44575E+00   8.93468E-01   5.30566E-01   1.29763E+00
 1.54750E+01   2.44579E+00   8.93471E-01   5.30544E-01   1.29760E+00
 1.55250E+01   2.44582E+00   8.93473E-01   5.30521E-01   1.29756E+00
 1.55750E+01   2.44586E+00   8.93476E-01   5.30498E-01   1.29752E+00
 1.56250E+01   2.44590E+00   8.93479E-01   5.30475E-01   1.29749E+00
 1.56750E+01   2.44594E+00   8.93482E-01   5.30452E-01   1.29745E+00
 1.57250E+01   2.44597E+00   8.93485E-01   5.30428E-01   1.29741E+00
 1.57750E+01   2.44601E+00   8.93488E-01   5.30404E-01   1.29738E+00
 1.58250E+01   2.44605E+00   8.93492E-01   5.30380E-01   1.29734E+00
 1.58750E+01   2.44610E+00   8.93495E-01   5.30356E-01   1.29730E+00
 1.59250E+01   2.44614E+00   8.93498E-01   5.30331E-01   1.29726E+00
 1.59750E+01   2.44618E+00   8.93502E-01   5.30306E-01   1.29722E+00
 1.60250E+01   2.44623E+00   8.93506E-01   5.30281E-01   1.29719E+00
 1.60750E+01   2.44627E+00   8.93510E-01   5.30255E-01   1.29715E+00
 1.61250E+01   2.44632E+00   8.93513E-01   5.30229E-01   1.29711E+00
 1.61750E+01   2.44636E+00   8.93517E-01   5.30203E-01   1.29707E+00
 1.62250E+01   2.44641E+00   8.93521E-01   5.30176E-01   1.29703E+00
 1.62750E+01   2.44646E+00   8.93525E-01   5.30150E-01   1.29699E+00
 1.63250E+01   2.44651E+00   8.93530E-01   5.30123E-01   1.29695E+00
 1.63750E+01   2.44656E+00   8.93534E-01   5.30095E-01   1.29691E+00
 1.64250E+01   2.44661E+00   8.93538E-01   5.30068E-01   1.29687E+00
 1.64750E+01   2.44666E+00   8.93543E-01   5.30040E-01   1.29683E+00
 1.65250E+01   2.44672E+00   8.93547E-01   5.30011E-01   1.29679E+00
 1.65750E+01   2.44677E+00   8.93552E-01   5.29982E-01   1.29674E+00
 1.66250E+01   2.44682E+00   8.93557E-01   5.29953E-01   1.29670E+00
 1.66750E+01   2.44688E+00   8.93562E-01   5.29924E-01   1.29666E+00
 1.67250E+01   2.44694E+00   8.93567E-01   5.29894E-01   1.29662E+00
 1.67750E+01   2.44700E+00   8.93572E-01   5.29863E-01   1.29657E+00
 1.68250E+01   2.44705E+00   8.93578E-01   5.29832E-01   1.29653E+00
 1.68750E+01   2.44711E+00   8.93583E-01   5.29801E-01   1.29648E+00
 1.69250E+01   2.44718E+00   8.93589E-01   5.29769E-01   1.29644E+00
 1.69750E+01   2.44724E+00   8.93595E-01   5.29737E-01   1.29639E+00
 1.70250E+01   2.44730E+00   8.93600E-01   5.29705E-01   1.29635E+00
 1.70750E+01   2.44737E+00   8.93606E-01   5.29672E-01   1.29630E+00
 1.71250E+01   2.44743E+00   8.93612E-01   5.29639E-01   1.29626E+00
 1.71750E+01   2.44750E+00   8.93619E-01   5.29606E-01   1.29621E+00
 1.72250E+01   2.44757E+00   8.93625E-01   5.29572E-01   1.29616E+00
 1.72750E+01   2.44764E+00   8.93631E-01   5.29537E-01   1.29612E+00
 1.73250E+01   2.44771E+00   8.93638E-01   5.29502E-01   1.29607E+00
 1.73750E+01   2.44778E+00   8.93644E-01   5.29467E-01   1.29602E+00
 1.74250E+01   2.44785E+00   8.93651E-01   5.29431E-01   1.29597E+00
 1.74750E+01   2.44793E+00   8.93658E-01   5.29394E-01   1.29592E+00
 1.75250E+01   2.44800E+00   8.93665E-01   5.29358E-01   1.29587E+00
 1.75750E+01   2.44808E+00   8.93673E-01   5.29320E-01   1.29582E+00
 1.76250E+01   2.44816E+00   8.93680E-01   5.29282E-01   1.29577E+00
 1.76750E+01   2.44824E+00   8.93687E-01   5.29244E-01   1.29571E+00
 1.77250E+01   2.44832E+00   8.93695E-01   5.29205E-01   1.29566E+00
 1.77750E+01   2.44840E+00   8.93703E-01   5.29166E-01   1.29561E+00
 1.78250E+01   2.44848E+00   8.93711E-01   5.29126E-01   1.29555E+00
 1.78750E+01   2.44857E+00   8.93719E-01   5.29085E-01   1.29550E+00
 1.79250E+01   2.44865E+00   8.93727E-01   5.29044E-01   1.29545E+00
 1.79750E+01   2.44874E+00   8.93736E-01   5.29002E-01   1.29539E+00
 1.80250E+01   2.44883E+00   8.93744E-01   5.28960E-01   1.29533E+00
 1.80750E+01   2.44892E+00   8.93753E-01   5.28917E-01   1.29528E+00
 1.81250E+01   2.44901E+00   8.93762E-01   5.28874E-01   1.29522E+00
 1.81750E+01   2.44911E+00   8.93771E-01   5.28829E-01   1.29516E+00
 1.82250E+01   2.44920E+00   8.93780E-01   5.28785E-01   1.29510E+00
 1.82750E+01   2.44930E+00   8.93790E-01   5.28739E-01   1.29504E+00
 1.83250E+01   2.44940E+00   8.93799E-01   5.28693E-01   1.29498E+00
 1.83750E+01   2.44950E+00   8.93809E-01   5.28646E-01   1.29492E+00
 1.84250E+01   2.44960E+00   8.93819E-01   5.28599E-01   1.29485E+00
 1.84750E+01   2.44970E+00   8.93829E-01   5.28551E-01   1.29479E+00
 1.85250E+01   2.44980E+00   8.93839E-01   5.28502E-01   1.29473E+00
 1.85750E+01   2.44991E+00   8.93850E-01   5.28452E-01   1.29466E+00
 1.86250E+01   2.45002E+00   8.93860E-01   5.28402E-01   1.29460E+00
 1.86750E+01   2.45013E+00   8.93871E-01   5.28352E-01   1.29453E+00
 1.87250E+01   2.45024E+00   8.93882E-01   5.28300E-01   1.29446E+00
 1.87750E+01   2.45035E+00   8.93893E-01   5.28248E-01   1.29439E+00
 1.88250E+01   2.45046E+00   8.93905E-01   5.28195E-01   1.29432E+00
 1.88750E+01   2.45058E+00   8.93916E-01   5.28141E-01   1.29425E+00
 1.89250E+01   2.45070E+00   8.93928E-01   5.28087E-01   1.29418E+00
 1.89750E+01   2.45082E+00   8.93940E-01   5.28031E-01   1.29411E+00
 1.90250E+01   2.45094E+00   8.93952E-01   5.27975E-01   1.29404E+00
 1.90750E+01   2.45106E+00   8.93964E-01   5.27919E-01   1.29396E+00
 1.91250E+01   2.45119E+00   8.93977E-01   5.27861E-01   1.29389E+00
 1.91750E+01   2.45131E+00   8.93989E-01   5.27803E-01   1.29381E+00
 1.92250E+01   2.45144E+00   8.94002E-01   5.27743E-01   1.29373E+00
 1.92750E+01   2.45157E+00   8.94015E-01   5.27683E-01   1.29365E+00
 1.93250E+01   2.45171E+00   8.94028E-01   5.27623E-01   1.29358E+00
 1.93750E+01   2.45184E+00   8.94042E-01   5.27561E-01   1.29350E+00
 1.94250E+01   2.45198E+00   8.94056E-01   5.27498E-01   1.29341E+00
 1.94750E+01   2.45212E+00   8.94069E-01   5.27435E-01   1.29333E+00
 1.95250E+01   2.45226E+00   8.94083E-01   5.27371E-01   1.29325E+00
 1.95750E+01   2.45240E+00   8.94098E-01   5.27306E-01   1.29316E+00
 1.96250E+01   2.45254E+00   8.94112E-01   5.27240E-01   1.29308E+00
 1.96750E+01   2.45269E+00   8.94127E-01   5.27173E-01   1.29299E+00
 1.97250E+01   2.45284E+00   8.94142E-01   5.27106E-01   1.29291E+00
 1.97750E+01   2.45299E+00   8.94157E-01   5.27037E-01   1.29282E+00
 1.98250E+01   2.45314E+00   8.94173E-01   5.26967E-01   1.29273E+00
 1.98750E+01   2.45330E+00   8.94188E-01   5.26897E-01   1.29264E+00
 1.99250E+01   2.45346E+00   8.94204E-01   5.26826E-01   1.29254E+00
 1.99750E+01   2.45362E+00   8.94220E-01   5.26754E-01   1.29245E+00
 2.00250E+01   2.45378E+00   8.94237E-01   5.26680E-01   1.29236E+00
 2.00750E+01   2.45395E+00   8.94253E-01   5.26606E-01   1.29226E+00
 2.01250E+01   2.45411E+00   8.94270E-01   5.26531E-01   1.29217E+00
 2.01750E+01   2.45428E+00   8.94287E-01   5.26455E-01   1.29207E+00
 2.02250E+01   2.45445E+00   8.94304E-01   5.26378E-01   1.29197E+00
 2.02750E+01   2.45463E+00   8.94322E-01   5.26300E-01   1.29187E+00
 2.03250E+01   2.45480E+00   8.94339E-01   5.26221E-01   1.29177E+00
 2.03750E+01   2.45498E+00   8.94358E-01   5.26141E-01   1.29167E+00
 2.04250E+01   2.45516E+00   8.94376E-01   5.26060E-01   1.29156E+00
 2.04750E+01   2.45535E+00   8.94395E-01   5.25978E-01   1.29146E+00
 2.05250E+01   2.45553E+00   8.94413E-01   5.25895E-01   1.29135E+00
 2.05750E+01   2.45572E+00   8.94433E-01   5.25811E-01   1.29124E+00
 2.06250E+01   2.45591E+00   8.94452E-01   5.25726E-01   1.29113E+00
 2.06750E+01   2.45610E+00   8.94471E-01   5.25639E-01   1.29102E+00
 2.07250E+01   2.45630E+00   8.94491E-01   5.25552E-01   1.29091E+00
 2.07750E+01   2.45650E+00   8.94512E-01   5.25464E-01   1.29080E+00
 2.08250E+01   2.45670E+00   8.94532E-01   5.25375E-01   1.29069E+00
 2.08750E+01   2.45690E+00   8.94552E-01   5.25284E-01   1.29057E+00
 2.09250E+01   2.45711E+00   8.94573E-01   5.25193E-01   1.29045E+00
 2.09750E+01   2.45731E+00   8.94594E-01   5.25100E-01   1.29034E+00
 2.10250E+01   2.45753E+00   8.94616E-01   5.25007E-01   1.29022E+00
 2.10750E+01   2.45774E+00   8.94637E-01   5.24912E-01   1.29010E+00
 2.11250E+01   2.45795E+00   8.94659E-01   5.24816E-01   1.28997E+00
 2.11750E+01   2.45817E+00   8.94682E-01   5.24719E-01   1.28985E+00
 2.12250E+01   2.45840E+00   8.94704E-01   5.24621E-01   1.28973E+00
 2.12750E+01   2.45862E+00   8.94727E-01   5.24522E-01   1.28960E+00
 2.13250E+01   2.45885E+00   8.94750E-01   5.24422E-01   1.28947E+00
 2.13750E+01   2.45907E+00   8.94774E-01   5.24320E-01   1.28934E+00
 2.14250E+01   2.45931E+00   8.94797E-01   5.24217E-01   1.28921E+00
 2.14750E+01   2.45954E+00   8.94821E-01   5.24114E-01   1.28908E+00
 2.15250E+01   2.45978E+00   8.94845E-01   5.24009E-01   1.28895E+00
 2.15750E+01   2.46002E+00   8.94870E-01   5.23903E-01   1.28881E+00
 2.16250E+01   2.46026E+00   8.94895E-01   5.23795E-01   1.28867E+00
 2.16750E+01   2.46051E+00   8.94920E-01   5.23687E-01   1.28854E+00
 2.17250E+01   2.46076E+00   8.94945E-01   5.23577E-01   1.28840E+00
 2.17750E+01   2.46101E+00   8.94971E-01   5.23467E-01   1.28825E+00
 2.18250E+01   2.46126E+00   8.94997E-01   5.23355E-01   1.28811E+00
 2.18750E+01   2.46152E+00   8.95023E-01   5.23242E-01   1.28797E+00
 2.19250E+01   2.46178E+00   8.95050E-01   5.23127E-01   1.28782E+00
 2.19750E+01   2.46204E+00   8.95076E-01   5.23012E-01   1.28768E+00
 2.20250E+01   2.46231E+00   8.95103E-01   5.22895E-01   1.28753E+00
 2.20750E+01   2.46257E+00   8.95131E-01   5.22777E-01   1.28738E+00
 2.21250E+01   2.46284E+00   8.95159E-01   5.22658E-01   1.28723E+00
 2.21750E+01   2.46312E+00   8.95187E-01   5.22538E-01   1.28707E+00
 2.22250E+01   2.46339E+00   8.95215E-01   5.22417E-01   1.28692E+00
 2.22750E+01   2.46367E+00   8.95243E-01   5.22294E-01   1.28676E+00
 2.23250E+01   2.46396E+00   8.95272E-01   5.22171E-01   1.28661E+00
 2.23750E+01   2.46424E+00   8.95301E-01   5.22046E-01   1.28645E+00
 2.24250E+01   2.46453E+00   8.95331E-01   5.21920E-01   1.28629E+00
 2.24750E+01   2.46482E+00   8.95361E-01   5.21792E-01   1.28612E+00
 2.25250E+01   2.46511E+00   8.95391E-01   5.21663E-01   1.28596E+00
 2.25750E+01   2.46541E+00   8.95421E-01   5.21533E-01   1.28579E+00
 2.26250E+01   2.46571E+00   8.95451E-01   5.21403E-01   1.28563E+00
 2.26750E+01   2.46601E+00   8.95482E-01   5.21270E-01   1.28546E+00
 2.27250E+01   2.46631E+00   8.95513E-01   5.21137E-01   1.28529E+00
 2.27750E+01   2.46662E+00   8.95545E-01   5.21003E-01   1.28512E+00
 2.28250E+01   2.46693E+00   8.95576E-01   5.20867E-01   1.28494E+00
 2.28750E+01   2.46724E+00   8.95608E-01   5.20731E-01   1.28477E+00
 2.29250E+01   2.46756E+00   8.95641E-01   5.20593E-01   1.28459E+00
 2.29750E+01   2.46788E+00   8.95673E-01   5.20454E-01   1.28441E+00
 2.30250E+01   2.46820E+00   8.95706E-01   5.20313E-01   1.28423E+00
 2.30750E+01   2.46852E+00   8.95739E-01   5.20172E-01   1.28405E+00
 2.31250E+01   2.46885E+00   8.95773E-01   5.20029E-01   1.28387E+00
 2.31750E+01   2.46918E+00   8.95806E-01   5.19885E-01   1.28369E+00
 2.32250E+01   2.46951E+00   8.95841E-01   5.19740E-01   1.28350E+00
 2.32750E+01   2.46984E+00   8.95875E-01   5.19594E-01   1.28332E+00
 2.33250E+01   2.47018E+00   8.95909E-01   5.19447E-01   1.28313E+00
 2.33750E+01   2.47052E+00   8.95944E-01   5.19298E-01   1.28294E+00
 2.34250E+01   2.47086E+00   8.95979E-01   5.19149E-01   1.28274E+00
 2.34750E+01   2.47121E+00   8.96014E-01   5.18998E-01   1.28255E+00
 2.35250E+01   2.47155E+00   8.96050E-01   5.18847E-01   1.28236E+00
 2.35750E+01   2.47190E+00   8.96086E-01   5.18694E-01   1.28216E+00
 2.36250E+01   2.47226E+00   8.96122E-01   5.18540E-01   1.28196E+00
 2.36750E+01   2.47261E+00   8.96158E-01   5.18385E-01   1.28176E+00
 2.37250E+01   2.47297E+00   8.96194E-01   5.18229E-01   1.28156E+00
 2.37750E+01   2.47333E+00   8.96231E-01   5.18072E-01   1.28136E+00
 2.38250E+01   2.47369E+00   8.96268E-01   5.17914E-01   1.28116E+00
 2.38750E+01   2.47406E+00   8.96306E-01   5.17756E-01   1.28096E+00
 2.39250E+01   2.47442E+00   8.96343E-01   5.17595E-01   1.28075E+00
 2.39750E+01   2.47479E+00   8.96381E-01   5.17434E-01   1.28054E+00
 2.40250E+01   2.47517E+00   8.96419E-01   5.17272E-01   1.28034E+00
 2.40750E+01   2.47554E+00   8.96457E-01   5.17110E-01   1.28013E+00
 2.41250E+01   2.47592E+00   8.96496E-01   5.16946E-01   1.27991E+00
 2.41750E+01   2.47630E+00   8.96535E-01   5.16781E-01   1.27970E+00
 2.42250E+01   2.47668E+00   8.96573E-01   5.16615E-01   1.27949E+00
 2.42750E+01   2.47706E+00   8.96613E-01   5.16448E-01   1.27927E+00
 2.43250E+01   2.47745E+00   8.96652E-01   5.16281E-01   1.27906E+00
 2.43750E+01   2.47784E+00   8.96692E-01   5.16112E-01   1.27884E+00
 2.44250E+01   2.47823E+00   8.96731E-01   5.15943E-01   1.27862E+00
 2.44750E+01   2.47862E+00   8.96772E-01   5.15773E-01   1.27840E+00
 2.45250E+01   2.47901E+00   8.96812E-01   5.15602E-01   1.27818E+00
 2.45750E+01   2.47941E+00   8.96852E-01   5.15430E-01   1.27796E+00
 2.46250E+01   2.47980E+00   8.96893E-01   5.15257E-01   1.27774E+00
 2.46750E+01   2.48020E+00   8.96934E-01   5.15084E-01   1.27751E+00
 2.47250E+01   2.48060E+00   8.96975E-01   5.14910E-01   1.27729E+00
 2.47750E+01   2.48101E+00   8.97016E-01   5.14735E-01   1.27706E+00
 2.48250E+01   2.48141E+00   8.97057E-01   5.14559E-01   1.27683E+00
 2.48750E+01   2.48182E+00   8.97099E-01   5.14383E-01   1.27661E+00
 2.49250E+01   2.48223E+00   8.97141E-01   5.14206E-01   1.27638E+00
 2.49750E+01   2.48264E+00   8.97182E-01   5.14029E-01   1.27615E+00
 2.50250E+01   2.48305E+00   8.97224E-01   5.13850E-01   1.27592E+00
 2.50750E+01   2.48346E+00   8.97266E-01   5.13672E-01   1.27568E+00
 2.51250E+01   2.48388E+00   8.97309E-01   5.13492E-01   1.27545E+00
 2.51750E+01   2.48429E+00   8.97351E-01   5.13312E-01   1.27522E+00
 2.52250E+01   2.48471E+00   8.97393E-01   5.13132E-01   1.27498E+00
 2.52750E+01   2.48513E+00   8.97436E-01   5.12950E-01   1.27475E+00
 2.53250E+01   2.48555E+00   8.97478E-01   5.12769E-01   1.27451E+00
 2.53750E+01   2.48597E+00   8.97521E-01   5.12586E-01   1.27427E+00
 2.54250E+01   2.48639E+00   8.97564E-01   5.12404E-01   1.27404E+00
 2.54750E+01   2.48682E+00   8.97607E-01   5.12221E-01   1.27380E+00
 2.55250E+01   2.48724E+00   8.97651E-01   5.12037E-01   1.27356E+00
 2.55750E+01   2.48767E+00   8.97694E-01   5.11853E-01   1.27332E+00
 2.56250E+01   2.48809E+00   8.97737E-01   5.11669E-01   1.27308E+00
 2.56750E+01   2.48852E+00   8.97781E-01   5.11485E-01   1.27284E+00
 2.57250E+01   2.48895E+00   8.97824E-01   5.11300E-01   1.27260E+00
 2.57750E+01   2.48938E+00   8.97868E-01   5.11115E-01   1.27236E+00
 2.58250E+01   2.48980E+00   8.97912E-01   5.10929E-01   1.27211E+00
 2.58750E+01   2.49024E+00   8.97955E-01   5.10744E-01   1.27187E+00
 2.59250E+01   2.49067E+00   8.97999E-01   5.10558E-01   1.27163E+00
 2.59750E+01   2.49110E+00   8.98043E-01   5.10372E-01   1.27139E+00
 2.60250E+01   2.49153E+00   8.98086E-01   5.10186E-01   1.27114E+00
 2.60750E+01   2.49196E+00   8.98130E-01   5.09999E-01   1.27090E+00
 2.61250E+01   2.49239E+00   8.98174E-01   5.09813E-01   1.27065E+00
 2.61750E+01   2.49283E+00   8.98218E-01   5.09626E-01   1.27041E+00
 2.62250E+01   2.49326E+00   8.98262E-01   5.09439E-01   1.27016E+00
 2.62750E+01   2.49370E+00   8.98305E-01   5.09252E-01   1.26992E+00
 2.63250E+01   2.49413E+00   8.98349E-01   5.09064E-01   1.26967E+00
 2.63750E+01   2.49457E+00   8.98393E-01   5.08877E-01   1.26943E+00
 2.64250E+01   2.49500E+00   8.98437E-01   5.08690E-01   1.26918E+00
 2.64750E+01   2.49544E+00   8.98481E-01   5.08503E-01   1.26894E+00
 2.65250E+01   2.49587E+00   8.98525E-01   5.08316E-01   1.26869E+00
 2.65750E+01   2.49631E+00   8.98570E-01   5.08128E-01   1.26844E+00
 2.66250E+01   2.49674E+00   8.98614E-01   5.07941E-01   1.26820E+00
 2.66750E+01   2.49718E+00   8.98658E-01   5.07754E-01   1.26795E+00
 2.67250E+01   2.49761E+00   8.98702E-01   5.07567E-01   1.26771E+00
 2.67750E+01   2.49805E+00   8.98746E-01   5.07380E-01   1.26746E+00
 2.68250E+01   2.49848E+00   8.98789E-01   5.07193E-01   1.26721E+00
 2.68750E+01   2.49892E+00   8.98833E-01   5.07006E-01   1.26697E+00
 2.69250E+01   2.49935E+00   8.98877E-01   5.06820E-01   1.26672E+00
 2.69750E+01   2.49978E+00   8.98920E-01   5.06633E-01   1.26647E+00
 2.70250E+01   2.50022E+00   8.98964E-01   5.06447E-01   1.26623E+00
 2.70750E+01   2.50065E+00   8.99008E-01   5.06261E-01   1.26598E+00
 2.71250E+01   2.50108E+00   8.99051E-01   5.06076E-01   1.26574E+00
 2.71750E+01   2.50151E+00   8.99095E-01   5.05891E-01   1.26549E+00
 2.72250E+01   2.50194E+00   8.99138E-01   5.05706E-01   1.26525E+00
 2.72750E+01   2.50237E+00   8.99181E-01   5.05522E-01   1.26500E+00
 2.73250E+01   2.50280E+00   8.99225E-01   5.05338E-01   1.26476E+00
 2.73750E+01   2.50323E+00   8.99267E-01   5.05155E-01   1.26452E+00
 2.74250E+01   2.50366E+00   8.99310E-01   5.04972E-01   1.26428E+00
 2.74750E+01   2.50408E+00   8.99353E-01   5.04790E-01   1.26403E+00
 2.75250E+01   2.50451E+00   8.99396E-01   5.04608E-01   1.26379E+00
 2.75750E+01   2.50493E+00   8.99438E-01   5.04426E-01   1.26355E+00
 2.76250E+01   2.50535E+00   8.99481E-01   5.04245E-01   1.26331E+00
 2.76750E+01   2.50578E+00   8.99523E-01   5.04065E-01   1.26307E+00
 2.77250E+01   2.50620E+00   8.99565E-01   5.03885E-01   1.26283E+00
 2.77750E+01   2.50661E+00   8.99607E-01   5.03706E-01   1.26260E+00
 2.78250E+01   2.50703E+00   8.99649E-01   5.03528E-01   1.26236E+00
 2.78750E+01   2.50745E+00   8.99691E-01   5.03350E-01   1.26212E+00
 2.79250E+01   2.50786E+00   8.99732E-01   5.03173E-01   1.26189E+00
 2.79750E+01   2.50828E+00   8.99774E-01   5.02996E-01   1.26165E+00
 2.80250E+01   2.50869E+00   8.99815E-01   5.02820E-01   1.26142E+00
 2.80750E+01   2.50910E+00   8.99856E-01   5.02645E-01   1.26119E+00
 2.81250E+01   2.50950E+00   8.99897E-01   5.02471E-01   1.26095E+00
 2.81750E+01   2.50991E+00   8.99938E-01   5.02297E-01   1.26072E+00
 2.82250E+01   2.51032E+00   8.99978E-01   5.02124E-01   1.26049E+00
 2.82750E+01   2.51072E+00   9.00018E-01   5.01952E-01   1.26026E+00
 2.83250E+01   2.51112E+00   9.00058E-01   5.01781E-01   1.26003E+00
 2.83750E+01   2.51152E+00   9.00098E-01   5.01610E-01   1.25981E+00
 2.84250E+01   2.51192E+00   9.00138E-01   5.01441E-01   1.25958E+00
 2.84750E+01   2.51231E+00   9.00177E-01   5.01272E-01   1.25935E+00
 2.85250E+01   2.51271E+00   9.00216E-01   5.01104E-01   1.25913E+00
 2.85750E+01   2.51310E+00   9.00255E-01   5.00937E-01   1.25891E+00
 2.86250E+01   2.51349E+00   9.00294E-01   5.00771E-01   1.25868E+00
 2.86750E+01   2.51388E+00   9.00333E-01   5.00606E-01   1.25846E+00
 2.87250E+01   2.51426E+00   9.00371E-01   5.00442E-01   1.25824E+00
 2.87750E+01   2.51465E+00   9.00409E-01   5.00279E-01   1.25802E+00
 2.88250E+01   2.51503E+00   9.00447E-01   5.00116E-01   1.25781E+00
 2.88750E+01   2.51541E+00   9.00484E-01   4.99955E-01   1.25759E+00
 2.89250E+01   2.51578E+00   9.00522E-01   4.99795E-01   1.25738E+00
 2.89750E+01   2.51616E+00   9.00559E-01   4.99635E-01   1.25716E+00
 2.90250E+01   2.51653E+00   9.00596E-01   4.99477E-01   1.25695E+00
 2.90750E+01   2.51690E+00   9.00632E-01   4.99319E-01   1.25674E+00
 2.91250E+01   2.51727E+00   9.00669E-01   4.99163E-01   1.25653E+00
 2.91750E+01   2.51763E+00   9.00705E-01   4.99007E-01   1.25632E+00
 2.92250E+01   2.51800E+00   9.00741E-01   4.98853E-01   1.25611E+00
 2.92750E+01   2.51836E+00   9.00777E-01   4.98700E-01   1.25590E+00
 2.93250E+01   2.51872E+00   9.00812E-01   4.98548E-01   1.25570E+00
 2.93750E+01   2.51907E+00   9.00847E-01   4.98397E-01   1.25550E+00
 2.94250E+01   2.51942E+00   9.00882E-01   4.98247E-01   1.25529E+00
 2.94750E+01   2.51977E+00   9.00917E-01   4.98098E-01   1.25509E+00
 2.95250E+01   2.52012E+00   9.00952E-01   4.97950E-01   1.25489E+00
 2.95750E+01   2.52047E+00   9.00986E-01   4.97803E-01   1.25470E+00
 2.96250E+01   2.52081E+00   9.01020E-01   4.97658E-01   1.25450E+00
 2.96750E+01   2.52115E+00   9.01053E-01   4.97513E-01   1.25431E+00
 2.97250E+01   2.52149E+00   9.01087E-01   4.97370E-01   1.25411E+00
 2.97750E+01   2.52183E+00   9.01120E-01   4.97228E-01   1.25392E+00
 2.98250E+01   2.52216E+00   9.01152E-01   4.97087E-01   1.25373E+00
 2.98750E+01   2.52249E+00   9.01185E-01   4.96947E-01   1.25354E+00
 2.99250E+01   2.52282E+00   9.01217E-01   4.96808E-01   1.25335E+00
 2.99750E+01   2.52314E+00   9.01249E-01   4.96670E-01   1.25317E+00
 3.00250E+01   2.52346E+00   9.01281E-01   4.96533E-01   1.25298E+00
 3.00750E+01   2.52378E+00   9.01312E-01   4.96398E-01   1.25280E+00
 3.01250E+01   2.52410E+00   9.01344E-01   4.96264E-01   1.25262E+00
 3.01750E+01   2.52442E+00   9.01374E-01   4.96131E-01   1.25244E+00
 3.02250E+01   2.52473E+00   9.01405E-01   4.95999E-01   1.25226E+00
 3.02750E+01   2.52504E+00   9.01435E-01   4.95868E-01   1.25209E+00
 3.03250E+01   2.52534E+00   9.01465E-01   4.95739E-01   1.25191E+00
 3.03750E+01   2.52565E+00   9.01495E-01   4.95610E-01   1.25174E+00
 3.04250E+01   2.52595E+00   9.01524E-01   4.95483E-01   1.25157E+00
 3.04750E+01   2.52625E+00   9.01554E-01   4.95357E-01   1.25139E+00
 3.05250E+01   2.52654E+00   9.01583E-01   4.95232E-01   1.25123E+00
 3.05750E+01   2.52684E+00   9.01611E-01   4.95109E-01   1.25106E+00
 3.06250E+01   2.52713E+00   9.01639E-01   4.94986E-01   1.25089E+00
 3.06750E+01   2.52741E+00   9.01667E-01   4.94865E-01   1.25073E+00
 3.07250E+01   2.52770E+00   9.01695E-01   4.94745E-01   1.25057E+00
 3.07750E+01   2.52798E+00   9.01722E-01   4.94626E-01   1.25040E+00
 3.08250E+01   2.52826E+00   9.01749E-01   4.94508E-01   1.25024E+00
 3.08750E+01   2.52854E+00   9.01776E-01   4.94391E-01   1.25009E+00
 3.09250E+01   2.52881E+00   9.01803E-01   4.94276E-01   1.24993E+00
 3.09750E+01   2.52908E+00   9.01829E-01   4.94161E-01   1.24977E+00
 3.10250E+01   2.52935E+00   9.01855E-01   4.94049E-01   1.24962E+00
 3.10750E+01   2.52961E+00   9.01881E-01   4.93937E-01   1.24947E+00
 3.11250E+01   2.52988E+00   9.01906E-01   4.93826E-01   1.24932E+00
 3.11750E+01   2.53014E+00   9.01931E-01   4.93716E-01   1.24917E+00
 3.12250E+01   2.53039E+00   9.01956E-01   4.93608E-01   1.24902E+00
 3.12750E+01   2.53065E+00   9.01981E-01   4.93501E-01   1.24888E+00
 3.13250E+01   2.53090E+00   9.02005E-01   4.93395E-01   1.24873E+00
 3.13750E+01   2.53115E+00   9.02029E-01   4.93290E-01   1.24859E+00
 3.14250E+01   2.53140E+00   9.02053E-01   4.93186E-01   1.24845E+00
 3.14750E+01   2.53164E+00   9.02077E-01   4.93084E-01   1.24831E+00
 3.15250E+01   2.53188E+00   9.02100E-01   4.92982E-01   1.24817E+00
 3.15750E+01   2.53212E+00   9.02123E-01   4.92882E-01   1.24804E+00
 3.16250E+01   2.53235E+00   9.02146E-01   4.92783E-01   1.24790E+00
 3.16750E+01   2.53259E+00   9.02169E-01   4.92685E-01   1.24777E+00
 3.17250E+01   2.53282E+00   9.02191E-01   4.92589E-01   1.24764E+00
 3.17750E+01   2.53304E+00   9.02213E-01   4.92493E-01   1.24751E+00
 3.18250E+01   2.53327E+00   9.02234E-01   4.92398E-01   1.24738E+00
 3.18750E+01   2.53349E+00   9.02256E-01   4.92305E-01   1.24725E+00
 3.19250E+01   2.53371E+00   9.02277E-01   4.92213E-01   1.24712E+00
 3.19750E+01   2.53393E+00   9.02298E-01   4.92122E-01   1.24700E+00
 3.20250E+01   2.53414E+00   9.02319E-01   4.92031E-01   1.24688E+00
 3.20750E+01   2.53435E+00   9.02339E-01   4.91942E-01   1.24676E+00
 3.21250E+01   2.53456E+00   9.02359E-01   4.91854E-01   1.24664E+00
 3.21750E+01   2.53477E+00   9.02379E-01   4.91768E-01   1.24652E+00
 3.22250E+01   2.53497E+00   9.02399E-01   4.91682E-01   1.24640E+00
 3.22750E+01   2.53518E+00   9.02418E-01   4.91597E-01   1.24628E+00
 3.23250E+01   2.53538E+00   9.02437E-01   4.91513E-01   1.24617E+00
 3.23750E+01   2.53557E+00   9.02456E-01   4.91431E-01   1.24606E+00
 3.24250E+01   2.53577E+00   9.02474E-01   4.91349E-01   1.24595E+00
 3.24750E+01   2.53596E+00   9.02493E-01   4.91269E-01   1.24584E+00
 3.25250E+01   2.53615E+00   9.02511E-01   4.91189E-01   1.24573E+00
 3.25750E+01   2.53634E+00   9.02529E-01   4.91111E-01   1.24562E+00
 3.26250E+01   2.53652E+00   9.02546E-01   4.91034E-01   1.24552E+00
 3.26750E+01   2.53670E+00   9.02564E-01   4.90957E-01   1.24541E+00
 3.27250E+01   2.53688E+00   9.02581E-01   4.90882E-01   1.24531E+00
 3.27750E+01   2.53706E+00   9.02598E-01   4.90807E-01   1.24521E+00
 3.28250E+01   2.53724E+00   9.02614E-01   4.90734E-01   1.24511E+00
 3.28750E+01   2.53741E+00   9.02631E-01   4.90661E-01   1.24501E+00
 3.29250E+01   2.53758E+00   9.02647E-01   4.90590E-01   1.24491E+00
 3.29750E+01   2.53775E+00   9.02663E-01   4.90519E-01   1.24482E+00
 3.30250E+01   2.53792E+00   9.02678E-01   4.90449E-01   1.24472E+00
 3.30750E+01   2.53808E+00   9.02694E-01   4.90381E-01   1.24463E+00
 3.31250E+01   2.53824E+00   9.02709E-01   4.90313E-01   1.24453E+00
 3.31750E+01   2.53840E+00   9.02725E-01   4.90246E-01   1.24444E+00
 3.32250E+01   2.53856E+00   9.02739E-01   4.90180E-01   1.24435E+00
 3.32750E+01   2.53871E+00   9.02754E-01   4.90115E-01   1.24426E+00
 3.33250E+01   2.53887E+00   9.02768E-01   4.90051E-01   1.24417E+00
 3.33750E+01   2.53902E+00   9.02783E-01   4.89988E-01   1.24409E+00
 3.34250E+01   2.53917E+00   9.02797E-01   4.89926E-01   1.24400E+00
 3.34750E+01   2.53931E+00   9.02810E-01   4.89864E-01   1.24392E+00
 3.35250E+01   2.53946E+00   9.02824E-01   4.89804E-01   1.24384E+00
 3.35750E+01   2.53960E+00   9.02837E-01   4.89744E-01   1.24375E+00
 3.36250E+01   2.53974E+00   9.02850E-01   4.89686E-01   1.24367E+00
 3.36750E+01   2.53988E+00   9.02863E-01   4.89628E-01   1.24360E+00
 3.37250E+01   2.54002E+00   9.02876E-01   4.89571E-01   1.24352E+00
 3.37750E+01   2.54015E+00   9.02889E-01   4.89515E-01   1.24344E+00
 3.38250E+01   2.54028E+00   9.02901E-01   4.89459E-01   1.24336E+00
 3.38750E+01   2.54041E+00   9.02913E-01   4.89405E-01   1.24329E+00
 3.39250E+01   2.54054E+00   9.02925E-01   4.89351E-01   1.24322E+00
 3.39750E+01   2.54067E+00   9.02937E-01   4.89298E-01   1.24314E+00
 3.40250E+01   2.54079E+00   9.02949E-01   4.89246E-01   1.24307E+00
 3.40750E+01   2.54092E+00   9.02960E-01   4.89195E-01   1.24300E+00
 3.41250E+01   2.54104E+00   9.02971E-01   4.89144E-01   1.24293E+00
 3.41750E+01   2.54116E+00   9.02982E-01   4.89094E-01   1.24287E+00
 3.42250E+01   2.54127E+00   9.02993E-01   4.89046E-01   1.24280E+00
 3.42750E+01   2.54139E+00   9.03004E-01   4.88998E-01   1.24273E+00
 3.43250E+01   2.54150E+00   9.03014E-01   4.88950E-01   1.24267E+00
 3.43750E+01   2.54161E+00   9.03025E-01   4.88904E-01   1.24260E+00
 3.44250E+01   2.54172E+00   9.03035E-01   4.88858E-01   1.24254E+00
 3.44750E+01   2.54183E+00   9.03045E-01   4.88813E-01   1.24248E+00
 3.45250E+01   2.54194E+00   9.03055E-01   4.88768E-01   1.24242E+00
 3.45750E+01   2.54204E+00   9.03064E-01   4.88725E-01   1.24236E+00
 3.46250E+01   2.54215E+00   9.03074E-01   4.88682E-01   1.24230E+00
 3.46750E+01   2.54225E+00   9.03083E-01   4.88639E-01   1.24224E+00
 3.47250E+01   2.54235E+00   9.03092E-01   4.88598E-01   1.24219E+00
 3.47750E+01   2.54245E+00   9.03101E-01   4.88557E-01   1.24213E+00
 3.48250E+01   2.54254E+00   9.03110E-01   4.88517E-01   1.24208E+00
 3.48750E+01   2.54264E+00   9.03118E-01   4.88477E-01   1.24202E+00
 3.49250E+01   2.54274E+00   9.03127E-01   4.88438E-01   1.24197E+00
 3.49750E+01   2.54283E+00   9.03135E-01   4.88400E-01   1.24192E+00
 3.50250E+01   2.54292E+00   9.03143E-01   4.88362E-01   1.24186E+00
 3.50750E+01   2.54301E+00   9.03151E-01   4.88325E-01   1.24181E+00
 3.51250E+01   2.54310E+00   9.03158E-01   4.88288E-01   1.24176E+00
 3.51750E+01   2.54318E+00   9.03166E-01   4.88252E-01   1.24171E+00
 3.52250E+01   2.54327E+00   9.03173E-01   4.88217E-01   1.24167E+00
 3.52750E+01   2.54335E+00   9.03181E-01   4.88182E-01   1.24162E+00
 3.53250E+01   2.54343E+00   9.03188E-01   4.88148E-01   1.24157E+00
 3.53750E+01   2.54351E+00   9.03195E-01   4.88114E-01   1.24153E+00
 3.54250E+01   2.54359E+00   9.03202E-01   4.88082E-01   1.24148E+00
 3.54750E+01   2.54367E+00   9.03209E-01   4.88049E-01   1.24144E+00
 3.55250E+01   2.54375E+00   9.03216E-01   4.88017E-01   1.24139E+00
 3.55750E+01   2.54382E+00   9.03222E-01   4.87986E-01   1.24135E+00
 3.56250E+01   2.54390E+00   9.03228E-01   4.87955E-01   1.24131E+00
 3.56750E+01   2.54397E+00   9.03235E-01   4.87925E-01   1.24127E+00
 3.57250E+01   2.54404E+00   9.03241E-01   4.87896E-01   1.24123E+00
 3.57750E+01   2.54411E+00   9.03247E-01   4.87867E-01   1.24119E+00
 3.58250E+01   2.54418E+00   9.03253E-01   4.87838E-01   1.24115E+00
 3.58750E+01   2.54425E+00   9.03259E-01   4.87810E-01   1.24111E+00
 3.59250E+01   2.54432E+00   9.03264E-01   4.87782E-01   1.24107E+00
 3.59750E+01   2.54438E+00   9.03270E-01   4.87755E-01   1.24104E+00
 3.60250E+01   2.54445E+00   9.03275E-01   4.87728E-01   1.24100E+00
 3.60750E+01   2.54451E+00   9.03280E-01   4.87702E-01   1.24096E+00
 3.61250E+01   2.54458E+00   9.03286E-01   4.87677E-01   1.24093E+00
 3.61750E+01   2.54464E+00   9.03291E-01   4.87651E-01   1.24090E+00
 3.62250E+01   2.54470E+00   9.03296E-01   4.87627E-01   1.24086E+00
 3.62750E+01   2.54476E+00   9.03300E-01   4.87602E-01   1.24083E+00
 3.63250E+01   2.54481E+00   9.03305E-01   4.87578E-01   1.24080E+00
 3.63750E+01   2.54487E+00   9.03310E-01   4.87555E-01   1.24076E+00
 3.64250E+01   2.54493E+00   9.03314E-01   4.87532E-01   1.24073E+00
 3.64750E+01   2.54498E+00   9.03319E-01   4.87509E-01   1.24070E+00
 3.65250E+01   2.54504E+00   9.03323E-01   4.87487E-01   1.24067E+00
 3.65750E+01   2.54509E+00   9.03327E-01   4.87466E-01   1.24064E+00
 3.66250E+01   2.54514E+00   9.03331E-01   4.87445E-01   1.24062E+00
 3.66750E+01   2.54519E+00   9.03335E-01   4.87424E-01   1.24059E+00
 3.67250E+01   2.54524E+00   9.03339E-01   4.87403E-01   1.24056E+00
 3.67750E+01   2.54529E+00   9.03343E-01   4.87383E-01   1.24053E+00
 3.68250E+01   2.54534E+00   9.03346E-01   4.87364E-01   1.24051E+00
 3.68750E+01   2.54539E+00   9.03350E-01   4.87345E-01   1.24048E+00
 3.69250E+01   2.54543E+00   9.03354E-01   4.87326E-01   1.24046E+00
 3.69750E+01   2.54548E+00   9.03357E-01   4.87307E-01   1.24043E+00
 3.70250E+01   2.54552E+00   9.03361E-01   4.87289E-01   1.24041E+00
 3.70750E+01   2.54557E+00   9.03364E-01   4.87272E-01   1.24038E+00
 3.71250E+01   2.54561E+00   9.03367E-01   4.87254E-01   1.24036E+00
 3.71750E+01   2.54565E+00   9.03370E-01   4.87237E-01   1.24034E+00
 3.72250E+01   2.54569E+00   9.03373E-01   4.87221E-01   1.24031E+00
 3.72750E+01   2.54573E+00   9.03376E-01   4.87204E-01   1.24029E+00
 3.73250E+01   2.54577E+00   9.03379E-01   4.87188E-01   1.24027E+00
 3.73750E+01   2.54581E+00   9.03381E-01   4.87173E-01   1.24025E+00
 3.74250E+01   2.54585E+00   9.03384E-01   4.87158E-01   1.24023E+00
 3.74750E+01   2.54589E+00   9.03386E-01   4.87142E-01   1.24021E+00
 3.75250E+01   2.54592E+00   9.03389E-01   4.87128E-01   1.24019E+00
 3.75750E+01   2.54596E+00   9.03391E-01   4.87113E-01   1.24017E+00
 3.76250E+01   2.54599E+00   9.03394E-01   4.87099E-01   1.24015E+00
 3.76750E+01   2.54603E+00   9.03396E-01   4.87085E-01   1.24013E+00
 3.77250E+01   2.54606E+00   9.03399E-01   4.87072E-01   1.24011E+00
 3.77750E+01   2.54609E+00   9.03401E-01   4.87059E-01   1.24010E+00
 3.78250E+01   2.54613E+00   9.03403E-01   4.87046E-01   1.24008E+00
 3.78750E+01   2.54616E+00   9.03405E-01   4.87033E-01   1.24006E+00
 3.79250E+01   2.54619E+00   9.03407E-01   4.87021E-01   1.24005E+00
 3.79750E+01   2.54622E+00   9.03409E-01   4.87008E-01   1.24003E+00
 3.80250E+01   2.54625E+00   9.03411E-01   4.86996E-01   1.24001E+00
 3.80750E+01   2.54628E+00   9.03413E-01   4.86984E-01   1.24000E+00
 3.81250E+01   2.54631E+00   9.03415E-01   4.86973E-01   1.23998E+00
 3.81750E+01   2.54633E+00   9.03417E-01   4.86962E-01   1.23997E+00
 3.82250E+01   2.54636E+00   9.03418E-01   4.86951E-01   1.23995E+00
 3.82750E+01   2.54639E+00   9.03420E-01   4.86940E-01   1.23994E+00
 3.83250E+01   2.54642E+00   9.03422E-01   4.86930E-01   1.23993E+00
 3.83750E+01   2.54644E+00   9.03423E-01   4.86920E-01   1.23991E+00
 3.84250E+01   2.54646E+00   9.03424E-01   4.86910E-01   1.23990E+00
 3.84750E+01   2.54649E+00   9.03426E-01   4.86901E-01   1.23989E+00
 3.85250E+01   2.54651E+00   9.03427E-01   4.86891E-01   1.23987E+00
 3.85750E+01   2.54654E+00   9.03428E-01   4.86882E-01   1.23986E+00
 3.86250E+01   2.54656E+00   9.03429E-01   4.86873E-01   1.23985E+00
 3.86750E+01   2.54658E+00   9.03431E-01   4.86864E-01   1.23984E+00
 3.87250E+01   2.54660E+00   9.03432E-01   4.86855E-01   1.23983E+00
 3.87750E+01   2.54662E+00   9.03433E-01   4.86847E-01   1.23982E+00
 3.88250E+01   2.54665E+00   9.03433E-01   4.86839E-01   1.23981E+00
 3.88750E+01   2.54667E+00   9.03434E-01   4.86832E-01   1.23980E+00
 3.89250E+01   2.54668E+00   9.03435E-01   4.86824E-01   1.23979E+00
 3.89750E+01   2.54670E+00   9.03436E-01   4.86817E-01   1.23978E+00
 3.90250E+01   2.54672E+00   9.03436E-01   4.86811E-01   1.23977E+00
 3.90750E+01   2.54674E+00   9.03437E-01   4.86804E-01   1.23976E+00
 3.91250E+01   2.54676E+00   9.03437E-01   4.86798E-01   1.23976E+00
 3.91750E+01   2.54677E+00   9.03437E-01   4.86792E-01   1.23975E+00
 3.92250E+01   2.54679E+00   9.03437E-01   4.86786E-01   1.23974E+00
 3.92750E+01   2.54680E+00   9.03438E-01   4.86781E-01   1.23973E+00
 3.93250E+01   2.54681E+00   9.03438E-01   4.86775E-01   1.23973E+00
 3.93750E+01   2.54683E+00   9.03439E-01   4.86769E-01   1.23972E+00
 3.94250E+01   2.54684E+00   9.03439E-01   4.86764E-01   1.23971E+00
 3.94750E+01   2.54686E+00   9.03439E-01   4.86758E-01   1.23970E+00
 3.95250E+01   2.54687E+00   9.03439E-01   4.86752E-01   1.23970E+00
 3.95750E+01   2.54689E+00   9.03439E-01   4.86746E-01   1.23969E+00
 3.96250E+01   2.54690E+00   9.03440E-01   4.86741E-01   1.23968E+00
 3.96750E+01   2.54692E+00   9.03440E-01   4.86735E-01   1.23967E+00
 3.97250E+01   2.54693E+00   9.03440E-01   4.86730E-01   1.23967E+00
 3.97750E+01   2.54695E+00   9.03440E-01   4.86724E-01   1.23966E+00
 3.98250E+01   2.54696E+00   9.03440E-01   4.86718E-01   1.23965E+00
 3.98750E+01   2.54698E+00   9.03441E-01   4.86712E-01   1.23964E+00
 3.99250E+01   2.54699E+00   9.03441E-01   4.86707E-01   1.23964E+00
 3.99750E+01   2.54700E+00   9.03441E-01   4.86701E-01   1.23963E+00
 4.00250E+01   2.54702E+00   9.03441E-01   4.86695E-01   1.23962E+00
 4.00750E+01   2.54703E+00   9.03442E-01   4.86689E-01   1.23961E+00
 4.01250E+01   2.54705E+00   9.03442E-01   4.86684E-01   1.23961E+00
 4.01750E+01   2.54706E+00   9.03443E-01   4.86678E-01   1.23960E+00
 4.02250E+01   2.54708E+00   9.03443E-01   4.86672E-01   1.23959E+00
 4.02750E+01   2.54709E+00   9.03443E-01   4.86666E-01   1.23958E+00
 4.03250E+01   2.54711E+00   9.03444E-01   4.86661E-01   1.23958E+00
 4.03750E+01   2.54712E+00   9.03444E-01   4.86655E-01   1.23957E+00
 4.04250E+01   2.54714E+00   9.03444E-01   4.86649E-01   1.23956E+00
 4.04750E+01   2.54715E+00   9.03444E-01   4.86644E-01   1.23955E+00
 4.05250E+01   2.54716E+00   9.03445E-01   4.86638E-01   1.23955E+00
 4.05750E+01   2.54718E+00   9.03445E-01   4.86632E-01   1.23954E+00
 4.06250E+01   2.54719E+00   9.03445E-01   4.86626E-01   1.23953E+00
 4.06750E+01   2.54721E+00   9.03446E-01   4.86621E-01   1.23952E+00
 4.07250E+01   2.54722E+00   9.03446E-01   4.86615E-01   1.23952E+00
 4.07750E+01   2.54724E+00   9.03446E-01   4.86609E-01   1.23951E+00
 4.08250E+01   2.54725E+00   9.03446E-01   4.86604E-01   1.23950E+00
 4.08750E+01   2.54727E+00   9.03446E-01   4.86598E-01   1.23950E+00
 4.09250E+01   2.54728E+00   9.03446E-01   4.86592E-01   1.23949E+00
 4.09750E+01   2.54730E+00   9.03447E-01   4.86587E-01   1.23948E+00
 4.10250E+01   2.54731E+00   9.03447E-01   4.86581E-01   1.23947E+00
 4.10750E+01   2.54732E+00   9.03447E-01   4.86576E-01   1.23947E+00
 4.11250E+01   2.54734E+00   9.03447E-01   4.86571E-01   1.23946E+00
 4.11750E+01   2.54735E+00   9.03447E-01   4.86567E-01   1.23946E+00
 4.12250E+01   2.54736E+00   9.03447E-01   4.86562E-01   1.23945E+00
 4.12750E+01   2.54737E+00   9.03448E-01   4.86558E-01   1.23944E+00
 4.13250E+01   2.54738E+00   9.03448E-01   4.86554E-01   1.23944E+00
 4.13750E+01   2.54739E+00   9.03447E-01   4.86551E-01   1.23944E+00
 4.14250E+01   2.54740E+00   9.03447E-01   4.86547E-01   1.23943E+00
 4.14750E+01   2.54741E+00   9.03447E-01   4.86544E-01   1.23943E+00
 4.15250E+01   2.54742E+00   9.03446E-01   4.86541E-01   1.23943E+00
 4.15750E+01   2.54743E+00   9.03446E-01   4.86538E-01   1.23942E+00
 4.16250E+01   2.54744E+00   9.03446E-01   4.86535E-01   1.23942E+00
 4.16750E+01   2.54745E+00   9.03446E-01   4.86531E-01   1.23941E+00
 4.17250E+01   2.54746E+00   9.03445E-01   4.86528E-01   1.23941E+00
 4.17750E+01   2.54747E+00   9.03445E-01   4.86525E-01   1.23941E+00
 4.18250E+01   2.54748E+00   9.03445E-01   4.86522E-01   1.23940E+00
 4.18750E+01   2.54748E+00   9.03444E-01   4.86519E-01   1.23940E+00
 4.19250E+01   2.54749E+00   9.03444E-01   4.86516E-01   1.23940E+00
 4.19750E+01   2.54750E+00   9.03444E-01   4.86514E-01   1.23939E+00
 4.20250E+01   2.54751E+00   9.03444E-01   4.86511E-01   1.23939E+00
 4.20750E+01   2.54752E+00   9.03443E-01   4.86508E-01   1.23939E+00
 4.21250E+01   2.54753E+00   9.03443E-01   4.86506E-01   1.23939E+00
 4.21750E+01   2.54753E+00   9.03442E-01   4.86504E-01   1.23939E+00
 4.22250E+01   2.54754E+00   9.03442E-01   4.86502E-01   1.23938E+00
 4.22750E+01   2.54755E+00   9.03442E-01   4.86500E-01   1.23938E+00
 4.23250E+01   2.54755E+00   9.03441E-01   4.86499E-01   1.23938E+00
 4.23750E+01   2.54756E+00   9.03441E-01   4.86497E-01   1.23938E+00
 4.24250E+01   2.54756E+00   9.03440E-01   4.86495E-01   1.23938E+00
 4.24750E+01   2.54757E+00   9.03440E-01   4.86493E-01   1.23937E+00
 4.25250E+01   2.54757E+00   9.03439E-01   4.86492E-01   1.23937E+00
 4.25750E+01   2.54758E+00   9.03439E-01   4.86490E-01   1.23937E+00
 4.26250E+01   2.54758E+00   9.03439E-01   4.86488E-01   1.23937E+00
 4.26750E+01   2.54759E+00   9.03438E-01   4.86486E-01   1.23937E+00
 4.27250E+01   2.54759E+00   9.03438E-01   4.86485E-01   1.23937E+00
 4.27750E+01   2.54760E+00   9.03438E-01   4.86483E-01   1.23936E+00
 4.28250E+01   2.54760E+00   9.03437E-01   4.86481E-01   1.23936E+00
 4.28750E+01   2.54761E+00   9.03437E-01   4.86480E-01   1.23936E+00
 4.29250E+01   2.54761E+00   9.03436E-01   4.86478E-01   1.23936E+00
 4.29750E+01   2.54762E+00   9.03436E-01   4.86476E-01   1.23936E+00
 4.30250E+01   2.54762E+00   9.03435E-01   4.86474E-01   1.23935E+00
 4.30750E+01   2.54763E+00   9.03435E-01   4.86472E-01   1.23935E+00
 4.31250E+01   2.54763E+00   9.03435E-01   4.86471E-01   1.23935E+00
 4.31750E+01   2.54764E+00   9.03434E-01   4.86469E-01   1.23935E+00
 4.32250E+01   2.54764E+00   9.03434E-01   4.86467E-01   1.23934E+00
 4.32750E+01   2.54765E+00   9.03434E-01   4.86465E-01   1.23934E+00
 4.33250E+01   2.54765E+00   9.03433E-01   4.86464E-01   1.23934E+00
 4.33750E+01   2.54766E+00   9.03433E-01   4.86462E-01   1.23934E+00
 4.34250E+01   2.54766E+00   9.03432E-01   4.86460E-01   1.23934E+00
 4.34750E+01   2.54767E+00   9.03432E-01   4.86459E-01   1.23933E+00
 4.35250E+01   2.54767E+00   9.03432E-01   4.86457E-01   1.23933E+00
 4.35750E+01   2.54768E+00   9.03432E-01   4.86455E-01   1.23933E+00
 4.36250E+01   2.54768E+00   9.03432E-01   4.86454E-01   1.23933E+00
 4.36750E+01   2.54769E+00   9.03431E-01   4.86452E-01   1.23933E+00
 4.37250E+01   2.54769E+00   9.03431E-01   4.86451E-01   1.23933E+00
 4.37750E+01   2.54770E+00   9.03430E-01   4.86449E-01   1.23932E+00
 4.38250E+01   2.54770E+00   9.03430E-01   4.86448E-01   1.23932E+00
 4.38750E+01   2.54770E+00   9.03430E-01   4.86447E-01   1.23932E+00
 4.39250E+01   2.54771E+00   9.03430E-01   4.86445E-01   1.23932E+00
 4.39750E+01   2.54771E+00   9.03429E-01   4.86444E-01   1.23932E+00
 4.40250E+01   2.54772E+00   9.03429E-01   4.86442E-01   1.23932E+00
 4.40750E+01   2.54772E+00   9.03428E-01   4.86441E-01   1.23932E+00
 4.41250E+01   2.54773E+00   9.03427E-01   4.86440E-01   1.23932E+00
 4.41750E+01   2.54773E+00   9.03427E-01   4.86439E-01   1.23932E+00
 4.42250E+01   2.54774E+00   9.03426E-01   4.86438E-01   1.23931E+00
 4.42750E+01   2.54774E+00   9.03425E-01   4.86437E-01   1.23931E+00
 4.43250E+01   2.54774E+00   9.03424E-01   4.86436E-01   1.23931E+00
 4.43750E+01   2.54775E+00   9.03424E-01   4.86435E-01   1.23931E+00
 4.44250E+01   2.54775E+00   9.03423E-01   4.86434E-01   1.23931E+00
 4.44750E+01   2.54776E+00   9.03422E-01   4.86433E-01   1.23931E+00
 4.45250E+01   2.54776E+00   9.03422E-01   4.86432E-01   1.23931E+00
 4.45750E+01   2.54777E+00   9.03421E-01   4.86431E-01   1.23931E+00
 4.46250E+01   2.54777E+00   9.03420E-01   4.86430E-01   1.23931E+00
 4.46750E+01   2.54777E+00   9.03419E-01   4.86429E-01   1.23931E+00
 4.47250E+01   2.54778E+00   9.03418E-01   4.86428E-01   1.23931E+00
 4.47750E+01   2.54778E+00   9.03417E-01   4.86427E-01   1.23931E+00
 4.48250E+01   2.54779E+00   9.03417E-01   4.86426E-01   1.23931E+00
 4.48750E+01   2.54779E+00   9.03416E-01   4.86425E-01   1.23931E+00
 4.49250E+01   2.54779E+00   9.03415E-01   4.86424E-01   1.23931E+00
 4.49750E+01   2.54780E+00   9.03414E-01   4.86423E-01   1.23931E+00
 4.50250E+01   2.54780E+00   9.03413E-01   4.86422E-01   1.23931E+00
 4.50750E+01   2.54781E+00   9.03412E-01   4.86421E-01   1.23931E+00
 4.51250E+01   2.54781E+00   9.03411E-01   4.86420E-01   1.23931E+00
 4.51750E+01   2.54781E+00   9.03410E-01   4.86419E-01   1.23931E+00
 4.52250E+01   2.54782E+00   9.03409E-01   4.86418E-01   1.23930E+00
 4.52750E+01   2.54782E+00   9.03409E-01   4.86417E-01   1.23930E+00
 4.53250E+01   2.54783E+00   9.03408E-01   4.86416E-01   1.23930E+00
 4.53750E+01   2.54783E+00   9.03407E-01   4.86415E-01   1.23930E+00
 4.54250E+01   2.54783E+00   9.03406E-01   4.86415E-01   1.23930E+00
 4.54750E+01   2.54784E+00   9.03405E-01   4.86414E-01   1.23930E+00
 4.55250E+01   2.54784E+00   9.03404E-01   4.86413E-01   1.23930E+00
 4.55750E+01   2.54784E+00   9.03404E-01   4.86412E-01   1.23930E+00
 4.56250E+01   2.54785E+00   9.03403E-01   4.86411E-01   1.23930E+00
 4.56750E+01   2.54785E+00   9.03402E-01   4.86411E-01   1.23930E+00
 4.57250E+01   2.54785E+00   9.03401E-01   4.86410E-01   1.23930E+00
 4.57750E+01   2.54786E+00   9.03401E-01   4.86409E-01   1.23930E+00
 4.58250E+01   2.54786E+00   9.03400E-01   4.86408E-01   1.23930E+00
 4.58750E+01   2.54786E+00   9.03399E-01   4.86407E-01   1.23930E+00
 4.59250E+01   2.54787E+00   9.03398E-01   4.86406E-01   1.23930E+00
 4.59750E+01   2.54787E+00   9.03397E-01   4.86405E-01   1.23930E+00
 4.60250E+01   2.54787E+00   9.03397E-01   4.86404E-01   1.23930E+00
 4.60750E+01   2.54788E+00   9.03396E-01   4.86403E-01   1.23929E+00
 4.61250E+01   2.54788E+00   9.03396E-01   4.86402E-01   1.23929E+00
 4.61750E+01   2.54788E+00   9.03395E-01   4.86401E-01   1.23929E+00
 4.62250E+01   2.54789E+00   9.03394E-01   4.86400E-01   1.23929E+00
 4.62750E+01   2.54789E+00   9.03394E-01   4.86399E-01   1.23929E+00
 4.63250E+01   2.54789E+00   9.03393E-01   4.86398E-01   1.23929E+00
 4.63750E+01   2.54789E+00   9.03393E-01   4.86398E-01   1.23929E+00
 4.64250E+01   2.54790E+00   9.03392E-01   4.86397E-01   1.23929E+00
 4.64750E+01   2.54790E+00   9.03392E-01   4.86396E-01   1.23929E+00
 4.65250E+01   2.54790E+00   9.03391E-01   4.86395E-01   1.23929E+00
 4.65750E+01   2.54791E+00   9.03390E-01   4.86394E-01   1.23929E+00
 4.66250E+01   2.54791E+00   9.03390E-01   4.86394E-01   1.23929E+00
 4.66750E+01   2.54791E+00   9.03389E-01   4.86393E-01   1.23929E+00
 4.67250E+01   2.54792E+00   9.03389E-01   4.86392E-01   1.23929E+00
 4.67750E+01   2.54792E+00   9.03388E-01   4.86391E-01   1.23928E+00
 4.68250E+01   2.54792E+00   9.03387E-01   4.86390E-01   1.23928E+00
 4.68750E+01   2.54792E+00   9.03387E-01   4.86389E-01   1.23928E+00
 4.69250E+01   2.54793E+00   9.03386E-01   4.86389E-01   1.23928E+00
 4.69750E+01   2.54793E+00   9.03386E-01   4.86388E-01   1.23928E+00
 4.70250E+01   2.54793E+00   9.03385E-01   4.86387E-01   1.23928E+00
 4.70750E+01   2.54794E+00   9.03385E-01   4.86386E-01   1.23928E+00
 4.71250E+01   2.54794E+00   9.03385E-01   4.86385E-01   1.23928E+00
 4.71750E+01   2.54794E+00   9.03384E-01   4.86384E-01   1.23928E+00
 4.72250E+01   2.54795E+00   9.03383E-01   4.86384E-01   1.23928E+00
 4.72750E+01   2.54795E+00   9.03383E-01   4.86383E-01   1.23928E+00
 4.73250E+01   2.54795E+00   9.03383E-01   4.86382E-01   1.23928E+00
 4.73750E+01   2.54795E+00   9.03382E-01   4.86381E-01   1.23928E+00
 4.74250E+01   2.54795E+00   9.03382E-01   4.86380E-01   1.23927E+00
 4.74750E+01   2.54796E+00   9.03382E-01   4.86379E-01   1.23927E+00
 4.75250E+01   2.54796E+00   9.03382E-01   4.86379E-01   1.23927E+00
 4.75750E+01   2.54796E+00   9.03382E-01   4.86378E-01   1.23927E+00
 4.76250E+01   2.54796E+00   9.03381E-01   4.86377E-01   1.23927E+00
 4.76750E+01   2.54796E+00   9.03381E-01   4.86377E-01   1.23927E+00
 4.77250E+01   2.54797E+00   9.03381E-01   4.86376E-01   1.23927E+00
 4.77750E+01   2.54797E+00   9.03381E-01   4.86375E-01   1.23927E+00
 4.78250E+01   2.54797E+00   9.03380E-01   4.86375E-01   1.23927E+00
 4.78750E+01   2.54797E+00   9.03380E-01   4.86374E-01   1.23927E+00
 4.79250E+01   2.54798E+00   9.03379E-01   4.86373E-01   1.23927E+00
 4.79750E+01   2.54798E+00   9.03379E-01   4.86372E-01   1.23927E+00
 4.80250E+01   2.54798E+00   9.03378E-01   4.86371E-01   1.23927E+00
 4.80750E+01   2.54799E+00   9.03378E-01   4.86370E-01   1.23926E+00
 4.81250E+01   2.54799E+00   9.03378E-01   4.86369E-01   1.23926E+00
 4.81750E+01   2.54799E+00   9.03378E-01   4.86369E-01   1.23926E+00
 4.82250E+01   2.54800E+00   9.03377E-01   4.86368E-01   1.23926E+00
 4.82750E+01   2.54800E+00   9.03377E-01   4.86367E-01   1.23926E+00
 4.83250E+01   2.54800E+00   9.03377E-01   4.86367E-01   1.23926E+00
 4.83750E+01   2.54800E+00   9.03376E-01   4.86366E-01   1.23926E+00
 4.84250E+01   2.54801E+00   9.03376E-01   4.86365E-01   1.23926E+00
 4.84750E+01   2.54801E+00   9.03376E-01   4.86364E-01   1.23926E+00
 4.85250E+01   2.54801E+00   9.03375E-01   4.86363E-01   1.23926E+00
 4.85750E+01   2.54802E+00   9.03375E-01   4.86363E-01   1.23926E+00
 4.86250E+01   2.54802E+00   9.03374E-01   4.86362E-01   1.23926E+00
 4.86750E+01   2.54802E+00   9.03374E-01   4.86361E-01   1.23926E+00
 4.87250E+01   2.54802E+00   9.03374E-01   4.86360E-01   1.23926E+00
 4.87750E+01   2.54803E+00   9.03373E-01   4.86360E-01   1.23926E+00
 4.88250E+01   2.54803E+00   9.03373E-01   4.86359E-01   1.23926E+00
 4.88750E+01   2.54804E+00   9.03373E-01   4.86359E-01   1.23926E+00
 4.89250E+01   2.54806E+00   9.03373E-01   4.86362E-01   1.23928E+00
 4.89750E+01   2.54816E+00   9.03373E-01   4.86382E-01   1.23938E+00
