      xx/10.          rhoa          temp           vel      vel*rhoa
         [-]           [-]           [-]           [-]           [-]
 1.02500E+00   2.24937E+00   8.72483E-01   6.19175E-01   1.39276E+00
 1.07500E+00   2.24938E+00   8.72482E-01   6.19173E-01   1.39276E+00
 1.12500E+00   2.24939E+00   8.72482E-01   6.19172E-01   1.39276E+00
 1.17500E+00   2.24939E+00   8.72481E-01   6.19170E-01   1.39276E+00
 1.22500E+00   2.24939E+00   8.72480E-01   6.19170E-01   1.39276E+00
 1.27500E+00   2.24939E+00   8.72480E-01   6.19169E-01   1.39276E+00
 1.32500E+00   2.24940E+00   8.72479E-01   6.19169E-01   1.39276E+00
 1.37500E+00   2.24940E+00   8.72478E-01   6.19169E-01   1.39276E+00
 1.42500E+00   2.24940E+00   8.72478E-01   6.19168E-01   1.39276E+00
 1.47500E+00   2.24940E+00   8.72477E-01   6.19168E-01   1.39276E+00
 1.52500E+00   2.24940E+00   8.72476E-01   6.19167E-01   1.39276E+00
 1.57500E+00   2.24940E+00   8.72475E-01   6.19167E-01   1.39276E+00
 1.62500E+00   2.24941E+00   8.72474E-01   6.19166E-01   1.39276E+00
 1.67500E+00   2.24941E+00   8.72474E-01   6.19166E-01   1.39276E+00
 1.72500E+00   2.24941E+00   8.72473E-01   6.19165E-01   1.39276E+00
 1.77500E+00   2.24941E+00   8.72472E-01   6.19165E-01   1.39276E+00
 1.82500E+00   2.24941E+00   8.72472E-01   6.19165E-01   1.39276E+00
 1.87500E+00   2.24941E+00   8.72471E-01   6.19164E-01   1.39276E+00
 1.92500E+00   2.24942E+00   8.72470E-01   6.19164E-01   1.39276E+00
 1.97500E+00   2.24942E+00   8.72470E-01   6.19163E-01   1.39276E+00
 2.02500E+00   2.24942E+00   8.72469E-01   6.19163E-01   1.39276E+00
 2.07500E+00   2.24942E+00   8.72468E-01   6.19162E-01   1.39276E+00
 2.12500E+00   2.24942E+00   8.72468E-01   6.19162E-01   1.39276E+00
 2.17500E+00   2.24942E+00   8.72467E-01   6.19162E-01   1.39276E+00
 2.22500E+00   2.24942E+00   8.72467E-01   6.19161E-01   1.39276E+00
 2.27500E+00   2.24943E+00   8.72466E-01   6.19161E-01   1.39276E+00
 2.32500E+00   2.24943E+00   8.72466E-01   6.19161E-01   1.39276E+00
 2.37500E+00   2.24943E+00   8.72465E-01   6.19160E-01   1.39276E+00
 2.42500E+00   2.24943E+00   8.72464E-01   6.19160E-01   1.39276E+00
 2.47500E+00   2.24943E+00   8.72464E-01   6.19159E-01   1.39276E+00
 2.52500E+00   2.24943E+00   8.72463E-01   6.19159E-01   1.39276E+00
 2.57500E+00   2.24944E+00   8.72462E-01   6.19159E-01   1.39276E+00
 2.62500E+00   2.24944E+00   8.72462E-01   6.19158E-01   1.39276E+00
 2.67500E+00   2.24944E+00   8.72461E-01   6.19158E-01   1.39276E+00
 2.72500E+00   2.24944E+00   8.72460E-01   6.19157E-01   1.39276E+00
 2.77500E+00   2.24944E+00   8.72460E-01   6.19157E-01   1.39276E+00
 2.82500E+00   2.24944E+00   8.72459E-01   6.19156E-01   1.39276E+00
 2.87500E+00   2.24945E+00   8.72458E-01   6.19156E-01   1.39276E+00
 2.92500E+00   2.24945E+00   8.72458E-01   6.19155E-01   1.39276E+00
 2.97500E+00   2.24945E+00   8.72457E-01   6.19155E-01   1.39276E+00
 3.02500E+00   2.24945E+00   8.72456E-01   6.19154E-01   1.39276E+00
 3.07500E+00   2.24946E+00   8.72455E-01   6.19154E-01   1.39276E+00
 3.12500E+00   2.24946E+00   8.72454E-01   6.19153E-01   1.39276E+00
 3.17500E+00   2.24946E+00   8.72453E-01   6.19152E-01   1.39276E+00
 3.22500E+00   2.24946E+00   8.72453E-01   6.19152E-01   1.39276E+00
 3.27500E+00   2.24947E+00   8.72452E-01   6.19151E-01   1.39276E+00
 3.32500E+00   2.24947E+00   8.72451E-01   6.19151E-01   1.39276E+00
 3.37500E+00   2.24947E+00   8.72450E-01   6.19150E-01   1.39276E+00
 3.42500E+00   2.24948E+00   8.72450E-01   6.19149E-01   1.39276E+00
 3.47500E+00   2.24948E+00   8.72449E-01   6.19149E-01   1.39276E+00
 3.52500E+00   2.24948E+00   8.72448E-01   6.19148E-01   1.39276E+00
 3.57500E+00   2.24948E+00   8.72447E-01   6.19147E-01   1.39276E+00
 3.62500E+00   2.24948E+00   8.72447E-01   6.19147E-01   1.39276E+00
 3.67500E+00   2.24949E+00   8.72446E-01   6.19146E-01   1.39276E+00
 3.72500E+00   2.24949E+00   8.72446E-01   6.19146E-01   1.39276E+00
 3.77500E+00   2.24949E+00   8.72445E-01   6.19146E-01   1.39276E+00
 3.82500E+00   2.24949E+00   8.72444E-01   6.19145E-01   1.39276E+00
 3.87500E+00   2.24949E+00   8.72444E-01   6.19145E-01   1.39276E+00
 3.92500E+00   2.24950E+00   8.72443E-01   6.19144E-01   1.39276E+00
 3.97500E+00   2.24950E+00   8.72442E-01   6.19143E-01   1.39276E+00
 4.02500E+00   2.24950E+00   8.72442E-01   6.19143E-01   1.39276E+00
 4.07500E+00   2.24950E+00   8.72441E-01   6.19142E-01   1.39276E+00
 4.12500E+00   2.24951E+00   8.72440E-01   6.19141E-01   1.39276E+00
 4.17500E+00   2.24951E+00   8.72439E-01   6.19141E-01   1.39276E+00
 4.22500E+00   2.24951E+00   8.72438E-01   6.19140E-01   1.39276E+00
 4.27500E+00   2.24951E+00   8.72438E-01   6.19139E-01   1.39276E+00
 4.32500E+00   2.24952E+00   8.72437E-01   6.19139E-01   1.39276E+00
 4.37500E+00   2.24952E+00   8.72436E-01   6.19138E-01   1.39276E+00
 4.42500E+00   2.24952E+00   8.72435E-01   6.19137E-01   1.39276E+00
 4.47500E+00   2.24952E+00   8.72434E-01   6.19137E-01   1.39276E+00
 4.52500E+00   2.24953E+00   8.72433E-01   6.19137E-01   1.39276E+00
 4.57500E+00   2.24953E+00   8.72432E-01   6.19136E-01   1.39276E+00
 4.62500E+00   2.24953E+00   8.72431E-01   6.19136E-01   1.39276E+00
 4.67500E+00   2.24953E+00   8.72430E-01   6.19135E-01   1.39276E+00
 4.72500E+00   2.24954E+00   8.72429E-01   6.19134E-01   1.39277E+00
 4.77500E+00   2.24954E+00   8.72428E-01   6.19134E-01   1.39277E+00
 4.82500E+00   2.24954E+00   8.72428E-01   6.19133E-01   1.39277E+00
 4.87500E+00   2.24954E+00   8.72427E-01   6.19133E-01   1.39277E+00
 4.92500E+00   2.24955E+00   8.72426E-01   6.19132E-01   1.39277E+00
 4.97500E+00   2.24955E+00   8.72425E-01   6.19131E-01   1.39277E+00
 5.02500E+00   2.24955E+00   8.72424E-01   6.19131E-01   1.39277E+00
 5.07500E+00   2.24955E+00   8.72424E-01   6.19130E-01   1.39277E+00
 5.12500E+00   2.24955E+00   8.72423E-01   6.19129E-01   1.39277E+00
 5.17500E+00   2.24956E+00   8.72422E-01   6.19129E-01   1.39277E+00
 5.22500E+00   2.24956E+00   8.72422E-01   6.19128E-01   1.39276E+00
 5.27500E+00   2.24956E+00   8.72421E-01   6.19128E-01   1.39276E+00
 5.32500E+00   2.24956E+00   8.72421E-01   6.19127E-01   1.39276E+00
 5.37500E+00   2.24956E+00   8.72420E-01   6.19126E-01   1.39276E+00
 5.42500E+00   2.24957E+00   8.72420E-01   6.19125E-01   1.39276E+00
 5.47500E+00   2.24957E+00   8.72420E-01   6.19125E-01   1.39276E+00
 5.52500E+00   2.24957E+00   8.72419E-01   6.19124E-01   1.39276E+00
 5.57500E+00   2.24957E+00   8.72419E-01   6.19123E-01   1.39276E+00
 5.62500E+00   2.24957E+00   8.72418E-01   6.19123E-01   1.39276E+00
 5.67500E+00   2.24957E+00   8.72418E-01   6.19122E-01   1.39276E+00
 5.72500E+00   2.24958E+00   8.72417E-01   6.19122E-01   1.39276E+00
 5.77500E+00   2.24958E+00   8.72417E-01   6.19121E-01   1.39276E+00
 5.82500E+00   2.24958E+00   8.72416E-01   6.19120E-01   1.39276E+00
 5.87500E+00   2.24958E+00   8.72416E-01   6.19120E-01   1.39276E+00
 5.92500E+00   2.24958E+00   8.72415E-01   6.19119E-01   1.39276E+00
 5.97500E+00   2.24958E+00   8.72415E-01   6.19118E-01   1.39276E+00
 6.02500E+00   2.24959E+00   8.72414E-01   6.19117E-01   1.39276E+00
 6.07500E+00   2.24959E+00   8.72414E-01   6.19117E-01   1.39276E+00
 6.12500E+00   2.24959E+00   8.72413E-01   6.19116E-01   1.39276E+00
 6.17500E+00   2.24959E+00   8.72413E-01   6.19116E-01   1.39276E+00
 6.22500E+00   2.24959E+00   8.72412E-01   6.19115E-01   1.39276E+00
 6.27500E+00   2.24959E+00   8.72412E-01   6.19114E-01   1.39276E+00
 6.32500E+00   2.24960E+00   8.72411E-01   6.19114E-01   1.39276E+00
 6.37500E+00   2.24960E+00   8.72411E-01   6.19113E-01   1.39275E+00
 6.42500E+00   2.24960E+00   8.72410E-01   6.19112E-01   1.39275E+00
 6.47500E+00   2.24960E+00   8.72410E-01   6.19111E-01   1.39275E+00
 6.52500E+00   2.24960E+00   8.72409E-01   6.19111E-01   1.39275E+00
 6.57500E+00   2.24960E+00   8.72409E-01   6.19110E-01   1.39275E+00
 6.62500E+00   2.24961E+00   8.72408E-01   6.19110E-01   1.39275E+00
 6.67500E+00   2.24961E+00   8.72408E-01   6.19109E-01   1.39275E+00
 6.72500E+00   2.24961E+00   8.72408E-01   6.19109E-01   1.39275E+00
 6.77500E+00   2.24961E+00   8.72407E-01   6.19108E-01   1.39275E+00
 6.82500E+00   2.24961E+00   8.72407E-01   6.19107E-01   1.39275E+00
 6.87500E+00   2.24961E+00   8.72406E-01   6.19107E-01   1.39275E+00
 6.92500E+00   2.24961E+00   8.72406E-01   6.19106E-01   1.39275E+00
 6.97500E+00   2.24962E+00   8.72406E-01   6.19105E-01   1.39275E+00
 7.02500E+00   2.24962E+00   8.72405E-01   6.19105E-01   1.39275E+00
 7.07500E+00   2.24962E+00   8.72405E-01   6.19104E-01   1.39275E+00
 7.12500E+00   2.24962E+00   8.72405E-01   6.19103E-01   1.39275E+00
 7.17500E+00   2.24962E+00   8.72404E-01   6.19103E-01   1.39275E+00
 7.22500E+00   2.24962E+00   8.72404E-01   6.19102E-01   1.39275E+00
 7.27500E+00   2.24962E+00   8.72404E-01   6.19101E-01   1.39275E+00
 7.32500E+00   2.24963E+00   8.72403E-01   6.19101E-01   1.39275E+00
 7.37500E+00   2.24963E+00   8.72403E-01   6.19100E-01   1.39274E+00
 7.42500E+00   2.24963E+00   8.72403E-01   6.19099E-01   1.39274E+00
 7.47500E+00   2.24963E+00   8.72402E-01   6.19099E-01   1.39274E+00
 7.52500E+00   2.24963E+00   8.72402E-01   6.19098E-01   1.39274E+00
 7.57500E+00   2.24963E+00   8.72402E-01   6.19098E-01   1.39274E+00
 7.62500E+00   2.24964E+00   8.72401E-01   6.19097E-01   1.39274E+00
 7.67500E+00   2.24964E+00   8.72401E-01   6.19096E-01   1.39274E+00
 7.72500E+00   2.24964E+00   8.72401E-01   6.19095E-01   1.39274E+00
 7.77500E+00   2.24964E+00   8.72400E-01   6.19095E-01   1.39274E+00
 7.82500E+00   2.24964E+00   8.72400E-01   6.19095E-01   1.39274E+00
 7.87500E+00   2.24964E+00   8.72400E-01   6.19094E-01   1.39274E+00
 7.92500E+00   2.24964E+00   8.72400E-01   6.19093E-01   1.39274E+00
 7.97500E+00   2.24965E+00   8.72399E-01   6.19093E-01   1.39274E+00
 8.02500E+00   2.24965E+00   8.72399E-01   6.19092E-01   1.39274E+00
 8.07500E+00   2.24965E+00   8.72398E-01   6.19091E-01   1.39274E+00
 8.12500E+00   2.24965E+00   8.72398E-01   6.19091E-01   1.39274E+00
 8.17500E+00   2.24965E+00   8.72398E-01   6.19090E-01   1.39274E+00
 8.22500E+00   2.24965E+00   8.72398E-01   6.19089E-01   1.39274E+00
 8.27500E+00   2.24966E+00   8.72397E-01   6.19089E-01   1.39274E+00
 8.32500E+00   2.24966E+00   8.72397E-01   6.19088E-01   1.39274E+00
 8.37500E+00   2.24966E+00   8.72396E-01   6.19087E-01   1.39274E+00
 8.42500E+00   2.24966E+00   8.72396E-01   6.19087E-01   1.39274E+00
 8.47500E+00   2.24966E+00   8.72395E-01   6.19086E-01   1.39273E+00
 8.52500E+00   2.24966E+00   8.72395E-01   6.19085E-01   1.39273E+00
 8.57500E+00   2.24967E+00   8.72394E-01   6.19085E-01   1.39273E+00
 8.62500E+00   2.24967E+00   8.72394E-01   6.19084E-01   1.39273E+00
 8.67500E+00   2.24967E+00   8.72394E-01   6.19083E-01   1.39273E+00
 8.72500E+00   2.24967E+00   8.72393E-01   6.19083E-01   1.39273E+00
 8.77500E+00   2.24967E+00   8.72393E-01   6.19082E-01   1.39273E+00
 8.82500E+00   2.24967E+00   8.72392E-01   6.19081E-01   1.39273E+00
 8.87500E+00   2.24968E+00   8.72392E-01   6.19081E-01   1.39273E+00
 8.92500E+00   2.24968E+00   8.72392E-01   6.19080E-01   1.39273E+00
 8.97500E+00   2.24968E+00   8.72391E-01   6.19080E-01   1.39273E+00
 9.02500E+00   2.24968E+00   8.72391E-01   6.19079E-01   1.39273E+00
 9.07500E+00   2.24968E+00   8.72391E-01   6.19079E-01   1.39273E+00
 9.12500E+00   2.24968E+00   8.72390E-01   6.19078E-01   1.39273E+00
 9.17500E+00   2.24969E+00   8.72390E-01   6.19077E-01   1.39273E+00
 9.22500E+00   2.24969E+00   8.72390E-01   6.19077E-01   1.39273E+00
 9.27500E+00   2.24969E+00   8.72389E-01   6.19076E-01   1.39273E+00
 9.32500E+00   2.24969E+00   8.72389E-01   6.19075E-01   1.39273E+00
 9.37500E+00   2.24969E+00   8.72389E-01   6.19075E-01   1.39273E+00
 9.42500E+00   2.24969E+00   8.72388E-01   6.19074E-01   1.39273E+00
 9.47500E+00   2.24969E+00   8.72388E-01   6.19074E-01   1.39273E+00
 9.52500E+00   2.24970E+00   8.72387E-01   6.19073E-01   1.39273E+00
 9.57500E+00   2.24970E+00   8.72387E-01   6.19072E-01   1.39273E+00
 9.62500E+00   2.24970E+00   8.72387E-01   6.19072E-01   1.39273E+00
 9.67500E+00   2.24970E+00   8.72386E-01   6.19071E-01   1.39273E+00
 9.72500E+00   2.24970E+00   8.72386E-01   6.19071E-01   1.39272E+00
 9.77500E+00   2.24970E+00   8.72386E-01   6.19070E-01   1.39272E+00
 9.82500E+00   2.24970E+00   8.72386E-01   6.19070E-01   1.39272E+00
 9.87500E+00   2.24971E+00   8.72385E-01   6.19069E-01   1.39272E+00
 9.92500E+00   2.24971E+00   8.72385E-01   6.19068E-01   1.39272E+00
 9.97500E+00   2.24971E+00   8.72385E-01   6.19067E-01   1.39272E+00
 1.00250E+01   2.24971E+00   8.72384E-01   6.19067E-01   1.39272E+00
 1.00750E+01   2.24971E+00   8.72384E-01   6.19066E-01   1.39272E+00
 1.01250E+01   2.24971E+00   8.72384E-01   6.19066E-01   1.39272E+00
 1.01750E+01   2.24971E+00   8.72383E-01   6.19065E-01   1.39272E+00
 1.02250E+01   2.24972E+00   8.72383E-01   6.19064E-01   1.39272E+00
 1.02750E+01   2.24972E+00   8.72383E-01   6.19063E-01   1.39272E+00
 1.03250E+01   2.24972E+00   8.72382E-01   6.19063E-01   1.39272E+00
 1.03750E+01   2.24972E+00   8.72382E-01   6.19062E-01   1.39272E+00
 1.04250E+01   2.24972E+00   8.72381E-01   6.19061E-01   1.39272E+00
 1.04750E+01   2.24972E+00   8.72381E-01   6.19061E-01   1.39272E+00
 1.05250E+01   2.24972E+00   8.72381E-01   6.19060E-01   1.39271E+00
 1.05750E+01   2.24973E+00   8.72380E-01   6.19059E-01   1.39271E+00
 1.06250E+01   2.24973E+00   8.72380E-01   6.19059E-01   1.39271E+00
 1.06750E+01   2.24973E+00   8.72379E-01   6.19058E-01   1.39271E+00
 1.07250E+01   2.24973E+00   8.72379E-01   6.19058E-01   1.39271E+00
 1.07750E+01   2.24973E+00   8.72379E-01   6.19057E-01   1.39271E+00
 1.08250E+01   2.24974E+00   8.72378E-01   6.19057E-01   1.39271E+00
 1.08750E+01   2.24974E+00   8.72378E-01   6.19056E-01   1.39271E+00
 1.09250E+01   2.24974E+00   8.72378E-01   6.19055E-01   1.39271E+00
 1.09750E+01   2.24974E+00   8.72377E-01   6.19055E-01   1.39271E+00
 1.10250E+01   2.24974E+00   8.72377E-01   6.19054E-01   1.39271E+00
 1.10750E+01   2.24974E+00   8.72376E-01   6.19053E-01   1.39271E+00
 1.11250E+01   2.24975E+00   8.72376E-01   6.19053E-01   1.39271E+00
 1.11750E+01   2.24975E+00   8.72376E-01   6.19052E-01   1.39271E+00
 1.12250E+01   2.24975E+00   8.72375E-01   6.19051E-01   1.39271E+00
 1.12750E+01   2.24975E+00   8.72375E-01   6.19051E-01   1.39271E+00
 1.13250E+01   2.24975E+00   8.72374E-01   6.19050E-01   1.39271E+00
 1.13750E+01   2.24975E+00   8.72374E-01   6.19049E-01   1.39271E+00
 1.14250E+01   2.24976E+00   8.72373E-01   6.19049E-01   1.39271E+00
 1.14750E+01   2.24976E+00   8.72373E-01   6.19048E-01   1.39271E+00
 1.15250E+01   2.24976E+00   8.72372E-01   6.19047E-01   1.39271E+00
 1.15750E+01   2.24976E+00   8.72372E-01   6.19047E-01   1.39271E+00
 1.16250E+01   2.24976E+00   8.72371E-01   6.19046E-01   1.39271E+00
 1.16750E+01   2.24976E+00   8.72371E-01   6.19045E-01   1.39271E+00
 1.17250E+01   2.24977E+00   8.72370E-01   6.19045E-01   1.39271E+00
 1.17750E+01   2.24977E+00   8.72369E-01   6.19045E-01   1.39271E+00
 1.18250E+01   2.24977E+00   8.72369E-01   6.19044E-01   1.39271E+00
 1.18750E+01   2.24977E+00   8.72368E-01   6.19043E-01   1.39271E+00
 1.19250E+01   2.24977E+00   8.72368E-01   6.19043E-01   1.39271E+00
 1.19750E+01   2.24978E+00   8.72367E-01   6.19042E-01   1.39271E+00
 1.20250E+01   2.24978E+00   8.72366E-01   6.19041E-01   1.39271E+00
 1.20750E+01   2.24978E+00   8.72366E-01   6.19041E-01   1.39271E+00
 1.21250E+01   2.24978E+00   8.72365E-01   6.19040E-01   1.39270E+00
 1.21750E+01   2.24978E+00   8.72365E-01   6.19039E-01   1.39270E+00
 1.22250E+01   2.24979E+00   8.72364E-01   6.19039E-01   1.39270E+00
 1.22750E+01   2.24979E+00   8.72364E-01   6.19038E-01   1.39270E+00
 1.23250E+01   2.24979E+00   8.72363E-01   6.19038E-01   1.39270E+00
 1.23750E+01   2.24979E+00   8.72362E-01   6.19037E-01   1.39270E+00
 1.24250E+01   2.24979E+00   8.72362E-01   6.19036E-01   1.39270E+00
 1.24750E+01   2.24979E+00   8.72361E-01   6.19036E-01   1.39270E+00
 1.25250E+01   2.24980E+00   8.72361E-01   6.19035E-01   1.39270E+00
 1.25750E+01   2.24980E+00   8.72360E-01   6.19034E-01   1.39270E+00
 1.26250E+01   2.24980E+00   8.72359E-01   6.19034E-01   1.39270E+00
 1.26750E+01   2.24980E+00   8.72359E-01   6.19033E-01   1.39270E+00
 1.27250E+01   2.24980E+00   8.72358E-01   6.19033E-01   1.39270E+00
 1.27750E+01   2.24981E+00   8.72357E-01   6.19032E-01   1.39270E+00
 1.28250E+01   2.24981E+00   8.72357E-01   6.19031E-01   1.39270E+00
 1.28750E+01   2.24981E+00   8.72356E-01   6.19031E-01   1.39270E+00
 1.29250E+01   2.24981E+00   8.72356E-01   6.19030E-01   1.39270E+00
 1.29750E+01   2.24981E+00   8.72355E-01   6.19030E-01   1.39270E+00
 1.30250E+01   2.24982E+00   8.72354E-01   6.19029E-01   1.39270E+00
 1.30750E+01   2.24982E+00   8.72353E-01   6.19028E-01   1.39270E+00
 1.31250E+01   2.24982E+00   8.72353E-01   6.19028E-01   1.39270E+00
 1.31750E+01   2.24982E+00   8.72352E-01   6.19027E-01   1.39270E+00
 1.32250E+01   2.24983E+00   8.72351E-01   6.19026E-01   1.39270E+00
 1.32750E+01   2.24983E+00   8.72350E-01   6.19025E-01   1.39270E+00
 1.33250E+01   2.24983E+00   8.72350E-01   6.19025E-01   1.39270E+00
 1.33750E+01   2.24984E+00   8.72349E-01   6.19024E-01   1.39270E+00
 1.34250E+01   2.24984E+00   8.72348E-01   6.19024E-01   1.39270E+00
 1.34750E+01   2.24984E+00   8.72347E-01   6.19023E-01   1.39270E+00
 1.35250E+01   2.24985E+00   8.72347E-01   6.19022E-01   1.39270E+00
 1.35750E+01   2.24985E+00   8.72346E-01   6.19022E-01   1.39270E+00
 1.36250E+01   2.24985E+00   8.72345E-01   6.19021E-01   1.39270E+00
 1.36750E+01   2.24985E+00   8.72344E-01   6.19020E-01   1.39270E+00
 1.37250E+01   2.24986E+00   8.72343E-01   6.19020E-01   1.39270E+00
 1.37750E+01   2.24986E+00   8.72343E-01   6.19019E-01   1.39271E+00
 1.38250E+01   2.24986E+00   8.72342E-01   6.19019E-01   1.39271E+00
 1.38750E+01   2.24986E+00   8.72341E-01   6.19018E-01   1.39271E+00
 1.39250E+01   2.24987E+00   8.72340E-01   6.19018E-01   1.39271E+00
 1.39750E+01   2.24987E+00   8.72339E-01   6.19017E-01   1.39271E+00
 1.40250E+01   2.24987E+00   8.72338E-01   6.19017E-01   1.39271E+00
 1.40750E+01   2.24987E+00   8.72337E-01   6.19016E-01   1.39271E+00
 1.41250E+01   2.24988E+00   8.72337E-01   6.19015E-01   1.39271E+00
 1.41750E+01   2.24988E+00   8.72336E-01   6.19015E-01   1.39271E+00
 1.42250E+01   2.24988E+00   8.72335E-01   6.19014E-01   1.39271E+00
 1.42750E+01   2.24989E+00   8.72334E-01   6.19013E-01   1.39271E+00
 1.43250E+01   2.24989E+00   8.72333E-01   6.19013E-01   1.39271E+00
 1.43750E+01   2.24989E+00   8.72333E-01   6.19012E-01   1.39271E+00
 1.44250E+01   2.24990E+00   8.72332E-01   6.19012E-01   1.39271E+00
 1.44750E+01   2.24990E+00   8.72331E-01   6.19011E-01   1.39271E+00
 1.45250E+01   2.24990E+00   8.72330E-01   6.19010E-01   1.39271E+00
 1.45750E+01   2.24990E+00   8.72329E-01   6.19009E-01   1.39271E+00
 1.46250E+01   2.24991E+00   8.72328E-01   6.19009E-01   1.39271E+00
 1.46750E+01   2.24991E+00   8.72327E-01   6.19008E-01   1.39271E+00
 1.47250E+01   2.24991E+00   8.72326E-01   6.19008E-01   1.39271E+00
 1.47750E+01   2.24991E+00   8.72325E-01   6.19007E-01   1.39271E+00
 1.48250E+01   2.24992E+00   8.72325E-01   6.19006E-01   1.39271E+00
 1.48750E+01   2.24992E+00   8.72324E-01   6.19006E-01   1.39271E+00
 1.49250E+01   2.24992E+00   8.72323E-01   6.19005E-01   1.39271E+00
 1.49750E+01   2.24992E+00   8.72322E-01   6.19004E-01   1.39271E+00
 1.50250E+01   2.24993E+00   8.72321E-01   6.19003E-01   1.39271E+00
 1.50750E+01   2.24993E+00   8.72320E-01   6.19002E-01   1.39271E+00
 1.51250E+01   2.24993E+00   8.72319E-01   6.19002E-01   1.39271E+00
 1.51750E+01   2.24994E+00   8.72317E-01   6.19001E-01   1.39271E+00
 1.52250E+01   2.24994E+00   8.72317E-01   6.19000E-01   1.39271E+00
 1.52750E+01   2.24994E+00   8.72316E-01   6.19000E-01   1.39271E+00
 1.53250E+01   2.24994E+00   8.72315E-01   6.18999E-01   1.39271E+00
 1.53750E+01   2.24995E+00   8.72314E-01   6.18998E-01   1.39271E+00
 1.54250E+01   2.24995E+00   8.72313E-01   6.18998E-01   1.39271E+00
 1.54750E+01   2.24995E+00   8.72312E-01   6.18997E-01   1.39271E+00
 1.55250E+01   2.24995E+00   8.72311E-01   6.18997E-01   1.39271E+00
 1.55750E+01   2.24996E+00   8.72310E-01   6.18996E-01   1.39271E+00
 1.56250E+01   2.24996E+00   8.72309E-01   6.18996E-01   1.39272E+00
 1.56750E+01   2.24996E+00   8.72308E-01   6.18995E-01   1.39272E+00
 1.57250E+01   2.24997E+00   8.72307E-01   6.18994E-01   1.39272E+00
 1.57750E+01   2.24997E+00   8.72306E-01   6.18994E-01   1.39272E+00
 1.58250E+01   2.24997E+00   8.72306E-01   6.18993E-01   1.39272E+00
 1.58750E+01   2.24998E+00   8.72305E-01   6.18993E-01   1.39272E+00
 1.59250E+01   2.24998E+00   8.72304E-01   6.18992E-01   1.39272E+00
 1.59750E+01   2.24998E+00   8.72303E-01   6.18991E-01   1.39272E+00
 1.60250E+01   2.24999E+00   8.72302E-01   6.18991E-01   1.39272E+00
 1.60750E+01   2.24999E+00   8.72301E-01   6.18990E-01   1.39272E+00
 1.61250E+01   2.24999E+00   8.72300E-01   6.18989E-01   1.39272E+00
 1.61750E+01   2.25000E+00   8.72299E-01   6.18989E-01   1.39272E+00
 1.62250E+01   2.25000E+00   8.72298E-01   6.18988E-01   1.39272E+00
 1.62750E+01   2.25000E+00   8.72296E-01   6.18988E-01   1.39272E+00
 1.63250E+01   2.25001E+00   8.72295E-01   6.18987E-01   1.39272E+00
 1.63750E+01   2.25001E+00   8.72294E-01   6.18986E-01   1.39272E+00
 1.64250E+01   2.25001E+00   8.72293E-01   6.18986E-01   1.39273E+00
 1.64750E+01   2.25002E+00   8.72292E-01   6.18985E-01   1.39273E+00
 1.65250E+01   2.25002E+00   8.72290E-01   6.18984E-01   1.39273E+00
 1.65750E+01   2.25002E+00   8.72289E-01   6.18983E-01   1.39273E+00
 1.66250E+01   2.25003E+00   8.72288E-01   6.18983E-01   1.39273E+00
 1.66750E+01   2.25003E+00   8.72287E-01   6.18982E-01   1.39273E+00
 1.67250E+01   2.25003E+00   8.72285E-01   6.18981E-01   1.39273E+00
 1.67750E+01   2.25004E+00   8.72284E-01   6.18981E-01   1.39273E+00
 1.68250E+01   2.25004E+00   8.72283E-01   6.18980E-01   1.39273E+00
 1.68750E+01   2.25004E+00   8.72282E-01   6.18979E-01   1.39273E+00
 1.69250E+01   2.25005E+00   8.72281E-01   6.18978E-01   1.39273E+00
 1.69750E+01   2.25005E+00   8.72280E-01   6.18977E-01   1.39273E+00
 1.70250E+01   2.25006E+00   8.72279E-01   6.18977E-01   1.39273E+00
 1.70750E+01   2.25006E+00   8.72278E-01   6.18976E-01   1.39273E+00
 1.71250E+01   2.25006E+00   8.72277E-01   6.18975E-01   1.39273E+00
 1.71750E+01   2.25007E+00   8.72275E-01   6.18974E-01   1.39273E+00
 1.72250E+01   2.25007E+00   8.72274E-01   6.18973E-01   1.39273E+00
 1.72750E+01   2.25007E+00   8.72273E-01   6.18972E-01   1.39273E+00
 1.73250E+01   2.25008E+00   8.72272E-01   6.18972E-01   1.39273E+00
 1.73750E+01   2.25008E+00   8.72270E-01   6.18971E-01   1.39274E+00
 1.74250E+01   2.25008E+00   8.72269E-01   6.18971E-01   1.39274E+00
 1.74750E+01   2.25009E+00   8.72268E-01   6.18970E-01   1.39274E+00
 1.75250E+01   2.25009E+00   8.72267E-01   6.18969E-01   1.39274E+00
 1.75750E+01   2.25009E+00   8.72266E-01   6.18969E-01   1.39274E+00
 1.76250E+01   2.25010E+00   8.72264E-01   6.18968E-01   1.39274E+00
 1.76750E+01   2.25010E+00   8.72263E-01   6.18967E-01   1.39274E+00
 1.77250E+01   2.25010E+00   8.72262E-01   6.18966E-01   1.39274E+00
 1.77750E+01   2.25011E+00   8.72261E-01   6.18966E-01   1.39274E+00
 1.78250E+01   2.25011E+00   8.72259E-01   6.18965E-01   1.39274E+00
 1.78750E+01   2.25011E+00   8.72258E-01   6.18964E-01   1.39274E+00
 1.79250E+01   2.25012E+00   8.72257E-01   6.18963E-01   1.39274E+00
 1.79750E+01   2.25012E+00   8.72256E-01   6.18963E-01   1.39274E+00
 1.80250E+01   2.25012E+00   8.72255E-01   6.18962E-01   1.39274E+00
 1.80750E+01   2.25013E+00   8.72254E-01   6.18961E-01   1.39274E+00
 1.81250E+01   2.25013E+00   8.72253E-01   6.18961E-01   1.39274E+00
 1.81750E+01   2.25013E+00   8.72252E-01   6.18960E-01   1.39274E+00
 1.82250E+01   2.25014E+00   8.72251E-01   6.18959E-01   1.39274E+00
 1.82750E+01   2.25014E+00   8.72250E-01   6.18959E-01   1.39274E+00
 1.83250E+01   2.25014E+00   8.72249E-01   6.18958E-01   1.39274E+00
 1.83750E+01   2.25015E+00   8.72248E-01   6.18957E-01   1.39274E+00
 1.84250E+01   2.25015E+00   8.72247E-01   6.18956E-01   1.39275E+00
 1.84750E+01   2.25015E+00   8.72246E-01   6.18955E-01   1.39275E+00
 1.85250E+01   2.25016E+00   8.72245E-01   6.18954E-01   1.39274E+00
 1.85750E+01   2.25016E+00   8.72244E-01   6.18953E-01   1.39274E+00
 1.86250E+01   2.25017E+00   8.72243E-01   6.18951E-01   1.39274E+00
 1.86750E+01   2.25017E+00   8.72243E-01   6.18949E-01   1.39274E+00
 1.87250E+01   2.25018E+00   8.72242E-01   6.18947E-01   1.39274E+00
 1.87750E+01   2.25018E+00   8.72242E-01   6.18945E-01   1.39274E+00
 1.88250E+01   2.25019E+00   8.72242E-01   6.18942E-01   1.39274E+00
 1.88750E+01   2.25020E+00   8.72242E-01   6.18940E-01   1.39274E+00
 1.89250E+01   2.25020E+00   8.72241E-01   6.18938E-01   1.39274E+00
 1.89750E+01   2.25021E+00   8.72241E-01   6.18936E-01   1.39274E+00
 1.90250E+01   2.25022E+00   8.72240E-01   6.18934E-01   1.39273E+00
 1.90750E+01   2.25022E+00   8.72240E-01   6.18931E-01   1.39273E+00
 1.91250E+01   2.25023E+00   8.72240E-01   6.18929E-01   1.39273E+00
 1.91750E+01   2.25024E+00   8.72240E-01   6.18927E-01   1.39273E+00
 1.92250E+01   2.25024E+00   8.72240E-01   6.18924E-01   1.39273E+00
 1.92750E+01   2.25025E+00   8.72239E-01   6.18922E-01   1.39273E+00
 1.93250E+01   2.25025E+00   8.72239E-01   6.18920E-01   1.39273E+00
 1.93750E+01   2.25026E+00   8.72239E-01   6.18918E-01   1.39273E+00
 1.94250E+01   2.25027E+00   8.72238E-01   6.18915E-01   1.39273E+00
 1.94750E+01   2.25027E+00   8.72238E-01   6.18913E-01   1.39272E+00
 1.95250E+01   2.25028E+00   8.72237E-01   6.18911E-01   1.39272E+00
 1.95750E+01   2.25029E+00   8.72237E-01   6.18909E-01   1.39272E+00
 1.96250E+01   2.25029E+00   8.72237E-01   6.18906E-01   1.39272E+00
 1.96750E+01   2.25030E+00   8.72237E-01   6.18904E-01   1.39272E+00
 1.97250E+01   2.25031E+00   8.72237E-01   6.18902E-01   1.39272E+00
 1.97750E+01   2.25031E+00   8.72236E-01   6.18900E-01   1.39272E+00
 1.98250E+01   2.25032E+00   8.72236E-01   6.18897E-01   1.39272E+00
 1.98750E+01   2.25033E+00   8.72236E-01   6.18894E-01   1.39271E+00
 1.99250E+01   2.25033E+00   8.72236E-01   6.18892E-01   1.39271E+00
 1.99750E+01   2.25034E+00   8.72236E-01   6.18889E-01   1.39271E+00
 2.00250E+01   2.25034E+00   8.72236E-01   6.18886E-01   1.39271E+00
 2.00750E+01   2.25035E+00   8.72236E-01   6.18883E-01   1.39270E+00
 2.01250E+01   2.25036E+00   8.72236E-01   6.18879E-01   1.39270E+00
 2.01750E+01   2.25037E+00   8.72236E-01   6.18875E-01   1.39270E+00
 2.02250E+01   2.25038E+00   8.72237E-01   6.18872E-01   1.39269E+00
 2.02750E+01   2.25039E+00   8.72237E-01   6.18867E-01   1.39269E+00
 2.03250E+01   2.25040E+00   8.72237E-01   6.18862E-01   1.39269E+00
 2.03750E+01   2.25041E+00   8.72238E-01   6.18857E-01   1.39268E+00
 2.04250E+01   2.25042E+00   8.72239E-01   6.18852E-01   1.39268E+00
 2.04750E+01   2.25043E+00   8.72239E-01   6.18846E-01   1.39267E+00
 2.05250E+01   2.25045E+00   8.72240E-01   6.18840E-01   1.39267E+00
 2.05750E+01   2.25046E+00   8.72241E-01   6.18833E-01   1.39266E+00
 2.06250E+01   2.25047E+00   8.72242E-01   6.18827E-01   1.39265E+00
 2.06750E+01   2.25049E+00   8.72244E-01   6.18819E-01   1.39265E+00
 2.07250E+01   2.25051E+00   8.72245E-01   6.18811E-01   1.39264E+00
 2.07750E+01   2.25053E+00   8.72247E-01   6.18802E-01   1.39263E+00
 2.08250E+01   2.25055E+00   8.72248E-01   6.18793E-01   1.39262E+00
 2.08750E+01   2.25057E+00   8.72250E-01   6.18783E-01   1.39261E+00
 2.09250E+01   2.25059E+00   8.72252E-01   6.18773E-01   1.39260E+00
 2.09750E+01   2.25061E+00   8.72254E-01   6.18762E-01   1.39259E+00
 2.10250E+01   2.25064E+00   8.72256E-01   6.18750E-01   1.39258E+00
 2.10750E+01   2.25066E+00   8.72259E-01   6.18737E-01   1.39257E+00
 2.11250E+01   2.25069E+00   8.72262E-01   6.18723E-01   1.39256E+00
 2.11750E+01   2.25072E+00   8.72265E-01   6.18709E-01   1.39254E+00
 2.12250E+01   2.25076E+00   8.72269E-01   6.18693E-01   1.39253E+00
 2.12750E+01   2.25079E+00   8.72272E-01   6.18677E-01   1.39251E+00
 2.13250E+01   2.25083E+00   8.72276E-01   6.18659E-01   1.39249E+00
 2.13750E+01   2.25087E+00   8.72281E-01   6.18640E-01   1.39248E+00
 2.14250E+01   2.25091E+00   8.72285E-01   6.18619E-01   1.39246E+00
 2.14750E+01   2.25096E+00   8.72290E-01   6.18597E-01   1.39244E+00
 2.15250E+01   2.25100E+00   8.72295E-01   6.18574E-01   1.39241E+00
 2.15750E+01   2.25106E+00   8.72301E-01   6.18549E-01   1.39239E+00
 2.16250E+01   2.25111E+00   8.72307E-01   6.18522E-01   1.39236E+00
 2.16750E+01   2.25117E+00   8.72313E-01   6.18493E-01   1.39233E+00
 2.17250E+01   2.25123E+00   8.72321E-01   6.18463E-01   1.39230E+00
 2.17750E+01   2.25130E+00   8.72328E-01   6.18430E-01   1.39227E+00
 2.18250E+01   2.25137E+00   8.72336E-01   6.18395E-01   1.39224E+00
 2.18750E+01   2.25145E+00   8.72345E-01   6.18358E-01   1.39220E+00
 2.19250E+01   2.25153E+00   8.72355E-01   6.18318E-01   1.39216E+00
 2.19750E+01   2.25162E+00   8.72365E-01   6.18276E-01   1.39212E+00
 2.20250E+01   2.25171E+00   8.72376E-01   6.18231E-01   1.39208E+00
 2.20750E+01   2.25181E+00   8.72387E-01   6.18182E-01   1.39203E+00
 2.21250E+01   2.25192E+00   8.72399E-01   6.18131E-01   1.39198E+00
 2.21750E+01   2.25203E+00   8.72412E-01   6.18077E-01   1.39193E+00
 2.22250E+01   2.25215E+00   8.72426E-01   6.18019E-01   1.39187E+00
 2.22750E+01   2.25228E+00   8.72441E-01   6.17957E-01   1.39181E+00
 2.23250E+01   2.25241E+00   8.72457E-01   6.17891E-01   1.39174E+00
 2.23750E+01   2.25256E+00   8.72474E-01   6.17821E-01   1.39168E+00
 2.24250E+01   2.25271E+00   8.72492E-01   6.17746E-01   1.39160E+00
 2.24750E+01   2.25287E+00   8.72511E-01   6.17667E-01   1.39153E+00
 2.25250E+01   2.25305E+00   8.72532E-01   6.17583E-01   1.39144E+00
 2.25750E+01   2.25323E+00   8.72554E-01   6.17494E-01   1.39136E+00
 2.26250E+01   2.25343E+00   8.72577E-01   6.17399E-01   1.39126E+00
 2.26750E+01   2.25363E+00   8.72601E-01   6.17298E-01   1.39116E+00
 2.27250E+01   2.25385E+00   8.72627E-01   6.17191E-01   1.39106E+00
 2.27750E+01   2.25409E+00   8.72655E-01   6.17078E-01   1.39095E+00
 2.28250E+01   2.25433E+00   8.72685E-01   6.16958E-01   1.39083E+00
 2.28750E+01   2.25460E+00   8.72716E-01   6.16830E-01   1.39070E+00
 2.29250E+01   2.25487E+00   8.72749E-01   6.16696E-01   1.39057E+00
 2.29750E+01   2.25517E+00   8.72784E-01   6.16553E-01   1.39043E+00
 2.30250E+01   2.25548E+00   8.72821E-01   6.16402E-01   1.39028E+00
 2.30750E+01   2.25581E+00   8.72860E-01   6.16242E-01   1.39013E+00
 2.31250E+01   2.25616E+00   8.72901E-01   6.16073E-01   1.38996E+00
 2.31750E+01   2.25653E+00   8.72945E-01   6.15894E-01   1.38978E+00
 2.32250E+01   2.25692E+00   8.72991E-01   6.15705E-01   1.38960E+00
 2.32750E+01   2.25733E+00   8.73040E-01   6.15506E-01   1.38940E+00
 2.33250E+01   2.25777E+00   8.73091E-01   6.15295E-01   1.38919E+00
 2.33750E+01   2.25822E+00   8.73146E-01   6.15073E-01   1.38897E+00
 2.34250E+01   2.25871E+00   8.73203E-01   6.14839E-01   1.38874E+00
 2.34750E+01   2.25922E+00   8.73264E-01   6.14592E-01   1.38850E+00
 2.35250E+01   2.25976E+00   8.73327E-01   6.14332E-01   1.38824E+00
 2.35750E+01   2.26032E+00   8.73395E-01   6.14059E-01   1.38797E+00
 2.36250E+01   2.26092E+00   8.73466E-01   6.13771E-01   1.38769E+00
 2.36750E+01   2.26155E+00   8.73540E-01   6.13468E-01   1.38739E+00
 2.37250E+01   2.26221E+00   8.73618E-01   6.13150E-01   1.38707E+00
 2.37750E+01   2.26290E+00   8.73700E-01   6.12816E-01   1.38674E+00
 2.38250E+01   2.26363E+00   8.73786E-01   6.12466E-01   1.38640E+00
 2.38750E+01   2.26439E+00   8.73877E-01   6.12098E-01   1.38603E+00
 2.39250E+01   2.26520E+00   8.73971E-01   6.11713E-01   1.38565E+00
 2.39750E+01   2.26604E+00   8.74070E-01   6.11309E-01   1.38525E+00
 2.40250E+01   2.26692E+00   8.74174E-01   6.10886E-01   1.38483E+00
 2.40750E+01   2.26784E+00   8.74282E-01   6.10444E-01   1.38439E+00
 2.41250E+01   2.26880E+00   8.74396E-01   6.09982E-01   1.38393E+00
 2.41750E+01   2.26981E+00   8.74514E-01   6.09499E-01   1.38345E+00
 2.42250E+01   2.27086E+00   8.74637E-01   6.08995E-01   1.38294E+00
 2.42750E+01   2.27196E+00   8.74766E-01   6.08468E-01   1.38242E+00
 2.43250E+01   2.27311E+00   8.74901E-01   6.07920E-01   1.38187E+00
 2.43750E+01   2.27431E+00   8.75041E-01   6.07349E-01   1.38130E+00
 2.44250E+01   2.27555E+00   8.75186E-01   6.06755E-01   1.38070E+00
 2.44750E+01   2.27685E+00   8.75337E-01   6.06137E-01   1.38008E+00
 2.45250E+01   2.27820E+00   8.75494E-01   6.05495E-01   1.37944E+00
 2.45750E+01   2.27960E+00   8.75657E-01   6.04829E-01   1.37877E+00
 2.46250E+01   2.28105E+00   8.75825E-01   6.04138E-01   1.37807E+00
 2.46750E+01   2.28256E+00   8.76000E-01   6.03423E-01   1.37735E+00
 2.47250E+01   2.28412E+00   8.76180E-01   6.02683E-01   1.37660E+00
 2.47750E+01   2.28574E+00   8.76367E-01   6.01917E-01   1.37582E+00
 2.48250E+01   2.28741E+00   8.76559E-01   6.01126E-01   1.37502E+00
 2.48750E+01   2.28914E+00   8.76758E-01   6.00310E-01   1.37419E+00
 2.49250E+01   2.29092E+00   8.76963E-01   5.99469E-01   1.37334E+00
 2.49750E+01   2.29276E+00   8.77173E-01   5.98603E-01   1.37245E+00
 2.50250E+01   2.29465E+00   8.77389E-01   5.97712E-01   1.37154E+00
 2.50750E+01   2.29660E+00   8.77611E-01   5.96797E-01   1.37060E+00
 2.51250E+01   2.29860E+00   8.77839E-01   5.95858E-01   1.36964E+00
 2.51750E+01   2.30065E+00   8.78072E-01   5.94895E-01   1.36865E+00
 2.52250E+01   2.30276E+00   8.78311E-01   5.93909E-01   1.36763E+00
 2.52750E+01   2.30492E+00   8.78555E-01   5.92901E-01   1.36659E+00
 2.53250E+01   2.30713E+00   8.78803E-01   5.91871E-01   1.36552E+00
 2.53750E+01   2.30938E+00   8.79057E-01   5.90821E-01   1.36443E+00
 2.54250E+01   2.31168E+00   8.79315E-01   5.89751E-01   1.36332E+00
 2.54750E+01   2.31402E+00   8.79578E-01   5.88662E-01   1.36218E+00
 2.55250E+01   2.31641E+00   8.79844E-01   5.87556E-01   1.36102E+00
 2.55750E+01   2.31883E+00   8.80114E-01   5.86433E-01   1.35984E+00
 2.56250E+01   2.32130E+00   8.80387E-01   5.85295E-01   1.35864E+00
 2.56750E+01   2.32379E+00   8.80664E-01   5.84143E-01   1.35743E+00
 2.57250E+01   2.32632E+00   8.80943E-01   5.82979E-01   1.35620E+00
 2.57750E+01   2.32888E+00   8.81224E-01   5.81804E-01   1.35495E+00
 2.58250E+01   2.33146E+00   8.81507E-01   5.80619E-01   1.35369E+00
 2.58750E+01   2.33406E+00   8.81792E-01   5.79427E-01   1.35242E+00
 2.59250E+01   2.33668E+00   8.82078E-01   5.78228E-01   1.35113E+00
 2.59750E+01   2.33931E+00   8.82365E-01   5.77025E-01   1.34984E+00
 2.60250E+01   2.34196E+00   8.82653E-01   5.75819E-01   1.34854E+00
 2.60750E+01   2.34461E+00   8.82940E-01   5.74612E-01   1.34724E+00
 2.61250E+01   2.34727E+00   8.83227E-01   5.73405E-01   1.34594E+00
 2.61750E+01   2.34992E+00   8.83512E-01   5.72201E-01   1.34463E+00
 2.62250E+01   2.35257E+00   8.83797E-01   5.71000E-01   1.34332E+00
 2.62750E+01   2.35522E+00   8.84080E-01   5.69805E-01   1.34202E+00
 2.63250E+01   2.35785E+00   8.84361E-01   5.68617E-01   1.34072E+00
 2.63750E+01   2.36047E+00   8.84640E-01   5.67438E-01   1.33942E+00
 2.64250E+01   2.36307E+00   8.84915E-01   5.66270E-01   1.33813E+00
 2.64750E+01   2.36565E+00   8.85188E-01   5.65113E-01   1.33686E+00
 2.65250E+01   2.36820E+00   8.85458E-01   5.63969E-01   1.33559E+00
 2.65750E+01   2.37072E+00   8.85724E-01   5.62840E-01   1.33434E+00
 2.66250E+01   2.37321E+00   8.85985E-01   5.61727E-01   1.33310E+00
 2.66750E+01   2.37567E+00   8.86242E-01   5.60631E-01   1.33188E+00
 2.67250E+01   2.37809E+00   8.86495E-01   5.59554E-01   1.33067E+00
 2.67750E+01   2.38047E+00   8.86743E-01   5.58496E-01   1.32948E+00
 2.68250E+01   2.38281E+00   8.86985E-01   5.57458E-01   1.32832E+00
 2.68750E+01   2.38511E+00   8.87223E-01   5.56441E-01   1.32717E+00
 2.69250E+01   2.38735E+00   8.87455E-01   5.55446E-01   1.32605E+00
 2.69750E+01   2.38955E+00   8.87681E-01   5.54474E-01   1.32495E+00
 2.70250E+01   2.39170E+00   8.87902E-01   5.53526E-01   1.32387E+00
 2.70750E+01   2.39380E+00   8.88117E-01   5.52601E-01   1.32282E+00
 2.71250E+01   2.39585E+00   8.88327E-01   5.51700E-01   1.32179E+00
 2.71750E+01   2.39784E+00   8.88530E-01   5.50825E-01   1.32079E+00
 2.72250E+01   2.39978E+00   8.88727E-01   5.49974E-01   1.31982E+00
 2.72750E+01   2.40167E+00   8.88918E-01   5.49149E-01   1.31887E+00
 2.73250E+01   2.40350E+00   8.89104E-01   5.48348E-01   1.31795E+00
 2.73750E+01   2.40527E+00   8.89283E-01   5.47573E-01   1.31706E+00
 2.74250E+01   2.40699E+00   8.89456E-01   5.46823E-01   1.31620E+00
 2.74750E+01   2.40865E+00   8.89623E-01   5.46098E-01   1.31536E+00
 2.75250E+01   2.41026E+00   8.89784E-01   5.45398E-01   1.31455E+00
 2.75750E+01   2.41181E+00   8.89940E-01   5.44723E-01   1.31377E+00
 2.76250E+01   2.41331E+00   8.90089E-01   5.44072E-01   1.31301E+00
 2.76750E+01   2.41475E+00   8.90233E-01   5.43446E-01   1.31229E+00
 2.77250E+01   2.41614E+00   8.90372E-01   5.42843E-01   1.31158E+00
 2.77750E+01   2.41748E+00   8.90505E-01   5.42263E-01   1.31091E+00
 2.78250E+01   2.41876E+00   8.90632E-01   5.41707E-01   1.31026E+00
 2.78750E+01   2.42000E+00   8.90755E-01   5.41173E-01   1.30964E+00
 2.79250E+01   2.42118E+00   8.90872E-01   5.40660E-01   1.30904E+00
 2.79750E+01   2.42232E+00   8.90984E-01   5.40170E-01   1.30846E+00
 2.80250E+01   2.42340E+00   8.91091E-01   5.39700E-01   1.30791E+00
 2.80750E+01   2.42445E+00   8.91194E-01   5.39250E-01   1.30738E+00
 2.81250E+01   2.42544E+00   8.91292E-01   5.38821E-01   1.30688E+00
 2.81750E+01   2.42640E+00   8.91386E-01   5.38410E-01   1.30640E+00
 2.82250E+01   2.42731E+00   8.91475E-01   5.38018E-01   1.30594E+00
 2.82750E+01   2.42818E+00   8.91560E-01   5.37645E-01   1.30550E+00
 2.83250E+01   2.42901E+00   8.91641E-01   5.37288E-01   1.30508E+00
 2.83750E+01   2.42980E+00   8.91719E-01   5.36949E-01   1.30468E+00
 2.84250E+01   2.43055E+00   8.91792E-01   5.36626E-01   1.30430E+00
 2.84750E+01   2.43126E+00   8.91862E-01   5.36319E-01   1.30393E+00
 2.85250E+01   2.43195E+00   8.91928E-01   5.36026E-01   1.30359E+00
 2.85750E+01   2.43259E+00   8.91991E-01   5.35748E-01   1.30326E+00
 2.86250E+01   2.43321E+00   8.92051E-01   5.35484E-01   1.30295E+00
 2.86750E+01   2.43380E+00   8.92108E-01   5.35234E-01   1.30265E+00
 2.87250E+01   2.43435E+00   8.92161E-01   5.34996E-01   1.30237E+00
 2.87750E+01   2.43488E+00   8.92212E-01   5.34771E-01   1.30210E+00
 2.88250E+01   2.43538E+00   8.92260E-01   5.34557E-01   1.30185E+00
 2.88750E+01   2.43585E+00   8.92306E-01   5.34355E-01   1.30161E+00
 2.89250E+01   2.43630E+00   8.92350E-01   5.34163E-01   1.30138E+00
 2.89750E+01   2.43672E+00   8.92390E-01   5.33981E-01   1.30117E+00
 2.90250E+01   2.43713E+00   8.92429E-01   5.33810E-01   1.30096E+00
 2.90750E+01   2.43750E+00   8.92466E-01   5.33647E-01   1.30077E+00
 2.91250E+01   2.43786E+00   8.92501E-01   5.33494E-01   1.30059E+00
 2.91750E+01   2.43820E+00   8.92534E-01   5.33350E-01   1.30041E+00
 2.92250E+01   2.43852E+00   8.92565E-01   5.33213E-01   1.30025E+00
 2.92750E+01   2.43882E+00   8.92594E-01   5.33084E-01   1.30010E+00
 2.93250E+01   2.43911E+00   8.92622E-01   5.32962E-01   1.29995E+00
 2.93750E+01   2.43937E+00   8.92648E-01   5.32848E-01   1.29982E+00
 2.94250E+01   2.43963E+00   8.92673E-01   5.32740E-01   1.29969E+00
 2.94750E+01   2.43987E+00   8.92696E-01   5.32638E-01   1.29956E+00
 2.95250E+01   2.44009E+00   8.92718E-01   5.32542E-01   1.29945E+00
 2.95750E+01   2.44030E+00   8.92739E-01   5.32452E-01   1.29934E+00
 2.96250E+01   2.44050E+00   8.92759E-01   5.32368E-01   1.29924E+00
 2.96750E+01   2.44068E+00   8.92777E-01   5.32288E-01   1.29915E+00
 2.97250E+01   2.44086E+00   8.92795E-01   5.32213E-01   1.29906E+00
 2.97750E+01   2.44102E+00   8.92811E-01   5.32143E-01   1.29897E+00
 2.98250E+01   2.44117E+00   8.92827E-01   5.32077E-01   1.29889E+00
 2.98750E+01   2.44131E+00   8.92841E-01   5.32015E-01   1.29882E+00
 2.99250E+01   2.44145E+00   8.92856E-01   5.31957E-01   1.29875E+00
 2.99750E+01   2.44157E+00   8.92869E-01   5.31902E-01   1.29868E+00
 3.00250E+01   2.44169E+00   8.92882E-01   5.31851E-01   1.29862E+00
 3.00750E+01   2.44180E+00   8.92894E-01   5.31803E-01   1.29856E+00
 3.01250E+01   2.44190E+00   8.92905E-01   5.31758E-01   1.29850E+00
 3.01750E+01   2.44199E+00   8.92916E-01   5.31717E-01   1.29845E+00
 3.02250E+01   2.44208E+00   8.92927E-01   5.31677E-01   1.29840E+00
 3.02750E+01   2.44216E+00   8.92937E-01   5.31640E-01   1.29835E+00
 3.03250E+01   2.44224E+00   8.92946E-01   5.31606E-01   1.29831E+00
 3.03750E+01   2.44231E+00   8.92956E-01   5.31574E-01   1.29827E+00
 3.04250E+01   2.44237E+00   8.92965E-01   5.31544E-01   1.29823E+00
 3.04750E+01   2.44243E+00   8.92973E-01   5.31516E-01   1.29819E+00
 3.05250E+01   2.44249E+00   8.92982E-01   5.31490E-01   1.29816E+00
 3.05750E+01   2.44253E+00   8.92990E-01   5.31465E-01   1.29812E+00
 3.06250E+01   2.44258E+00   8.92999E-01   5.31443E-01   1.29809E+00
 3.06750E+01   2.44262E+00   8.93007E-01   5.31421E-01   1.29806E+00
 3.07250E+01   2.44266E+00   8.93015E-01   5.31402E-01   1.29803E+00
 3.07750E+01   2.44269E+00   8.93023E-01   5.31384E-01   1.29801E+00
 3.08250E+01   2.44272E+00   8.93030E-01   5.31366E-01   1.29798E+00
 3.08750E+01   2.44275E+00   8.93038E-01   5.31351E-01   1.29795E+00
 3.09250E+01   2.44277E+00   8.93045E-01   5.31336E-01   1.29793E+00
 3.09750E+01   2.44279E+00   8.93053E-01   5.31322E-01   1.29791E+00
 3.10250E+01   2.44281E+00   8.93061E-01   5.31309E-01   1.29789E+00
 3.10750E+01   2.44282E+00   8.93069E-01   5.31298E-01   1.29786E+00
 3.11250E+01   2.44283E+00   8.93077E-01   5.31287E-01   1.29784E+00
 3.11750E+01   2.44284E+00   8.93085E-01   5.31276E-01   1.29782E+00
 3.12250E+01   2.44284E+00   8.93094E-01   5.31267E-01   1.29780E+00
 3.12750E+01   2.44285E+00   8.93102E-01   5.31258E-01   1.29778E+00
 3.13250E+01   2.44285E+00   8.93111E-01   5.31250E-01   1.29776E+00
 3.13750E+01   2.44284E+00   8.93120E-01   5.31243E-01   1.29774E+00
 3.14250E+01   2.44284E+00   8.93130E-01   5.31236E-01   1.29772E+00
 3.14750E+01   2.44283E+00   8.93139E-01   5.31229E-01   1.29770E+00
 3.15250E+01   2.44282E+00   8.93149E-01   5.31224E-01   1.29768E+00
 3.15750E+01   2.44281E+00   8.93160E-01   5.31218E-01   1.29767E+00
 3.16250E+01   2.44280E+00   8.93171E-01   5.31214E-01   1.29765E+00
 3.16750E+01   2.44278E+00   8.93182E-01   5.31209E-01   1.29763E+00
 3.17250E+01   2.44276E+00   8.93193E-01   5.31205E-01   1.29761E+00
 3.17750E+01   2.44274E+00   8.93206E-01   5.31202E-01   1.29759E+00
 3.18250E+01   2.44271E+00   8.93218E-01   5.31199E-01   1.29757E+00
 3.18750E+01   2.44269E+00   8.93232E-01   5.31196E-01   1.29755E+00
 3.19250E+01   2.44266E+00   8.93246E-01   5.31193E-01   1.29752E+00
 3.19750E+01   2.44263E+00   8.93260E-01   5.31191E-01   1.29750E+00
 3.20250E+01   2.44260E+00   8.93275E-01   5.31189E-01   1.29748E+00
 3.20750E+01   2.44256E+00   8.93291E-01   5.31187E-01   1.29746E+00
 3.21250E+01   2.44252E+00   8.93307E-01   5.31186E-01   1.29743E+00
 3.21750E+01   2.44248E+00   8.93324E-01   5.31184E-01   1.29741E+00
 3.22250E+01   2.44244E+00   8.93342E-01   5.31183E-01   1.29738E+00
 3.22750E+01   2.44239E+00   8.93361E-01   5.31182E-01   1.29736E+00
 3.23250E+01   2.44235E+00   8.93380E-01   5.31181E-01   1.29733E+00
 3.23750E+01   2.44229E+00   8.93400E-01   5.31181E-01   1.29730E+00
 3.24250E+01   2.44224E+00   8.93421E-01   5.31180E-01   1.29727E+00
 3.24750E+01   2.44218E+00   8.93443E-01   5.31179E-01   1.29724E+00
 3.25250E+01   2.44213E+00   8.93466E-01   5.31179E-01   1.29721E+00
 3.25750E+01   2.44206E+00   8.93490E-01   5.31179E-01   1.29717E+00
 3.26250E+01   2.44200E+00   8.93515E-01   5.31179E-01   1.29714E+00
 3.26750E+01   2.44193E+00   8.93541E-01   5.31179E-01   1.29710E+00
 3.27250E+01   2.44186E+00   8.93569E-01   5.31179E-01   1.29706E+00
 3.27750E+01   2.44178E+00   8.93597E-01   5.31179E-01   1.29702E+00
 3.28250E+01   2.44170E+00   8.93627E-01   5.31179E-01   1.29698E+00
 3.28750E+01   2.44162E+00   8.93659E-01   5.31179E-01   1.29694E+00
 3.29250E+01   2.44153E+00   8.93691E-01   5.31180E-01   1.29689E+00
 3.29750E+01   2.44144E+00   8.93725E-01   5.31180E-01   1.29685E+00
 3.30250E+01   2.44135E+00   8.93760E-01   5.31181E-01   1.29680E+00
 3.30750E+01   2.44125E+00   8.93796E-01   5.31182E-01   1.29675E+00
 3.31250E+01   2.44115E+00   8.93834E-01   5.31183E-01   1.29670E+00
 3.31750E+01   2.44105E+00   8.93874E-01   5.31183E-01   1.29664E+00
 3.32250E+01   2.44093E+00   8.93915E-01   5.31185E-01   1.29659E+00
 3.32750E+01   2.44082E+00   8.93958E-01   5.31186E-01   1.29653E+00
 3.33250E+01   2.44070E+00   8.94002E-01   5.31187E-01   1.29647E+00
 3.33750E+01   2.44057E+00   8.94049E-01   5.31188E-01   1.29640E+00
 3.34250E+01   2.44044E+00   8.94097E-01   5.31190E-01   1.29634E+00
 3.34750E+01   2.44031E+00   8.94147E-01   5.31192E-01   1.29627E+00
 3.35250E+01   2.44017E+00   8.94199E-01   5.31193E-01   1.29620E+00
 3.35750E+01   2.44002E+00   8.94253E-01   5.31195E-01   1.29613E+00
 3.36250E+01   2.43987E+00   8.94309E-01   5.31197E-01   1.29605E+00
 3.36750E+01   2.43971E+00   8.94367E-01   5.31199E-01   1.29597E+00
 3.37250E+01   2.43955E+00   8.94427E-01   5.31202E-01   1.29589E+00
 3.37750E+01   2.43938E+00   8.94490E-01   5.31204E-01   1.29581E+00
 3.38250E+01   2.43920E+00   8.94555E-01   5.31206E-01   1.29572E+00
 3.38750E+01   2.43902E+00   8.94623E-01   5.31209E-01   1.29563E+00
 3.39250E+01   2.43883E+00   8.94693E-01   5.31212E-01   1.29553E+00
 3.39750E+01   2.43863E+00   8.94766E-01   5.31215E-01   1.29544E+00
 3.40250E+01   2.43842E+00   8.94842E-01   5.31218E-01   1.29533E+00
 3.40750E+01   2.43821E+00   8.94920E-01   5.31221E-01   1.29523E+00
 3.41250E+01   2.43799E+00   8.95001E-01   5.31224E-01   1.29512E+00
 3.41750E+01   2.43776E+00   8.95085E-01   5.31227E-01   1.29500E+00
 3.42250E+01   2.43752E+00   8.95172E-01   5.31230E-01   1.29489E+00
 3.42750E+01   2.43728E+00   8.95262E-01   5.31233E-01   1.29476E+00
 3.43250E+01   2.43703E+00   8.95355E-01   5.31237E-01   1.29464E+00
 3.43750E+01   2.43676E+00   8.95452E-01   5.31240E-01   1.29451E+00
 3.44250E+01   2.43649E+00   8.95552E-01   5.31244E-01   1.29437E+00
 3.44750E+01   2.43621E+00   8.95655E-01   5.31248E-01   1.29423E+00
 3.45250E+01   2.43592E+00   8.95762E-01   5.31252E-01   1.29409E+00
 3.45750E+01   2.43562E+00   8.95872E-01   5.31256E-01   1.29394E+00
 3.46250E+01   2.43531E+00   8.95987E-01   5.31261E-01   1.29379E+00
 3.46750E+01   2.43499E+00   8.96105E-01   5.31265E-01   1.29363E+00
 3.47250E+01   2.43466E+00   8.96227E-01   5.31270E-01   1.29346E+00
 3.47750E+01   2.43432E+00   8.96353E-01   5.31275E-01   1.29329E+00
 3.48250E+01   2.43396E+00   8.96483E-01   5.31280E-01   1.29312E+00
 3.48750E+01   2.43360E+00   8.96618E-01   5.31285E-01   1.29294E+00
 3.49250E+01   2.43322E+00   8.96757E-01   5.31291E-01   1.29275E+00
 3.49750E+01   2.43283E+00   8.96901E-01   5.31297E-01   1.29256E+00
 3.50250E+01   2.43243E+00   8.97049E-01   5.31302E-01   1.29236E+00
 3.50750E+01   2.43202E+00   8.97202E-01   5.31308E-01   1.29215E+00
 3.51250E+01   2.43159E+00   8.97360E-01   5.31314E-01   1.29194E+00
 3.51750E+01   2.43115E+00   8.97523E-01   5.31321E-01   1.29172E+00
 3.52250E+01   2.43069E+00   8.97691E-01   5.31327E-01   1.29149E+00
 3.52750E+01   2.43022E+00   8.97865E-01   5.31334E-01   1.29126E+00
 3.53250E+01   2.42974E+00   8.98043E-01   5.31341E-01   1.29102E+00
 3.53750E+01   2.42924E+00   8.98228E-01   5.31348E-01   1.29077E+00
 3.54250E+01   2.42872E+00   8.98418E-01   5.31355E-01   1.29051E+00
 3.54750E+01   2.42820E+00   8.98614E-01   5.31362E-01   1.29025E+00
 3.55250E+01   2.42765E+00   8.98816E-01   5.31369E-01   1.28998E+00
 3.55750E+01   2.42709E+00   8.99023E-01   5.31377E-01   1.28970E+00
 3.56250E+01   2.42651E+00   8.99237E-01   5.31384E-01   1.28941E+00
 3.56750E+01   2.42592E+00   8.99458E-01   5.31392E-01   1.28911E+00
 3.57250E+01   2.42531E+00   8.99684E-01   5.31400E-01   1.28881E+00
 3.57750E+01   2.42468E+00   8.99918E-01   5.31408E-01   1.28849E+00
 3.58250E+01   2.42403E+00   9.00158E-01   5.31417E-01   1.28817E+00
 3.58750E+01   2.42336E+00   9.00405E-01   5.31425E-01   1.28784E+00
 3.59250E+01   2.42268E+00   9.00659E-01   5.31434E-01   1.28750E+00
 3.59750E+01   2.42198E+00   9.00920E-01   5.31443E-01   1.28714E+00
 3.60250E+01   2.42126E+00   9.01188E-01   5.31452E-01   1.28678E+00
 3.60750E+01   2.42052E+00   9.01464E-01   5.31462E-01   1.28641E+00
 3.61250E+01   2.41975E+00   9.01748E-01   5.31472E-01   1.28603E+00
 3.61750E+01   2.41897E+00   9.02039E-01   5.31482E-01   1.28564E+00
 3.62250E+01   2.41817E+00   9.02339E-01   5.31492E-01   1.28524E+00
 3.62750E+01   2.41735E+00   9.02646E-01   5.31502E-01   1.28482E+00
 3.63250E+01   2.41650E+00   9.02962E-01   5.31512E-01   1.28440E+00
 3.63750E+01   2.41563E+00   9.03286E-01   5.31523E-01   1.28397E+00
 3.64250E+01   2.41475E+00   9.03618E-01   5.31534E-01   1.28352E+00
 3.64750E+01   2.41384E+00   9.03959E-01   5.31545E-01   1.28306E+00
 3.65250E+01   2.41290E+00   9.04309E-01   5.31556E-01   1.28259E+00
 3.65750E+01   2.41194E+00   9.04668E-01   5.31568E-01   1.28211E+00
 3.66250E+01   2.41096E+00   9.05036E-01   5.31579E-01   1.28162E+00
 3.66750E+01   2.40996E+00   9.05413E-01   5.31591E-01   1.28111E+00
 3.67250E+01   2.40893E+00   9.05800E-01   5.31603E-01   1.28059E+00
 3.67750E+01   2.40788E+00   9.06197E-01   5.31616E-01   1.28006E+00
 3.68250E+01   2.40680E+00   9.06603E-01   5.31628E-01   1.27952E+00
 3.68750E+01   2.40569E+00   9.07019E-01   5.31641E-01   1.27897E+00
 3.69250E+01   2.40457E+00   9.07445E-01   5.31654E-01   1.27840E+00
 3.69750E+01   2.40341E+00   9.07881E-01   5.31667E-01   1.27781E+00
 3.70250E+01   2.40223E+00   9.08327E-01   5.31681E-01   1.27722E+00
 3.70750E+01   2.40102E+00   9.08785E-01   5.31694E-01   1.27661E+00
 3.71250E+01   2.39979E+00   9.09252E-01   5.31708E-01   1.27599E+00
 3.71750E+01   2.39852E+00   9.09730E-01   5.31722E-01   1.27535E+00
 3.72250E+01   2.39723E+00   9.10220E-01   5.31735E-01   1.27469E+00
 3.72750E+01   2.39592E+00   9.10720E-01   5.31750E-01   1.27403E+00
 3.73250E+01   2.39457E+00   9.11232E-01   5.31764E-01   1.27335E+00
 3.73750E+01   2.39320E+00   9.11755E-01   5.31778E-01   1.27265E+00
 3.74250E+01   2.39180E+00   9.12289E-01   5.31793E-01   1.27194E+00
 3.74750E+01   2.39037E+00   9.12835E-01   5.31807E-01   1.27122E+00
 3.75250E+01   2.38891E+00   9.13393E-01   5.31823E-01   1.27048E+00
 3.75750E+01   2.38742E+00   9.13963E-01   5.31838E-01   1.26972E+00
 3.76250E+01   2.38590E+00   9.14545E-01   5.31853E-01   1.26895E+00
 3.76750E+01   2.38435E+00   9.15140E-01   5.31869E-01   1.26816E+00
 3.77250E+01   2.38278E+00   9.15746E-01   5.31884E-01   1.26736E+00
 3.77750E+01   2.38117E+00   9.16365E-01   5.31900E-01   1.26654E+00
 3.78250E+01   2.37953E+00   9.16997E-01   5.31916E-01   1.26571E+00
 3.78750E+01   2.37786E+00   9.17641E-01   5.31932E-01   1.26486E+00
 3.79250E+01   2.37616E+00   9.18298E-01   5.31949E-01   1.26399E+00
 3.79750E+01   2.37443E+00   9.18968E-01   5.31965E-01   1.26311E+00
 3.80250E+01   2.37267E+00   9.19651E-01   5.31982E-01   1.26221E+00
 3.80750E+01   2.37087E+00   9.20347E-01   5.31998E-01   1.26130E+00
 3.81250E+01   2.36905E+00   9.21057E-01   5.32015E-01   1.26037E+00
 3.81750E+01   2.36719E+00   9.21780E-01   5.32032E-01   1.25942E+00
 3.82250E+01   2.36530E+00   9.22516E-01   5.32049E-01   1.25846E+00
 3.82750E+01   2.36338E+00   9.23266E-01   5.32066E-01   1.25748E+00
 3.83250E+01   2.36143E+00   9.24030E-01   5.32083E-01   1.25648E+00
 3.83750E+01   2.35945E+00   9.24807E-01   5.32100E-01   1.25546E+00
 3.84250E+01   2.35744E+00   9.25598E-01   5.32118E-01   1.25443E+00
 3.84750E+01   2.35539E+00   9.26403E-01   5.32135E-01   1.25339E+00
 3.85250E+01   2.35331E+00   9.27222E-01   5.32152E-01   1.25232E+00
 3.85750E+01   2.35120E+00   9.28055E-01   5.32170E-01   1.25124E+00
 3.86250E+01   2.34906E+00   9.28902E-01   5.32188E-01   1.25014E+00
 3.86750E+01   2.34689E+00   9.29763E-01   5.32206E-01   1.24903E+00
 3.87250E+01   2.34468E+00   9.30638E-01   5.32223E-01   1.24790E+00
 3.87750E+01   2.34245E+00   9.31528E-01   5.32241E-01   1.24675E+00
 3.88250E+01   2.34018E+00   9.32432E-01   5.32259E-01   1.24558E+00
 3.88750E+01   2.33788E+00   9.33350E-01   5.32277E-01   1.24440E+00
 3.89250E+01   2.33555E+00   9.34283E-01   5.32295E-01   1.24320E+00
 3.89750E+01   2.33319E+00   9.35230E-01   5.32313E-01   1.24199E+00
 3.90250E+01   2.33079E+00   9.36191E-01   5.32331E-01   1.24075E+00
 3.90750E+01   2.32837E+00   9.37167E-01   5.32349E-01   1.23950E+00
 3.91250E+01   2.32591E+00   9.38158E-01   5.32367E-01   1.23824E+00
 3.91750E+01   2.32343E+00   9.39163E-01   5.32385E-01   1.23696E+00
 3.92250E+01   2.32091E+00   9.40183E-01   5.32402E-01   1.23566E+00
 3.92750E+01   2.31837E+00   9.41217E-01   5.32420E-01   1.23435E+00
 3.93250E+01   2.31579E+00   9.42266E-01   5.32438E-01   1.23302E+00
 3.93750E+01   2.31319E+00   9.43329E-01   5.32456E-01   1.23167E+00
 3.94250E+01   2.31055E+00   9.44407E-01   5.32473E-01   1.23031E+00
 3.94750E+01   2.30789E+00   9.45499E-01   5.32491E-01   1.22893E+00
 3.95250E+01   2.30520E+00   9.46606E-01   5.32508E-01   1.22754E+00
 3.95750E+01   2.30248E+00   9.47727E-01   5.32526E-01   1.22613E+00
 3.96250E+01   2.29973E+00   9.48863E-01   5.32543E-01   1.22470E+00
 3.96750E+01   2.29695E+00   9.50012E-01   5.32561E-01   1.22327E+00
 3.97250E+01   2.29415E+00   9.51176E-01   5.32578E-01   1.22181E+00
 3.97750E+01   2.29132E+00   9.52354E-01   5.32595E-01   1.22034E+00
 3.98250E+01   2.28846E+00   9.53546E-01   5.32611E-01   1.21886E+00
 3.98750E+01   2.28557E+00   9.54752E-01   5.32628E-01   1.21736E+00
 3.99250E+01   2.28266E+00   9.55973E-01   5.32645E-01   1.21585E+00
 3.99750E+01   2.27973E+00   9.57207E-01   5.32661E-01   1.21432E+00
 4.00250E+01   2.27677E+00   9.58455E-01   5.32678E-01   1.21278E+00
 4.00750E+01   2.27378E+00   9.59716E-01   5.32694E-01   1.21123E+00
 4.01250E+01   2.27077E+00   9.60992E-01   5.32710E-01   1.20966E+00
 4.01750E+01   2.26774E+00   9.62280E-01   5.32725E-01   1.20808E+00
 4.02250E+01   2.26468E+00   9.63583E-01   5.32741E-01   1.20649E+00
 4.02750E+01   2.26160E+00   9.64898E-01   5.32756E-01   1.20488E+00
 4.03250E+01   2.25850E+00   9.66227E-01   5.32771E-01   1.20326E+00
 4.03750E+01   2.25537E+00   9.67568E-01   5.32785E-01   1.20163E+00
 4.04250E+01   2.25223E+00   9.68923E-01   5.32800E-01   1.19999E+00
 4.04750E+01   2.24906E+00   9.70290E-01   5.32814E-01   1.19833E+00
 4.05250E+01   2.24588E+00   9.71670E-01   5.32827E-01   1.19667E+00
 4.05750E+01   2.24268E+00   9.73062E-01   5.32841E-01   1.19499E+00
 4.06250E+01   2.23945E+00   9.74466E-01   5.32854E-01   1.19330E+00
 4.06750E+01   2.23621E+00   9.75883E-01   5.32867E-01   1.19160E+00
 4.07250E+01   2.23295E+00   9.77311E-01   5.32880E-01   1.18990E+00
 4.07750E+01   2.22968E+00   9.78751E-01   5.32893E-01   1.18818E+00
 4.08250E+01   2.22638E+00   9.80203E-01   5.32905E-01   1.18645E+00
 4.08750E+01   2.22308E+00   9.81666E-01   5.32917E-01   1.18471E+00
 4.09250E+01   2.21975E+00   9.83140E-01   5.32928E-01   1.18297E+00
 4.09750E+01   2.21642E+00   9.84625E-01   5.32939E-01   1.18121E+00
 4.10250E+01   2.21306E+00   9.86121E-01   5.32950E-01   1.17945E+00
 4.10750E+01   2.20970E+00   9.87628E-01   5.32960E-01   1.17768E+00
 4.11250E+01   2.20632E+00   9.89145E-01   5.32970E-01   1.17590E+00
 4.11750E+01   2.20294E+00   9.90671E-01   5.32979E-01   1.17412E+00
 4.12250E+01   2.19954E+00   9.92208E-01   5.32989E-01   1.17233E+00
 4.12750E+01   2.19613E+00   9.93754E-01   5.32997E-01   1.17053E+00
 4.13250E+01   2.19271E+00   9.95310E-01   5.33006E-01   1.16872E+00
 4.13750E+01   2.18928E+00   9.96874E-01   5.33014E-01   1.16691E+00
 4.14250E+01   2.18584E+00   9.98448E-01   5.33021E-01   1.16510E+00
 4.14750E+01   2.18239E+00   1.00003E+00   5.33028E-01   1.16328E+00
 4.15250E+01   2.17894E+00   1.00162E+00   5.33035E-01   1.16145E+00
 4.15750E+01   2.17548E+00   1.00322E+00   5.33041E-01   1.15962E+00
 4.16250E+01   2.17202E+00   1.00483E+00   5.33047E-01   1.15779E+00
 4.16750E+01   2.16855E+00   1.00644E+00   5.33052E-01   1.15595E+00
 4.17250E+01   2.16507E+00   1.00806E+00   5.33056E-01   1.15411E+00
 4.17750E+01   2.16160E+00   1.00969E+00   5.33061E-01   1.15226E+00
 4.18250E+01   2.15812E+00   1.01133E+00   5.33064E-01   1.15041E+00
 4.18750E+01   2.15463E+00   1.01297E+00   5.33067E-01   1.14856E+00
 4.19250E+01   2.15115E+00   1.01461E+00   5.33070E-01   1.14671E+00
 4.19750E+01   2.14766E+00   1.01627E+00   5.33072E-01   1.14486E+00
 4.20250E+01   2.14418E+00   1.01793E+00   5.33074E-01   1.14301E+00
 4.20750E+01   2.14069E+00   1.01959E+00   5.33075E-01   1.14115E+00
 4.21250E+01   2.13721E+00   1.02126E+00   5.33075E-01   1.13929E+00
 4.21750E+01   2.13373E+00   1.02294E+00   5.33075E-01   1.13744E+00
 4.22250E+01   2.13025E+00   1.02461E+00   5.33075E-01   1.13558E+00
 4.22750E+01   2.12677E+00   1.02630E+00   5.33074E-01   1.13373E+00
 4.23250E+01   2.12330E+00   1.02798E+00   5.33073E-01   1.13187E+00
 4.23750E+01   2.11983E+00   1.02967E+00   5.33071E-01   1.13002E+00
 4.24250E+01   2.11637E+00   1.03137E+00   5.33068E-01   1.12817E+00
 4.24750E+01   2.11291E+00   1.03306E+00   5.33066E-01   1.12632E+00
 4.25250E+01   2.10946E+00   1.03476E+00   5.33062E-01   1.12447E+00
 4.25750E+01   2.10601E+00   1.03646E+00   5.33058E-01   1.12263E+00
 4.26250E+01   2.10258E+00   1.03817E+00   5.33053E-01   1.12079E+00
 4.26750E+01   2.09915E+00   1.03987E+00   5.33048E-01   1.11895E+00
 4.27250E+01   2.09573E+00   1.04158E+00   5.33043E-01   1.11711E+00
 4.27750E+01   2.09232E+00   1.04328E+00   5.33036E-01   1.11528E+00
 4.28250E+01   2.08892E+00   1.04499E+00   5.33029E-01   1.11345E+00
 4.28750E+01   2.08552E+00   1.04670E+00   5.33022E-01   1.11163E+00
 4.29250E+01   2.08215E+00   1.04841E+00   5.33014E-01   1.10981E+00
 4.29750E+01   2.07878E+00   1.05012E+00   5.33005E-01   1.10800E+00
 4.30250E+01   2.07542E+00   1.05182E+00   5.32996E-01   1.10619E+00
 4.30750E+01   2.07208E+00   1.05353E+00   5.32987E-01   1.10439E+00
 4.31250E+01   2.06875E+00   1.05524E+00   5.32976E-01   1.10259E+00
 4.31750E+01   2.06543E+00   1.05694E+00   5.32965E-01   1.10080E+00
 4.32250E+01   2.06213E+00   1.05864E+00   5.32954E-01   1.09902E+00
 4.32750E+01   2.05884E+00   1.06034E+00   5.32942E-01   1.09724E+00
 4.33250E+01   2.05557E+00   1.06204E+00   5.32929E-01   1.09547E+00
 4.33750E+01   2.05231E+00   1.06374E+00   5.32916E-01   1.09371E+00
 4.34250E+01   2.04907E+00   1.06543E+00   5.32902E-01   1.09196E+00
 4.34750E+01   2.04585E+00   1.06712E+00   5.32887E-01   1.09021E+00
 4.35250E+01   2.04265E+00   1.06881E+00   5.32872E-01   1.08847E+00
 4.35750E+01   2.03946E+00   1.07049E+00   5.32856E-01   1.08674E+00
 4.36250E+01   2.03629E+00   1.07217E+00   5.32840E-01   1.08502E+00
 4.36750E+01   2.03313E+00   1.07384E+00   5.32823E-01   1.08330E+00
 4.37250E+01   2.03000E+00   1.07551E+00   5.32806E-01   1.08160E+00
 4.37750E+01   2.02689E+00   1.07717E+00   5.32788E-01   1.07990E+00
 4.38250E+01   2.02379E+00   1.07883E+00   5.32769E-01   1.07821E+00
 4.38750E+01   2.02072E+00   1.08048E+00   5.32750E-01   1.07654E+00
 4.39250E+01   2.01766E+00   1.08213E+00   5.32730E-01   1.07487E+00
 4.39750E+01   2.01463E+00   1.08377E+00   5.32710E-01   1.07321E+00
 4.40250E+01   2.01162E+00   1.08541E+00   5.32690E-01   1.07157E+00
 4.40750E+01   2.00863E+00   1.08704E+00   5.32669E-01   1.06993E+00
 4.41250E+01   2.00566E+00   1.08866E+00   5.32647E-01   1.06831E+00
 4.41750E+01   2.00271E+00   1.09028E+00   5.32624E-01   1.06669E+00
 4.42250E+01   1.99979E+00   1.09188E+00   5.32601E-01   1.06509E+00
 4.42750E+01   1.99688E+00   1.09348E+00   5.32578E-01   1.06350E+00
 4.43250E+01   1.99400E+00   1.09508E+00   5.32554E-01   1.06191E+00
 4.43750E+01   1.99115E+00   1.09666E+00   5.32529E-01   1.06034E+00
 4.44250E+01   1.98832E+00   1.09824E+00   5.32504E-01   1.05879E+00
 4.44750E+01   1.98551E+00   1.09980E+00   5.32479E-01   1.05724E+00
 4.45250E+01   1.98272E+00   1.10136E+00   5.32453E-01   1.05570E+00
 4.45750E+01   1.97996E+00   1.10291E+00   5.32426E-01   1.05418E+00
 4.46250E+01   1.97722E+00   1.10445E+00   5.32399E-01   1.05267E+00
 4.46750E+01   1.97451E+00   1.10598E+00   5.32372E-01   1.05117E+00
 4.47250E+01   1.97182E+00   1.10751E+00   5.32344E-01   1.04969E+00
 4.47750E+01   1.96916E+00   1.10902E+00   5.32315E-01   1.04821E+00
 4.48250E+01   1.96652E+00   1.11052E+00   5.32287E-01   1.04675E+00
 4.48750E+01   1.96391E+00   1.11202E+00   5.32257E-01   1.04530E+00
 4.49250E+01   1.96132E+00   1.11350E+00   5.32227E-01   1.04387E+00
 4.49750E+01   1.95875E+00   1.11497E+00   5.32197E-01   1.04244E+00
 4.50250E+01   1.95622E+00   1.11643E+00   5.32166E-01   1.04103E+00
 4.50750E+01   1.95371E+00   1.11788E+00   5.32135E-01   1.03964E+00
 4.51250E+01   1.95122E+00   1.11932E+00   5.32104E-01   1.03825E+00
 4.51750E+01   1.94876E+00   1.12075E+00   5.32072E-01   1.03688E+00
 4.52250E+01   1.94633E+00   1.12217E+00   5.32039E-01   1.03552E+00
 4.52750E+01   1.94392E+00   1.12357E+00   5.32006E-01   1.03418E+00
 4.53250E+01   1.94154E+00   1.12497E+00   5.31973E-01   1.03285E+00
 4.53750E+01   1.93918E+00   1.12635E+00   5.31939E-01   1.03153E+00
 4.54250E+01   1.93686E+00   1.12772E+00   5.31905E-01   1.03022E+00
 4.54750E+01   1.93455E+00   1.12908E+00   5.31871E-01   1.02893E+00
 4.55250E+01   1.93228E+00   1.13043E+00   5.31836E-01   1.02765E+00
 4.55750E+01   1.93003E+00   1.13176E+00   5.31801E-01   1.02639E+00
 4.56250E+01   1.92780E+00   1.13308E+00   5.31765E-01   1.02514E+00
 4.56750E+01   1.92561E+00   1.13439E+00   5.31729E-01   1.02390E+00
 4.57250E+01   1.92344E+00   1.13569E+00   5.31692E-01   1.02268E+00
 4.57750E+01   1.92129E+00   1.13698E+00   5.31655E-01   1.02147E+00
 4.58250E+01   1.91918E+00   1.13825E+00   5.31617E-01   1.02027E+00
 4.58750E+01   1.91709E+00   1.13951E+00   5.31580E-01   1.01908E+00
 4.59250E+01   1.91502E+00   1.14076E+00   5.31542E-01   1.01791E+00
 4.59750E+01   1.91298E+00   1.14199E+00   5.31503E-01   1.01676E+00
 4.60250E+01   1.91097E+00   1.14321E+00   5.31465E-01   1.01561E+00
 4.60750E+01   1.90899E+00   1.14442E+00   5.31426E-01   1.01449E+00
 4.61250E+01   1.90703E+00   1.14561E+00   5.31387E-01   1.01337E+00
 4.61750E+01   1.90510E+00   1.14680E+00   5.31347E-01   1.01227E+00
 4.62250E+01   1.90319E+00   1.14797E+00   5.31306E-01   1.01118E+00
 4.62750E+01   1.90131E+00   1.14912E+00   5.31266E-01   1.01010E+00
 4.63250E+01   1.89945E+00   1.15026E+00   5.31225E-01   1.00904E+00
 4.63750E+01   1.89762E+00   1.15139E+00   5.31184E-01   1.00799E+00
 4.64250E+01   1.89582E+00   1.15251E+00   5.31143E-01   1.00695E+00
 4.64750E+01   1.89404E+00   1.15361E+00   5.31102E-01   1.00593E+00
 4.65250E+01   1.89229E+00   1.15470E+00   5.31060E-01   1.00492E+00
 4.65750E+01   1.89056E+00   1.15578E+00   5.31019E-01   1.00392E+00
 4.66250E+01   1.88886E+00   1.15684E+00   5.30977E-01   1.00294E+00
 4.66750E+01   1.88718E+00   1.15789E+00   5.30934E-01   1.00197E+00
 4.67250E+01   1.88553E+00   1.15893E+00   5.30891E-01   1.00101E+00
 4.67750E+01   1.88391E+00   1.15995E+00   5.30848E-01   1.00007E+00
 4.68250E+01   1.88230E+00   1.16096E+00   5.30805E-01   9.99136E-01
 4.68750E+01   1.88073E+00   1.16196E+00   5.30761E-01   9.98216E-01
 4.69250E+01   1.87917E+00   1.16294E+00   5.30716E-01   9.97309E-01
 4.69750E+01   1.87765E+00   1.16391E+00   5.30671E-01   9.96414E-01
 4.70250E+01   1.87614E+00   1.16487E+00   5.30627E-01   9.95532E-01
 4.70750E+01   1.87467E+00   1.16581E+00   5.30581E-01   9.94663E-01
 4.71250E+01   1.87321E+00   1.16674E+00   5.30536E-01   9.93806E-01
 4.71750E+01   1.87178E+00   1.16766E+00   5.30491E-01   9.92961E-01
 4.72250E+01   1.87037E+00   1.16856E+00   5.30445E-01   9.92128E-01
 4.72750E+01   1.86899E+00   1.16945E+00   5.30398E-01   9.91307E-01
 4.73250E+01   1.86763E+00   1.17033E+00   5.30352E-01   9.90499E-01
 4.73750E+01   1.86629E+00   1.17120E+00   5.30305E-01   9.89702E-01
 4.74250E+01   1.86497E+00   1.17205E+00   5.30258E-01   9.88916E-01
 4.74750E+01   1.86368E+00   1.17289E+00   5.30210E-01   9.88143E-01
 4.75250E+01   1.86241E+00   1.17372E+00   5.30162E-01   9.87381E-01
 4.75750E+01   1.86117E+00   1.17453E+00   5.30114E-01   9.86631E-01
 4.76250E+01   1.85994E+00   1.17533E+00   5.30065E-01   9.85891E-01
 4.76750E+01   1.85874E+00   1.17612E+00   5.30016E-01   9.85163E-01
 4.77250E+01   1.85756E+00   1.17689E+00   5.29967E-01   9.84446E-01
 4.77750E+01   1.85641E+00   1.17766E+00   5.29917E-01   9.83741E-01
 4.78250E+01   1.85527E+00   1.17841E+00   5.29867E-01   9.83047E-01
 4.78750E+01   1.85416E+00   1.17914E+00   5.29816E-01   9.82363E-01
 4.79250E+01   1.85307E+00   1.17987E+00   5.29765E-01   9.81690E-01
 4.79750E+01   1.85200E+00   1.18058E+00   5.29712E-01   9.81028E-01
 4.80250E+01   1.85096E+00   1.18128E+00   5.29660E-01   9.80377E-01
 4.80750E+01   1.84994E+00   1.18196E+00   5.29606E-01   9.79737E-01
 4.81250E+01   1.84894E+00   1.18263E+00   5.29552E-01   9.79107E-01
 4.81750E+01   1.84796E+00   1.18329E+00   5.29496E-01   9.78488E-01
 4.82250E+01   1.84701E+00   1.18393E+00   5.29439E-01   9.77880E-01
 4.82750E+01   1.84609E+00   1.18456E+00   5.29381E-01   9.77282E-01
 4.83250E+01   1.84519E+00   1.18517E+00   5.29321E-01   9.76696E-01
 4.83750E+01   1.84432E+00   1.18577E+00   5.29258E-01   9.76120E-01
 4.84250E+01   1.84348E+00   1.18635E+00   5.29194E-01   9.75555E-01
 4.84750E+01   1.84267E+00   1.18691E+00   5.29126E-01   9.75002E-01
 4.85250E+01   1.84189E+00   1.18744E+00   5.29055E-01   9.74461E-01
 4.85750E+01   1.84115E+00   1.18796E+00   5.28979E-01   9.73931E-01
 4.86250E+01   1.84046E+00   1.18845E+00   5.28898E-01   9.73414E-01
 4.86750E+01   1.83981E+00   1.18891E+00   5.28810E-01   9.72911E-01
 4.87250E+01   1.83922E+00   1.18934E+00   5.28715E-01   9.72423E-01
 4.87750E+01   1.83869E+00   1.18972E+00   5.28611E-01   9.71951E-01
 4.88250E+01   1.83824E+00   1.19007E+00   5.28498E-01   9.71504E-01
 4.88750E+01   1.83791E+00   1.19036E+00   5.28380E-01   9.71113E-01
 4.89250E+01   1.83787E+00   1.19060E+00   5.28296E-01   9.70937E-01
 4.89750E+01   1.83889E+00   1.19078E+00   5.28455E-01   9.71772E-01
