      xx/10.          rhoa          temp           vel      vel*rhoa
         [-]           [-]           [-]           [-]           [-]
 1.02500E+00   2.54246E+00   9.17793E-01   4.97641E-01   1.26523E+00
 1.07500E+00   2.54245E+00   9.17791E-01   4.97644E-01   1.26523E+00
 1.12500E+00   2.54245E+00   9.17789E-01   4.97644E-01   1.26523E+00
 1.17500E+00   2.54245E+00   9.17789E-01   4.97642E-01   1.26523E+00
 1.22500E+00   2.54246E+00   9.17788E-01   4.97639E-01   1.26523E+00
 1.27500E+00   2.54247E+00   9.17787E-01   4.97636E-01   1.26522E+00
 1.32500E+00   2.54248E+00   9.17787E-01   4.97632E-01   1.26522E+00
 1.37500E+00   2.54249E+00   9.17786E-01   4.97628E-01   1.26522E+00
 1.42500E+00   2.54250E+00   9.17786E-01   4.97624E-01   1.26521E+00
 1.47500E+00   2.54251E+00   9.17786E-01   4.97621E-01   1.26521E+00
 1.52500E+00   2.54252E+00   9.17786E-01   4.97617E-01   1.26520E+00
 1.57500E+00   2.54254E+00   9.17785E-01   4.97614E-01   1.26520E+00
 1.62500E+00   2.54255E+00   9.17785E-01   4.97610E-01   1.26520E+00
 1.67500E+00   2.54256E+00   9.17785E-01   4.97606E-01   1.26519E+00
 1.72500E+00   2.54257E+00   9.17784E-01   4.97602E-01   1.26519E+00
 1.77500E+00   2.54258E+00   9.17784E-01   4.97598E-01   1.26518E+00
 1.82500E+00   2.54259E+00   9.17784E-01   4.97595E-01   1.26518E+00
 1.87500E+00   2.54260E+00   9.17783E-01   4.97591E-01   1.26518E+00
 1.92500E+00   2.54261E+00   9.17783E-01   4.97587E-01   1.26517E+00
 1.97500E+00   2.54262E+00   9.17783E-01   4.97583E-01   1.26517E+00
 2.02500E+00   2.54264E+00   9.17782E-01   4.97580E-01   1.26516E+00
 2.07500E+00   2.54265E+00   9.17782E-01   4.97576E-01   1.26516E+00
 2.12500E+00   2.54266E+00   9.17781E-01   4.97572E-01   1.26516E+00
 2.17500E+00   2.54267E+00   9.17781E-01   4.97568E-01   1.26515E+00
 2.22500E+00   2.54268E+00   9.17781E-01   4.97564E-01   1.26515E+00
 2.27500E+00   2.54269E+00   9.17781E-01   4.97560E-01   1.26514E+00
 2.32500E+00   2.54270E+00   9.17780E-01   4.97557E-01   1.26514E+00
 2.37500E+00   2.54271E+00   9.17780E-01   4.97553E-01   1.26513E+00
 2.42500E+00   2.54273E+00   9.17780E-01   4.97549E-01   1.26513E+00
 2.47500E+00   2.54274E+00   9.17779E-01   4.97545E-01   1.26513E+00
 2.52500E+00   2.54275E+00   9.17779E-01   4.97541E-01   1.26512E+00
 2.57500E+00   2.54276E+00   9.17778E-01   4.97537E-01   1.26512E+00
 2.62500E+00   2.54277E+00   9.17778E-01   4.97534E-01   1.26511E+00
 2.67500E+00   2.54278E+00   9.17778E-01   4.97530E-01   1.26511E+00
 2.72500E+00   2.54279E+00   9.17777E-01   4.97526E-01   1.26511E+00
 2.77500E+00   2.54280E+00   9.17777E-01   4.97522E-01   1.26510E+00
 2.82500E+00   2.54282E+00   9.17776E-01   4.97519E-01   1.26510E+00
 2.87500E+00   2.54283E+00   9.17776E-01   4.97515E-01   1.26509E+00
 2.92500E+00   2.54284E+00   9.17775E-01   4.97511E-01   1.26509E+00
 2.97500E+00   2.54285E+00   9.17775E-01   4.97507E-01   1.26509E+00
 3.02500E+00   2.54286E+00   9.17774E-01   4.97504E-01   1.26508E+00
 3.07500E+00   2.54287E+00   9.17774E-01   4.97500E-01   1.26508E+00
 3.12500E+00   2.54288E+00   9.17774E-01   4.97496E-01   1.26507E+00
 3.17500E+00   2.54290E+00   9.17773E-01   4.97491E-01   1.26507E+00
 3.22500E+00   2.54291E+00   9.17773E-01   4.97487E-01   1.26506E+00
 3.27500E+00   2.54292E+00   9.17773E-01   4.97483E-01   1.26506E+00
 3.32500E+00   2.54293E+00   9.17773E-01   4.97478E-01   1.26505E+00
 3.37500E+00   2.54295E+00   9.17773E-01   4.97473E-01   1.26505E+00
 3.42500E+00   2.54296E+00   9.17772E-01   4.97468E-01   1.26504E+00
 3.47500E+00   2.54297E+00   9.17772E-01   4.97463E-01   1.26504E+00
 3.52500E+00   2.54299E+00   9.17772E-01   4.97458E-01   1.26503E+00
 3.57500E+00   2.54300E+00   9.17772E-01   4.97454E-01   1.26503E+00
 3.62500E+00   2.54302E+00   9.17772E-01   4.97449E-01   1.26502E+00
 3.67500E+00   2.54303E+00   9.17771E-01   4.97444E-01   1.26501E+00
 3.72500E+00   2.54304E+00   9.17771E-01   4.97439E-01   1.26501E+00
 3.77500E+00   2.54306E+00   9.17771E-01   4.97434E-01   1.26500E+00
 3.82500E+00   2.54307E+00   9.17771E-01   4.97429E-01   1.26500E+00
 3.87500E+00   2.54308E+00   9.17771E-01   4.97424E-01   1.26499E+00
 3.92500E+00   2.54310E+00   9.17771E-01   4.97419E-01   1.26499E+00
 3.97500E+00   2.54311E+00   9.17770E-01   4.97415E-01   1.26498E+00
 4.02500E+00   2.54313E+00   9.17770E-01   4.97410E-01   1.26498E+00
 4.07500E+00   2.54314E+00   9.17770E-01   4.97405E-01   1.26497E+00
 4.12500E+00   2.54315E+00   9.17770E-01   4.97400E-01   1.26497E+00
 4.17500E+00   2.54317E+00   9.17770E-01   4.97395E-01   1.26496E+00
 4.22500E+00   2.54318E+00   9.17770E-01   4.97390E-01   1.26495E+00
 4.27500E+00   2.54320E+00   9.17769E-01   4.97385E-01   1.26495E+00
 4.32500E+00   2.54321E+00   9.17769E-01   4.97380E-01   1.26494E+00
 4.37500E+00   2.54322E+00   9.17769E-01   4.97375E-01   1.26494E+00
 4.42500E+00   2.54324E+00   9.17768E-01   4.97370E-01   1.26493E+00
 4.47500E+00   2.54325E+00   9.17768E-01   4.97365E-01   1.26492E+00
 4.52500E+00   2.54327E+00   9.17768E-01   4.97360E-01   1.26492E+00
 4.57500E+00   2.54328E+00   9.17768E-01   4.97355E-01   1.26491E+00
 4.62500E+00   2.54329E+00   9.17768E-01   4.97350E-01   1.26491E+00
 4.67500E+00   2.54331E+00   9.17767E-01   4.97345E-01   1.26490E+00
 4.72500E+00   2.54332E+00   9.17767E-01   4.97340E-01   1.26490E+00
 4.77500E+00   2.54334E+00   9.17767E-01   4.97335E-01   1.26489E+00
 4.82500E+00   2.54335E+00   9.17767E-01   4.97330E-01   1.26488E+00
 4.87500E+00   2.54336E+00   9.17766E-01   4.97325E-01   1.26488E+00
 4.92500E+00   2.54338E+00   9.17766E-01   4.97320E-01   1.26487E+00
 4.97500E+00   2.54339E+00   9.17766E-01   4.97315E-01   1.26487E+00
 5.02500E+00   2.54341E+00   9.17765E-01   4.97310E-01   1.26486E+00
 5.07500E+00   2.54342E+00   9.17765E-01   4.97305E-01   1.26486E+00
 5.12500E+00   2.54344E+00   9.17765E-01   4.97300E-01   1.26485E+00
 5.17500E+00   2.54345E+00   9.17765E-01   4.97295E-01   1.26484E+00
 5.22500E+00   2.54346E+00   9.17765E-01   4.97290E-01   1.26484E+00
 5.27500E+00   2.54348E+00   9.17765E-01   4.97285E-01   1.26483E+00
 5.32500E+00   2.54349E+00   9.17765E-01   4.97279E-01   1.26483E+00
 5.37500E+00   2.54351E+00   9.17765E-01   4.97274E-01   1.26482E+00
 5.42500E+00   2.54352E+00   9.17765E-01   4.97269E-01   1.26481E+00
 5.47500E+00   2.54353E+00   9.17765E-01   4.97264E-01   1.26481E+00
 5.52500E+00   2.54355E+00   9.17765E-01   4.97259E-01   1.26480E+00
 5.57500E+00   2.54356E+00   9.17765E-01   4.97254E-01   1.26479E+00
 5.62500E+00   2.54358E+00   9.17765E-01   4.97248E-01   1.26479E+00
 5.67500E+00   2.54359E+00   9.17765E-01   4.97243E-01   1.26478E+00
 5.72500E+00   2.54360E+00   9.17765E-01   4.97238E-01   1.26478E+00
 5.77500E+00   2.54362E+00   9.17765E-01   4.97233E-01   1.26477E+00
 5.82500E+00   2.54363E+00   9.17764E-01   4.97228E-01   1.26476E+00
 5.87500E+00   2.54365E+00   9.17764E-01   4.97223E-01   1.26476E+00
 5.92500E+00   2.54366E+00   9.17764E-01   4.97218E-01   1.26475E+00
 5.97500E+00   2.54367E+00   9.17764E-01   4.97212E-01   1.26475E+00
 6.02500E+00   2.54369E+00   9.17764E-01   4.97207E-01   1.26474E+00
 6.07500E+00   2.54370E+00   9.17764E-01   4.97202E-01   1.26473E+00
 6.12500E+00   2.54372E+00   9.17764E-01   4.97197E-01   1.26473E+00
 6.17500E+00   2.54373E+00   9.17764E-01   4.97191E-01   1.26472E+00
 6.22500E+00   2.54374E+00   9.17764E-01   4.97186E-01   1.26471E+00
 6.27500E+00   2.54376E+00   9.17764E-01   4.97181E-01   1.26471E+00
 6.32500E+00   2.54377E+00   9.17764E-01   4.97176E-01   1.26470E+00
 6.37500E+00   2.54379E+00   9.17764E-01   4.97170E-01   1.26470E+00
 6.42500E+00   2.54380E+00   9.17764E-01   4.97165E-01   1.26469E+00
 6.47500E+00   2.54381E+00   9.17764E-01   4.97160E-01   1.26468E+00
 6.52500E+00   2.54383E+00   9.17764E-01   4.97155E-01   1.26468E+00
 6.57500E+00   2.54384E+00   9.17764E-01   4.97149E-01   1.26467E+00
 6.62500E+00   2.54386E+00   9.17764E-01   4.97144E-01   1.26466E+00
 6.67500E+00   2.54387E+00   9.17764E-01   4.97138E-01   1.26466E+00
 6.72500E+00   2.54389E+00   9.17764E-01   4.97133E-01   1.26465E+00
 6.77500E+00   2.54390E+00   9.17764E-01   4.97128E-01   1.26464E+00
 6.82500E+00   2.54391E+00   9.17764E-01   4.97122E-01   1.26464E+00
 6.87500E+00   2.54393E+00   9.17764E-01   4.97117E-01   1.26463E+00
 6.92500E+00   2.54394E+00   9.17765E-01   4.97111E-01   1.26462E+00
 6.97500E+00   2.54396E+00   9.17765E-01   4.97105E-01   1.26461E+00
 7.02500E+00   2.54397E+00   9.17765E-01   4.97100E-01   1.26461E+00
 7.07500E+00   2.54398E+00   9.17765E-01   4.97094E-01   1.26460E+00
 7.12500E+00   2.54400E+00   9.17765E-01   4.97088E-01   1.26459E+00
 7.17500E+00   2.54401E+00   9.17765E-01   4.97083E-01   1.26458E+00
 7.22500E+00   2.54403E+00   9.17765E-01   4.97077E-01   1.26458E+00
 7.27500E+00   2.54404E+00   9.17766E-01   4.97071E-01   1.26457E+00
 7.32500E+00   2.54405E+00   9.17766E-01   4.97066E-01   1.26456E+00
 7.37500E+00   2.54407E+00   9.17766E-01   4.97060E-01   1.26455E+00
 7.42500E+00   2.54408E+00   9.17766E-01   4.97054E-01   1.26455E+00
 7.47500E+00   2.54410E+00   9.17766E-01   4.97048E-01   1.26454E+00
 7.52500E+00   2.54411E+00   9.17767E-01   4.97043E-01   1.26453E+00
 7.57500E+00   2.54413E+00   9.17767E-01   4.97037E-01   1.26452E+00
 7.62500E+00   2.54414E+00   9.17767E-01   4.97032E-01   1.26452E+00
 7.67500E+00   2.54415E+00   9.17767E-01   4.97026E-01   1.26451E+00
 7.72500E+00   2.54417E+00   9.17767E-01   4.97020E-01   1.26450E+00
 7.77500E+00   2.54418E+00   9.17767E-01   4.97014E-01   1.26450E+00
 7.82500E+00   2.54420E+00   9.17767E-01   4.97009E-01   1.26449E+00
 7.87500E+00   2.54421E+00   9.17767E-01   4.97003E-01   1.26448E+00
 7.92500E+00   2.54423E+00   9.17768E-01   4.96997E-01   1.26447E+00
 7.97500E+00   2.54424E+00   9.17768E-01   4.96992E-01   1.26447E+00
 8.02500E+00   2.54425E+00   9.17768E-01   4.96986E-01   1.26446E+00
 8.07500E+00   2.54427E+00   9.17768E-01   4.96980E-01   1.26445E+00
 8.12500E+00   2.54428E+00   9.17768E-01   4.96975E-01   1.26444E+00
 8.17500E+00   2.54430E+00   9.17768E-01   4.96969E-01   1.26444E+00
 8.22500E+00   2.54431E+00   9.17769E-01   4.96963E-01   1.26443E+00
 8.27500E+00   2.54432E+00   9.17769E-01   4.96958E-01   1.26442E+00
 8.32500E+00   2.54434E+00   9.17769E-01   4.96952E-01   1.26441E+00
 8.37500E+00   2.54435E+00   9.17769E-01   4.96946E-01   1.26441E+00
 8.42500E+00   2.54437E+00   9.17769E-01   4.96940E-01   1.26440E+00
 8.47500E+00   2.54438E+00   9.17769E-01   4.96935E-01   1.26439E+00
 8.52500E+00   2.54440E+00   9.17770E-01   4.96929E-01   1.26438E+00
 8.57500E+00   2.54441E+00   9.17770E-01   4.96923E-01   1.26438E+00
 8.62500E+00   2.54442E+00   9.17770E-01   4.96917E-01   1.26437E+00
 8.67500E+00   2.54444E+00   9.17770E-01   4.96912E-01   1.26436E+00
 8.72500E+00   2.54445E+00   9.17770E-01   4.96906E-01   1.26435E+00
 8.77500E+00   2.54447E+00   9.17770E-01   4.96900E-01   1.26435E+00
 8.82500E+00   2.54448E+00   9.17770E-01   4.96895E-01   1.26434E+00
 8.87500E+00   2.54450E+00   9.17770E-01   4.96889E-01   1.26433E+00
 8.92500E+00   2.54451E+00   9.17770E-01   4.96883E-01   1.26433E+00
 8.97500E+00   2.54452E+00   9.17770E-01   4.96878E-01   1.26432E+00
 9.02500E+00   2.54454E+00   9.17771E-01   4.96872E-01   1.26431E+00
 9.07500E+00   2.54455E+00   9.17771E-01   4.96866E-01   1.26430E+00
 9.12500E+00   2.54457E+00   9.17771E-01   4.96861E-01   1.26430E+00
 9.17500E+00   2.54458E+00   9.17771E-01   4.96855E-01   1.26429E+00
 9.22500E+00   2.54460E+00   9.17771E-01   4.96850E-01   1.26428E+00
 9.27500E+00   2.54461E+00   9.17772E-01   4.96844E-01   1.26427E+00
 9.32500E+00   2.54462E+00   9.17772E-01   4.96839E-01   1.26427E+00
 9.37500E+00   2.54464E+00   9.17772E-01   4.96833E-01   1.26426E+00
 9.42500E+00   2.54465E+00   9.17772E-01   4.96828E-01   1.26425E+00
 9.47500E+00   2.54467E+00   9.17772E-01   4.96822E-01   1.26425E+00
 9.52500E+00   2.54468E+00   9.17772E-01   4.96816E-01   1.26424E+00
 9.57500E+00   2.54470E+00   9.17772E-01   4.96811E-01   1.26423E+00
 9.62500E+00   2.54471E+00   9.17772E-01   4.96805E-01   1.26423E+00
 9.67500E+00   2.54472E+00   9.17772E-01   4.96800E-01   1.26422E+00
 9.72500E+00   2.54474E+00   9.17772E-01   4.96794E-01   1.26421E+00
 9.77500E+00   2.54475E+00   9.17772E-01   4.96789E-01   1.26421E+00
 9.82500E+00   2.54477E+00   9.17772E-01   4.96784E-01   1.26420E+00
 9.87500E+00   2.54478E+00   9.17772E-01   4.96779E-01   1.26419E+00
 9.92500E+00   2.54479E+00   9.17772E-01   4.96775E-01   1.26419E+00
 9.97500E+00   2.54480E+00   9.17772E-01   4.96770E-01   1.26418E+00
 1.00250E+01   2.54481E+00   9.17772E-01   4.96766E-01   1.26418E+00
 1.00750E+01   2.54483E+00   9.17772E-01   4.96762E-01   1.26417E+00
 1.01250E+01   2.54484E+00   9.17771E-01   4.96758E-01   1.26417E+00
 1.01750E+01   2.54485E+00   9.17771E-01   4.96755E-01   1.26416E+00
 1.02250E+01   2.54486E+00   9.17771E-01   4.96751E-01   1.26416E+00
 1.02750E+01   2.54487E+00   9.17770E-01   4.96748E-01   1.26416E+00
 1.03250E+01   2.54488E+00   9.17769E-01   4.96745E-01   1.26415E+00
 1.03750E+01   2.54489E+00   9.17769E-01   4.96741E-01   1.26415E+00
 1.04250E+01   2.54489E+00   9.17768E-01   4.96738E-01   1.26415E+00
 1.04750E+01   2.54490E+00   9.17768E-01   4.96735E-01   1.26414E+00
 1.05250E+01   2.54491E+00   9.17767E-01   4.96732E-01   1.26414E+00
 1.05750E+01   2.54492E+00   9.17767E-01   4.96729E-01   1.26414E+00
 1.06250E+01   2.54493E+00   9.17766E-01   4.96726E-01   1.26413E+00
 1.06750E+01   2.54494E+00   9.17766E-01   4.96723E-01   1.26413E+00
 1.07250E+01   2.54495E+00   9.17765E-01   4.96720E-01   1.26412E+00
 1.07750E+01   2.54496E+00   9.17765E-01   4.96717E-01   1.26412E+00
 1.08250E+01   2.54496E+00   9.17765E-01   4.96713E-01   1.26412E+00
 1.08750E+01   2.54497E+00   9.17764E-01   4.96710E-01   1.26411E+00
 1.09250E+01   2.54498E+00   9.17764E-01   4.96707E-01   1.26411E+00
 1.09750E+01   2.54499E+00   9.17764E-01   4.96704E-01   1.26411E+00
 1.10250E+01   2.54500E+00   9.17763E-01   4.96701E-01   1.26410E+00
 1.10750E+01   2.54500E+00   9.17763E-01   4.96698E-01   1.26410E+00
 1.11250E+01   2.54501E+00   9.17763E-01   4.96695E-01   1.26410E+00
 1.11750E+01   2.54502E+00   9.17763E-01   4.96692E-01   1.26409E+00
 1.12250E+01   2.54503E+00   9.17762E-01   4.96689E-01   1.26409E+00
 1.12750E+01   2.54504E+00   9.17762E-01   4.96686E-01   1.26408E+00
 1.13250E+01   2.54505E+00   9.17762E-01   4.96683E-01   1.26408E+00
 1.13750E+01   2.54505E+00   9.17761E-01   4.96680E-01   1.26408E+00
 1.14250E+01   2.54506E+00   9.17761E-01   4.96677E-01   1.26407E+00
 1.14750E+01   2.54507E+00   9.17761E-01   4.96673E-01   1.26407E+00
 1.15250E+01   2.54508E+00   9.17761E-01   4.96670E-01   1.26406E+00
 1.15750E+01   2.54509E+00   9.17760E-01   4.96667E-01   1.26406E+00
 1.16250E+01   2.54509E+00   9.17760E-01   4.96664E-01   1.26406E+00
 1.16750E+01   2.54510E+00   9.17760E-01   4.96661E-01   1.26405E+00
 1.17250E+01   2.54511E+00   9.17760E-01   4.96658E-01   1.26405E+00
 1.17750E+01   2.54512E+00   9.17759E-01   4.96656E-01   1.26405E+00
 1.18250E+01   2.54513E+00   9.17759E-01   4.96653E-01   1.26404E+00
 1.18750E+01   2.54513E+00   9.17759E-01   4.96650E-01   1.26404E+00
 1.19250E+01   2.54514E+00   9.17758E-01   4.96648E-01   1.26404E+00
 1.19750E+01   2.54515E+00   9.17758E-01   4.96646E-01   1.26404E+00
 1.20250E+01   2.54515E+00   9.17758E-01   4.96645E-01   1.26403E+00
 1.20750E+01   2.54515E+00   9.17758E-01   4.96643E-01   1.26403E+00
 1.21250E+01   2.54516E+00   9.17757E-01   4.96641E-01   1.26403E+00
 1.21750E+01   2.54516E+00   9.17757E-01   4.96639E-01   1.26403E+00
 1.22250E+01   2.54517E+00   9.17757E-01   4.96638E-01   1.26403E+00
 1.22750E+01   2.54517E+00   9.17756E-01   4.96636E-01   1.26402E+00
 1.23250E+01   2.54518E+00   9.17756E-01   4.96634E-01   1.26402E+00
 1.23750E+01   2.54518E+00   9.17756E-01   4.96632E-01   1.26402E+00
 1.24250E+01   2.54519E+00   9.17755E-01   4.96630E-01   1.26402E+00
 1.24750E+01   2.54519E+00   9.17755E-01   4.96629E-01   1.26402E+00
 1.25250E+01   2.54520E+00   9.17754E-01   4.96627E-01   1.26401E+00
 1.25750E+01   2.54520E+00   9.17754E-01   4.96625E-01   1.26401E+00
 1.26250E+01   2.54521E+00   9.17754E-01   4.96624E-01   1.26401E+00
 1.26750E+01   2.54521E+00   9.17753E-01   4.96622E-01   1.26401E+00
 1.27250E+01   2.54522E+00   9.17753E-01   4.96620E-01   1.26401E+00
 1.27750E+01   2.54522E+00   9.17753E-01   4.96619E-01   1.26400E+00
 1.28250E+01   2.54523E+00   9.17752E-01   4.96617E-01   1.26400E+00
 1.28750E+01   2.54523E+00   9.17751E-01   4.96615E-01   1.26400E+00
 1.29250E+01   2.54524E+00   9.17751E-01   4.96613E-01   1.26400E+00
 1.29750E+01   2.54524E+00   9.17751E-01   4.96611E-01   1.26399E+00
 1.30250E+01   2.54524E+00   9.17750E-01   4.96609E-01   1.26399E+00
 1.30750E+01   2.54525E+00   9.17750E-01   4.96608E-01   1.26399E+00
 1.31250E+01   2.54525E+00   9.17750E-01   4.96606E-01   1.26399E+00
 1.31750E+01   2.54526E+00   9.17749E-01   4.96604E-01   1.26398E+00
 1.32250E+01   2.54526E+00   9.17749E-01   4.96602E-01   1.26398E+00
 1.32750E+01   2.54526E+00   9.17749E-01   4.96601E-01   1.26398E+00
 1.33250E+01   2.54527E+00   9.17748E-01   4.96599E-01   1.26398E+00
 1.33750E+01   2.54527E+00   9.17748E-01   4.96597E-01   1.26397E+00
 1.34250E+01   2.54528E+00   9.17748E-01   4.96595E-01   1.26397E+00
 1.34750E+01   2.54528E+00   9.17748E-01   4.96593E-01   1.26397E+00
 1.35250E+01   2.54528E+00   9.17747E-01   4.96592E-01   1.26397E+00
 1.35750E+01   2.54529E+00   9.17747E-01   4.96590E-01   1.26396E+00
 1.36250E+01   2.54529E+00   9.17747E-01   4.96588E-01   1.26396E+00
 1.36750E+01   2.54530E+00   9.17746E-01   4.96586E-01   1.26396E+00
 1.37250E+01   2.54530E+00   9.17746E-01   4.96584E-01   1.26396E+00
 1.37750E+01   2.54531E+00   9.17745E-01   4.96583E-01   1.26396E+00
 1.38250E+01   2.54531E+00   9.17745E-01   4.96581E-01   1.26395E+00
 1.38750E+01   2.54532E+00   9.17744E-01   4.96579E-01   1.26395E+00
 1.39250E+01   2.54532E+00   9.17744E-01   4.96577E-01   1.26395E+00
 1.39750E+01   2.54533E+00   9.17743E-01   4.96576E-01   1.26395E+00
 1.40250E+01   2.54533E+00   9.17743E-01   4.96574E-01   1.26395E+00
 1.40750E+01   2.54534E+00   9.17742E-01   4.96572E-01   1.26394E+00
 1.41250E+01   2.54534E+00   9.17742E-01   4.96570E-01   1.26394E+00
 1.41750E+01   2.54534E+00   9.17741E-01   4.96569E-01   1.26394E+00
 1.42250E+01   2.54535E+00   9.17741E-01   4.96567E-01   1.26394E+00
 1.42750E+01   2.54535E+00   9.17741E-01   4.96565E-01   1.26393E+00
 1.43250E+01   2.54536E+00   9.17740E-01   4.96563E-01   1.26393E+00
 1.43750E+01   2.54536E+00   9.17740E-01   4.96561E-01   1.26393E+00
 1.44250E+01   2.54536E+00   9.17740E-01   4.96559E-01   1.26393E+00
 1.44750E+01   2.54537E+00   9.17739E-01   4.96558E-01   1.26392E+00
 1.45250E+01   2.54537E+00   9.17739E-01   4.96556E-01   1.26392E+00
 1.45750E+01   2.54538E+00   9.17738E-01   4.96554E-01   1.26392E+00
 1.46250E+01   2.54538E+00   9.17738E-01   4.96552E-01   1.26392E+00
 1.46750E+01   2.54539E+00   9.17737E-01   4.96551E-01   1.26391E+00
 1.47250E+01   2.54539E+00   9.17737E-01   4.96549E-01   1.26391E+00
 1.47750E+01   2.54539E+00   9.17737E-01   4.96547E-01   1.26391E+00
 1.48250E+01   2.54540E+00   9.17737E-01   4.96546E-01   1.26391E+00
 1.48750E+01   2.54540E+00   9.17737E-01   4.96544E-01   1.26390E+00
 1.49250E+01   2.54541E+00   9.17736E-01   4.96542E-01   1.26390E+00
 1.49750E+01   2.54541E+00   9.17736E-01   4.96541E-01   1.26390E+00
 1.50250E+01   2.54541E+00   9.17736E-01   4.96539E-01   1.26390E+00
 1.50750E+01   2.54542E+00   9.17736E-01   4.96538E-01   1.26390E+00
 1.51250E+01   2.54542E+00   9.17735E-01   4.96536E-01   1.26389E+00
 1.51750E+01   2.54543E+00   9.17735E-01   4.96534E-01   1.26389E+00
 1.52250E+01   2.54543E+00   9.17735E-01   4.96533E-01   1.26389E+00
 1.52750E+01   2.54543E+00   9.17734E-01   4.96531E-01   1.26389E+00
 1.53250E+01   2.54544E+00   9.17734E-01   4.96529E-01   1.26388E+00
 1.53750E+01   2.54544E+00   9.17734E-01   4.96527E-01   1.26388E+00
 1.54250E+01   2.54545E+00   9.17734E-01   4.96526E-01   1.26388E+00
 1.54750E+01   2.54545E+00   9.17734E-01   4.96524E-01   1.26388E+00
 1.55250E+01   2.54545E+00   9.17733E-01   4.96522E-01   1.26387E+00
 1.55750E+01   2.54546E+00   9.17733E-01   4.96520E-01   1.26387E+00
 1.56250E+01   2.54546E+00   9.17733E-01   4.96519E-01   1.26387E+00
 1.56750E+01   2.54547E+00   9.17733E-01   4.96517E-01   1.26387E+00
 1.57250E+01   2.54547E+00   9.17732E-01   4.96516E-01   1.26387E+00
 1.57750E+01   2.54547E+00   9.17732E-01   4.96514E-01   1.26386E+00
 1.58250E+01   2.54548E+00   9.17732E-01   4.96512E-01   1.26386E+00
 1.58750E+01   2.54548E+00   9.17732E-01   4.96510E-01   1.26386E+00
 1.59250E+01   2.54548E+00   9.17732E-01   4.96509E-01   1.26385E+00
 1.59750E+01   2.54549E+00   9.17732E-01   4.96507E-01   1.26385E+00
 1.60250E+01   2.54549E+00   9.17732E-01   4.96505E-01   1.26385E+00
 1.60750E+01   2.54549E+00   9.17731E-01   4.96504E-01   1.26385E+00
 1.61250E+01   2.54550E+00   9.17731E-01   4.96502E-01   1.26384E+00
 1.61750E+01   2.54550E+00   9.17731E-01   4.96500E-01   1.26384E+00
 1.62250E+01   2.54550E+00   9.17731E-01   4.96499E-01   1.26384E+00
 1.62750E+01   2.54551E+00   9.17731E-01   4.96497E-01   1.26384E+00
 1.63250E+01   2.54551E+00   9.17730E-01   4.96495E-01   1.26383E+00
 1.63750E+01   2.54551E+00   9.17730E-01   4.96494E-01   1.26383E+00
 1.64250E+01   2.54552E+00   9.17730E-01   4.96492E-01   1.26383E+00
 1.64750E+01   2.54552E+00   9.17729E-01   4.96491E-01   1.26383E+00
 1.65250E+01   2.54553E+00   9.17729E-01   4.96489E-01   1.26383E+00
 1.65750E+01   2.54553E+00   9.17729E-01   4.96488E-01   1.26382E+00
 1.66250E+01   2.54553E+00   9.17728E-01   4.96486E-01   1.26382E+00
 1.66750E+01   2.54554E+00   9.17728E-01   4.96485E-01   1.26382E+00
 1.67250E+01   2.54554E+00   9.17728E-01   4.96483E-01   1.26382E+00
 1.67750E+01   2.54554E+00   9.17727E-01   4.96482E-01   1.26382E+00
 1.68250E+01   2.54555E+00   9.17727E-01   4.96480E-01   1.26381E+00
 1.68750E+01   2.54555E+00   9.17727E-01   4.96479E-01   1.26381E+00
 1.69250E+01   2.54556E+00   9.17726E-01   4.96477E-01   1.26381E+00
 1.69750E+01   2.54556E+00   9.17726E-01   4.96476E-01   1.26381E+00
 1.70250E+01   2.54556E+00   9.17725E-01   4.96475E-01   1.26381E+00
 1.70750E+01   2.54557E+00   9.17725E-01   4.96474E-01   1.26381E+00
 1.71250E+01   2.54557E+00   9.17724E-01   4.96472E-01   1.26381E+00
 1.71750E+01   2.54557E+00   9.17724E-01   4.96471E-01   1.26380E+00
 1.72250E+01   2.54558E+00   9.17724E-01   4.96470E-01   1.26380E+00
 1.72750E+01   2.54558E+00   9.17723E-01   4.96469E-01   1.26380E+00
 1.73250E+01   2.54559E+00   9.17723E-01   4.96467E-01   1.26380E+00
 1.73750E+01   2.54559E+00   9.17722E-01   4.96466E-01   1.26380E+00
 1.74250E+01   2.54559E+00   9.17722E-01   4.96465E-01   1.26380E+00
 1.74750E+01   2.54560E+00   9.17721E-01   4.96463E-01   1.26380E+00
 1.75250E+01   2.54560E+00   9.17721E-01   4.96462E-01   1.26380E+00
 1.75750E+01   2.54561E+00   9.17720E-01   4.96461E-01   1.26379E+00
 1.76250E+01   2.54561E+00   9.17720E-01   4.96460E-01   1.26379E+00
 1.76750E+01   2.54561E+00   9.17719E-01   4.96459E-01   1.26379E+00
 1.77250E+01   2.54562E+00   9.17719E-01   4.96458E-01   1.26379E+00
 1.77750E+01   2.54562E+00   9.17718E-01   4.96456E-01   1.26379E+00
 1.78250E+01   2.54562E+00   9.17718E-01   4.96455E-01   1.26379E+00
 1.78750E+01   2.54563E+00   9.17718E-01   4.96454E-01   1.26379E+00
 1.79250E+01   2.54563E+00   9.17717E-01   4.96453E-01   1.26379E+00
 1.79750E+01   2.54563E+00   9.17717E-01   4.96451E-01   1.26378E+00
 1.80250E+01   2.54564E+00   9.17716E-01   4.96450E-01   1.26378E+00
 1.80750E+01   2.54564E+00   9.17716E-01   4.96449E-01   1.26378E+00
 1.81250E+01   2.54565E+00   9.17715E-01   4.96448E-01   1.26378E+00
 1.81750E+01   2.54565E+00   9.17715E-01   4.96446E-01   1.26378E+00
 1.82250E+01   2.54565E+00   9.17715E-01   4.96445E-01   1.26378E+00
 1.82750E+01   2.54566E+00   9.17714E-01   4.96444E-01   1.26378E+00
 1.83250E+01   2.54566E+00   9.17714E-01   4.96443E-01   1.26377E+00
 1.83750E+01   2.54566E+00   9.17713E-01   4.96441E-01   1.26377E+00
 1.84250E+01   2.54567E+00   9.17712E-01   4.96440E-01   1.26377E+00
 1.84750E+01   2.54567E+00   9.17712E-01   4.96439E-01   1.26377E+00
 1.85250E+01   2.54568E+00   9.17712E-01   4.96438E-01   1.26377E+00
 1.85750E+01   2.54568E+00   9.17711E-01   4.96436E-01   1.26377E+00
 1.86250E+01   2.54568E+00   9.17711E-01   4.96435E-01   1.26377E+00
 1.86750E+01   2.54569E+00   9.17710E-01   4.96434E-01   1.26377E+00
 1.87250E+01   2.54569E+00   9.17710E-01   4.96433E-01   1.26376E+00
 1.87750E+01   2.54569E+00   9.17709E-01   4.96431E-01   1.26376E+00
 1.88250E+01   2.54570E+00   9.17709E-01   4.96430E-01   1.26376E+00
 1.88750E+01   2.54570E+00   9.17709E-01   4.96429E-01   1.26376E+00
 1.89250E+01   2.54570E+00   9.17708E-01   4.96428E-01   1.26376E+00
 1.89750E+01   2.54571E+00   9.17708E-01   4.96427E-01   1.26376E+00
 1.90250E+01   2.54571E+00   9.17708E-01   4.96426E-01   1.26376E+00
 1.90750E+01   2.54571E+00   9.17707E-01   4.96424E-01   1.26375E+00
 1.91250E+01   2.54572E+00   9.17707E-01   4.96423E-01   1.26375E+00
 1.91750E+01   2.54572E+00   9.17707E-01   4.96422E-01   1.26375E+00
 1.92250E+01   2.54572E+00   9.17706E-01   4.96420E-01   1.26375E+00
 1.92750E+01   2.54573E+00   9.17706E-01   4.96419E-01   1.26375E+00
 1.93250E+01   2.54573E+00   9.17706E-01   4.96418E-01   1.26375E+00
 1.93750E+01   2.54573E+00   9.17706E-01   4.96417E-01   1.26374E+00
 1.94250E+01   2.54574E+00   9.17706E-01   4.96415E-01   1.26374E+00
 1.94750E+01   2.54574E+00   9.17705E-01   4.96414E-01   1.26374E+00
 1.95250E+01   2.54574E+00   9.17705E-01   4.96413E-01   1.26374E+00
 1.95750E+01   2.54574E+00   9.17705E-01   4.96412E-01   1.26374E+00
 1.96250E+01   2.54575E+00   9.17705E-01   4.96411E-01   1.26374E+00
 1.96750E+01   2.54575E+00   9.17704E-01   4.96409E-01   1.26373E+00
 1.97250E+01   2.54575E+00   9.17704E-01   4.96408E-01   1.26373E+00
 1.97750E+01   2.54576E+00   9.17704E-01   4.96407E-01   1.26373E+00
 1.98250E+01   2.54576E+00   9.17703E-01   4.96406E-01   1.26373E+00
 1.98750E+01   2.54576E+00   9.17703E-01   4.96404E-01   1.26373E+00
 1.99250E+01   2.54577E+00   9.17703E-01   4.96403E-01   1.26373E+00
 1.99750E+01   2.54577E+00   9.17703E-01   4.96402E-01   1.26372E+00
 2.00250E+01   2.54577E+00   9.17703E-01   4.96400E-01   1.26372E+00
 2.00750E+01   2.54578E+00   9.17702E-01   4.96399E-01   1.26372E+00
 2.01250E+01   2.54578E+00   9.17702E-01   4.96398E-01   1.26372E+00
 2.01750E+01   2.54578E+00   9.17702E-01   4.96397E-01   1.26372E+00
 2.02250E+01   2.54578E+00   9.17701E-01   4.96396E-01   1.26372E+00
 2.02750E+01   2.54579E+00   9.17701E-01   4.96394E-01   1.26371E+00
 2.03250E+01   2.54579E+00   9.17701E-01   4.96393E-01   1.26371E+00
 2.03750E+01   2.54579E+00   9.17700E-01   4.96392E-01   1.26371E+00
 2.04250E+01   2.54580E+00   9.17700E-01   4.96391E-01   1.26371E+00
 2.04750E+01   2.54580E+00   9.17700E-01   4.96390E-01   1.26371E+00
 2.05250E+01   2.54580E+00   9.17699E-01   4.96388E-01   1.26371E+00
 2.05750E+01   2.54581E+00   9.17699E-01   4.96387E-01   1.26370E+00
 2.06250E+01   2.54581E+00   9.17699E-01   4.96386E-01   1.26370E+00
 2.06750E+01   2.54581E+00   9.17698E-01   4.96384E-01   1.26370E+00
 2.07250E+01   2.54582E+00   9.17698E-01   4.96383E-01   1.26370E+00
 2.07750E+01   2.54582E+00   9.17698E-01   4.96382E-01   1.26370E+00
 2.08250E+01   2.54582E+00   9.17698E-01   4.96381E-01   1.26370E+00
 2.08750E+01   2.54582E+00   9.17698E-01   4.96379E-01   1.26369E+00
 2.09250E+01   2.54583E+00   9.17698E-01   4.96378E-01   1.26369E+00
 2.09750E+01   2.54583E+00   9.17697E-01   4.96377E-01   1.26369E+00
 2.10250E+01   2.54583E+00   9.17697E-01   4.96375E-01   1.26369E+00
 2.10750E+01   2.54584E+00   9.17697E-01   4.96374E-01   1.26369E+00
 2.11250E+01   2.54584E+00   9.17696E-01   4.96373E-01   1.26369E+00
 2.11750E+01   2.54584E+00   9.17696E-01   4.96371E-01   1.26368E+00
 2.12250E+01   2.54585E+00   9.17696E-01   4.96370E-01   1.26368E+00
 2.12750E+01   2.54585E+00   9.17695E-01   4.96368E-01   1.26368E+00
 2.13250E+01   2.54585E+00   9.17695E-01   4.96367E-01   1.26368E+00
 2.13750E+01   2.54586E+00   9.17695E-01   4.96366E-01   1.26368E+00
 2.14250E+01   2.54586E+00   9.17695E-01   4.96365E-01   1.26367E+00
 2.14750E+01   2.54586E+00   9.17695E-01   4.96364E-01   1.26367E+00
 2.15250E+01   2.54586E+00   9.17695E-01   4.96362E-01   1.26367E+00
 2.15750E+01   2.54587E+00   9.17694E-01   4.96361E-01   1.26367E+00
 2.16250E+01   2.54587E+00   9.17694E-01   4.96360E-01   1.26367E+00
 2.16750E+01   2.54587E+00   9.17694E-01   4.96359E-01   1.26367E+00
 2.17250E+01   2.54588E+00   9.17693E-01   4.96357E-01   1.26366E+00
 2.17750E+01   2.54588E+00   9.17693E-01   4.96356E-01   1.26366E+00
 2.18250E+01   2.54588E+00   9.17693E-01   4.96355E-01   1.26366E+00
 2.18750E+01   2.54588E+00   9.17693E-01   4.96353E-01   1.26366E+00
 2.19250E+01   2.54589E+00   9.17693E-01   4.96352E-01   1.26366E+00
 2.19750E+01   2.54589E+00   9.17693E-01   4.96351E-01   1.26365E+00
 2.20250E+01   2.54589E+00   9.17693E-01   4.96349E-01   1.26365E+00
 2.20750E+01   2.54590E+00   9.17693E-01   4.96348E-01   1.26365E+00
 2.21250E+01   2.54590E+00   9.17692E-01   4.96347E-01   1.26365E+00
 2.21750E+01   2.54590E+00   9.17692E-01   4.96345E-01   1.26365E+00
 2.22250E+01   2.54590E+00   9.17692E-01   4.96344E-01   1.26364E+00
 2.22750E+01   2.54591E+00   9.17693E-01   4.96343E-01   1.26364E+00
 2.23250E+01   2.54591E+00   9.17693E-01   4.96342E-01   1.26364E+00
 2.23750E+01   2.54591E+00   9.17692E-01   4.96340E-01   1.26364E+00
 2.24250E+01   2.54592E+00   9.17692E-01   4.96339E-01   1.26364E+00
 2.24750E+01   2.54592E+00   9.17692E-01   4.96338E-01   1.26364E+00
 2.25250E+01   2.54592E+00   9.17692E-01   4.96337E-01   1.26363E+00
 2.25750E+01   2.54592E+00   9.17692E-01   4.96335E-01   1.26363E+00
 2.26250E+01   2.54593E+00   9.17692E-01   4.96334E-01   1.26363E+00
 2.26750E+01   2.54593E+00   9.17692E-01   4.96333E-01   1.26363E+00
 2.27250E+01   2.54593E+00   9.17692E-01   4.96332E-01   1.26363E+00
 2.27750E+01   2.54594E+00   9.17692E-01   4.96330E-01   1.26363E+00
 2.28250E+01   2.54594E+00   9.17692E-01   4.96329E-01   1.26362E+00
 2.28750E+01   2.54594E+00   9.17692E-01   4.96328E-01   1.26362E+00
 2.29250E+01   2.54594E+00   9.17692E-01   4.96326E-01   1.26362E+00
 2.29750E+01   2.54595E+00   9.17692E-01   4.96325E-01   1.26362E+00
 2.30250E+01   2.54595E+00   9.17691E-01   4.96323E-01   1.26361E+00
 2.30750E+01   2.54595E+00   9.17691E-01   4.96322E-01   1.26361E+00
 2.31250E+01   2.54596E+00   9.17691E-01   4.96320E-01   1.26361E+00
 2.31750E+01   2.54596E+00   9.17691E-01   4.96319E-01   1.26361E+00
 2.32250E+01   2.54596E+00   9.17690E-01   4.96317E-01   1.26361E+00
 2.32750E+01   2.54597E+00   9.17690E-01   4.96316E-01   1.26360E+00
 2.33250E+01   2.54597E+00   9.17690E-01   4.96314E-01   1.26360E+00
 2.33750E+01   2.54597E+00   9.17689E-01   4.96312E-01   1.26360E+00
 2.34250E+01   2.54598E+00   9.17688E-01   4.96311E-01   1.26360E+00
 2.34750E+01   2.54598E+00   9.17688E-01   4.96309E-01   1.26359E+00
 2.35250E+01   2.54599E+00   9.17687E-01   4.96307E-01   1.26359E+00
 2.35750E+01   2.54599E+00   9.17686E-01   4.96306E-01   1.26359E+00
 2.36250E+01   2.54600E+00   9.17685E-01   4.96304E-01   1.26359E+00
 2.36750E+01   2.54600E+00   9.17684E-01   4.96302E-01   1.26359E+00
 2.37250E+01   2.54601E+00   9.17683E-01   4.96300E-01   1.26359E+00
 2.37750E+01   2.54602E+00   9.17683E-01   4.96299E-01   1.26358E+00
 2.38250E+01   2.54602E+00   9.17681E-01   4.96297E-01   1.26358E+00
 2.38750E+01   2.54603E+00   9.17681E-01   4.96295E-01   1.26358E+00
 2.39250E+01   2.54603E+00   9.17679E-01   4.96293E-01   1.26358E+00
 2.39750E+01   2.54604E+00   9.17678E-01   4.96292E-01   1.26358E+00
 2.40250E+01   2.54605E+00   9.17677E-01   4.96290E-01   1.26358E+00
 2.40750E+01   2.54605E+00   9.17676E-01   4.96288E-01   1.26358E+00
 2.41250E+01   2.54606E+00   9.17674E-01   4.96286E-01   1.26358E+00
 2.41750E+01   2.54607E+00   9.17673E-01   4.96285E-01   1.26357E+00
 2.42250E+01   2.54607E+00   9.17672E-01   4.96283E-01   1.26357E+00
 2.42750E+01   2.54608E+00   9.17670E-01   4.96281E-01   1.26357E+00
 2.43250E+01   2.54609E+00   9.17669E-01   4.96279E-01   1.26357E+00
 2.43750E+01   2.54610E+00   9.17668E-01   4.96277E-01   1.26357E+00
 2.44250E+01   2.54610E+00   9.17667E-01   4.96275E-01   1.26357E+00
 2.44750E+01   2.54611E+00   9.17665E-01   4.96273E-01   1.26357E+00
 2.45250E+01   2.54612E+00   9.17664E-01   4.96271E-01   1.26357E+00
 2.45750E+01   2.54613E+00   9.17663E-01   4.96269E-01   1.26357E+00
 2.46250E+01   2.54614E+00   9.17661E-01   4.96267E-01   1.26356E+00
 2.46750E+01   2.54615E+00   9.17660E-01   4.96265E-01   1.26356E+00
 2.47250E+01   2.54616E+00   9.17659E-01   4.96263E-01   1.26356E+00
 2.47750E+01   2.54616E+00   9.17657E-01   4.96261E-01   1.26356E+00
 2.48250E+01   2.54617E+00   9.17656E-01   4.96260E-01   1.26356E+00
 2.48750E+01   2.54618E+00   9.17654E-01   4.96258E-01   1.26356E+00
 2.49250E+01   2.54619E+00   9.17653E-01   4.96256E-01   1.26356E+00
 2.49750E+01   2.54620E+00   9.17652E-01   4.96254E-01   1.26356E+00
 2.50250E+01   2.54621E+00   9.17650E-01   4.96252E-01   1.26356E+00
 2.50750E+01   2.54622E+00   9.17649E-01   4.96250E-01   1.26356E+00
 2.51250E+01   2.54623E+00   9.17647E-01   4.96248E-01   1.26356E+00
 2.51750E+01   2.54624E+00   9.17645E-01   4.96246E-01   1.26356E+00
 2.52250E+01   2.54625E+00   9.17644E-01   4.96244E-01   1.26356E+00
 2.52750E+01   2.54626E+00   9.17643E-01   4.96242E-01   1.26356E+00
 2.53250E+01   2.54627E+00   9.17641E-01   4.96240E-01   1.26356E+00
 2.53750E+01   2.54628E+00   9.17639E-01   4.96238E-01   1.26356E+00
 2.54250E+01   2.54629E+00   9.17637E-01   4.96236E-01   1.26356E+00
 2.54750E+01   2.54630E+00   9.17636E-01   4.96234E-01   1.26356E+00
 2.55250E+01   2.54631E+00   9.17634E-01   4.96232E-01   1.26356E+00
 2.55750E+01   2.54632E+00   9.17632E-01   4.96230E-01   1.26356E+00
 2.56250E+01   2.54633E+00   9.17629E-01   4.96227E-01   1.26356E+00
 2.56750E+01   2.54634E+00   9.17627E-01   4.96225E-01   1.26356E+00
 2.57250E+01   2.54635E+00   9.17625E-01   4.96223E-01   1.26356E+00
 2.57750E+01   2.54636E+00   9.17623E-01   4.96221E-01   1.26356E+00
 2.58250E+01   2.54637E+00   9.17621E-01   4.96219E-01   1.26356E+00
 2.58750E+01   2.54638E+00   9.17619E-01   4.96217E-01   1.26356E+00
 2.59250E+01   2.54639E+00   9.17617E-01   4.96215E-01   1.26356E+00
 2.59750E+01   2.54641E+00   9.17614E-01   4.96213E-01   1.26356E+00
 2.60250E+01   2.54642E+00   9.17612E-01   4.96211E-01   1.26356E+00
 2.60750E+01   2.54643E+00   9.17610E-01   4.96209E-01   1.26356E+00
 2.61250E+01   2.54644E+00   9.17607E-01   4.96207E-01   1.26356E+00
 2.61750E+01   2.54645E+00   9.17604E-01   4.96205E-01   1.26356E+00
 2.62250E+01   2.54647E+00   9.17601E-01   4.96203E-01   1.26356E+00
 2.62750E+01   2.54648E+00   9.17599E-01   4.96201E-01   1.26357E+00
 2.63250E+01   2.54649E+00   9.17596E-01   4.96199E-01   1.26357E+00
 2.63750E+01   2.54651E+00   9.17593E-01   4.96197E-01   1.26357E+00
 2.64250E+01   2.54652E+00   9.17590E-01   4.96195E-01   1.26357E+00
 2.64750E+01   2.54653E+00   9.17586E-01   4.96193E-01   1.26357E+00
 2.65250E+01   2.54655E+00   9.17583E-01   4.96191E-01   1.26357E+00
 2.65750E+01   2.54656E+00   9.17579E-01   4.96189E-01   1.26358E+00
 2.66250E+01   2.54658E+00   9.17576E-01   4.96187E-01   1.26358E+00
 2.66750E+01   2.54659E+00   9.17572E-01   4.96185E-01   1.26358E+00
 2.67250E+01   2.54661E+00   9.17568E-01   4.96184E-01   1.26358E+00
 2.67750E+01   2.54662E+00   9.17564E-01   4.96182E-01   1.26359E+00
 2.68250E+01   2.54664E+00   9.17560E-01   4.96180E-01   1.26359E+00
 2.68750E+01   2.54665E+00   9.17555E-01   4.96178E-01   1.26359E+00
 2.69250E+01   2.54667E+00   9.17551E-01   4.96176E-01   1.26360E+00
 2.69750E+01   2.54669E+00   9.17546E-01   4.96174E-01   1.26360E+00
 2.70250E+01   2.54670E+00   9.17542E-01   4.96173E-01   1.26360E+00
 2.70750E+01   2.54672E+00   9.17537E-01   4.96171E-01   1.26361E+00
 2.71250E+01   2.54674E+00   9.17532E-01   4.96169E-01   1.26361E+00
 2.71750E+01   2.54676E+00   9.17527E-01   4.96167E-01   1.26362E+00
 2.72250E+01   2.54677E+00   9.17522E-01   4.96165E-01   1.26362E+00
 2.72750E+01   2.54679E+00   9.17517E-01   4.96163E-01   1.26362E+00
 2.73250E+01   2.54681E+00   9.17512E-01   4.96161E-01   1.26363E+00
 2.73750E+01   2.54683E+00   9.17506E-01   4.96159E-01   1.26363E+00
 2.74250E+01   2.54685E+00   9.17501E-01   4.96158E-01   1.26364E+00
 2.74750E+01   2.54687E+00   9.17496E-01   4.96156E-01   1.26364E+00
 2.75250E+01   2.54689E+00   9.17490E-01   4.96154E-01   1.26365E+00
 2.75750E+01   2.54691E+00   9.17485E-01   4.96152E-01   1.26365E+00
 2.76250E+01   2.54693E+00   9.17479E-01   4.96150E-01   1.26366E+00
 2.76750E+01   2.54695E+00   9.17473E-01   4.96148E-01   1.26366E+00
 2.77250E+01   2.54697E+00   9.17467E-01   4.96146E-01   1.26367E+00
 2.77750E+01   2.54699E+00   9.17461E-01   4.96144E-01   1.26367E+00
 2.78250E+01   2.54701E+00   9.17455E-01   4.96142E-01   1.26368E+00
 2.78750E+01   2.54703E+00   9.17449E-01   4.96141E-01   1.26369E+00
 2.79250E+01   2.54705E+00   9.17443E-01   4.96139E-01   1.26369E+00
 2.79750E+01   2.54708E+00   9.17436E-01   4.96137E-01   1.26370E+00
 2.80250E+01   2.54710E+00   9.17429E-01   4.96135E-01   1.26370E+00
 2.80750E+01   2.54712E+00   9.17423E-01   4.96133E-01   1.26371E+00
 2.81250E+01   2.54714E+00   9.17416E-01   4.96131E-01   1.26372E+00
 2.81750E+01   2.54717E+00   9.17409E-01   4.96130E-01   1.26372E+00
 2.82250E+01   2.54719E+00   9.17402E-01   4.96128E-01   1.26373E+00
 2.82750E+01   2.54721E+00   9.17395E-01   4.96126E-01   1.26374E+00
 2.83250E+01   2.54724E+00   9.17387E-01   4.96124E-01   1.26375E+00
 2.83750E+01   2.54726E+00   9.17380E-01   4.96122E-01   1.26375E+00
 2.84250E+01   2.54729E+00   9.17372E-01   4.96120E-01   1.26376E+00
 2.84750E+01   2.54732E+00   9.17364E-01   4.96118E-01   1.26377E+00
 2.85250E+01   2.54734E+00   9.17357E-01   4.96116E-01   1.26378E+00
 2.85750E+01   2.54737E+00   9.17349E-01   4.96114E-01   1.26379E+00
 2.86250E+01   2.54739E+00   9.17341E-01   4.96113E-01   1.26379E+00
 2.86750E+01   2.54742E+00   9.17333E-01   4.96111E-01   1.26380E+00
 2.87250E+01   2.54745E+00   9.17324E-01   4.96109E-01   1.26381E+00
 2.87750E+01   2.54748E+00   9.17316E-01   4.96107E-01   1.26382E+00
 2.88250E+01   2.54750E+00   9.17307E-01   4.96105E-01   1.26383E+00
 2.88750E+01   2.54753E+00   9.17299E-01   4.96104E-01   1.26384E+00
 2.89250E+01   2.54756E+00   9.17290E-01   4.96102E-01   1.26385E+00
 2.89750E+01   2.54759E+00   9.17281E-01   4.96100E-01   1.26386E+00
 2.90250E+01   2.54762E+00   9.17272E-01   4.96098E-01   1.26387E+00
 2.90750E+01   2.54765E+00   9.17262E-01   4.96096E-01   1.26388E+00
 2.91250E+01   2.54768E+00   9.17253E-01   4.96094E-01   1.26389E+00
 2.91750E+01   2.54771E+00   9.17244E-01   4.96092E-01   1.26390E+00
 2.92250E+01   2.54774E+00   9.17234E-01   4.96091E-01   1.26391E+00
 2.92750E+01   2.54777E+00   9.17224E-01   4.96089E-01   1.26392E+00
 2.93250E+01   2.54780E+00   9.17214E-01   4.96087E-01   1.26393E+00
 2.93750E+01   2.54784E+00   9.17204E-01   4.96085E-01   1.26394E+00
 2.94250E+01   2.54787E+00   9.17194E-01   4.96083E-01   1.26395E+00
 2.94750E+01   2.54790E+00   9.17184E-01   4.96082E-01   1.26397E+00
 2.95250E+01   2.54793E+00   9.17174E-01   4.96080E-01   1.26398E+00
 2.95750E+01   2.54797E+00   9.17163E-01   4.96078E-01   1.26399E+00
 2.96250E+01   2.54800E+00   9.17153E-01   4.96076E-01   1.26400E+00
 2.96750E+01   2.54804E+00   9.17142E-01   4.96074E-01   1.26401E+00
 2.97250E+01   2.54807E+00   9.17131E-01   4.96072E-01   1.26403E+00
 2.97750E+01   2.54810E+00   9.17121E-01   4.96071E-01   1.26404E+00
 2.98250E+01   2.54814E+00   9.17110E-01   4.96069E-01   1.26405E+00
 2.98750E+01   2.54817E+00   9.17098E-01   4.96067E-01   1.26406E+00
 2.99250E+01   2.54821E+00   9.17087E-01   4.96065E-01   1.26408E+00
 2.99750E+01   2.54825E+00   9.17076E-01   4.96063E-01   1.26409E+00
 3.00250E+01   2.54828E+00   9.17064E-01   4.96062E-01   1.26410E+00
 3.00750E+01   2.54832E+00   9.17053E-01   4.96060E-01   1.26412E+00
 3.01250E+01   2.54836E+00   9.17041E-01   4.96058E-01   1.26413E+00
 3.01750E+01   2.54839E+00   9.17029E-01   4.96056E-01   1.26414E+00
 3.02250E+01   2.54843E+00   9.17017E-01   4.96054E-01   1.26416E+00
 3.02750E+01   2.54847E+00   9.17006E-01   4.96052E-01   1.26417E+00
 3.03250E+01   2.54850E+00   9.16994E-01   4.96050E-01   1.26419E+00
 3.03750E+01   2.54854E+00   9.16981E-01   4.96048E-01   1.26420E+00
 3.04250E+01   2.54858E+00   9.16969E-01   4.96047E-01   1.26421E+00
 3.04750E+01   2.54862E+00   9.16957E-01   4.96045E-01   1.26423E+00
 3.05250E+01   2.54866E+00   9.16945E-01   4.96043E-01   1.26424E+00
 3.05750E+01   2.54870E+00   9.16932E-01   4.96041E-01   1.26426E+00
 3.06250E+01   2.54874E+00   9.16920E-01   4.96039E-01   1.26427E+00
 3.06750E+01   2.54877E+00   9.16907E-01   4.96037E-01   1.26429E+00
 3.07250E+01   2.54881E+00   9.16894E-01   4.96036E-01   1.26430E+00
 3.07750E+01   2.54885E+00   9.16882E-01   4.96034E-01   1.26432E+00
 3.08250E+01   2.54889E+00   9.16869E-01   4.96032E-01   1.26433E+00
 3.08750E+01   2.54893E+00   9.16856E-01   4.96030E-01   1.26435E+00
 3.09250E+01   2.54898E+00   9.16843E-01   4.96029E-01   1.26436E+00
 3.09750E+01   2.54902E+00   9.16830E-01   4.96027E-01   1.26438E+00
 3.10250E+01   2.54906E+00   9.16816E-01   4.96025E-01   1.26440E+00
 3.10750E+01   2.54910E+00   9.16803E-01   4.96023E-01   1.26441E+00
 3.11250E+01   2.54914E+00   9.16790E-01   4.96021E-01   1.26443E+00
 3.11750E+01   2.54918E+00   9.16776E-01   4.96020E-01   1.26444E+00
 3.12250E+01   2.54922E+00   9.16763E-01   4.96018E-01   1.26446E+00
 3.12750E+01   2.54926E+00   9.16749E-01   4.96016E-01   1.26448E+00
 3.13250E+01   2.54931E+00   9.16736E-01   4.96014E-01   1.26449E+00
 3.13750E+01   2.54935E+00   9.16723E-01   4.96012E-01   1.26451E+00
 3.14250E+01   2.54939E+00   9.16709E-01   4.96011E-01   1.26452E+00
 3.14750E+01   2.54943E+00   9.16696E-01   4.96009E-01   1.26454E+00
 3.15250E+01   2.54947E+00   9.16682E-01   4.96007E-01   1.26456E+00
 3.15750E+01   2.54952E+00   9.16668E-01   4.96005E-01   1.26457E+00
 3.16250E+01   2.54956E+00   9.16655E-01   4.96004E-01   1.26459E+00
 3.16750E+01   2.54960E+00   9.16641E-01   4.96002E-01   1.26461E+00
 3.17250E+01   2.54964E+00   9.16627E-01   4.96000E-01   1.26462E+00
 3.17750E+01   2.54968E+00   9.16613E-01   4.95998E-01   1.26464E+00
 3.18250E+01   2.54973E+00   9.16600E-01   4.95996E-01   1.26465E+00
 3.18750E+01   2.54977E+00   9.16586E-01   4.95994E-01   1.26467E+00
 3.19250E+01   2.54981E+00   9.16572E-01   4.95993E-01   1.26469E+00
 3.19750E+01   2.54986E+00   9.16557E-01   4.95991E-01   1.26471E+00
 3.20250E+01   2.54990E+00   9.16543E-01   4.95989E-01   1.26472E+00
 3.20750E+01   2.54994E+00   9.16529E-01   4.95988E-01   1.26474E+00
 3.21250E+01   2.54999E+00   9.16515E-01   4.95986E-01   1.26476E+00
 3.21750E+01   2.55003E+00   9.16500E-01   4.95984E-01   1.26477E+00
 3.22250E+01   2.55007E+00   9.16486E-01   4.95982E-01   1.26479E+00
 3.22750E+01   2.55012E+00   9.16471E-01   4.95981E-01   1.26481E+00
 3.23250E+01   2.55016E+00   9.16457E-01   4.95979E-01   1.26483E+00
 3.23750E+01   2.55021E+00   9.16443E-01   4.95977E-01   1.26484E+00
 3.24250E+01   2.55025E+00   9.16428E-01   4.95976E-01   1.26486E+00
 3.24750E+01   2.55030E+00   9.16414E-01   4.95974E-01   1.26488E+00
 3.25250E+01   2.55034E+00   9.16399E-01   4.95972E-01   1.26490E+00
 3.25750E+01   2.55039E+00   9.16384E-01   4.95971E-01   1.26492E+00
 3.26250E+01   2.55043E+00   9.16370E-01   4.95969E-01   1.26493E+00
 3.26750E+01   2.55048E+00   9.16355E-01   4.95967E-01   1.26495E+00
 3.27250E+01   2.55052E+00   9.16340E-01   4.95965E-01   1.26497E+00
 3.27750E+01   2.55057E+00   9.16325E-01   4.95964E-01   1.26499E+00
 3.28250E+01   2.55061E+00   9.16311E-01   4.95962E-01   1.26501E+00
 3.28750E+01   2.55066E+00   9.16296E-01   4.95961E-01   1.26502E+00
 3.29250E+01   2.55070E+00   9.16281E-01   4.95959E-01   1.26504E+00
 3.29750E+01   2.55075E+00   9.16266E-01   4.95957E-01   1.26506E+00
 3.30250E+01   2.55079E+00   9.16251E-01   4.95956E-01   1.26508E+00
 3.30750E+01   2.55084E+00   9.16236E-01   4.95955E-01   1.26510E+00
 3.31250E+01   2.55088E+00   9.16221E-01   4.95954E-01   1.26512E+00
 3.31750E+01   2.55093E+00   9.16205E-01   4.95953E-01   1.26514E+00
 3.32250E+01   2.55097E+00   9.16190E-01   4.95952E-01   1.26516E+00
 3.32750E+01   2.55102E+00   9.16174E-01   4.95951E-01   1.26518E+00
 3.33250E+01   2.55106E+00   9.16159E-01   4.95950E-01   1.26520E+00
 3.33750E+01   2.55111E+00   9.16143E-01   4.95950E-01   1.26522E+00
 3.34250E+01   2.55115E+00   9.16128E-01   4.95949E-01   1.26524E+00
 3.34750E+01   2.55119E+00   9.16112E-01   4.95948E-01   1.26526E+00
 3.35250E+01   2.55124E+00   9.16097E-01   4.95948E-01   1.26528E+00
 3.35750E+01   2.55128E+00   9.16081E-01   4.95948E-01   1.26530E+00
 3.36250E+01   2.55132E+00   9.16066E-01   4.95947E-01   1.26532E+00
 3.36750E+01   2.55136E+00   9.16051E-01   4.95947E-01   1.26534E+00
 3.37250E+01   2.55140E+00   9.16035E-01   4.95946E-01   1.26536E+00
 3.37750E+01   2.55145E+00   9.16020E-01   4.95946E-01   1.26538E+00
 3.38250E+01   2.55149E+00   9.16005E-01   4.95946E-01   1.26540E+00
 3.38750E+01   2.55153E+00   9.15990E-01   4.95945E-01   1.26542E+00
 3.39250E+01   2.55157E+00   9.15974E-01   4.95945E-01   1.26544E+00
 3.39750E+01   2.55162E+00   9.15959E-01   4.95945E-01   1.26546E+00
 3.40250E+01   2.55166E+00   9.15944E-01   4.95944E-01   1.26548E+00
 3.40750E+01   2.55170E+00   9.15929E-01   4.95944E-01   1.26550E+00
 3.41250E+01   2.55174E+00   9.15914E-01   4.95944E-01   1.26552E+00
 3.41750E+01   2.55179E+00   9.15898E-01   4.95943E-01   1.26554E+00
 3.42250E+01   2.55183E+00   9.15883E-01   4.95943E-01   1.26556E+00
 3.42750E+01   2.55187E+00   9.15868E-01   4.95943E-01   1.26558E+00
 3.43250E+01   2.55191E+00   9.15853E-01   4.95943E-01   1.26560E+00
 3.43750E+01   2.55195E+00   9.15837E-01   4.95943E-01   1.26562E+00
 3.44250E+01   2.55199E+00   9.15822E-01   4.95942E-01   1.26564E+00
 3.44750E+01   2.55203E+00   9.15807E-01   4.95942E-01   1.26566E+00
 3.45250E+01   2.55208E+00   9.15792E-01   4.95942E-01   1.26568E+00
 3.45750E+01   2.55212E+00   9.15777E-01   4.95942E-01   1.26570E+00
 3.46250E+01   2.55216E+00   9.15762E-01   4.95942E-01   1.26572E+00
 3.46750E+01   2.55220E+00   9.15746E-01   4.95942E-01   1.26574E+00
 3.47250E+01   2.55224E+00   9.15731E-01   4.95941E-01   1.26576E+00
 3.47750E+01   2.55228E+00   9.15716E-01   4.95941E-01   1.26578E+00
 3.48250E+01   2.55232E+00   9.15701E-01   4.95941E-01   1.26580E+00
 3.48750E+01   2.55236E+00   9.15686E-01   4.95941E-01   1.26582E+00
 3.49250E+01   2.55240E+00   9.15671E-01   4.95941E-01   1.26584E+00
 3.49750E+01   2.55244E+00   9.15657E-01   4.95941E-01   1.26586E+00
 3.50250E+01   2.55248E+00   9.15642E-01   4.95941E-01   1.26588E+00
 3.50750E+01   2.55252E+00   9.15627E-01   4.95941E-01   1.26590E+00
 3.51250E+01   2.55256E+00   9.15612E-01   4.95941E-01   1.26592E+00
 3.51750E+01   2.55260E+00   9.15597E-01   4.95942E-01   1.26594E+00
 3.52250E+01   2.55264E+00   9.15583E-01   4.95942E-01   1.26596E+00
 3.52750E+01   2.55268E+00   9.15568E-01   4.95942E-01   1.26598E+00
 3.53250E+01   2.55272E+00   9.15553E-01   4.95943E-01   1.26600E+00
 3.53750E+01   2.55275E+00   9.15539E-01   4.95944E-01   1.26602E+00
 3.54250E+01   2.55279E+00   9.15524E-01   4.95945E-01   1.26604E+00
 3.54750E+01   2.55283E+00   9.15509E-01   4.95946E-01   1.26606E+00
 3.55250E+01   2.55286E+00   9.15495E-01   4.95947E-01   1.26609E+00
 3.55750E+01   2.55290E+00   9.15480E-01   4.95948E-01   1.26611E+00
 3.56250E+01   2.55294E+00   9.15466E-01   4.95949E-01   1.26613E+00
 3.56750E+01   2.55297E+00   9.15451E-01   4.95950E-01   1.26615E+00
 3.57250E+01   2.55301E+00   9.15436E-01   4.95952E-01   1.26617E+00
 3.57750E+01   2.55304E+00   9.15422E-01   4.95953E-01   1.26619E+00
 3.58250E+01   2.55308E+00   9.15407E-01   4.95954E-01   1.26621E+00
 3.58750E+01   2.55311E+00   9.15393E-01   4.95955E-01   1.26623E+00
 3.59250E+01   2.55315E+00   9.15378E-01   4.95956E-01   1.26625E+00
 3.59750E+01   2.55318E+00   9.15364E-01   4.95958E-01   1.26627E+00
 3.60250E+01   2.55322E+00   9.15350E-01   4.95959E-01   1.26629E+00
 3.60750E+01   2.55325E+00   9.15336E-01   4.95960E-01   1.26631E+00
 3.61250E+01   2.55328E+00   9.15322E-01   4.95961E-01   1.26633E+00
 3.61750E+01   2.55332E+00   9.15309E-01   4.95962E-01   1.26635E+00
 3.62250E+01   2.55335E+00   9.15295E-01   4.95963E-01   1.26637E+00
 3.62750E+01   2.55338E+00   9.15281E-01   4.95965E-01   1.26639E+00
 3.63250E+01   2.55342E+00   9.15267E-01   4.95966E-01   1.26641E+00
 3.63750E+01   2.55345E+00   9.15254E-01   4.95967E-01   1.26643E+00
 3.64250E+01   2.55348E+00   9.15240E-01   4.95968E-01   1.26645E+00
 3.64750E+01   2.55352E+00   9.15226E-01   4.95970E-01   1.26647E+00
 3.65250E+01   2.55355E+00   9.15213E-01   4.95971E-01   1.26649E+00
 3.65750E+01   2.55358E+00   9.15199E-01   4.95973E-01   1.26651E+00
 3.66250E+01   2.55361E+00   9.15186E-01   4.95974E-01   1.26653E+00
 3.66750E+01   2.55364E+00   9.15173E-01   4.95976E-01   1.26654E+00
 3.67250E+01   2.55367E+00   9.15160E-01   4.95978E-01   1.26656E+00
 3.67750E+01   2.55370E+00   9.15148E-01   4.95979E-01   1.26658E+00
 3.68250E+01   2.55373E+00   9.15135E-01   4.95981E-01   1.26660E+00
 3.68750E+01   2.55376E+00   9.15122E-01   4.95983E-01   1.26662E+00
 3.69250E+01   2.55379E+00   9.15110E-01   4.95985E-01   1.26664E+00
 3.69750E+01   2.55381E+00   9.15097E-01   4.95987E-01   1.26666E+00
 3.70250E+01   2.55384E+00   9.15085E-01   4.95988E-01   1.26668E+00
 3.70750E+01   2.55387E+00   9.15073E-01   4.95990E-01   1.26669E+00
 3.71250E+01   2.55390E+00   9.15060E-01   4.95992E-01   1.26671E+00
 3.71750E+01   2.55393E+00   9.15048E-01   4.95994E-01   1.26673E+00
 3.72250E+01   2.55395E+00   9.15036E-01   4.95996E-01   1.26675E+00
 3.72750E+01   2.55398E+00   9.15024E-01   4.95998E-01   1.26677E+00
 3.73250E+01   2.55401E+00   9.15012E-01   4.96000E-01   1.26679E+00
 3.73750E+01   2.55403E+00   9.15001E-01   4.96001E-01   1.26680E+00
 3.74250E+01   2.55406E+00   9.14989E-01   4.96003E-01   1.26682E+00
 3.74750E+01   2.55409E+00   9.14978E-01   4.96005E-01   1.26684E+00
 3.75250E+01   2.55411E+00   9.14966E-01   4.96007E-01   1.26686E+00
 3.75750E+01   2.55414E+00   9.14955E-01   4.96009E-01   1.26687E+00
 3.76250E+01   2.55416E+00   9.14944E-01   4.96010E-01   1.26689E+00
 3.76750E+01   2.55419E+00   9.14933E-01   4.96012E-01   1.26691E+00
 3.77250E+01   2.55421E+00   9.14922E-01   4.96014E-01   1.26692E+00
 3.77750E+01   2.55424E+00   9.14911E-01   4.96016E-01   1.26694E+00
 3.78250E+01   2.55426E+00   9.14900E-01   4.96018E-01   1.26696E+00
 3.78750E+01   2.55428E+00   9.14889E-01   4.96019E-01   1.26697E+00
 3.79250E+01   2.55431E+00   9.14878E-01   4.96021E-01   1.26699E+00
 3.79750E+01   2.55433E+00   9.14867E-01   4.96023E-01   1.26701E+00
 3.80250E+01   2.55436E+00   9.14856E-01   4.96025E-01   1.26702E+00
 3.80750E+01   2.55438E+00   9.14845E-01   4.96027E-01   1.26704E+00
 3.81250E+01   2.55440E+00   9.14835E-01   4.96029E-01   1.26706E+00
 3.81750E+01   2.55443E+00   9.14824E-01   4.96030E-01   1.26707E+00
 3.82250E+01   2.55445E+00   9.14814E-01   4.96032E-01   1.26709E+00
 3.82750E+01   2.55447E+00   9.14803E-01   4.96034E-01   1.26711E+00
 3.83250E+01   2.55450E+00   9.14793E-01   4.96036E-01   1.26712E+00
 3.83750E+01   2.55452E+00   9.14783E-01   4.96039E-01   1.26714E+00
 3.84250E+01   2.55454E+00   9.14773E-01   4.96041E-01   1.26716E+00
 3.84750E+01   2.55456E+00   9.14762E-01   4.96043E-01   1.26717E+00
 3.85250E+01   2.55458E+00   9.14753E-01   4.96045E-01   1.26719E+00
 3.85750E+01   2.55460E+00   9.14743E-01   4.96047E-01   1.26720E+00
 3.86250E+01   2.55462E+00   9.14733E-01   4.96048E-01   1.26722E+00
 3.86750E+01   2.55464E+00   9.14723E-01   4.96050E-01   1.26723E+00
 3.87250E+01   2.55466E+00   9.14714E-01   4.96052E-01   1.26725E+00
 3.87750E+01   2.55468E+00   9.14705E-01   4.96054E-01   1.26726E+00
 3.88250E+01   2.55470E+00   9.14695E-01   4.96056E-01   1.26728E+00
 3.88750E+01   2.55472E+00   9.14686E-01   4.96058E-01   1.26729E+00
 3.89250E+01   2.55474E+00   9.14677E-01   4.96060E-01   1.26730E+00
 3.89750E+01   2.55476E+00   9.14668E-01   4.96062E-01   1.26732E+00
 3.90250E+01   2.55478E+00   9.14659E-01   4.96064E-01   1.26733E+00
 3.90750E+01   2.55480E+00   9.14650E-01   4.96065E-01   1.26735E+00
 3.91250E+01   2.55482E+00   9.14641E-01   4.96067E-01   1.26736E+00
 3.91750E+01   2.55484E+00   9.14632E-01   4.96069E-01   1.26738E+00
 3.92250E+01   2.55486E+00   9.14623E-01   4.96071E-01   1.26739E+00
 3.92750E+01   2.55487E+00   9.14614E-01   4.96072E-01   1.26740E+00
 3.93250E+01   2.55489E+00   9.14605E-01   4.96074E-01   1.26742E+00
 3.93750E+01   2.55491E+00   9.14597E-01   4.96076E-01   1.26743E+00
 3.94250E+01   2.55493E+00   9.14588E-01   4.96078E-01   1.26744E+00
 3.94750E+01   2.55494E+00   9.14580E-01   4.96080E-01   1.26746E+00
 3.95250E+01   2.55496E+00   9.14571E-01   4.96083E-01   1.26747E+00
 3.95750E+01   2.55498E+00   9.14563E-01   4.96085E-01   1.26749E+00
 3.96250E+01   2.55499E+00   9.14555E-01   4.96087E-01   1.26750E+00
 3.96750E+01   2.55501E+00   9.14547E-01   4.96090E-01   1.26751E+00
 3.97250E+01   2.55502E+00   9.14539E-01   4.96092E-01   1.26753E+00
 3.97750E+01   2.55504E+00   9.14531E-01   4.96094E-01   1.26754E+00
 3.98250E+01   2.55505E+00   9.14523E-01   4.96096E-01   1.26755E+00
 3.98750E+01   2.55507E+00   9.14516E-01   4.96099E-01   1.26757E+00
 3.99250E+01   2.55508E+00   9.14508E-01   4.96101E-01   1.26758E+00
 3.99750E+01   2.55509E+00   9.14501E-01   4.96104E-01   1.26759E+00
 4.00250E+01   2.55511E+00   9.14493E-01   4.96106E-01   1.26760E+00
 4.00750E+01   2.55512E+00   9.14486E-01   4.96109E-01   1.26762E+00
 4.01250E+01   2.55513E+00   9.14479E-01   4.96111E-01   1.26763E+00
 4.01750E+01   2.55514E+00   9.14472E-01   4.96113E-01   1.26764E+00
 4.02250E+01   2.55515E+00   9.14465E-01   4.96116E-01   1.26765E+00
 4.02750E+01   2.55517E+00   9.14458E-01   4.96118E-01   1.26766E+00
 4.03250E+01   2.55518E+00   9.14451E-01   4.96121E-01   1.26768E+00
 4.03750E+01   2.55519E+00   9.14444E-01   4.96123E-01   1.26769E+00
 4.04250E+01   2.55520E+00   9.14437E-01   4.96126E-01   1.26770E+00
 4.04750E+01   2.55521E+00   9.14430E-01   4.96128E-01   1.26771E+00
 4.05250E+01   2.55522E+00   9.14424E-01   4.96131E-01   1.26773E+00
 4.05750E+01   2.55524E+00   9.14417E-01   4.96134E-01   1.26774E+00
 4.06250E+01   2.55525E+00   9.14410E-01   4.96136E-01   1.26775E+00
 4.06750E+01   2.55526E+00   9.14403E-01   4.96139E-01   1.26776E+00
 4.07250E+01   2.55527E+00   9.14397E-01   4.96141E-01   1.26777E+00
 4.07750E+01   2.55528E+00   9.14390E-01   4.96144E-01   1.26779E+00
 4.08250E+01   2.55529E+00   9.14384E-01   4.96147E-01   1.26780E+00
 4.08750E+01   2.55530E+00   9.14377E-01   4.96149E-01   1.26781E+00
 4.09250E+01   2.55531E+00   9.14371E-01   4.96152E-01   1.26782E+00
 4.09750E+01   2.55532E+00   9.14364E-01   4.96154E-01   1.26783E+00
 4.10250E+01   2.55533E+00   9.14358E-01   4.96157E-01   1.26784E+00
 4.10750E+01   2.55534E+00   9.14352E-01   4.96159E-01   1.26785E+00
 4.11250E+01   2.55535E+00   9.14346E-01   4.96162E-01   1.26787E+00
 4.11750E+01   2.55536E+00   9.14340E-01   4.96165E-01   1.26788E+00
 4.12250E+01   2.55536E+00   9.14334E-01   4.96167E-01   1.26789E+00
 4.12750E+01   2.55537E+00   9.14329E-01   4.96170E-01   1.26790E+00
 4.13250E+01   2.55538E+00   9.14323E-01   4.96173E-01   1.26791E+00
 4.13750E+01   2.55539E+00   9.14317E-01   4.96175E-01   1.26792E+00
 4.14250E+01   2.55539E+00   9.14312E-01   4.96178E-01   1.26793E+00
 4.14750E+01   2.55540E+00   9.14306E-01   4.96180E-01   1.26794E+00
 4.15250E+01   2.55540E+00   9.14301E-01   4.96183E-01   1.26795E+00
 4.15750E+01   2.55541E+00   9.14296E-01   4.96186E-01   1.26796E+00
 4.16250E+01   2.55542E+00   9.14290E-01   4.96188E-01   1.26797E+00
 4.16750E+01   2.55542E+00   9.14285E-01   4.96191E-01   1.26798E+00
 4.17250E+01   2.55543E+00   9.14280E-01   4.96193E-01   1.26799E+00
 4.17750E+01   2.55543E+00   9.14275E-01   4.96196E-01   1.26800E+00
 4.18250E+01   2.55544E+00   9.14270E-01   4.96199E-01   1.26801E+00
 4.18750E+01   2.55544E+00   9.14265E-01   4.96201E-01   1.26801E+00
 4.19250E+01   2.55545E+00   9.14260E-01   4.96204E-01   1.26802E+00
 4.19750E+01   2.55546E+00   9.14255E-01   4.96207E-01   1.26803E+00
 4.20250E+01   2.55546E+00   9.14250E-01   4.96210E-01   1.26805E+00
 4.20750E+01   2.55547E+00   9.14245E-01   4.96213E-01   1.26805E+00
 4.21250E+01   2.55547E+00   9.14240E-01   4.96216E-01   1.26806E+00
 4.21750E+01   2.55548E+00   9.14235E-01   4.96219E-01   1.26807E+00
 4.22250E+01   2.55548E+00   9.14230E-01   4.96222E-01   1.26808E+00
 4.22750E+01   2.55548E+00   9.14225E-01   4.96225E-01   1.26809E+00
 4.23250E+01   2.55549E+00   9.14220E-01   4.96228E-01   1.26810E+00
 4.23750E+01   2.55549E+00   9.14216E-01   4.96230E-01   1.26811E+00
 4.24250E+01   2.55550E+00   9.14211E-01   4.96233E-01   1.26812E+00
 4.24750E+01   2.55550E+00   9.14206E-01   4.96236E-01   1.26813E+00
 4.25250E+01   2.55550E+00   9.14202E-01   4.96239E-01   1.26814E+00
 4.25750E+01   2.55551E+00   9.14197E-01   4.96242E-01   1.26815E+00
 4.26250E+01   2.55551E+00   9.14192E-01   4.96245E-01   1.26816E+00
 4.26750E+01   2.55552E+00   9.14188E-01   4.96248E-01   1.26817E+00
 4.27250E+01   2.55552E+00   9.14184E-01   4.96251E-01   1.26818E+00
 4.27750E+01   2.55552E+00   9.14180E-01   4.96253E-01   1.26819E+00
 4.28250E+01   2.55553E+00   9.14175E-01   4.96256E-01   1.26820E+00
 4.28750E+01   2.55553E+00   9.14171E-01   4.96259E-01   1.26820E+00
 4.29250E+01   2.55553E+00   9.14167E-01   4.96262E-01   1.26821E+00
 4.29750E+01   2.55553E+00   9.14163E-01   4.96265E-01   1.26822E+00
 4.30250E+01   2.55554E+00   9.14159E-01   4.96268E-01   1.26823E+00
 4.30750E+01   2.55554E+00   9.14155E-01   4.96271E-01   1.26824E+00
 4.31250E+01   2.55554E+00   9.14151E-01   4.96274E-01   1.26825E+00
 4.31750E+01   2.55554E+00   9.14147E-01   4.96277E-01   1.26826E+00
 4.32250E+01   2.55554E+00   9.14143E-01   4.96280E-01   1.26826E+00
 4.32750E+01   2.55554E+00   9.14139E-01   4.96283E-01   1.26827E+00
 4.33250E+01   2.55555E+00   9.14136E-01   4.96286E-01   1.26828E+00
 4.33750E+01   2.55555E+00   9.14132E-01   4.96289E-01   1.26829E+00
 4.34250E+01   2.55555E+00   9.14128E-01   4.96292E-01   1.26830E+00
 4.34750E+01   2.55555E+00   9.14124E-01   4.96295E-01   1.26831E+00
 4.35250E+01   2.55555E+00   9.14121E-01   4.96298E-01   1.26831E+00
 4.35750E+01   2.55555E+00   9.14117E-01   4.96301E-01   1.26832E+00
 4.36250E+01   2.55555E+00   9.14114E-01   4.96304E-01   1.26833E+00
 4.36750E+01   2.55555E+00   9.14111E-01   4.96307E-01   1.26834E+00
 4.37250E+01   2.55555E+00   9.14107E-01   4.96310E-01   1.26834E+00
 4.37750E+01   2.55555E+00   9.14104E-01   4.96313E-01   1.26835E+00
 4.38250E+01   2.55555E+00   9.14101E-01   4.96316E-01   1.26836E+00
 4.38750E+01   2.55555E+00   9.14097E-01   4.96319E-01   1.26837E+00
 4.39250E+01   2.55555E+00   9.14094E-01   4.96322E-01   1.26838E+00
 4.39750E+01   2.55555E+00   9.14091E-01   4.96325E-01   1.26838E+00
 4.40250E+01   2.55555E+00   9.14088E-01   4.96328E-01   1.26839E+00
 4.40750E+01   2.55555E+00   9.14084E-01   4.96331E-01   1.26840E+00
 4.41250E+01   2.55555E+00   9.14081E-01   4.96334E-01   1.26841E+00
 4.41750E+01   2.55555E+00   9.14078E-01   4.96336E-01   1.26841E+00
 4.42250E+01   2.55555E+00   9.14075E-01   4.96339E-01   1.26842E+00
 4.42750E+01   2.55555E+00   9.14072E-01   4.96342E-01   1.26843E+00
 4.43250E+01   2.55555E+00   9.14069E-01   4.96344E-01   1.26843E+00
 4.43750E+01   2.55555E+00   9.14066E-01   4.96346E-01   1.26844E+00
 4.44250E+01   2.55555E+00   9.14063E-01   4.96348E-01   1.26844E+00
 4.44750E+01   2.55555E+00   9.14060E-01   4.96350E-01   1.26845E+00
 4.45250E+01   2.55555E+00   9.14057E-01   4.96352E-01   1.26845E+00
 4.45750E+01   2.55555E+00   9.14054E-01   4.96354E-01   1.26846E+00
 4.46250E+01   2.55555E+00   9.14052E-01   4.96355E-01   1.26846E+00
 4.46750E+01   2.55555E+00   9.14049E-01   4.96357E-01   1.26847E+00
 4.47250E+01   2.55555E+00   9.14047E-01   4.96358E-01   1.26847E+00
 4.47750E+01   2.55555E+00   9.14045E-01   4.96359E-01   1.26847E+00
 4.48250E+01   2.55555E+00   9.14043E-01   4.96360E-01   1.26847E+00
 4.48750E+01   2.55555E+00   9.14041E-01   4.96362E-01   1.26848E+00
 4.49250E+01   2.55555E+00   9.14039E-01   4.96363E-01   1.26848E+00
 4.49750E+01   2.55555E+00   9.14037E-01   4.96364E-01   1.26848E+00
 4.50250E+01   2.55555E+00   9.14035E-01   4.96365E-01   1.26849E+00
 4.50750E+01   2.55555E+00   9.14034E-01   4.96366E-01   1.26849E+00
 4.51250E+01   2.55555E+00   9.14032E-01   4.96367E-01   1.26849E+00
 4.51750E+01   2.55555E+00   9.14030E-01   4.96368E-01   1.26849E+00
 4.52250E+01   2.55555E+00   9.14028E-01   4.96369E-01   1.26850E+00
 4.52750E+01   2.55555E+00   9.14026E-01   4.96370E-01   1.26850E+00
 4.53250E+01   2.55555E+00   9.14024E-01   4.96371E-01   1.26850E+00
 4.53750E+01   2.55555E+00   9.14023E-01   4.96372E-01   1.26851E+00
 4.54250E+01   2.55555E+00   9.14021E-01   4.96373E-01   1.26851E+00
 4.54750E+01   2.55555E+00   9.14020E-01   4.96374E-01   1.26851E+00
 4.55250E+01   2.55555E+00   9.14018E-01   4.96375E-01   1.26851E+00
 4.55750E+01   2.55555E+00   9.14016E-01   4.96376E-01   1.26851E+00
 4.56250E+01   2.55555E+00   9.14015E-01   4.96377E-01   1.26852E+00
 4.56750E+01   2.55555E+00   9.14013E-01   4.96378E-01   1.26852E+00
 4.57250E+01   2.55555E+00   9.14012E-01   4.96379E-01   1.26852E+00
 4.57750E+01   2.55555E+00   9.14010E-01   4.96380E-01   1.26852E+00
 4.58250E+01   2.55555E+00   9.14008E-01   4.96381E-01   1.26853E+00
 4.58750E+01   2.55555E+00   9.14007E-01   4.96382E-01   1.26853E+00
 4.59250E+01   2.55555E+00   9.14005E-01   4.96383E-01   1.26853E+00
 4.59750E+01   2.55555E+00   9.14004E-01   4.96383E-01   1.26853E+00
 4.60250E+01   2.55555E+00   9.14003E-01   4.96384E-01   1.26853E+00
 4.60750E+01   2.55555E+00   9.14001E-01   4.96386E-01   1.26854E+00
 4.61250E+01   2.55555E+00   9.14000E-01   4.96387E-01   1.26854E+00
 4.61750E+01   2.55555E+00   9.13998E-01   4.96388E-01   1.26854E+00
 4.62250E+01   2.55555E+00   9.13997E-01   4.96388E-01   1.26854E+00
 4.62750E+01   2.55554E+00   9.13996E-01   4.96389E-01   1.26854E+00
 4.63250E+01   2.55554E+00   9.13994E-01   4.96390E-01   1.26855E+00
 4.63750E+01   2.55554E+00   9.13993E-01   4.96391E-01   1.26855E+00
 4.64250E+01   2.55554E+00   9.13991E-01   4.96392E-01   1.26855E+00
 4.64750E+01   2.55554E+00   9.13989E-01   4.96393E-01   1.26855E+00
 4.65250E+01   2.55554E+00   9.13988E-01   4.96394E-01   1.26856E+00
 4.65750E+01   2.55554E+00   9.13987E-01   4.96395E-01   1.26856E+00
 4.66250E+01   2.55554E+00   9.13985E-01   4.96396E-01   1.26856E+00
 4.66750E+01   2.55554E+00   9.13984E-01   4.96397E-01   1.26856E+00
 4.67250E+01   2.55554E+00   9.13982E-01   4.96397E-01   1.26856E+00
 4.67750E+01   2.55554E+00   9.13981E-01   4.96398E-01   1.26857E+00
 4.68250E+01   2.55554E+00   9.13980E-01   4.96399E-01   1.26857E+00
 4.68750E+01   2.55554E+00   9.13979E-01   4.96400E-01   1.26857E+00
 4.69250E+01   2.55554E+00   9.13977E-01   4.96401E-01   1.26857E+00
 4.69750E+01   2.55554E+00   9.13976E-01   4.96402E-01   1.26858E+00
 4.70250E+01   2.55554E+00   9.13974E-01   4.96403E-01   1.26858E+00
 4.70750E+01   2.55554E+00   9.13973E-01   4.96404E-01   1.26858E+00
 4.71250E+01   2.55554E+00   9.13971E-01   4.96405E-01   1.26858E+00
 4.71750E+01   2.55554E+00   9.13970E-01   4.96406E-01   1.26858E+00
 4.72250E+01   2.55554E+00   9.13968E-01   4.96406E-01   1.26859E+00
 4.72750E+01   2.55554E+00   9.13967E-01   4.96407E-01   1.26859E+00
 4.73250E+01   2.55554E+00   9.13965E-01   4.96408E-01   1.26859E+00
 4.73750E+01   2.55554E+00   9.13964E-01   4.96409E-01   1.26859E+00
 4.74250E+01   2.55554E+00   9.13962E-01   4.96410E-01   1.26860E+00
 4.74750E+01   2.55554E+00   9.13960E-01   4.96410E-01   1.26860E+00
 4.75250E+01   2.55554E+00   9.13958E-01   4.96411E-01   1.26860E+00
 4.75750E+01   2.55555E+00   9.13956E-01   4.96412E-01   1.26860E+00
 4.76250E+01   2.55555E+00   9.13955E-01   4.96412E-01   1.26861E+00
 4.76750E+01   2.55555E+00   9.13953E-01   4.96413E-01   1.26861E+00
 4.77250E+01   2.55555E+00   9.13951E-01   4.96414E-01   1.26861E+00
 4.77750E+01   2.55555E+00   9.13949E-01   4.96414E-01   1.26861E+00
 4.78250E+01   2.55555E+00   9.13948E-01   4.96415E-01   1.26861E+00
 4.78750E+01   2.55556E+00   9.13946E-01   4.96415E-01   1.26862E+00
 4.79250E+01   2.55556E+00   9.13944E-01   4.96415E-01   1.26862E+00
 4.79750E+01   2.55556E+00   9.13942E-01   4.96415E-01   1.26862E+00
 4.80250E+01   2.55557E+00   9.13940E-01   4.96415E-01   1.26862E+00
 4.80750E+01   2.55557E+00   9.13938E-01   4.96415E-01   1.26862E+00
 4.81250E+01   2.55557E+00   9.13936E-01   4.96415E-01   1.26863E+00
 4.81750E+01   2.55558E+00   9.13934E-01   4.96415E-01   1.26863E+00
 4.82250E+01   2.55558E+00   9.13932E-01   4.96415E-01   1.26863E+00
 4.82750E+01   2.55559E+00   9.13929E-01   4.96415E-01   1.26863E+00
 4.83250E+01   2.55559E+00   9.13927E-01   4.96415E-01   1.26863E+00
 4.83750E+01   2.55560E+00   9.13924E-01   4.96414E-01   1.26864E+00
 4.84250E+01   2.55561E+00   9.13922E-01   4.96414E-01   1.26864E+00
 4.84750E+01   2.55561E+00   9.13919E-01   4.96414E-01   1.26864E+00
 4.85250E+01   2.55562E+00   9.13916E-01   4.96413E-01   1.26864E+00
 4.85750E+01   2.55563E+00   9.13913E-01   4.96413E-01   1.26865E+00
 4.86250E+01   2.55563E+00   9.13911E-01   4.96412E-01   1.26865E+00
 4.86750E+01   2.55564E+00   9.13907E-01   4.96412E-01   1.26865E+00
 4.87250E+01   2.55565E+00   9.13904E-01   4.96411E-01   1.26865E+00
 4.87750E+01   2.55566E+00   9.13901E-01   4.96411E-01   1.26866E+00
 4.88250E+01   2.55567E+00   9.13897E-01   4.96410E-01   1.26866E+00
 4.88750E+01   2.55568E+00   9.13894E-01   4.96410E-01   1.26867E+00
 4.89250E+01   2.55572E+00   9.13890E-01   4.96414E-01   1.26869E+00
 4.89750E+01   2.55584E+00   9.13887E-01   4.96437E-01   1.26881E+00
