      xx/10.          rhoa          temp           vel      vel*rhoa
         [-]           [-]           [-]           [-]           [-]
 1.02500E+00   2.54431E+00   9.18050E-01   4.96932E-01   1.26435E+00
 1.07500E+00   2.54430E+00   9.18049E-01   4.96935E-01   1.26435E+00
 1.12500E+00   2.54430E+00   9.18048E-01   4.96936E-01   1.26435E+00
 1.17500E+00   2.54430E+00   9.18047E-01   4.96935E-01   1.26435E+00
 1.22500E+00   2.54430E+00   9.18046E-01   4.96933E-01   1.26435E+00
 1.27500E+00   2.54431E+00   9.18045E-01   4.96931E-01   1.26435E+00
 1.32500E+00   2.54432E+00   9.18045E-01   4.96929E-01   1.26434E+00
 1.37500E+00   2.54432E+00   9.18044E-01   4.96927E-01   1.26434E+00
 1.42500E+00   2.54433E+00   9.18044E-01   4.96925E-01   1.26434E+00
 1.47500E+00   2.54434E+00   9.18043E-01   4.96923E-01   1.26434E+00
 1.52500E+00   2.54434E+00   9.18042E-01   4.96921E-01   1.26434E+00
 1.57500E+00   2.54435E+00   9.18042E-01   4.96920E-01   1.26434E+00
 1.62500E+00   2.54435E+00   9.18042E-01   4.96918E-01   1.26433E+00
 1.67500E+00   2.54436E+00   9.18041E-01   4.96917E-01   1.26433E+00
 1.72500E+00   2.54436E+00   9.18041E-01   4.96915E-01   1.26433E+00
 1.77500E+00   2.54436E+00   9.18040E-01   4.96914E-01   1.26433E+00
 1.82500E+00   2.54437E+00   9.18040E-01   4.96912E-01   1.26433E+00
 1.87500E+00   2.54437E+00   9.18039E-01   4.96910E-01   1.26433E+00
 1.92500E+00   2.54438E+00   9.18039E-01   4.96909E-01   1.26432E+00
 1.97500E+00   2.54438E+00   9.18038E-01   4.96908E-01   1.26432E+00
 2.02500E+00   2.54439E+00   9.18037E-01   4.96906E-01   1.26432E+00
 2.07500E+00   2.54439E+00   9.18036E-01   4.96904E-01   1.26432E+00
 2.12500E+00   2.54440E+00   9.18036E-01   4.96903E-01   1.26432E+00
 2.17500E+00   2.54440E+00   9.18035E-01   4.96901E-01   1.26432E+00
 2.22500E+00   2.54441E+00   9.18034E-01   4.96899E-01   1.26431E+00
 2.27500E+00   2.54441E+00   9.18034E-01   4.96898E-01   1.26431E+00
 2.32500E+00   2.54442E+00   9.18033E-01   4.96896E-01   1.26431E+00
 2.37500E+00   2.54442E+00   9.18032E-01   4.96894E-01   1.26431E+00
 2.42500E+00   2.54443E+00   9.18031E-01   4.96892E-01   1.26431E+00
 2.47500E+00   2.54443E+00   9.18031E-01   4.96891E-01   1.26431E+00
 2.52500E+00   2.54444E+00   9.18030E-01   4.96889E-01   1.26430E+00
 2.57500E+00   2.54444E+00   9.18030E-01   4.96887E-01   1.26430E+00
 2.62500E+00   2.54445E+00   9.18029E-01   4.96886E-01   1.26430E+00
 2.67500E+00   2.54445E+00   9.18028E-01   4.96884E-01   1.26430E+00
 2.72500E+00   2.54446E+00   9.18028E-01   4.96882E-01   1.26430E+00
 2.77500E+00   2.54447E+00   9.18027E-01   4.96881E-01   1.26430E+00
 2.82500E+00   2.54447E+00   9.18026E-01   4.96879E-01   1.26429E+00
 2.87500E+00   2.54448E+00   9.18026E-01   4.96877E-01   1.26429E+00
 2.92500E+00   2.54448E+00   9.18025E-01   4.96875E-01   1.26429E+00
 2.97500E+00   2.54449E+00   9.18025E-01   4.96873E-01   1.26429E+00
 3.02500E+00   2.54449E+00   9.18024E-01   4.96871E-01   1.26428E+00
 3.07500E+00   2.54450E+00   9.18024E-01   4.96870E-01   1.26428E+00
 3.12500E+00   2.54450E+00   9.18023E-01   4.96868E-01   1.26428E+00
 3.17500E+00   2.54451E+00   9.18022E-01   4.96866E-01   1.26428E+00
 3.22500E+00   2.54451E+00   9.18021E-01   4.96864E-01   1.26428E+00
 3.27500E+00   2.54452E+00   9.18021E-01   4.96863E-01   1.26428E+00
 3.32500E+00   2.54452E+00   9.18020E-01   4.96861E-01   1.26427E+00
 3.37500E+00   2.54453E+00   9.18019E-01   4.96859E-01   1.26427E+00
 3.42500E+00   2.54453E+00   9.18018E-01   4.96857E-01   1.26427E+00
 3.47500E+00   2.54454E+00   9.18018E-01   4.96855E-01   1.26427E+00
 3.52500E+00   2.54454E+00   9.18017E-01   4.96854E-01   1.26427E+00
 3.57500E+00   2.54455E+00   9.18016E-01   4.96852E-01   1.26426E+00
 3.62500E+00   2.54455E+00   9.18015E-01   4.96850E-01   1.26426E+00
 3.67500E+00   2.54456E+00   9.18015E-01   4.96848E-01   1.26426E+00
 3.72500E+00   2.54456E+00   9.18013E-01   4.96847E-01   1.26426E+00
 3.77500E+00   2.54457E+00   9.18013E-01   4.96845E-01   1.26426E+00
 3.82500E+00   2.54457E+00   9.18011E-01   4.96843E-01   1.26425E+00
 3.87500E+00   2.54458E+00   9.18011E-01   4.96841E-01   1.26425E+00
 3.92500E+00   2.54458E+00   9.18010E-01   4.96840E-01   1.26425E+00
 3.97500E+00   2.54459E+00   9.18009E-01   4.96838E-01   1.26425E+00
 4.02500E+00   2.54459E+00   9.18009E-01   4.96836E-01   1.26425E+00
 4.07500E+00   2.54460E+00   9.18008E-01   4.96834E-01   1.26424E+00
 4.12500E+00   2.54460E+00   9.18007E-01   4.96833E-01   1.26424E+00
 4.17500E+00   2.54461E+00   9.18006E-01   4.96831E-01   1.26424E+00
 4.22500E+00   2.54461E+00   9.18006E-01   4.96829E-01   1.26424E+00
 4.27500E+00   2.54462E+00   9.18005E-01   4.96827E-01   1.26424E+00
 4.32500E+00   2.54462E+00   9.18004E-01   4.96825E-01   1.26423E+00
 4.37500E+00   2.54463E+00   9.18003E-01   4.96823E-01   1.26423E+00
 4.42500E+00   2.54464E+00   9.18002E-01   4.96822E-01   1.26423E+00
 4.47500E+00   2.54464E+00   9.18001E-01   4.96820E-01   1.26423E+00
 4.52500E+00   2.54465E+00   9.18000E-01   4.96818E-01   1.26423E+00
 4.57500E+00   2.54465E+00   9.17999E-01   4.96817E-01   1.26423E+00
 4.62500E+00   2.54466E+00   9.17998E-01   4.96815E-01   1.26422E+00
 4.67500E+00   2.54466E+00   9.17998E-01   4.96813E-01   1.26422E+00
 4.72500E+00   2.54467E+00   9.17997E-01   4.96812E-01   1.26422E+00
 4.77500E+00   2.54467E+00   9.17996E-01   4.96810E-01   1.26422E+00
 4.82500E+00   2.54468E+00   9.17995E-01   4.96808E-01   1.26422E+00
 4.87500E+00   2.54468E+00   9.17994E-01   4.96807E-01   1.26421E+00
 4.92500E+00   2.54469E+00   9.17993E-01   4.96805E-01   1.26421E+00
 4.97500E+00   2.54469E+00   9.17992E-01   4.96803E-01   1.26421E+00
 5.02500E+00   2.54470E+00   9.17991E-01   4.96801E-01   1.26421E+00
 5.07500E+00   2.54471E+00   9.17990E-01   4.96799E-01   1.26421E+00
 5.12500E+00   2.54471E+00   9.17989E-01   4.96798E-01   1.26421E+00
 5.17500E+00   2.54472E+00   9.17988E-01   4.96796E-01   1.26420E+00
 5.22500E+00   2.54472E+00   9.17987E-01   4.96794E-01   1.26420E+00
 5.27500E+00   2.54473E+00   9.17986E-01   4.96793E-01   1.26420E+00
 5.32500E+00   2.54473E+00   9.17985E-01   4.96791E-01   1.26420E+00
 5.37500E+00   2.54474E+00   9.17984E-01   4.96789E-01   1.26420E+00
 5.42500E+00   2.54474E+00   9.17983E-01   4.96787E-01   1.26420E+00
 5.47500E+00   2.54475E+00   9.17982E-01   4.96785E-01   1.26419E+00
 5.52500E+00   2.54476E+00   9.17981E-01   4.96783E-01   1.26419E+00
 5.57500E+00   2.54476E+00   9.17980E-01   4.96782E-01   1.26419E+00
 5.62500E+00   2.54477E+00   9.17979E-01   4.96780E-01   1.26419E+00
 5.67500E+00   2.54477E+00   9.17978E-01   4.96778E-01   1.26419E+00
 5.72500E+00   2.54478E+00   9.17977E-01   4.96776E-01   1.26419E+00
 5.77500E+00   2.54478E+00   9.17976E-01   4.96775E-01   1.26418E+00
 5.82500E+00   2.54479E+00   9.17975E-01   4.96773E-01   1.26418E+00
 5.87500E+00   2.54480E+00   9.17973E-01   4.96771E-01   1.26418E+00
 5.92500E+00   2.54480E+00   9.17972E-01   4.96769E-01   1.26418E+00
 5.97500E+00   2.54481E+00   9.17971E-01   4.96768E-01   1.26418E+00
 6.02500E+00   2.54481E+00   9.17970E-01   4.96766E-01   1.26418E+00
 6.07500E+00   2.54482E+00   9.17969E-01   4.96764E-01   1.26417E+00
 6.12500E+00   2.54482E+00   9.17969E-01   4.96762E-01   1.26417E+00
 6.17500E+00   2.54483E+00   9.17968E-01   4.96761E-01   1.26417E+00
 6.22500E+00   2.54484E+00   9.17967E-01   4.96759E-01   1.26417E+00
 6.27500E+00   2.54484E+00   9.17966E-01   4.96757E-01   1.26417E+00
 6.32500E+00   2.54485E+00   9.17964E-01   4.96756E-01   1.26417E+00
 6.37500E+00   2.54485E+00   9.17964E-01   4.96754E-01   1.26417E+00
 6.42500E+00   2.54486E+00   9.17963E-01   4.96753E-01   1.26417E+00
 6.47500E+00   2.54486E+00   9.17962E-01   4.96751E-01   1.26416E+00
 6.52500E+00   2.54487E+00   9.17961E-01   4.96750E-01   1.26416E+00
 6.57500E+00   2.54488E+00   9.17959E-01   4.96748E-01   1.26416E+00
 6.62500E+00   2.54488E+00   9.17959E-01   4.96746E-01   1.26416E+00
 6.67500E+00   2.54489E+00   9.17958E-01   4.96744E-01   1.26416E+00
 6.72500E+00   2.54489E+00   9.17957E-01   4.96743E-01   1.26416E+00
 6.77500E+00   2.54490E+00   9.17956E-01   4.96741E-01   1.26416E+00
 6.82500E+00   2.54491E+00   9.17954E-01   4.96739E-01   1.26415E+00
 6.87500E+00   2.54491E+00   9.17953E-01   4.96737E-01   1.26415E+00
 6.92500E+00   2.54492E+00   9.17952E-01   4.96735E-01   1.26415E+00
 6.97500E+00   2.54492E+00   9.17951E-01   4.96734E-01   1.26415E+00
 7.02500E+00   2.54493E+00   9.17951E-01   4.96732E-01   1.26415E+00
 7.07500E+00   2.54494E+00   9.17950E-01   4.96730E-01   1.26415E+00
 7.12500E+00   2.54494E+00   9.17949E-01   4.96729E-01   1.26415E+00
 7.17500E+00   2.54495E+00   9.17948E-01   4.96727E-01   1.26414E+00
 7.22500E+00   2.54495E+00   9.17947E-01   4.96726E-01   1.26414E+00
 7.27500E+00   2.54496E+00   9.17947E-01   4.96724E-01   1.26414E+00
 7.32500E+00   2.54496E+00   9.17946E-01   4.96723E-01   1.26414E+00
 7.37500E+00   2.54497E+00   9.17945E-01   4.96721E-01   1.26414E+00
 7.42500E+00   2.54497E+00   9.17944E-01   4.96720E-01   1.26414E+00
 7.47500E+00   2.54498E+00   9.17943E-01   4.96718E-01   1.26414E+00
 7.52500E+00   2.54498E+00   9.17942E-01   4.96717E-01   1.26413E+00
 7.57500E+00   2.54499E+00   9.17941E-01   4.96715E-01   1.26413E+00
 7.62500E+00   2.54499E+00   9.17941E-01   4.96713E-01   1.26413E+00
 7.67500E+00   2.54500E+00   9.17940E-01   4.96711E-01   1.26413E+00
 7.72500E+00   2.54500E+00   9.17939E-01   4.96710E-01   1.26413E+00
 7.77500E+00   2.54501E+00   9.17939E-01   4.96708E-01   1.26413E+00
 7.82500E+00   2.54501E+00   9.17938E-01   4.96707E-01   1.26412E+00
 7.87500E+00   2.54502E+00   9.17937E-01   4.96705E-01   1.26412E+00
 7.92500E+00   2.54502E+00   9.17936E-01   4.96703E-01   1.26412E+00
 7.97500E+00   2.54503E+00   9.17935E-01   4.96702E-01   1.26412E+00
 8.02500E+00   2.54503E+00   9.17935E-01   4.96700E-01   1.26412E+00
 8.07500E+00   2.54504E+00   9.17934E-01   4.96699E-01   1.26412E+00
 8.12500E+00   2.54504E+00   9.17933E-01   4.96697E-01   1.26411E+00
 8.17500E+00   2.54505E+00   9.17932E-01   4.96695E-01   1.26411E+00
 8.22500E+00   2.54505E+00   9.17931E-01   4.96694E-01   1.26411E+00
 8.27500E+00   2.54506E+00   9.17930E-01   4.96692E-01   1.26411E+00
 8.32500E+00   2.54506E+00   9.17929E-01   4.96690E-01   1.26411E+00
 8.37500E+00   2.54507E+00   9.17929E-01   4.96688E-01   1.26411E+00
 8.42500E+00   2.54507E+00   9.17928E-01   4.96687E-01   1.26410E+00
 8.47500E+00   2.54508E+00   9.17927E-01   4.96685E-01   1.26410E+00
 8.52500E+00   2.54508E+00   9.17926E-01   4.96683E-01   1.26410E+00
 8.57500E+00   2.54509E+00   9.17925E-01   4.96681E-01   1.26410E+00
 8.62500E+00   2.54509E+00   9.17925E-01   4.96680E-01   1.26410E+00
 8.67500E+00   2.54510E+00   9.17924E-01   4.96678E-01   1.26410E+00
 8.72500E+00   2.54511E+00   9.17924E-01   4.96677E-01   1.26410E+00
 8.77500E+00   2.54511E+00   9.17923E-01   4.96675E-01   1.26409E+00
 8.82500E+00   2.54512E+00   9.17922E-01   4.96674E-01   1.26409E+00
 8.87500E+00   2.54512E+00   9.17921E-01   4.96672E-01   1.26409E+00
 8.92500E+00   2.54513E+00   9.17920E-01   4.96670E-01   1.26409E+00
 8.97500E+00   2.54513E+00   9.17919E-01   4.96669E-01   1.26409E+00
 9.02500E+00   2.54514E+00   9.17918E-01   4.96667E-01   1.26409E+00
 9.07500E+00   2.54514E+00   9.17917E-01   4.96665E-01   1.26408E+00
 9.12500E+00   2.54515E+00   9.17916E-01   4.96663E-01   1.26408E+00
 9.17500E+00   2.54516E+00   9.17915E-01   4.96661E-01   1.26408E+00
 9.22500E+00   2.54516E+00   9.17915E-01   4.96660E-01   1.26408E+00
 9.27500E+00   2.54517E+00   9.17914E-01   4.96658E-01   1.26408E+00
 9.32500E+00   2.54517E+00   9.17913E-01   4.96656E-01   1.26408E+00
 9.37500E+00   2.54518E+00   9.17913E-01   4.96655E-01   1.26407E+00
 9.42500E+00   2.54518E+00   9.17912E-01   4.96653E-01   1.26407E+00
 9.47500E+00   2.54519E+00   9.17912E-01   4.96651E-01   1.26407E+00
 9.52500E+00   2.54519E+00   9.17911E-01   4.96650E-01   1.26407E+00
 9.57500E+00   2.54520E+00   9.17910E-01   4.96648E-01   1.26407E+00
 9.62500E+00   2.54520E+00   9.17909E-01   4.96646E-01   1.26406E+00
 9.67500E+00   2.54521E+00   9.17909E-01   4.96645E-01   1.26406E+00
 9.72500E+00   2.54521E+00   9.17908E-01   4.96643E-01   1.26406E+00
 9.77500E+00   2.54522E+00   9.17907E-01   4.96641E-01   1.26406E+00
 9.82500E+00   2.54522E+00   9.17906E-01   4.96639E-01   1.26406E+00
 9.87500E+00   2.54523E+00   9.17905E-01   4.96637E-01   1.26405E+00
 9.92500E+00   2.54523E+00   9.17904E-01   4.96635E-01   1.26405E+00
 9.97500E+00   2.54524E+00   9.17903E-01   4.96633E-01   1.26405E+00
 1.00250E+01   2.54524E+00   9.17902E-01   4.96632E-01   1.26405E+00
 1.00750E+01   2.54525E+00   9.17901E-01   4.96630E-01   1.26405E+00
 1.01250E+01   2.54526E+00   9.17900E-01   4.96628E-01   1.26405E+00
 1.01750E+01   2.54526E+00   9.17899E-01   4.96627E-01   1.26404E+00
 1.02250E+01   2.54527E+00   9.17898E-01   4.96625E-01   1.26404E+00
 1.02750E+01   2.54528E+00   9.17896E-01   4.96623E-01   1.26404E+00
 1.03250E+01   2.54528E+00   9.17895E-01   4.96621E-01   1.26404E+00
 1.03750E+01   2.54529E+00   9.17894E-01   4.96619E-01   1.26404E+00
 1.04250E+01   2.54529E+00   9.17893E-01   4.96617E-01   1.26404E+00
 1.04750E+01   2.54530E+00   9.17893E-01   4.96615E-01   1.26403E+00
 1.05250E+01   2.54531E+00   9.17892E-01   4.96614E-01   1.26403E+00
 1.05750E+01   2.54531E+00   9.17890E-01   4.96612E-01   1.26403E+00
 1.06250E+01   2.54532E+00   9.17889E-01   4.96610E-01   1.26403E+00
 1.06750E+01   2.54532E+00   9.17888E-01   4.96608E-01   1.26403E+00
 1.07250E+01   2.54533E+00   9.17887E-01   4.96606E-01   1.26403E+00
 1.07750E+01   2.54534E+00   9.17886E-01   4.96604E-01   1.26402E+00
 1.08250E+01   2.54534E+00   9.17885E-01   4.96603E-01   1.26402E+00
 1.08750E+01   2.54535E+00   9.17885E-01   4.96601E-01   1.26402E+00
 1.09250E+01   2.54535E+00   9.17884E-01   4.96599E-01   1.26402E+00
 1.09750E+01   2.54536E+00   9.17883E-01   4.96598E-01   1.26402E+00
 1.10250E+01   2.54536E+00   9.17882E-01   4.96596E-01   1.26402E+00
 1.10750E+01   2.54537E+00   9.17881E-01   4.96594E-01   1.26401E+00
 1.11250E+01   2.54538E+00   9.17880E-01   4.96592E-01   1.26401E+00
 1.11750E+01   2.54538E+00   9.17879E-01   4.96590E-01   1.26401E+00
 1.12250E+01   2.54539E+00   9.17878E-01   4.96588E-01   1.26401E+00
 1.12750E+01   2.54539E+00   9.17876E-01   4.96586E-01   1.26401E+00
 1.13250E+01   2.54540E+00   9.17876E-01   4.96585E-01   1.26401E+00
 1.13750E+01   2.54540E+00   9.17875E-01   4.96583E-01   1.26400E+00
 1.14250E+01   2.54541E+00   9.17874E-01   4.96581E-01   1.26400E+00
 1.14750E+01   2.54541E+00   9.17873E-01   4.96580E-01   1.26400E+00
 1.15250E+01   2.54542E+00   9.17872E-01   4.96578E-01   1.26400E+00
 1.15750E+01   2.54543E+00   9.17871E-01   4.96576E-01   1.26400E+00
 1.16250E+01   2.54543E+00   9.17870E-01   4.96574E-01   1.26399E+00
 1.16750E+01   2.54544E+00   9.17870E-01   4.96572E-01   1.26399E+00
 1.17250E+01   2.54544E+00   9.17869E-01   4.96570E-01   1.26399E+00
 1.17750E+01   2.54545E+00   9.17868E-01   4.96568E-01   1.26399E+00
 1.18250E+01   2.54545E+00   9.17868E-01   4.96566E-01   1.26399E+00
 1.18750E+01   2.54546E+00   9.17867E-01   4.96565E-01   1.26398E+00
 1.19250E+01   2.54546E+00   9.17866E-01   4.96563E-01   1.26398E+00
 1.19750E+01   2.54547E+00   9.17866E-01   4.96561E-01   1.26398E+00
 1.20250E+01   2.54547E+00   9.17865E-01   4.96559E-01   1.26398E+00
 1.20750E+01   2.54548E+00   9.17864E-01   4.96557E-01   1.26398E+00
 1.21250E+01   2.54548E+00   9.17863E-01   4.96555E-01   1.26397E+00
 1.21750E+01   2.54549E+00   9.17863E-01   4.96554E-01   1.26397E+00
 1.22250E+01   2.54550E+00   9.17862E-01   4.96552E-01   1.26397E+00
 1.22750E+01   2.54550E+00   9.17861E-01   4.96550E-01   1.26397E+00
 1.23250E+01   2.54551E+00   9.17860E-01   4.96548E-01   1.26397E+00
 1.23750E+01   2.54551E+00   9.17859E-01   4.96546E-01   1.26396E+00
 1.24250E+01   2.54552E+00   9.17858E-01   4.96544E-01   1.26396E+00
 1.24750E+01   2.54552E+00   9.17858E-01   4.96543E-01   1.26396E+00
 1.25250E+01   2.54553E+00   9.17857E-01   4.96541E-01   1.26396E+00
 1.25750E+01   2.54553E+00   9.17856E-01   4.96539E-01   1.26396E+00
 1.26250E+01   2.54554E+00   9.17856E-01   4.96537E-01   1.26395E+00
 1.26750E+01   2.54554E+00   9.17855E-01   4.96535E-01   1.26395E+00
 1.27250E+01   2.54555E+00   9.17854E-01   4.96534E-01   1.26395E+00
 1.27750E+01   2.54555E+00   9.17854E-01   4.96532E-01   1.26395E+00
 1.28250E+01   2.54556E+00   9.17853E-01   4.96530E-01   1.26395E+00
 1.28750E+01   2.54556E+00   9.17853E-01   4.96528E-01   1.26394E+00
 1.29250E+01   2.54557E+00   9.17852E-01   4.96527E-01   1.26394E+00
 1.29750E+01   2.54557E+00   9.17851E-01   4.96525E-01   1.26394E+00
 1.30250E+01   2.54558E+00   9.17850E-01   4.96523E-01   1.26394E+00
 1.30750E+01   2.54559E+00   9.17849E-01   4.96522E-01   1.26394E+00
 1.31250E+01   2.54559E+00   9.17848E-01   4.96520E-01   1.26394E+00
 1.31750E+01   2.54560E+00   9.17848E-01   4.96518E-01   1.26393E+00
 1.32250E+01   2.54560E+00   9.17847E-01   4.96516E-01   1.26393E+00
 1.32750E+01   2.54561E+00   9.17846E-01   4.96514E-01   1.26393E+00
 1.33250E+01   2.54562E+00   9.17845E-01   4.96512E-01   1.26393E+00
 1.33750E+01   2.54562E+00   9.17844E-01   4.96510E-01   1.26393E+00
 1.34250E+01   2.54563E+00   9.17843E-01   4.96509E-01   1.26393E+00
 1.34750E+01   2.54563E+00   9.17843E-01   4.96507E-01   1.26392E+00
 1.35250E+01   2.54564E+00   9.17842E-01   4.96505E-01   1.26392E+00
 1.35750E+01   2.54564E+00   9.17842E-01   4.96504E-01   1.26392E+00
 1.36250E+01   2.54565E+00   9.17841E-01   4.96502E-01   1.26392E+00
 1.36750E+01   2.54566E+00   9.17840E-01   4.96500E-01   1.26392E+00
 1.37250E+01   2.54566E+00   9.17839E-01   4.96498E-01   1.26392E+00
 1.37750E+01   2.54567E+00   9.17839E-01   4.96497E-01   1.26392E+00
 1.38250E+01   2.54567E+00   9.17838E-01   4.96495E-01   1.26391E+00
 1.38750E+01   2.54568E+00   9.17837E-01   4.96493E-01   1.26391E+00
 1.39250E+01   2.54568E+00   9.17837E-01   4.96491E-01   1.26391E+00
 1.39750E+01   2.54569E+00   9.17836E-01   4.96490E-01   1.26391E+00
 1.40250E+01   2.54569E+00   9.17836E-01   4.96488E-01   1.26391E+00
 1.40750E+01   2.54570E+00   9.17835E-01   4.96486E-01   1.26390E+00
 1.41250E+01   2.54570E+00   9.17834E-01   4.96485E-01   1.26390E+00
 1.41750E+01   2.54571E+00   9.17833E-01   4.96483E-01   1.26390E+00
 1.42250E+01   2.54571E+00   9.17832E-01   4.96481E-01   1.26390E+00
 1.42750E+01   2.54572E+00   9.17832E-01   4.96479E-01   1.26390E+00
 1.43250E+01   2.54572E+00   9.17831E-01   4.96478E-01   1.26389E+00
 1.43750E+01   2.54573E+00   9.17830E-01   4.96476E-01   1.26389E+00
 1.44250E+01   2.54573E+00   9.17829E-01   4.96474E-01   1.26389E+00
 1.44750E+01   2.54574E+00   9.17829E-01   4.96472E-01   1.26389E+00
 1.45250E+01   2.54574E+00   9.17828E-01   4.96470E-01   1.26388E+00
 1.45750E+01   2.54575E+00   9.17827E-01   4.96468E-01   1.26388E+00
 1.46250E+01   2.54575E+00   9.17826E-01   4.96467E-01   1.26388E+00
 1.46750E+01   2.54576E+00   9.17825E-01   4.96465E-01   1.26388E+00
 1.47250E+01   2.54576E+00   9.17824E-01   4.96463E-01   1.26388E+00
 1.47750E+01   2.54577E+00   9.17823E-01   4.96461E-01   1.26388E+00
 1.48250E+01   2.54577E+00   9.17823E-01   4.96460E-01   1.26387E+00
 1.48750E+01   2.54578E+00   9.17821E-01   4.96458E-01   1.26387E+00
 1.49250E+01   2.54578E+00   9.17820E-01   4.96456E-01   1.26387E+00
 1.49750E+01   2.54579E+00   9.17819E-01   4.96454E-01   1.26387E+00
 1.50250E+01   2.54579E+00   9.17819E-01   4.96452E-01   1.26387E+00
 1.50750E+01   2.54580E+00   9.17818E-01   4.96451E-01   1.26386E+00
 1.51250E+01   2.54580E+00   9.17817E-01   4.96449E-01   1.26386E+00
 1.51750E+01   2.54581E+00   9.17817E-01   4.96447E-01   1.26386E+00
 1.52250E+01   2.54582E+00   9.17816E-01   4.96445E-01   1.26386E+00
 1.52750E+01   2.54582E+00   9.17815E-01   4.96444E-01   1.26386E+00
 1.53250E+01   2.54583E+00   9.17815E-01   4.96442E-01   1.26385E+00
 1.53750E+01   2.54583E+00   9.17814E-01   4.96440E-01   1.26385E+00
 1.54250E+01   2.54584E+00   9.17813E-01   4.96438E-01   1.26385E+00
 1.54750E+01   2.54584E+00   9.17812E-01   4.96436E-01   1.26385E+00
 1.55250E+01   2.54585E+00   9.17811E-01   4.96435E-01   1.26385E+00
 1.55750E+01   2.54585E+00   9.17810E-01   4.96433E-01   1.26384E+00
 1.56250E+01   2.54586E+00   9.17809E-01   4.96431E-01   1.26384E+00
 1.56750E+01   2.54586E+00   9.17809E-01   4.96429E-01   1.26384E+00
 1.57250E+01   2.54587E+00   9.17808E-01   4.96427E-01   1.26384E+00
 1.57750E+01   2.54587E+00   9.17807E-01   4.96425E-01   1.26384E+00
 1.58250E+01   2.54588E+00   9.17806E-01   4.96423E-01   1.26383E+00
 1.58750E+01   2.54588E+00   9.17806E-01   4.96421E-01   1.26383E+00
 1.59250E+01   2.54589E+00   9.17805E-01   4.96420E-01   1.26383E+00
 1.59750E+01   2.54589E+00   9.17804E-01   4.96418E-01   1.26383E+00
 1.60250E+01   2.54590E+00   9.17804E-01   4.96416E-01   1.26382E+00
 1.60750E+01   2.54590E+00   9.17803E-01   4.96414E-01   1.26382E+00
 1.61250E+01   2.54591E+00   9.17802E-01   4.96412E-01   1.26382E+00
 1.61750E+01   2.54591E+00   9.17801E-01   4.96411E-01   1.26382E+00
 1.62250E+01   2.54592E+00   9.17801E-01   4.96408E-01   1.26382E+00
 1.62750E+01   2.54592E+00   9.17800E-01   4.96407E-01   1.26381E+00
 1.63250E+01   2.54593E+00   9.17799E-01   4.96405E-01   1.26381E+00
 1.63750E+01   2.54593E+00   9.17799E-01   4.96403E-01   1.26381E+00
 1.64250E+01   2.54594E+00   9.17798E-01   4.96401E-01   1.26381E+00
 1.64750E+01   2.54594E+00   9.17798E-01   4.96399E-01   1.26380E+00
 1.65250E+01   2.54595E+00   9.17797E-01   4.96397E-01   1.26380E+00
 1.65750E+01   2.54595E+00   9.17797E-01   4.96396E-01   1.26380E+00
 1.66250E+01   2.54595E+00   9.17796E-01   4.96394E-01   1.26380E+00
 1.66750E+01   2.54596E+00   9.17795E-01   4.96392E-01   1.26379E+00
 1.67250E+01   2.54596E+00   9.17795E-01   4.96390E-01   1.26379E+00
 1.67750E+01   2.54597E+00   9.17794E-01   4.96388E-01   1.26379E+00
 1.68250E+01   2.54597E+00   9.17794E-01   4.96386E-01   1.26379E+00
 1.68750E+01   2.54598E+00   9.17793E-01   4.96385E-01   1.26378E+00
 1.69250E+01   2.54598E+00   9.17793E-01   4.96383E-01   1.26378E+00
 1.69750E+01   2.54599E+00   9.17792E-01   4.96381E-01   1.26378E+00
 1.70250E+01   2.54599E+00   9.17791E-01   4.96379E-01   1.26378E+00
 1.70750E+01   2.54600E+00   9.17791E-01   4.96377E-01   1.26378E+00
 1.71250E+01   2.54600E+00   9.17791E-01   4.96376E-01   1.26377E+00
 1.71750E+01   2.54601E+00   9.17790E-01   4.96374E-01   1.26377E+00
 1.72250E+01   2.54601E+00   9.17790E-01   4.96372E-01   1.26377E+00
 1.72750E+01   2.54602E+00   9.17789E-01   4.96370E-01   1.26377E+00
 1.73250E+01   2.54602E+00   9.17789E-01   4.96369E-01   1.26376E+00
 1.73750E+01   2.54603E+00   9.17788E-01   4.96367E-01   1.26376E+00
 1.74250E+01   2.54603E+00   9.17787E-01   4.96365E-01   1.26376E+00
 1.74750E+01   2.54603E+00   9.17787E-01   4.96364E-01   1.26376E+00
 1.75250E+01   2.54604E+00   9.17786E-01   4.96362E-01   1.26376E+00
 1.75750E+01   2.54604E+00   9.17786E-01   4.96360E-01   1.26375E+00
 1.76250E+01   2.54605E+00   9.17785E-01   4.96358E-01   1.26375E+00
 1.76750E+01   2.54605E+00   9.17785E-01   4.96356E-01   1.26375E+00
 1.77250E+01   2.54606E+00   9.17784E-01   4.96355E-01   1.26375E+00
 1.77750E+01   2.54606E+00   9.17783E-01   4.96353E-01   1.26375E+00
 1.78250E+01   2.54607E+00   9.17783E-01   4.96351E-01   1.26374E+00
 1.78750E+01   2.54607E+00   9.17782E-01   4.96349E-01   1.26374E+00
 1.79250E+01   2.54608E+00   9.17782E-01   4.96347E-01   1.26374E+00
 1.79750E+01   2.54608E+00   9.17781E-01   4.96346E-01   1.26374E+00
 1.80250E+01   2.54608E+00   9.17781E-01   4.96344E-01   1.26373E+00
 1.80750E+01   2.54609E+00   9.17780E-01   4.96342E-01   1.26373E+00
 1.81250E+01   2.54609E+00   9.17780E-01   4.96340E-01   1.26373E+00
 1.81750E+01   2.54610E+00   9.17779E-01   4.96339E-01   1.26373E+00
 1.82250E+01   2.54610E+00   9.17779E-01   4.96337E-01   1.26372E+00
 1.82750E+01   2.54611E+00   9.17778E-01   4.96335E-01   1.26372E+00
 1.83250E+01   2.54611E+00   9.17778E-01   4.96334E-01   1.26372E+00
 1.83750E+01   2.54611E+00   9.17777E-01   4.96332E-01   1.26372E+00
 1.84250E+01   2.54612E+00   9.17777E-01   4.96330E-01   1.26372E+00
 1.84750E+01   2.54612E+00   9.17776E-01   4.96328E-01   1.26371E+00
 1.85250E+01   2.54613E+00   9.17776E-01   4.96327E-01   1.26371E+00
 1.85750E+01   2.54613E+00   9.17775E-01   4.96325E-01   1.26371E+00
 1.86250E+01   2.54614E+00   9.17775E-01   4.96323E-01   1.26371E+00
 1.86750E+01   2.54614E+00   9.17774E-01   4.96321E-01   1.26370E+00
 1.87250E+01   2.54615E+00   9.17774E-01   4.96319E-01   1.26370E+00
 1.87750E+01   2.54615E+00   9.17773E-01   4.96318E-01   1.26370E+00
 1.88250E+01   2.54616E+00   9.17773E-01   4.96316E-01   1.26370E+00
 1.88750E+01   2.54616E+00   9.17773E-01   4.96314E-01   1.26370E+00
 1.89250E+01   2.54617E+00   9.17772E-01   4.96312E-01   1.26369E+00
 1.89750E+01   2.54617E+00   9.17772E-01   4.96311E-01   1.26369E+00
 1.90250E+01   2.54617E+00   9.17772E-01   4.96309E-01   1.26369E+00
 1.90750E+01   2.54618E+00   9.17771E-01   4.96307E-01   1.26369E+00
 1.91250E+01   2.54618E+00   9.17771E-01   4.96305E-01   1.26368E+00
 1.91750E+01   2.54619E+00   9.17770E-01   4.96304E-01   1.26368E+00
 1.92250E+01   2.54619E+00   9.17770E-01   4.96302E-01   1.26368E+00
 1.92750E+01   2.54620E+00   9.17769E-01   4.96300E-01   1.26368E+00
 1.93250E+01   2.54620E+00   9.17769E-01   4.96298E-01   1.26368E+00
 1.93750E+01   2.54621E+00   9.17768E-01   4.96297E-01   1.26367E+00
 1.94250E+01   2.54621E+00   9.17768E-01   4.96295E-01   1.26367E+00
 1.94750E+01   2.54622E+00   9.17767E-01   4.96293E-01   1.26367E+00
 1.95250E+01   2.54622E+00   9.17766E-01   4.96291E-01   1.26367E+00
 1.95750E+01   2.54623E+00   9.17766E-01   4.96290E-01   1.26367E+00
 1.96250E+01   2.54623E+00   9.17765E-01   4.96288E-01   1.26366E+00
 1.96750E+01   2.54624E+00   9.17765E-01   4.96286E-01   1.26366E+00
 1.97250E+01   2.54624E+00   9.17764E-01   4.96285E-01   1.26366E+00
 1.97750E+01   2.54624E+00   9.17764E-01   4.96283E-01   1.26366E+00
 1.98250E+01   2.54625E+00   9.17763E-01   4.96281E-01   1.26366E+00
 1.98750E+01   2.54625E+00   9.17763E-01   4.96280E-01   1.26365E+00
 1.99250E+01   2.54626E+00   9.17763E-01   4.96278E-01   1.26365E+00
 1.99750E+01   2.54626E+00   9.17762E-01   4.96276E-01   1.26365E+00
 2.00250E+01   2.54627E+00   9.17762E-01   4.96275E-01   1.26365E+00
 2.00750E+01   2.54627E+00   9.17762E-01   4.96273E-01   1.26365E+00
 2.01250E+01   2.54628E+00   9.17761E-01   4.96271E-01   1.26364E+00
 2.01750E+01   2.54628E+00   9.17760E-01   4.96270E-01   1.26364E+00
 2.02250E+01   2.54629E+00   9.17760E-01   4.96268E-01   1.26364E+00
 2.02750E+01   2.54629E+00   9.17760E-01   4.96266E-01   1.26364E+00
 2.03250E+01   2.54629E+00   9.17759E-01   4.96264E-01   1.26363E+00
 2.03750E+01   2.54630E+00   9.17759E-01   4.96262E-01   1.26363E+00
 2.04250E+01   2.54630E+00   9.17758E-01   4.96260E-01   1.26363E+00
 2.04750E+01   2.54631E+00   9.17758E-01   4.96259E-01   1.26363E+00
 2.05250E+01   2.54631E+00   9.17757E-01   4.96257E-01   1.26362E+00
 2.05750E+01   2.54632E+00   9.17757E-01   4.96255E-01   1.26362E+00
 2.06250E+01   2.54632E+00   9.17756E-01   4.96253E-01   1.26362E+00
 2.06750E+01   2.54633E+00   9.17756E-01   4.96252E-01   1.26362E+00
 2.07250E+01   2.54633E+00   9.17755E-01   4.96250E-01   1.26362E+00
 2.07750E+01   2.54633E+00   9.17755E-01   4.96248E-01   1.26361E+00
 2.08250E+01   2.54634E+00   9.17755E-01   4.96246E-01   1.26361E+00
 2.08750E+01   2.54634E+00   9.17754E-01   4.96245E-01   1.26361E+00
 2.09250E+01   2.54635E+00   9.17753E-01   4.96243E-01   1.26361E+00
 2.09750E+01   2.54635E+00   9.17753E-01   4.96241E-01   1.26361E+00
 2.10250E+01   2.54636E+00   9.17753E-01   4.96240E-01   1.26360E+00
 2.10750E+01   2.54636E+00   9.17752E-01   4.96238E-01   1.26360E+00
 2.11250E+01   2.54637E+00   9.17752E-01   4.96236E-01   1.26360E+00
 2.11750E+01   2.54637E+00   9.17752E-01   4.96235E-01   1.26360E+00
 2.12250E+01   2.54637E+00   9.17751E-01   4.96233E-01   1.26360E+00
 2.12750E+01   2.54638E+00   9.17751E-01   4.96231E-01   1.26359E+00
 2.13250E+01   2.54638E+00   9.17750E-01   4.96229E-01   1.26359E+00
 2.13750E+01   2.54639E+00   9.17750E-01   4.96228E-01   1.26359E+00
 2.14250E+01   2.54639E+00   9.17750E-01   4.96226E-01   1.26358E+00
 2.14750E+01   2.54639E+00   9.17749E-01   4.96224E-01   1.26358E+00
 2.15250E+01   2.54640E+00   9.17749E-01   4.96222E-01   1.26358E+00
 2.15750E+01   2.54640E+00   9.17748E-01   4.96221E-01   1.26358E+00
 2.16250E+01   2.54641E+00   9.17748E-01   4.96219E-01   1.26357E+00
 2.16750E+01   2.54641E+00   9.17748E-01   4.96217E-01   1.26357E+00
 2.17250E+01   2.54641E+00   9.17747E-01   4.96215E-01   1.26357E+00
 2.17750E+01   2.54642E+00   9.17747E-01   4.96213E-01   1.26357E+00
 2.18250E+01   2.54642E+00   9.17747E-01   4.96212E-01   1.26356E+00
 2.18750E+01   2.54643E+00   9.17747E-01   4.96210E-01   1.26356E+00
 2.19250E+01   2.54643E+00   9.17747E-01   4.96208E-01   1.26356E+00
 2.19750E+01   2.54643E+00   9.17746E-01   4.96207E-01   1.26356E+00
 2.20250E+01   2.54644E+00   9.17746E-01   4.96205E-01   1.26356E+00
 2.20750E+01   2.54644E+00   9.17746E-01   4.96204E-01   1.26355E+00
 2.21250E+01   2.54644E+00   9.17745E-01   4.96203E-01   1.26355E+00
 2.21750E+01   2.54645E+00   9.17745E-01   4.96201E-01   1.26355E+00
 2.22250E+01   2.54645E+00   9.17745E-01   4.96200E-01   1.26355E+00
 2.22750E+01   2.54645E+00   9.17744E-01   4.96199E-01   1.26355E+00
 2.23250E+01   2.54646E+00   9.17743E-01   4.96198E-01   1.26355E+00
 2.23750E+01   2.54646E+00   9.17742E-01   4.96197E-01   1.26355E+00
 2.24250E+01   2.54646E+00   9.17742E-01   4.96196E-01   1.26354E+00
 2.24750E+01   2.54647E+00   9.17741E-01   4.96195E-01   1.26354E+00
 2.25250E+01   2.54647E+00   9.17740E-01   4.96194E-01   1.26354E+00
 2.25750E+01   2.54647E+00   9.17739E-01   4.96193E-01   1.26354E+00
 2.26250E+01   2.54647E+00   9.17739E-01   4.96192E-01   1.26354E+00
 2.26750E+01   2.54647E+00   9.17738E-01   4.96192E-01   1.26354E+00
 2.27250E+01   2.54647E+00   9.17737E-01   4.96192E-01   1.26354E+00
 2.27750E+01   2.54648E+00   9.17736E-01   4.96191E-01   1.26354E+00
 2.28250E+01   2.54648E+00   9.17735E-01   4.96191E-01   1.26354E+00
 2.28750E+01   2.54648E+00   9.17735E-01   4.96191E-01   1.26354E+00
 2.29250E+01   2.54648E+00   9.17734E-01   4.96190E-01   1.26354E+00
 2.29750E+01   2.54648E+00   9.17733E-01   4.96190E-01   1.26354E+00
 2.30250E+01   2.54648E+00   9.17732E-01   4.96190E-01   1.26354E+00
 2.30750E+01   2.54648E+00   9.17731E-01   4.96190E-01   1.26354E+00
 2.31250E+01   2.54648E+00   9.17731E-01   4.96190E-01   1.26354E+00
 2.31750E+01   2.54648E+00   9.17730E-01   4.96190E-01   1.26354E+00
 2.32250E+01   2.54648E+00   9.17729E-01   4.96190E-01   1.26354E+00
 2.32750E+01   2.54648E+00   9.17728E-01   4.96189E-01   1.26354E+00
 2.33250E+01   2.54648E+00   9.17727E-01   4.96189E-01   1.26354E+00
 2.33750E+01   2.54648E+00   9.17727E-01   4.96189E-01   1.26354E+00
 2.34250E+01   2.54648E+00   9.17726E-01   4.96189E-01   1.26354E+00
 2.34750E+01   2.54648E+00   9.17725E-01   4.96189E-01   1.26354E+00
 2.35250E+01   2.54648E+00   9.17724E-01   4.96189E-01   1.26354E+00
 2.35750E+01   2.54648E+00   9.17723E-01   4.96189E-01   1.26354E+00
 2.36250E+01   2.54648E+00   9.17722E-01   4.96189E-01   1.26354E+00
 2.36750E+01   2.54649E+00   9.17721E-01   4.96189E-01   1.26354E+00
 2.37250E+01   2.54649E+00   9.17720E-01   4.96189E-01   1.26354E+00
 2.37750E+01   2.54649E+00   9.17720E-01   4.96189E-01   1.26354E+00
 2.38250E+01   2.54648E+00   9.17719E-01   4.96189E-01   1.26354E+00
 2.38750E+01   2.54648E+00   9.17718E-01   4.96189E-01   1.26354E+00
 2.39250E+01   2.54648E+00   9.17718E-01   4.96189E-01   1.26354E+00
 2.39750E+01   2.54648E+00   9.17717E-01   4.96190E-01   1.26354E+00
 2.40250E+01   2.54648E+00   9.17716E-01   4.96190E-01   1.26354E+00
 2.40750E+01   2.54648E+00   9.17716E-01   4.96191E-01   1.26354E+00
 2.41250E+01   2.54648E+00   9.17715E-01   4.96191E-01   1.26354E+00
 2.41750E+01   2.54648E+00   9.17714E-01   4.96192E-01   1.26354E+00
 2.42250E+01   2.54648E+00   9.17713E-01   4.96193E-01   1.26354E+00
 2.42750E+01   2.54648E+00   9.17712E-01   4.96193E-01   1.26355E+00
 2.43250E+01   2.54647E+00   9.17711E-01   4.96194E-01   1.26355E+00
 2.43750E+01   2.54647E+00   9.17710E-01   4.96195E-01   1.26355E+00
 2.44250E+01   2.54647E+00   9.17709E-01   4.96197E-01   1.26355E+00
 2.44750E+01   2.54647E+00   9.17708E-01   4.96198E-01   1.26355E+00
 2.45250E+01   2.54647E+00   9.17706E-01   4.96199E-01   1.26355E+00
 2.45750E+01   2.54646E+00   9.17705E-01   4.96200E-01   1.26356E+00
 2.46250E+01   2.54646E+00   9.17704E-01   4.96202E-01   1.26356E+00
 2.46750E+01   2.54646E+00   9.17703E-01   4.96203E-01   1.26356E+00
 2.47250E+01   2.54646E+00   9.17701E-01   4.96204E-01   1.26356E+00
 2.47750E+01   2.54645E+00   9.17700E-01   4.96206E-01   1.26356E+00
 2.48250E+01   2.54645E+00   9.17699E-01   4.96207E-01   1.26357E+00
 2.48750E+01   2.54645E+00   9.17698E-01   4.96209E-01   1.26357E+00
 2.49250E+01   2.54644E+00   9.17697E-01   4.96210E-01   1.26357E+00
 2.49750E+01   2.54644E+00   9.17696E-01   4.96211E-01   1.26357E+00
 2.50250E+01   2.54644E+00   9.17695E-01   4.96212E-01   1.26357E+00
 2.50750E+01   2.54644E+00   9.17693E-01   4.96214E-01   1.26358E+00
 2.51250E+01   2.54643E+00   9.17692E-01   4.96215E-01   1.26358E+00
 2.51750E+01   2.54643E+00   9.17691E-01   4.96216E-01   1.26358E+00
 2.52250E+01   2.54643E+00   9.17690E-01   4.96217E-01   1.26358E+00
 2.52750E+01   2.54643E+00   9.17689E-01   4.96218E-01   1.26358E+00
 2.53250E+01   2.54642E+00   9.17688E-01   4.96219E-01   1.26358E+00
 2.53750E+01   2.54642E+00   9.17687E-01   4.96221E-01   1.26359E+00
 2.54250E+01   2.54642E+00   9.17685E-01   4.96222E-01   1.26359E+00
 2.54750E+01   2.54641E+00   9.17684E-01   4.96223E-01   1.26359E+00
 2.55250E+01   2.54641E+00   9.17683E-01   4.96224E-01   1.26359E+00
 2.55750E+01   2.54641E+00   9.17681E-01   4.96225E-01   1.26359E+00
 2.56250E+01   2.54641E+00   9.17680E-01   4.96227E-01   1.26359E+00
 2.56750E+01   2.54640E+00   9.17678E-01   4.96228E-01   1.26360E+00
 2.57250E+01   2.54640E+00   9.17677E-01   4.96229E-01   1.26360E+00
 2.57750E+01   2.54640E+00   9.17676E-01   4.96230E-01   1.26360E+00
 2.58250E+01   2.54640E+00   9.17675E-01   4.96232E-01   1.26360E+00
 2.58750E+01   2.54639E+00   9.17674E-01   4.96233E-01   1.26360E+00
 2.59250E+01   2.54639E+00   9.17672E-01   4.96234E-01   1.26361E+00
 2.59750E+01   2.54639E+00   9.17671E-01   4.96236E-01   1.26361E+00
 2.60250E+01   2.54638E+00   9.17670E-01   4.96237E-01   1.26361E+00
 2.60750E+01   2.54638E+00   9.17669E-01   4.96238E-01   1.26361E+00
 2.61250E+01   2.54638E+00   9.17668E-01   4.96239E-01   1.26361E+00
 2.61750E+01   2.54638E+00   9.17666E-01   4.96241E-01   1.26362E+00
 2.62250E+01   2.54637E+00   9.17665E-01   4.96242E-01   1.26362E+00
 2.62750E+01   2.54637E+00   9.17664E-01   4.96243E-01   1.26362E+00
 2.63250E+01   2.54637E+00   9.17663E-01   4.96244E-01   1.26362E+00
 2.63750E+01   2.54636E+00   9.17661E-01   4.96245E-01   1.26362E+00
 2.64250E+01   2.54636E+00   9.17660E-01   4.96247E-01   1.26362E+00
 2.64750E+01   2.54636E+00   9.17659E-01   4.96248E-01   1.26363E+00
 2.65250E+01   2.54636E+00   9.17657E-01   4.96249E-01   1.26363E+00
 2.65750E+01   2.54635E+00   9.17656E-01   4.96251E-01   1.26363E+00
 2.66250E+01   2.54635E+00   9.17655E-01   4.96252E-01   1.26363E+00
 2.66750E+01   2.54635E+00   9.17654E-01   4.96253E-01   1.26363E+00
 2.67250E+01   2.54634E+00   9.17652E-01   4.96254E-01   1.26363E+00
 2.67750E+01   2.54634E+00   9.17651E-01   4.96256E-01   1.26364E+00
 2.68250E+01   2.54634E+00   9.17650E-01   4.96257E-01   1.26364E+00
 2.68750E+01   2.54634E+00   9.17648E-01   4.96258E-01   1.26364E+00
 2.69250E+01   2.54633E+00   9.17647E-01   4.96259E-01   1.26364E+00
 2.69750E+01   2.54633E+00   9.17646E-01   4.96260E-01   1.26364E+00
 2.70250E+01   2.54633E+00   9.17645E-01   4.96262E-01   1.26365E+00
 2.70750E+01   2.54632E+00   9.17644E-01   4.96263E-01   1.26365E+00
 2.71250E+01   2.54632E+00   9.17643E-01   4.96264E-01   1.26365E+00
 2.71750E+01   2.54632E+00   9.17641E-01   4.96265E-01   1.26365E+00
 2.72250E+01   2.54632E+00   9.17639E-01   4.96267E-01   1.26365E+00
 2.72750E+01   2.54631E+00   9.17638E-01   4.96268E-01   1.26365E+00
 2.73250E+01   2.54631E+00   9.17637E-01   4.96269E-01   1.26366E+00
 2.73750E+01   2.54631E+00   9.17635E-01   4.96270E-01   1.26366E+00
 2.74250E+01   2.54631E+00   9.17634E-01   4.96272E-01   1.26366E+00
 2.74750E+01   2.54630E+00   9.17632E-01   4.96273E-01   1.26366E+00
 2.75250E+01   2.54630E+00   9.17631E-01   4.96274E-01   1.26366E+00
 2.75750E+01   2.54630E+00   9.17629E-01   4.96275E-01   1.26367E+00
 2.76250E+01   2.54630E+00   9.17628E-01   4.96277E-01   1.26367E+00
 2.76750E+01   2.54630E+00   9.17626E-01   4.96278E-01   1.26367E+00
 2.77250E+01   2.54629E+00   9.17625E-01   4.96279E-01   1.26367E+00
 2.77750E+01   2.54629E+00   9.17623E-01   4.96280E-01   1.26367E+00
 2.78250E+01   2.54629E+00   9.17622E-01   4.96282E-01   1.26368E+00
 2.78750E+01   2.54629E+00   9.17620E-01   4.96283E-01   1.26368E+00
 2.79250E+01   2.54628E+00   9.17619E-01   4.96284E-01   1.26368E+00
 2.79750E+01   2.54628E+00   9.17618E-01   4.96286E-01   1.26368E+00
 2.80250E+01   2.54628E+00   9.17616E-01   4.96287E-01   1.26368E+00
 2.80750E+01   2.54627E+00   9.17615E-01   4.96288E-01   1.26369E+00
 2.81250E+01   2.54627E+00   9.17614E-01   4.96290E-01   1.26369E+00
 2.81750E+01   2.54627E+00   9.17612E-01   4.96291E-01   1.26369E+00
 2.82250E+01   2.54627E+00   9.17611E-01   4.96293E-01   1.26369E+00
 2.82750E+01   2.54626E+00   9.17610E-01   4.96294E-01   1.26370E+00
 2.83250E+01   2.54626E+00   9.17608E-01   4.96296E-01   1.26370E+00
 2.83750E+01   2.54626E+00   9.17607E-01   4.96297E-01   1.26370E+00
 2.84250E+01   2.54625E+00   9.17606E-01   4.96299E-01   1.26370E+00
 2.84750E+01   2.54625E+00   9.17604E-01   4.96301E-01   1.26371E+00
 2.85250E+01   2.54625E+00   9.17603E-01   4.96303E-01   1.26371E+00
 2.85750E+01   2.54624E+00   9.17601E-01   4.96304E-01   1.26371E+00
 2.86250E+01   2.54624E+00   9.17600E-01   4.96306E-01   1.26371E+00
 2.86750E+01   2.54623E+00   9.17598E-01   4.96308E-01   1.26372E+00
 2.87250E+01   2.54623E+00   9.17597E-01   4.96310E-01   1.26372E+00
 2.87750E+01   2.54623E+00   9.17595E-01   4.96311E-01   1.26372E+00
 2.88250E+01   2.54622E+00   9.17594E-01   4.96313E-01   1.26372E+00
 2.88750E+01   2.54622E+00   9.17593E-01   4.96315E-01   1.26373E+00
 2.89250E+01   2.54622E+00   9.17591E-01   4.96317E-01   1.26373E+00
 2.89750E+01   2.54621E+00   9.17590E-01   4.96318E-01   1.26373E+00
 2.90250E+01   2.54621E+00   9.17588E-01   4.96320E-01   1.26373E+00
 2.90750E+01   2.54620E+00   9.17587E-01   4.96322E-01   1.26374E+00
 2.91250E+01   2.54620E+00   9.17586E-01   4.96323E-01   1.26374E+00
 2.91750E+01   2.54619E+00   9.17585E-01   4.96325E-01   1.26374E+00
 2.92250E+01   2.54619E+00   9.17583E-01   4.96327E-01   1.26374E+00
 2.92750E+01   2.54619E+00   9.17582E-01   4.96328E-01   1.26374E+00
 2.93250E+01   2.54618E+00   9.17581E-01   4.96330E-01   1.26375E+00
 2.93750E+01   2.54618E+00   9.17580E-01   4.96332E-01   1.26375E+00
 2.94250E+01   2.54617E+00   9.17578E-01   4.96333E-01   1.26375E+00
 2.94750E+01   2.54617E+00   9.17577E-01   4.96335E-01   1.26375E+00
 2.95250E+01   2.54617E+00   9.17576E-01   4.96337E-01   1.26376E+00
 2.95750E+01   2.54616E+00   9.17575E-01   4.96339E-01   1.26376E+00
 2.96250E+01   2.54616E+00   9.17573E-01   4.96340E-01   1.26376E+00
 2.96750E+01   2.54615E+00   9.17572E-01   4.96342E-01   1.26376E+00
 2.97250E+01   2.54615E+00   9.17571E-01   4.96344E-01   1.26377E+00
 2.97750E+01   2.54615E+00   9.17570E-01   4.96345E-01   1.26377E+00
 2.98250E+01   2.54614E+00   9.17568E-01   4.96347E-01   1.26377E+00
 2.98750E+01   2.54614E+00   9.17567E-01   4.96349E-01   1.26377E+00
 2.99250E+01   2.54614E+00   9.17566E-01   4.96351E-01   1.26378E+00
 2.99750E+01   2.54613E+00   9.17564E-01   4.96353E-01   1.26378E+00
 3.00250E+01   2.54613E+00   9.17563E-01   4.96354E-01   1.26378E+00
 3.00750E+01   2.54613E+00   9.17561E-01   4.96356E-01   1.26378E+00
 3.01250E+01   2.54612E+00   9.17560E-01   4.96357E-01   1.26379E+00
 3.01750E+01   2.54612E+00   9.17559E-01   4.96359E-01   1.26379E+00
 3.02250E+01   2.54611E+00   9.17557E-01   4.96361E-01   1.26379E+00
 3.02750E+01   2.54611E+00   9.17556E-01   4.96363E-01   1.26379E+00
 3.03250E+01   2.54611E+00   9.17554E-01   4.96364E-01   1.26380E+00
 3.03750E+01   2.54610E+00   9.17552E-01   4.96366E-01   1.26380E+00
 3.04250E+01   2.54610E+00   9.17551E-01   4.96367E-01   1.26380E+00
 3.04750E+01   2.54609E+00   9.17550E-01   4.96369E-01   1.26380E+00
 3.05250E+01   2.54609E+00   9.17548E-01   4.96371E-01   1.26380E+00
 3.05750E+01   2.54609E+00   9.17547E-01   4.96373E-01   1.26381E+00
 3.06250E+01   2.54608E+00   9.17546E-01   4.96374E-01   1.26381E+00
 3.06750E+01   2.54608E+00   9.17545E-01   4.96376E-01   1.26381E+00
 3.07250E+01   2.54608E+00   9.17543E-01   4.96378E-01   1.26382E+00
 3.07750E+01   2.54607E+00   9.17542E-01   4.96379E-01   1.26382E+00
 3.08250E+01   2.54607E+00   9.17540E-01   4.96381E-01   1.26382E+00
 3.08750E+01   2.54607E+00   9.17539E-01   4.96383E-01   1.26382E+00
 3.09250E+01   2.54606E+00   9.17537E-01   4.96384E-01   1.26383E+00
 3.09750E+01   2.54606E+00   9.17536E-01   4.96386E-01   1.26383E+00
 3.10250E+01   2.54606E+00   9.17534E-01   4.96388E-01   1.26383E+00
 3.10750E+01   2.54606E+00   9.17533E-01   4.96389E-01   1.26383E+00
 3.11250E+01   2.54605E+00   9.17531E-01   4.96391E-01   1.26384E+00
 3.11750E+01   2.54605E+00   9.17530E-01   4.96393E-01   1.26384E+00
 3.12250E+01   2.54605E+00   9.17528E-01   4.96394E-01   1.26384E+00
 3.12750E+01   2.54604E+00   9.17526E-01   4.96396E-01   1.26385E+00
 3.13250E+01   2.54604E+00   9.17525E-01   4.96397E-01   1.26385E+00
 3.13750E+01   2.54604E+00   9.17523E-01   4.96399E-01   1.26385E+00
 3.14250E+01   2.54603E+00   9.17521E-01   4.96401E-01   1.26385E+00
 3.14750E+01   2.54603E+00   9.17519E-01   4.96402E-01   1.26386E+00
 3.15250E+01   2.54603E+00   9.17518E-01   4.96404E-01   1.26386E+00
 3.15750E+01   2.54603E+00   9.17516E-01   4.96406E-01   1.26386E+00
 3.16250E+01   2.54603E+00   9.17514E-01   4.96407E-01   1.26387E+00
 3.16750E+01   2.54602E+00   9.17512E-01   4.96409E-01   1.26387E+00
 3.17250E+01   2.54602E+00   9.17510E-01   4.96411E-01   1.26387E+00
 3.17750E+01   2.54602E+00   9.17508E-01   4.96412E-01   1.26388E+00
 3.18250E+01   2.54602E+00   9.17506E-01   4.96414E-01   1.26388E+00
 3.18750E+01   2.54602E+00   9.17504E-01   4.96415E-01   1.26388E+00
 3.19250E+01   2.54602E+00   9.17502E-01   4.96417E-01   1.26389E+00
 3.19750E+01   2.54601E+00   9.17500E-01   4.96419E-01   1.26389E+00
 3.20250E+01   2.54601E+00   9.17498E-01   4.96420E-01   1.26389E+00
 3.20750E+01   2.54601E+00   9.17496E-01   4.96422E-01   1.26390E+00
 3.21250E+01   2.54601E+00   9.17494E-01   4.96424E-01   1.26390E+00
 3.21750E+01   2.54601E+00   9.17492E-01   4.96425E-01   1.26390E+00
 3.22250E+01   2.54601E+00   9.17489E-01   4.96427E-01   1.26391E+00
 3.22750E+01   2.54601E+00   9.17487E-01   4.96428E-01   1.26391E+00
 3.23250E+01   2.54601E+00   9.17485E-01   4.96430E-01   1.26391E+00
 3.23750E+01   2.54601E+00   9.17482E-01   4.96432E-01   1.26392E+00
 3.24250E+01   2.54601E+00   9.17480E-01   4.96433E-01   1.26392E+00
 3.24750E+01   2.54601E+00   9.17478E-01   4.96435E-01   1.26393E+00
 3.25250E+01   2.54601E+00   9.17475E-01   4.96437E-01   1.26393E+00
 3.25750E+01   2.54601E+00   9.17473E-01   4.96438E-01   1.26393E+00
 3.26250E+01   2.54601E+00   9.17470E-01   4.96440E-01   1.26394E+00
 3.26750E+01   2.54601E+00   9.17468E-01   4.96441E-01   1.26394E+00
 3.27250E+01   2.54601E+00   9.17465E-01   4.96443E-01   1.26395E+00
 3.27750E+01   2.54601E+00   9.17463E-01   4.96444E-01   1.26395E+00
 3.28250E+01   2.54601E+00   9.17461E-01   4.96446E-01   1.26395E+00
 3.28750E+01   2.54601E+00   9.17458E-01   4.96447E-01   1.26396E+00
 3.29250E+01   2.54601E+00   9.17456E-01   4.96448E-01   1.26396E+00
 3.29750E+01   2.54601E+00   9.17454E-01   4.96449E-01   1.26397E+00
 3.30250E+01   2.54601E+00   9.17452E-01   4.96450E-01   1.26397E+00
 3.30750E+01   2.54602E+00   9.17450E-01   4.96451E-01   1.26397E+00
 3.31250E+01   2.54602E+00   9.17447E-01   4.96452E-01   1.26398E+00
 3.31750E+01   2.54602E+00   9.17445E-01   4.96453E-01   1.26398E+00
 3.32250E+01   2.54602E+00   9.17443E-01   4.96454E-01   1.26398E+00
 3.32750E+01   2.54602E+00   9.17440E-01   4.96455E-01   1.26399E+00
 3.33250E+01   2.54603E+00   9.17438E-01   4.96456E-01   1.26399E+00
 3.33750E+01   2.54603E+00   9.17435E-01   4.96457E-01   1.26399E+00
 3.34250E+01   2.54603E+00   9.17433E-01   4.96458E-01   1.26400E+00
 3.34750E+01   2.54603E+00   9.17430E-01   4.96459E-01   1.26400E+00
 3.35250E+01   2.54604E+00   9.17427E-01   4.96460E-01   1.26401E+00
 3.35750E+01   2.54604E+00   9.17424E-01   4.96461E-01   1.26401E+00
 3.36250E+01   2.54604E+00   9.17422E-01   4.96462E-01   1.26401E+00
 3.36750E+01   2.54605E+00   9.17419E-01   4.96463E-01   1.26402E+00
 3.37250E+01   2.54605E+00   9.17416E-01   4.96464E-01   1.26402E+00
 3.37750E+01   2.54605E+00   9.17413E-01   4.96465E-01   1.26403E+00
 3.38250E+01   2.54606E+00   9.17410E-01   4.96466E-01   1.26403E+00
 3.38750E+01   2.54606E+00   9.17407E-01   4.96467E-01   1.26403E+00
 3.39250E+01   2.54606E+00   9.17404E-01   4.96468E-01   1.26404E+00
 3.39750E+01   2.54607E+00   9.17401E-01   4.96469E-01   1.26404E+00
 3.40250E+01   2.54607E+00   9.17398E-01   4.96470E-01   1.26405E+00
 3.40750E+01   2.54608E+00   9.17395E-01   4.96471E-01   1.26405E+00
 3.41250E+01   2.54608E+00   9.17392E-01   4.96471E-01   1.26406E+00
 3.41750E+01   2.54609E+00   9.17389E-01   4.96472E-01   1.26406E+00
 3.42250E+01   2.54609E+00   9.17385E-01   4.96473E-01   1.26407E+00
 3.42750E+01   2.54609E+00   9.17382E-01   4.96474E-01   1.26407E+00
 3.43250E+01   2.54610E+00   9.17379E-01   4.96475E-01   1.26408E+00
 3.43750E+01   2.54610E+00   9.17375E-01   4.96476E-01   1.26408E+00
 3.44250E+01   2.54611E+00   9.17372E-01   4.96477E-01   1.26408E+00
 3.44750E+01   2.54611E+00   9.17368E-01   4.96478E-01   1.26409E+00
 3.45250E+01   2.54612E+00   9.17365E-01   4.96479E-01   1.26409E+00
 3.45750E+01   2.54613E+00   9.17361E-01   4.96480E-01   1.26410E+00
 3.46250E+01   2.54613E+00   9.17357E-01   4.96480E-01   1.26410E+00
 3.46750E+01   2.54614E+00   9.17353E-01   4.96481E-01   1.26411E+00
 3.47250E+01   2.54615E+00   9.17349E-01   4.96482E-01   1.26412E+00
 3.47750E+01   2.54615E+00   9.17345E-01   4.96483E-01   1.26412E+00
 3.48250E+01   2.54616E+00   9.17341E-01   4.96484E-01   1.26413E+00
 3.48750E+01   2.54617E+00   9.17337E-01   4.96485E-01   1.26413E+00
 3.49250E+01   2.54617E+00   9.17332E-01   4.96486E-01   1.26414E+00
 3.49750E+01   2.54618E+00   9.17328E-01   4.96487E-01   1.26414E+00
 3.50250E+01   2.54619E+00   9.17324E-01   4.96487E-01   1.26415E+00
 3.50750E+01   2.54619E+00   9.17319E-01   4.96488E-01   1.26416E+00
 3.51250E+01   2.54620E+00   9.17315E-01   4.96489E-01   1.26416E+00
 3.51750E+01   2.54621E+00   9.17311E-01   4.96490E-01   1.26417E+00
 3.52250E+01   2.54622E+00   9.17306E-01   4.96491E-01   1.26417E+00
 3.52750E+01   2.54622E+00   9.17302E-01   4.96492E-01   1.26418E+00
 3.53250E+01   2.54623E+00   9.17297E-01   4.96493E-01   1.26418E+00
 3.53750E+01   2.54624E+00   9.17293E-01   4.96493E-01   1.26419E+00
 3.54250E+01   2.54625E+00   9.17288E-01   4.96494E-01   1.26420E+00
 3.54750E+01   2.54626E+00   9.17283E-01   4.96495E-01   1.26420E+00
 3.55250E+01   2.54627E+00   9.17278E-01   4.96496E-01   1.26421E+00
 3.55750E+01   2.54628E+00   9.17273E-01   4.96497E-01   1.26422E+00
 3.56250E+01   2.54629E+00   9.17268E-01   4.96497E-01   1.26422E+00
 3.56750E+01   2.54630E+00   9.17262E-01   4.96498E-01   1.26423E+00
 3.57250E+01   2.54631E+00   9.17257E-01   4.96499E-01   1.26424E+00
 3.57750E+01   2.54632E+00   9.17252E-01   4.96500E-01   1.26425E+00
 3.58250E+01   2.54633E+00   9.17246E-01   4.96501E-01   1.26425E+00
 3.58750E+01   2.54634E+00   9.17240E-01   4.96502E-01   1.26426E+00
 3.59250E+01   2.54635E+00   9.17234E-01   4.96503E-01   1.26427E+00
 3.59750E+01   2.54637E+00   9.17228E-01   4.96504E-01   1.26428E+00
 3.60250E+01   2.54638E+00   9.17222E-01   4.96504E-01   1.26429E+00
 3.60750E+01   2.54639E+00   9.17216E-01   4.96505E-01   1.26430E+00
 3.61250E+01   2.54640E+00   9.17210E-01   4.96506E-01   1.26430E+00
 3.61750E+01   2.54641E+00   9.17204E-01   4.96507E-01   1.26431E+00
 3.62250E+01   2.54643E+00   9.17198E-01   4.96508E-01   1.26432E+00
 3.62750E+01   2.54644E+00   9.17191E-01   4.96509E-01   1.26433E+00
 3.63250E+01   2.54645E+00   9.17185E-01   4.96510E-01   1.26434E+00
 3.63750E+01   2.54647E+00   9.17178E-01   4.96510E-01   1.26435E+00
 3.64250E+01   2.54648E+00   9.17172E-01   4.96511E-01   1.26436E+00
 3.64750E+01   2.54650E+00   9.17165E-01   4.96512E-01   1.26437E+00
 3.65250E+01   2.54651E+00   9.17158E-01   4.96513E-01   1.26438E+00
 3.65750E+01   2.54653E+00   9.17151E-01   4.96514E-01   1.26439E+00
 3.66250E+01   2.54654E+00   9.17144E-01   4.96515E-01   1.26439E+00
 3.66750E+01   2.54656E+00   9.17136E-01   4.96515E-01   1.26440E+00
 3.67250E+01   2.54657E+00   9.17129E-01   4.96516E-01   1.26441E+00
 3.67750E+01   2.54659E+00   9.17122E-01   4.96516E-01   1.26442E+00
 3.68250E+01   2.54661E+00   9.17114E-01   4.96517E-01   1.26443E+00
 3.68750E+01   2.54662E+00   9.17106E-01   4.96518E-01   1.26444E+00
 3.69250E+01   2.54664E+00   9.17099E-01   4.96518E-01   1.26445E+00
 3.69750E+01   2.54666E+00   9.17091E-01   4.96519E-01   1.26447E+00
 3.70250E+01   2.54668E+00   9.17083E-01   4.96520E-01   1.26448E+00
 3.70750E+01   2.54669E+00   9.17075E-01   4.96521E-01   1.26449E+00
 3.71250E+01   2.54671E+00   9.17067E-01   4.96522E-01   1.26450E+00
 3.71750E+01   2.54673E+00   9.17059E-01   4.96523E-01   1.26451E+00
 3.72250E+01   2.54675E+00   9.17051E-01   4.96524E-01   1.26452E+00
 3.72750E+01   2.54677E+00   9.17043E-01   4.96525E-01   1.26453E+00
 3.73250E+01   2.54678E+00   9.17034E-01   4.96525E-01   1.26454E+00
 3.73750E+01   2.54680E+00   9.17026E-01   4.96526E-01   1.26455E+00
 3.74250E+01   2.54682E+00   9.17017E-01   4.96526E-01   1.26456E+00
 3.74750E+01   2.54684E+00   9.17009E-01   4.96527E-01   1.26458E+00
 3.75250E+01   2.54686E+00   9.17000E-01   4.96527E-01   1.26459E+00
 3.75750E+01   2.54688E+00   9.16991E-01   4.96528E-01   1.26460E+00
 3.76250E+01   2.54690E+00   9.16983E-01   4.96528E-01   1.26461E+00
 3.76750E+01   2.54692E+00   9.16974E-01   4.96529E-01   1.26462E+00
 3.77250E+01   2.54695E+00   9.16965E-01   4.96529E-01   1.26463E+00
 3.77750E+01   2.54697E+00   9.16956E-01   4.96529E-01   1.26464E+00
 3.78250E+01   2.54699E+00   9.16947E-01   4.96530E-01   1.26466E+00
 3.78750E+01   2.54701E+00   9.16937E-01   4.96530E-01   1.26467E+00
 3.79250E+01   2.54703E+00   9.16928E-01   4.96531E-01   1.26468E+00
 3.79750E+01   2.54706E+00   9.16918E-01   4.96531E-01   1.26469E+00
 3.80250E+01   2.54708E+00   9.16909E-01   4.96532E-01   1.26471E+00
 3.80750E+01   2.54710E+00   9.16899E-01   4.96533E-01   1.26472E+00
 3.81250E+01   2.54713E+00   9.16890E-01   4.96534E-01   1.26473E+00
 3.81750E+01   2.54715E+00   9.16880E-01   4.96535E-01   1.26475E+00
 3.82250E+01   2.54717E+00   9.16870E-01   4.96535E-01   1.26476E+00
 3.82750E+01   2.54720E+00   9.16860E-01   4.96536E-01   1.26477E+00
 3.83250E+01   2.54722E+00   9.16850E-01   4.96537E-01   1.26479E+00
 3.83750E+01   2.54725E+00   9.16840E-01   4.96537E-01   1.26480E+00
 3.84250E+01   2.54727E+00   9.16829E-01   4.96537E-01   1.26482E+00
 3.84750E+01   2.54730E+00   9.16819E-01   4.96538E-01   1.26483E+00
 3.85250E+01   2.54732E+00   9.16808E-01   4.96538E-01   1.26484E+00
 3.85750E+01   2.54735E+00   9.16797E-01   4.96538E-01   1.26486E+00
 3.86250E+01   2.54738E+00   9.16786E-01   4.96539E-01   1.26487E+00
 3.86750E+01   2.54741E+00   9.16775E-01   4.96539E-01   1.26489E+00
 3.87250E+01   2.54743E+00   9.16764E-01   4.96539E-01   1.26490E+00
 3.87750E+01   2.54746E+00   9.16753E-01   4.96540E-01   1.26492E+00
 3.88250E+01   2.54749E+00   9.16742E-01   4.96540E-01   1.26493E+00
 3.88750E+01   2.54752E+00   9.16731E-01   4.96540E-01   1.26495E+00
 3.89250E+01   2.54755E+00   9.16719E-01   4.96541E-01   1.26496E+00
 3.89750E+01   2.54758E+00   9.16708E-01   4.96541E-01   1.26498E+00
 3.90250E+01   2.54761E+00   9.16696E-01   4.96541E-01   1.26499E+00
 3.90750E+01   2.54764E+00   9.16684E-01   4.96541E-01   1.26501E+00
 3.91250E+01   2.54767E+00   9.16672E-01   4.96541E-01   1.26502E+00
 3.91750E+01   2.54770E+00   9.16660E-01   4.96541E-01   1.26504E+00
 3.92250E+01   2.54773E+00   9.16648E-01   4.96541E-01   1.26505E+00
 3.92750E+01   2.54776E+00   9.16636E-01   4.96541E-01   1.26507E+00
 3.93250E+01   2.54779E+00   9.16624E-01   4.96541E-01   1.26508E+00
 3.93750E+01   2.54782E+00   9.16612E-01   4.96540E-01   1.26510E+00
 3.94250E+01   2.54786E+00   9.16599E-01   4.96540E-01   1.26511E+00
 3.94750E+01   2.54789E+00   9.16587E-01   4.96539E-01   1.26513E+00
 3.95250E+01   2.54792E+00   9.16574E-01   4.96539E-01   1.26514E+00
 3.95750E+01   2.54796E+00   9.16562E-01   4.96538E-01   1.26516E+00
 3.96250E+01   2.54799E+00   9.16549E-01   4.96538E-01   1.26517E+00
 3.96750E+01   2.54803E+00   9.16537E-01   4.96537E-01   1.26519E+00
 3.97250E+01   2.54806E+00   9.16524E-01   4.96536E-01   1.26521E+00
 3.97750E+01   2.54810E+00   9.16511E-01   4.96536E-01   1.26522E+00
 3.98250E+01   2.54813E+00   9.16498E-01   4.96535E-01   1.26524E+00
 3.98750E+01   2.54817E+00   9.16485E-01   4.96534E-01   1.26525E+00
 3.99250E+01   2.54821E+00   9.16472E-01   4.96534E-01   1.26527E+00
 3.99750E+01   2.54824E+00   9.16459E-01   4.96533E-01   1.26529E+00
 4.00250E+01   2.54828E+00   9.16446E-01   4.96532E-01   1.26530E+00
 4.00750E+01   2.54831E+00   9.16433E-01   4.96531E-01   1.26532E+00
 4.01250E+01   2.54835E+00   9.16420E-01   4.96531E-01   1.26533E+00
 4.01750E+01   2.54839E+00   9.16406E-01   4.96530E-01   1.26535E+00
 4.02250E+01   2.54843E+00   9.16393E-01   4.96529E-01   1.26537E+00
 4.02750E+01   2.54846E+00   9.16380E-01   4.96528E-01   1.26538E+00
 4.03250E+01   2.54850E+00   9.16367E-01   4.96527E-01   1.26540E+00
 4.03750E+01   2.54854E+00   9.16353E-01   4.96527E-01   1.26542E+00
 4.04250E+01   2.54857E+00   9.16340E-01   4.96526E-01   1.26543E+00
 4.04750E+01   2.54861E+00   9.16326E-01   4.96525E-01   1.26545E+00
 4.05250E+01   2.54865E+00   9.16313E-01   4.96524E-01   1.26547E+00
 4.05750E+01   2.54869E+00   9.16299E-01   4.96524E-01   1.26548E+00
 4.06250E+01   2.54873E+00   9.16285E-01   4.96523E-01   1.26550E+00
 4.06750E+01   2.54876E+00   9.16272E-01   4.96522E-01   1.26552E+00
 4.07250E+01   2.54880E+00   9.16258E-01   4.96521E-01   1.26553E+00
 4.07750E+01   2.54884E+00   9.16245E-01   4.96520E-01   1.26555E+00
 4.08250E+01   2.54888E+00   9.16231E-01   4.96520E-01   1.26557E+00
 4.08750E+01   2.54892E+00   9.16218E-01   4.96519E-01   1.26559E+00
 4.09250E+01   2.54896E+00   9.16204E-01   4.96518E-01   1.26560E+00
 4.09750E+01   2.54899E+00   9.16190E-01   4.96517E-01   1.26562E+00
 4.10250E+01   2.54903E+00   9.16177E-01   4.96516E-01   1.26564E+00
 4.10750E+01   2.54907E+00   9.16163E-01   4.96516E-01   1.26565E+00
 4.11250E+01   2.54911E+00   9.16149E-01   4.96515E-01   1.26567E+00
 4.11750E+01   2.54915E+00   9.16135E-01   4.96514E-01   1.26569E+00
 4.12250E+01   2.54919E+00   9.16121E-01   4.96513E-01   1.26571E+00
 4.12750E+01   2.54923E+00   9.16107E-01   4.96512E-01   1.26572E+00
 4.13250E+01   2.54927E+00   9.16094E-01   4.96511E-01   1.26574E+00
 4.13750E+01   2.54930E+00   9.16080E-01   4.96511E-01   1.26576E+00
 4.14250E+01   2.54934E+00   9.16066E-01   4.96510E-01   1.26577E+00
 4.14750E+01   2.54938E+00   9.16053E-01   4.96509E-01   1.26579E+00
 4.15250E+01   2.54942E+00   9.16039E-01   4.96509E-01   1.26581E+00
 4.15750E+01   2.54946E+00   9.16025E-01   4.96508E-01   1.26583E+00
 4.16250E+01   2.54950E+00   9.16012E-01   4.96507E-01   1.26584E+00
 4.16750E+01   2.54953E+00   9.15998E-01   4.96506E-01   1.26586E+00
 4.17250E+01   2.54957E+00   9.15984E-01   4.96506E-01   1.26588E+00
 4.17750E+01   2.54961E+00   9.15971E-01   4.96505E-01   1.26589E+00
 4.18250E+01   2.54965E+00   9.15957E-01   4.96504E-01   1.26591E+00
 4.18750E+01   2.54969E+00   9.15943E-01   4.96504E-01   1.26593E+00
 4.19250E+01   2.54973E+00   9.15929E-01   4.96503E-01   1.26595E+00
 4.19750E+01   2.54976E+00   9.15915E-01   4.96502E-01   1.26596E+00
 4.20250E+01   2.54980E+00   9.15902E-01   4.96502E-01   1.26598E+00
 4.20750E+01   2.54984E+00   9.15888E-01   4.96501E-01   1.26600E+00
 4.21250E+01   2.54988E+00   9.15874E-01   4.96500E-01   1.26602E+00
 4.21750E+01   2.54992E+00   9.15860E-01   4.96499E-01   1.26603E+00
 4.22250E+01   2.54996E+00   9.15846E-01   4.96499E-01   1.26605E+00
 4.22750E+01   2.55000E+00   9.15832E-01   4.96498E-01   1.26607E+00
 4.23250E+01   2.55003E+00   9.15818E-01   4.96497E-01   1.26609E+00
 4.23750E+01   2.55007E+00   9.15804E-01   4.96497E-01   1.26610E+00
 4.24250E+01   2.55011E+00   9.15790E-01   4.96496E-01   1.26612E+00
 4.24750E+01   2.55015E+00   9.15776E-01   4.96496E-01   1.26614E+00
 4.25250E+01   2.55019E+00   9.15761E-01   4.96495E-01   1.26616E+00
 4.25750E+01   2.55023E+00   9.15747E-01   4.96495E-01   1.26618E+00
 4.26250E+01   2.55027E+00   9.15733E-01   4.96494E-01   1.26619E+00
 4.26750E+01   2.55031E+00   9.15719E-01   4.96494E-01   1.26621E+00
 4.27250E+01   2.55035E+00   9.15704E-01   4.96493E-01   1.26623E+00
 4.27750E+01   2.55039E+00   9.15690E-01   4.96492E-01   1.26625E+00
 4.28250E+01   2.55043E+00   9.15676E-01   4.96492E-01   1.26627E+00
 4.28750E+01   2.55047E+00   9.15662E-01   4.96491E-01   1.26629E+00
 4.29250E+01   2.55051E+00   9.15648E-01   4.96491E-01   1.26630E+00
 4.29750E+01   2.55055E+00   9.15633E-01   4.96490E-01   1.26632E+00
 4.30250E+01   2.55059E+00   9.15619E-01   4.96489E-01   1.26634E+00
 4.30750E+01   2.55063E+00   9.15605E-01   4.96489E-01   1.26636E+00
 4.31250E+01   2.55067E+00   9.15590E-01   4.96488E-01   1.26638E+00
 4.31750E+01   2.55071E+00   9.15576E-01   4.96488E-01   1.26639E+00
 4.32250E+01   2.55075E+00   9.15562E-01   4.96487E-01   1.26641E+00
 4.32750E+01   2.55079E+00   9.15547E-01   4.96487E-01   1.26643E+00
 4.33250E+01   2.55083E+00   9.15533E-01   4.96486E-01   1.26645E+00
 4.33750E+01   2.55087E+00   9.15519E-01   4.96485E-01   1.26647E+00
 4.34250E+01   2.55091E+00   9.15505E-01   4.96485E-01   1.26649E+00
 4.34750E+01   2.55095E+00   9.15491E-01   4.96484E-01   1.26651E+00
 4.35250E+01   2.55099E+00   9.15476E-01   4.96484E-01   1.26652E+00
 4.35750E+01   2.55103E+00   9.15462E-01   4.96483E-01   1.26654E+00
 4.36250E+01   2.55107E+00   9.15448E-01   4.96483E-01   1.26656E+00
 4.36750E+01   2.55111E+00   9.15434E-01   4.96482E-01   1.26658E+00
 4.37250E+01   2.55115E+00   9.15420E-01   4.96482E-01   1.26660E+00
 4.37750E+01   2.55118E+00   9.15406E-01   4.96481E-01   1.26661E+00
 4.38250E+01   2.55122E+00   9.15392E-01   4.96481E-01   1.26663E+00
 4.38750E+01   2.55126E+00   9.15378E-01   4.96480E-01   1.26665E+00
 4.39250E+01   2.55130E+00   9.15364E-01   4.96479E-01   1.26667E+00
 4.39750E+01   2.55134E+00   9.15350E-01   4.96479E-01   1.26669E+00
 4.40250E+01   2.55138E+00   9.15337E-01   4.96478E-01   1.26670E+00
 4.40750E+01   2.55141E+00   9.15323E-01   4.96478E-01   1.26672E+00
 4.41250E+01   2.55145E+00   9.15310E-01   4.96477E-01   1.26674E+00
 4.41750E+01   2.55149E+00   9.15296E-01   4.96477E-01   1.26676E+00
 4.42250E+01   2.55153E+00   9.15282E-01   4.96476E-01   1.26677E+00
 4.42750E+01   2.55156E+00   9.15269E-01   4.96476E-01   1.26679E+00
 4.43250E+01   2.55160E+00   9.15256E-01   4.96475E-01   1.26681E+00
 4.43750E+01   2.55164E+00   9.15242E-01   4.96475E-01   1.26682E+00
 4.44250E+01   2.55168E+00   9.15229E-01   4.96474E-01   1.26684E+00
 4.44750E+01   2.55171E+00   9.15216E-01   4.96474E-01   1.26686E+00
 4.45250E+01   2.55175E+00   9.15203E-01   4.96474E-01   1.26688E+00
 4.45750E+01   2.55179E+00   9.15189E-01   4.96473E-01   1.26689E+00
 4.46250E+01   2.55183E+00   9.15176E-01   4.96473E-01   1.26691E+00
 4.46750E+01   2.55186E+00   9.15163E-01   4.96472E-01   1.26693E+00
 4.47250E+01   2.55190E+00   9.15150E-01   4.96472E-01   1.26695E+00
 4.47750E+01   2.55194E+00   9.15137E-01   4.96471E-01   1.26696E+00
 4.48250E+01   2.55197E+00   9.15124E-01   4.96471E-01   1.26698E+00
 4.48750E+01   2.55201E+00   9.15111E-01   4.96470E-01   1.26700E+00
 4.49250E+01   2.55205E+00   9.15098E-01   4.96470E-01   1.26701E+00
 4.49750E+01   2.55208E+00   9.15085E-01   4.96469E-01   1.26703E+00
 4.50250E+01   2.55212E+00   9.15072E-01   4.96469E-01   1.26705E+00
 4.50750E+01   2.55216E+00   9.15060E-01   4.96469E-01   1.26707E+00
 4.51250E+01   2.55219E+00   9.15047E-01   4.96468E-01   1.26708E+00
 4.51750E+01   2.55223E+00   9.15034E-01   4.96468E-01   1.26710E+00
 4.52250E+01   2.55226E+00   9.15021E-01   4.96467E-01   1.26712E+00
 4.52750E+01   2.55230E+00   9.15009E-01   4.96467E-01   1.26713E+00
 4.53250E+01   2.55233E+00   9.14997E-01   4.96467E-01   1.26715E+00
 4.53750E+01   2.55237E+00   9.14984E-01   4.96466E-01   1.26716E+00
 4.54250E+01   2.55240E+00   9.14972E-01   4.96466E-01   1.26718E+00
 4.54750E+01   2.55244E+00   9.14960E-01   4.96465E-01   1.26720E+00
 4.55250E+01   2.55247E+00   9.14948E-01   4.96465E-01   1.26721E+00
 4.55750E+01   2.55250E+00   9.14936E-01   4.96464E-01   1.26723E+00
 4.56250E+01   2.55254E+00   9.14924E-01   4.96464E-01   1.26724E+00
 4.56750E+01   2.55257E+00   9.14912E-01   4.96463E-01   1.26726E+00
 4.57250E+01   2.55260E+00   9.14900E-01   4.96463E-01   1.26727E+00
 4.57750E+01   2.55264E+00   9.14889E-01   4.96462E-01   1.26729E+00
 4.58250E+01   2.55267E+00   9.14877E-01   4.96462E-01   1.26730E+00
 4.58750E+01   2.55270E+00   9.14865E-01   4.96461E-01   1.26732E+00
 4.59250E+01   2.55273E+00   9.14854E-01   4.96461E-01   1.26733E+00
 4.59750E+01   2.55277E+00   9.14843E-01   4.96461E-01   1.26735E+00
 4.60250E+01   2.55280E+00   9.14832E-01   4.96460E-01   1.26736E+00
 4.60750E+01   2.55283E+00   9.14820E-01   4.96460E-01   1.26738E+00
 4.61250E+01   2.55286E+00   9.14809E-01   4.96459E-01   1.26739E+00
 4.61750E+01   2.55289E+00   9.14798E-01   4.96459E-01   1.26741E+00
 4.62250E+01   2.55292E+00   9.14787E-01   4.96458E-01   1.26742E+00
 4.62750E+01   2.55296E+00   9.14776E-01   4.96458E-01   1.26744E+00
 4.63250E+01   2.55299E+00   9.14765E-01   4.96458E-01   1.26745E+00
 4.63750E+01   2.55302E+00   9.14754E-01   4.96457E-01   1.26746E+00
 4.64250E+01   2.55305E+00   9.14743E-01   4.96457E-01   1.26748E+00
 4.64750E+01   2.55308E+00   9.14732E-01   4.96456E-01   1.26749E+00
 4.65250E+01   2.55311E+00   9.14721E-01   4.96456E-01   1.26751E+00
 4.65750E+01   2.55314E+00   9.14711E-01   4.96455E-01   1.26752E+00
 4.66250E+01   2.55317E+00   9.14700E-01   4.96455E-01   1.26753E+00
 4.66750E+01   2.55320E+00   9.14689E-01   4.96455E-01   1.26755E+00
 4.67250E+01   2.55323E+00   9.14679E-01   4.96454E-01   1.26756E+00
 4.67750E+01   2.55326E+00   9.14668E-01   4.96454E-01   1.26758E+00
 4.68250E+01   2.55329E+00   9.14658E-01   4.96454E-01   1.26759E+00
 4.68750E+01   2.55332E+00   9.14648E-01   4.96454E-01   1.26760E+00
 4.69250E+01   2.55335E+00   9.14637E-01   4.96453E-01   1.26762E+00
 4.69750E+01   2.55338E+00   9.14627E-01   4.96453E-01   1.26763E+00
 4.70250E+01   2.55340E+00   9.14617E-01   4.96452E-01   1.26764E+00
 4.70750E+01   2.55343E+00   9.14607E-01   4.96452E-01   1.26766E+00
 4.71250E+01   2.55346E+00   9.14597E-01   4.96452E-01   1.26767E+00
 4.71750E+01   2.55349E+00   9.14587E-01   4.96451E-01   1.26768E+00
 4.72250E+01   2.55351E+00   9.14577E-01   4.96451E-01   1.26769E+00
 4.72750E+01   2.55354E+00   9.14568E-01   4.96451E-01   1.26771E+00
 4.73250E+01   2.55357E+00   9.14559E-01   4.96450E-01   1.26772E+00
 4.73750E+01   2.55359E+00   9.14549E-01   4.96450E-01   1.26773E+00
 4.74250E+01   2.55362E+00   9.14540E-01   4.96450E-01   1.26774E+00
 4.74750E+01   2.55364E+00   9.14531E-01   4.96449E-01   1.26775E+00
 4.75250E+01   2.55367E+00   9.14522E-01   4.96449E-01   1.26777E+00
 4.75750E+01   2.55370E+00   9.14513E-01   4.96448E-01   1.26778E+00
 4.76250E+01   2.55372E+00   9.14504E-01   4.96448E-01   1.26779E+00
 4.76750E+01   2.55375E+00   9.14495E-01   4.96448E-01   1.26780E+00
 4.77250E+01   2.55377E+00   9.14486E-01   4.96447E-01   1.26781E+00
 4.77750E+01   2.55379E+00   9.14478E-01   4.96447E-01   1.26782E+00
 4.78250E+01   2.55382E+00   9.14469E-01   4.96446E-01   1.26783E+00
 4.78750E+01   2.55384E+00   9.14461E-01   4.96446E-01   1.26784E+00
 4.79250E+01   2.55387E+00   9.14452E-01   4.96446E-01   1.26786E+00
 4.79750E+01   2.55389E+00   9.14444E-01   4.96445E-01   1.26787E+00
 4.80250E+01   2.55391E+00   9.14436E-01   4.96445E-01   1.26788E+00
 4.80750E+01   2.55394E+00   9.14427E-01   4.96444E-01   1.26789E+00
 4.81250E+01   2.55396E+00   9.14419E-01   4.96444E-01   1.26790E+00
 4.81750E+01   2.55398E+00   9.14411E-01   4.96444E-01   1.26791E+00
 4.82250E+01   2.55401E+00   9.14403E-01   4.96443E-01   1.26792E+00
 4.82750E+01   2.55403E+00   9.14395E-01   4.96443E-01   1.26793E+00
 4.83250E+01   2.55405E+00   9.14387E-01   4.96443E-01   1.26794E+00
 4.83750E+01   2.55407E+00   9.14380E-01   4.96442E-01   1.26795E+00
 4.84250E+01   2.55409E+00   9.14372E-01   4.96442E-01   1.26796E+00
 4.84750E+01   2.55412E+00   9.14364E-01   4.96442E-01   1.26797E+00
 4.85250E+01   2.55414E+00   9.14356E-01   4.96441E-01   1.26798E+00
 4.85750E+01   2.55416E+00   9.14349E-01   4.96441E-01   1.26799E+00
 4.86250E+01   2.55418E+00   9.14341E-01   4.96440E-01   1.26800E+00
 4.86750E+01   2.55420E+00   9.14333E-01   4.96440E-01   1.26801E+00
 4.87250E+01   2.55422E+00   9.14325E-01   4.96440E-01   1.26802E+00
 4.87750E+01   2.55425E+00   9.14317E-01   4.96439E-01   1.26803E+00
 4.88250E+01   2.55427E+00   9.14309E-01   4.96439E-01   1.26804E+00
 4.88750E+01   2.55430E+00   9.14301E-01   4.96439E-01   1.26805E+00
 4.89250E+01   2.55434E+00   9.14293E-01   4.96443E-01   1.26809E+00
 4.89750E+01   2.55447E+00   9.14286E-01   4.96466E-01   1.26821E+00
