      xx/10.          rhoa          temp           vel      vel*rhoa
         [-]           [-]           [-]           [-]           [-]
 1.02500E+00   2.52377E+00   9.16002E-01   5.04016E-01   1.27202E+00
 1.07500E+00   2.52374E+00   9.16007E-01   5.04001E-01   1.27197E+00
 1.12500E+00   2.52382E+00   9.16018E-01   5.03947E-01   1.27187E+00
 1.17500E+00   2.52397E+00   9.16033E-01   5.03872E-01   1.27176E+00
 1.22500E+00   2.52415E+00   9.16049E-01   5.03784E-01   1.27163E+00
 1.27500E+00   2.52436E+00   9.16067E-01   5.03689E-01   1.27149E+00
 1.32500E+00   2.52458E+00   9.16084E-01   5.03591E-01   1.27135E+00
 1.37500E+00   2.52480E+00   9.16102E-01   5.03491E-01   1.27122E+00
 1.42500E+00   2.52503E+00   9.16119E-01   5.03391E-01   1.27108E+00
 1.47500E+00   2.52526E+00   9.16136E-01   5.03290E-01   1.27094E+00
 1.52500E+00   2.52549E+00   9.16152E-01   5.03191E-01   1.27080E+00
 1.57500E+00   2.52571E+00   9.16169E-01   5.03092E-01   1.27067E+00
 1.62500E+00   2.52593E+00   9.16184E-01   5.02994E-01   1.27053E+00
 1.67500E+00   2.52616E+00   9.16200E-01   5.02898E-01   1.27040E+00
 1.72500E+00   2.52638E+00   9.16214E-01   5.02802E-01   1.27027E+00
 1.77500E+00   2.52659E+00   9.16229E-01   5.02708E-01   1.27014E+00
 1.82500E+00   2.52681E+00   9.16242E-01   5.02614E-01   1.27001E+00
 1.87500E+00   2.52702E+00   9.16256E-01   5.02522E-01   1.26989E+00
 1.92500E+00   2.52723E+00   9.16269E-01   5.02432E-01   1.26976E+00
 1.97500E+00   2.52744E+00   9.16281E-01   5.02342E-01   1.26964E+00
 2.02500E+00   2.52765E+00   9.16293E-01   5.02253E-01   1.26952E+00
 2.07500E+00   2.52785E+00   9.16304E-01   5.02165E-01   1.26940E+00
 2.12500E+00   2.52806E+00   9.16315E-01   5.02079E-01   1.26928E+00
 2.17500E+00   2.52826E+00   9.16325E-01   5.01994E-01   1.26917E+00
 2.22500E+00   2.52846E+00   9.16335E-01   5.01909E-01   1.26906E+00
 2.27500E+00   2.52865E+00   9.16345E-01   5.01826E-01   1.26894E+00
 2.32500E+00   2.52885E+00   9.16354E-01   5.01744E-01   1.26883E+00
 2.37500E+00   2.52904E+00   9.16362E-01   5.01663E-01   1.26873E+00
 2.42500E+00   2.52923E+00   9.16370E-01   5.01583E-01   1.26862E+00
 2.47500E+00   2.52942E+00   9.16378E-01   5.01504E-01   1.26851E+00
 2.52500E+00   2.52961E+00   9.16385E-01   5.01426E-01   1.26841E+00
 2.57500E+00   2.52979E+00   9.16391E-01   5.01349E-01   1.26831E+00
 2.62500E+00   2.52998E+00   9.16397E-01   5.01273E-01   1.26821E+00
 2.67500E+00   2.53016E+00   9.16403E-01   5.01198E-01   1.26811E+00
 2.72500E+00   2.53034E+00   9.16408E-01   5.01124E-01   1.26801E+00
 2.77500E+00   2.53052E+00   9.16413E-01   5.01051E-01   1.26792E+00
 2.82500E+00   2.53070E+00   9.16417E-01   5.00979E-01   1.26783E+00
 2.87500E+00   2.53087E+00   9.16421E-01   5.00908E-01   1.26773E+00
 2.92500E+00   2.53105E+00   9.16424E-01   5.00838E-01   1.26764E+00
 2.97500E+00   2.53122E+00   9.16427E-01   5.00769E-01   1.26755E+00
 3.02500E+00   2.53139E+00   9.16429E-01   5.00701E-01   1.26747E+00
 3.07500E+00   2.53156E+00   9.16431E-01   5.00633E-01   1.26738E+00
 3.12500E+00   2.53172E+00   9.16433E-01   5.00567E-01   1.26730E+00
 3.17500E+00   2.53189E+00   9.16434E-01   5.00501E-01   1.26721E+00
 3.22500E+00   2.53205E+00   9.16434E-01   5.00437E-01   1.26713E+00
 3.27500E+00   2.53222E+00   9.16434E-01   5.00373E-01   1.26705E+00
 3.32500E+00   2.53238E+00   9.16434E-01   5.00310E-01   1.26697E+00
 3.37500E+00   2.53254E+00   9.16433E-01   5.00248E-01   1.26690E+00
 3.42500E+00   2.53269E+00   9.16432E-01   5.00187E-01   1.26682E+00
 3.47500E+00   2.53285E+00   9.16431E-01   5.00127E-01   1.26675E+00
 3.52500E+00   2.53301E+00   9.16428E-01   5.00067E-01   1.26667E+00
 3.57500E+00   2.53316E+00   9.16426E-01   5.00009E-01   1.26660E+00
 3.62500E+00   2.53331E+00   9.16423E-01   4.99951E-01   1.26653E+00
 3.67500E+00   2.53346E+00   9.16420E-01   4.99894E-01   1.26646E+00
 3.72500E+00   2.53361E+00   9.16416E-01   4.99838E-01   1.26640E+00
 3.77500E+00   2.53376E+00   9.16412E-01   4.99783E-01   1.26633E+00
 3.82500E+00   2.53391E+00   9.16407E-01   4.99728E-01   1.26627E+00
 3.87500E+00   2.53405E+00   9.16402E-01   4.99675E-01   1.26620E+00
 3.92500E+00   2.53420E+00   9.16397E-01   4.99622E-01   1.26614E+00
 3.97500E+00   2.53434E+00   9.16391E-01   4.99570E-01   1.26608E+00
 4.02500E+00   2.53448E+00   9.16385E-01   4.99518E-01   1.26602E+00
 4.07500E+00   2.53462E+00   9.16379E-01   4.99468E-01   1.26596E+00
 4.12500E+00   2.53476E+00   9.16372E-01   4.99418E-01   1.26590E+00
 4.17500E+00   2.53490E+00   9.16365E-01   4.99368E-01   1.26585E+00
 4.22500E+00   2.53503E+00   9.16357E-01   4.99320E-01   1.26579E+00
 4.27500E+00   2.53517E+00   9.16350E-01   4.99272E-01   1.26574E+00
 4.32500E+00   2.53530E+00   9.16341E-01   4.99225E-01   1.26569E+00
 4.37500E+00   2.53543E+00   9.16333E-01   4.99179E-01   1.26563E+00
 4.42500E+00   2.53557E+00   9.16324E-01   4.99133E-01   1.26558E+00
 4.47500E+00   2.53570E+00   9.16315E-01   4.99088E-01   1.26554E+00
 4.52500E+00   2.53583E+00   9.16305E-01   4.99044E-01   1.26549E+00
 4.57500E+00   2.53596E+00   9.16295E-01   4.99000E-01   1.26544E+00
 4.62500E+00   2.53608E+00   9.16285E-01   4.98957E-01   1.26540E+00
 4.67500E+00   2.53621E+00   9.16274E-01   4.98914E-01   1.26535E+00
 4.72500E+00   2.53633E+00   9.16264E-01   4.98872E-01   1.26531E+00
 4.77500E+00   2.53646E+00   9.16253E-01   4.98831E-01   1.26526E+00
 4.82500E+00   2.53658E+00   9.16241E-01   4.98790E-01   1.26522E+00
 4.87500E+00   2.53670E+00   9.16230E-01   4.98750E-01   1.26518E+00
 4.92500E+00   2.53682E+00   9.16218E-01   4.98711E-01   1.26514E+00
 4.97500E+00   2.53694E+00   9.16206E-01   4.98672E-01   1.26510E+00
 5.02500E+00   2.53706E+00   9.16193E-01   4.98634E-01   1.26507E+00
 5.07500E+00   2.53718E+00   9.16180E-01   4.98596E-01   1.26503E+00
 5.12500E+00   2.53730E+00   9.16167E-01   4.98558E-01   1.26499E+00
 5.17500E+00   2.53742E+00   9.16154E-01   4.98522E-01   1.26496E+00
 5.22500E+00   2.53753E+00   9.16140E-01   4.98486E-01   1.26492E+00
 5.27500E+00   2.53764E+00   9.16126E-01   4.98450E-01   1.26489E+00
 5.32500E+00   2.53776E+00   9.16112E-01   4.98415E-01   1.26486E+00
 5.37500E+00   2.53787E+00   9.16098E-01   4.98381E-01   1.26482E+00
 5.42500E+00   2.53798E+00   9.16084E-01   4.98347E-01   1.26479E+00
 5.47500E+00   2.53809E+00   9.16069E-01   4.98313E-01   1.26476E+00
 5.52500E+00   2.53820E+00   9.16054E-01   4.98280E-01   1.26473E+00
 5.57500E+00   2.53830E+00   9.16040E-01   4.98248E-01   1.26471E+00
 5.62500E+00   2.53841E+00   9.16025E-01   4.98217E-01   1.26468E+00
 5.67500E+00   2.53851E+00   9.16009E-01   4.98185E-01   1.26465E+00
 5.72500E+00   2.53862E+00   9.15994E-01   4.98155E-01   1.26462E+00
 5.77500E+00   2.53872E+00   9.15978E-01   4.98124E-01   1.26460E+00
 5.82500E+00   2.53882E+00   9.15962E-01   4.98094E-01   1.26457E+00
 5.87500E+00   2.53892E+00   9.15946E-01   4.98065E-01   1.26455E+00
 5.92500E+00   2.53902E+00   9.15930E-01   4.98036E-01   1.26453E+00
 5.97500E+00   2.53912E+00   9.15914E-01   4.98007E-01   1.26450E+00
 6.02500E+00   2.53922E+00   9.15898E-01   4.97979E-01   1.26448E+00
 6.07500E+00   2.53932E+00   9.15881E-01   4.97952E-01   1.26446E+00
 6.12500E+00   2.53942E+00   9.15864E-01   4.97924E-01   1.26444E+00
 6.17500E+00   2.53951E+00   9.15848E-01   4.97897E-01   1.26441E+00
 6.22500E+00   2.53961E+00   9.15831E-01   4.97870E-01   1.26439E+00
 6.27500E+00   2.53970E+00   9.15814E-01   4.97844E-01   1.26437E+00
 6.32500E+00   2.53979E+00   9.15797E-01   4.97818E-01   1.26435E+00
 6.37500E+00   2.53988E+00   9.15780E-01   4.97793E-01   1.26433E+00
 6.42500E+00   2.53997E+00   9.15763E-01   4.97768E-01   1.26432E+00
 6.47500E+00   2.54006E+00   9.15745E-01   4.97743E-01   1.26430E+00
 6.52500E+00   2.54015E+00   9.15728E-01   4.97719E-01   1.26428E+00
 6.57500E+00   2.54024E+00   9.15711E-01   4.97695E-01   1.26426E+00
 6.62500E+00   2.54032E+00   9.15693E-01   4.97671E-01   1.26425E+00
 6.67500E+00   2.54041E+00   9.15675E-01   4.97648E-01   1.26423E+00
 6.72500E+00   2.54049E+00   9.15658E-01   4.97625E-01   1.26421E+00
 6.77500E+00   2.54058E+00   9.15640E-01   4.97602E-01   1.26420E+00
 6.82500E+00   2.54066E+00   9.15622E-01   4.97580E-01   1.26418E+00
 6.87500E+00   2.54074E+00   9.15604E-01   4.97558E-01   1.26417E+00
 6.92500E+00   2.54083E+00   9.15586E-01   4.97536E-01   1.26415E+00
 6.97500E+00   2.54091E+00   9.15568E-01   4.97515E-01   1.26414E+00
 7.02500E+00   2.54099E+00   9.15550E-01   4.97494E-01   1.26413E+00
 7.07500E+00   2.54106E+00   9.15532E-01   4.97473E-01   1.26411E+00
 7.12500E+00   2.54114E+00   9.15514E-01   4.97453E-01   1.26410E+00
 7.17500E+00   2.54122E+00   9.15496E-01   4.97433E-01   1.26408E+00
 7.22500E+00   2.54129E+00   9.15478E-01   4.97413E-01   1.26407E+00
 7.27500E+00   2.54137E+00   9.15460E-01   4.97393E-01   1.26406E+00
 7.32500E+00   2.54144E+00   9.15442E-01   4.97374E-01   1.26405E+00
 7.37500E+00   2.54152E+00   9.15423E-01   4.97354E-01   1.26403E+00
 7.42500E+00   2.54159E+00   9.15405E-01   4.97335E-01   1.26402E+00
 7.47500E+00   2.54166E+00   9.15388E-01   4.97316E-01   1.26401E+00
 7.52500E+00   2.54173E+00   9.15370E-01   4.97298E-01   1.26400E+00
 7.57500E+00   2.54180E+00   9.15352E-01   4.97280E-01   1.26399E+00
 7.62500E+00   2.54187E+00   9.15334E-01   4.97262E-01   1.26398E+00
 7.67500E+00   2.54194E+00   9.15317E-01   4.97245E-01   1.26397E+00
 7.72500E+00   2.54201E+00   9.15299E-01   4.97228E-01   1.26396E+00
 7.77500E+00   2.54208E+00   9.15281E-01   4.97211E-01   1.26395E+00
 7.82500E+00   2.54214E+00   9.15263E-01   4.97195E-01   1.26394E+00
 7.87500E+00   2.54221E+00   9.15245E-01   4.97178E-01   1.26393E+00
 7.92500E+00   2.54227E+00   9.15228E-01   4.97162E-01   1.26392E+00
 7.97500E+00   2.54233E+00   9.15210E-01   4.97145E-01   1.26391E+00
 8.02500E+00   2.54240E+00   9.15193E-01   4.97129E-01   1.26390E+00
 8.07500E+00   2.54246E+00   9.15175E-01   4.97113E-01   1.26389E+00
 8.12500E+00   2.54252E+00   9.15158E-01   4.97098E-01   1.26388E+00
 8.17500E+00   2.54258E+00   9.15141E-01   4.97083E-01   1.26387E+00
 8.22500E+00   2.54264E+00   9.15123E-01   4.97068E-01   1.26386E+00
 8.27500E+00   2.54269E+00   9.15106E-01   4.97053E-01   1.26385E+00
 8.32500E+00   2.54275E+00   9.15088E-01   4.97038E-01   1.26384E+00
 8.37500E+00   2.54281E+00   9.15071E-01   4.97023E-01   1.26384E+00
 8.42500E+00   2.54287E+00   9.15054E-01   4.97009E-01   1.26383E+00
 8.47500E+00   2.54292E+00   9.15037E-01   4.96994E-01   1.26382E+00
 8.52500E+00   2.54298E+00   9.15020E-01   4.96980E-01   1.26381E+00
 8.57500E+00   2.54303E+00   9.15003E-01   4.96966E-01   1.26380E+00
 8.62500E+00   2.54308E+00   9.14986E-01   4.96953E-01   1.26379E+00
 8.67500E+00   2.54314E+00   9.14969E-01   4.96939E-01   1.26378E+00
 8.72500E+00   2.54319E+00   9.14952E-01   4.96926E-01   1.26378E+00
 8.77500E+00   2.54324E+00   9.14935E-01   4.96913E-01   1.26377E+00
 8.82500E+00   2.54329E+00   9.14919E-01   4.96901E-01   1.26376E+00
 8.87500E+00   2.54334E+00   9.14902E-01   4.96888E-01   1.26375E+00
 8.92500E+00   2.54339E+00   9.14885E-01   4.96876E-01   1.26375E+00
 8.97500E+00   2.54343E+00   9.14869E-01   4.96863E-01   1.26374E+00
 9.02500E+00   2.54348E+00   9.14852E-01   4.96851E-01   1.26373E+00
 9.07500E+00   2.54352E+00   9.14837E-01   4.96838E-01   1.26372E+00
 9.12500E+00   2.54357E+00   9.14821E-01   4.96826E-01   1.26371E+00
 9.17500E+00   2.54361E+00   9.14805E-01   4.96814E-01   1.26370E+00
 9.22500E+00   2.54366E+00   9.14789E-01   4.96802E-01   1.26369E+00
 9.27500E+00   2.54370E+00   9.14774E-01   4.96789E-01   1.26368E+00
 9.32500E+00   2.54375E+00   9.14758E-01   4.96777E-01   1.26367E+00
 9.37500E+00   2.54379E+00   9.14743E-01   4.96765E-01   1.26367E+00
 9.42500E+00   2.54383E+00   9.14728E-01   4.96752E-01   1.26366E+00
 9.47500E+00   2.54388E+00   9.14712E-01   4.96740E-01   1.26365E+00
 9.52500E+00   2.54392E+00   9.14697E-01   4.96728E-01   1.26364E+00
 9.57500E+00   2.54396E+00   9.14682E-01   4.96716E-01   1.26363E+00
 9.62500E+00   2.54400E+00   9.14668E-01   4.96704E-01   1.26362E+00
 9.67500E+00   2.54404E+00   9.14653E-01   4.96692E-01   1.26360E+00
 9.72500E+00   2.54408E+00   9.14639E-01   4.96680E-01   1.26359E+00
 9.77500E+00   2.54412E+00   9.14624E-01   4.96668E-01   1.26358E+00
 9.82500E+00   2.54416E+00   9.14610E-01   4.96656E-01   1.26357E+00
 9.87500E+00   2.54420E+00   9.14596E-01   4.96644E-01   1.26356E+00
 9.92500E+00   2.54424E+00   9.14582E-01   4.96632E-01   1.26355E+00
 9.97500E+00   2.54427E+00   9.14568E-01   4.96621E-01   1.26354E+00
 1.00250E+01   2.54431E+00   9.14555E-01   4.96610E-01   1.26353E+00
 1.00750E+01   2.54434E+00   9.14541E-01   4.96598E-01   1.26352E+00
 1.01250E+01   2.54438E+00   9.14527E-01   4.96587E-01   1.26351E+00
 1.01750E+01   2.54441E+00   9.14514E-01   4.96576E-01   1.26349E+00
 1.02250E+01   2.54445E+00   9.14500E-01   4.96565E-01   1.26348E+00
 1.02750E+01   2.54448E+00   9.14487E-01   4.96555E-01   1.26347E+00
 1.03250E+01   2.54451E+00   9.14474E-01   4.96544E-01   1.26346E+00
 1.03750E+01   2.54454E+00   9.14461E-01   4.96534E-01   1.26345E+00
 1.04250E+01   2.54457E+00   9.14447E-01   4.96524E-01   1.26344E+00
 1.04750E+01   2.54460E+00   9.14434E-01   4.96514E-01   1.26343E+00
 1.05250E+01   2.54463E+00   9.14421E-01   4.96504E-01   1.26342E+00
 1.05750E+01   2.54466E+00   9.14409E-01   4.96494E-01   1.26341E+00
 1.06250E+01   2.54468E+00   9.14396E-01   4.96484E-01   1.26340E+00
 1.06750E+01   2.54471E+00   9.14383E-01   4.96475E-01   1.26338E+00
 1.07250E+01   2.54474E+00   9.14371E-01   4.96465E-01   1.26337E+00
 1.07750E+01   2.54476E+00   9.14358E-01   4.96455E-01   1.26336E+00
 1.08250E+01   2.54479E+00   9.14346E-01   4.96446E-01   1.26335E+00
 1.08750E+01   2.54481E+00   9.14334E-01   4.96436E-01   1.26334E+00
 1.09250E+01   2.54484E+00   9.14322E-01   4.96426E-01   1.26332E+00
 1.09750E+01   2.54486E+00   9.14311E-01   4.96417E-01   1.26331E+00
 1.10250E+01   2.54489E+00   9.14299E-01   4.96407E-01   1.26330E+00
 1.10750E+01   2.54491E+00   9.14287E-01   4.96397E-01   1.26329E+00
 1.11250E+01   2.54493E+00   9.14276E-01   4.96387E-01   1.26327E+00
 1.11750E+01   2.54496E+00   9.14264E-01   4.96377E-01   1.26326E+00
 1.12250E+01   2.54498E+00   9.14253E-01   4.96367E-01   1.26324E+00
 1.12750E+01   2.54500E+00   9.14242E-01   4.96358E-01   1.26323E+00
 1.13250E+01   2.54502E+00   9.14231E-01   4.96348E-01   1.26322E+00
 1.13750E+01   2.54505E+00   9.14220E-01   4.96338E-01   1.26320E+00
 1.14250E+01   2.54507E+00   9.14210E-01   4.96328E-01   1.26319E+00
 1.14750E+01   2.54509E+00   9.14199E-01   4.96319E-01   1.26317E+00
 1.15250E+01   2.54511E+00   9.14188E-01   4.96309E-01   1.26316E+00
 1.15750E+01   2.54513E+00   9.14178E-01   4.96299E-01   1.26315E+00
 1.16250E+01   2.54515E+00   9.14168E-01   4.96290E-01   1.26313E+00
 1.16750E+01   2.54517E+00   9.14158E-01   4.96280E-01   1.26312E+00
 1.17250E+01   2.54519E+00   9.14147E-01   4.96270E-01   1.26310E+00
 1.17750E+01   2.54521E+00   9.14138E-01   4.96260E-01   1.26308E+00
 1.18250E+01   2.54523E+00   9.14128E-01   4.96251E-01   1.26307E+00
 1.18750E+01   2.54524E+00   9.14118E-01   4.96241E-01   1.26305E+00
 1.19250E+01   2.54526E+00   9.14108E-01   4.96231E-01   1.26304E+00
 1.19750E+01   2.54528E+00   9.14099E-01   4.96222E-01   1.26302E+00
 1.20250E+01   2.54530E+00   9.14089E-01   4.96212E-01   1.26301E+00
 1.20750E+01   2.54531E+00   9.14080E-01   4.96203E-01   1.26299E+00
 1.21250E+01   2.54533E+00   9.14070E-01   4.96194E-01   1.26298E+00
 1.21750E+01   2.54535E+00   9.14061E-01   4.96185E-01   1.26296E+00
 1.22250E+01   2.54536E+00   9.14052E-01   4.96176E-01   1.26295E+00
 1.22750E+01   2.54537E+00   9.14043E-01   4.96167E-01   1.26293E+00
 1.23250E+01   2.54539E+00   9.14034E-01   4.96159E-01   1.26292E+00
 1.23750E+01   2.54540E+00   9.14026E-01   4.96150E-01   1.26290E+00
 1.24250E+01   2.54541E+00   9.14017E-01   4.96142E-01   1.26289E+00
 1.24750E+01   2.54543E+00   9.14009E-01   4.96133E-01   1.26287E+00
 1.25250E+01   2.54544E+00   9.14000E-01   4.96125E-01   1.26285E+00
 1.25750E+01   2.54545E+00   9.13992E-01   4.96117E-01   1.26284E+00
 1.26250E+01   2.54546E+00   9.13984E-01   4.96108E-01   1.26282E+00
 1.26750E+01   2.54547E+00   9.13976E-01   4.96100E-01   1.26281E+00
 1.27250E+01   2.54548E+00   9.13967E-01   4.96091E-01   1.26279E+00
 1.27750E+01   2.54549E+00   9.13960E-01   4.96083E-01   1.26278E+00
 1.28250E+01   2.54550E+00   9.13952E-01   4.96075E-01   1.26276E+00
 1.28750E+01   2.54551E+00   9.13944E-01   4.96067E-01   1.26274E+00
 1.29250E+01   2.54552E+00   9.13936E-01   4.96059E-01   1.26273E+00
 1.29750E+01   2.54553E+00   9.13928E-01   4.96051E-01   1.26271E+00
 1.30250E+01   2.54553E+00   9.13921E-01   4.96043E-01   1.26269E+00
 1.30750E+01   2.54554E+00   9.13913E-01   4.96035E-01   1.26268E+00
 1.31250E+01   2.54555E+00   9.13906E-01   4.96027E-01   1.26266E+00
 1.31750E+01   2.54556E+00   9.13898E-01   4.96019E-01   1.26264E+00
 1.32250E+01   2.54556E+00   9.13891E-01   4.96010E-01   1.26263E+00
 1.32750E+01   2.54557E+00   9.13883E-01   4.96002E-01   1.26261E+00
 1.33250E+01   2.54558E+00   9.13876E-01   4.95995E-01   1.26259E+00
 1.33750E+01   2.54558E+00   9.13869E-01   4.95987E-01   1.26258E+00
 1.34250E+01   2.54559E+00   9.13862E-01   4.95979E-01   1.26256E+00
 1.34750E+01   2.54560E+00   9.13855E-01   4.95971E-01   1.26254E+00
 1.35250E+01   2.54560E+00   9.13847E-01   4.95963E-01   1.26253E+00
 1.35750E+01   2.54561E+00   9.13840E-01   4.95956E-01   1.26251E+00
 1.36250E+01   2.54561E+00   9.13833E-01   4.95948E-01   1.26249E+00
 1.36750E+01   2.54562E+00   9.13827E-01   4.95940E-01   1.26247E+00
 1.37250E+01   2.54562E+00   9.13820E-01   4.95932E-01   1.26246E+00
 1.37750E+01   2.54563E+00   9.13813E-01   4.95925E-01   1.26244E+00
 1.38250E+01   2.54563E+00   9.13806E-01   4.95917E-01   1.26242E+00
 1.38750E+01   2.54564E+00   9.13799E-01   4.95910E-01   1.26241E+00
 1.39250E+01   2.54564E+00   9.13792E-01   4.95902E-01   1.26239E+00
 1.39750E+01   2.54564E+00   9.13786E-01   4.95895E-01   1.26237E+00
 1.40250E+01   2.54565E+00   9.13779E-01   4.95887E-01   1.26235E+00
 1.40750E+01   2.54565E+00   9.13773E-01   4.95880E-01   1.26234E+00
 1.41250E+01   2.54566E+00   9.13766E-01   4.95872E-01   1.26232E+00
 1.41750E+01   2.54566E+00   9.13759E-01   4.95865E-01   1.26230E+00
 1.42250E+01   2.54566E+00   9.13753E-01   4.95857E-01   1.26228E+00
 1.42750E+01   2.54566E+00   9.13747E-01   4.95850E-01   1.26227E+00
 1.43250E+01   2.54567E+00   9.13740E-01   4.95842E-01   1.26225E+00
 1.43750E+01   2.54567E+00   9.13734E-01   4.95835E-01   1.26223E+00
 1.44250E+01   2.54567E+00   9.13728E-01   4.95827E-01   1.26221E+00
 1.44750E+01   2.54567E+00   9.13722E-01   4.95820E-01   1.26219E+00
 1.45250E+01   2.54567E+00   9.13716E-01   4.95813E-01   1.26218E+00
 1.45750E+01   2.54568E+00   9.13710E-01   4.95805E-01   1.26216E+00
 1.46250E+01   2.54568E+00   9.13704E-01   4.95798E-01   1.26214E+00
 1.46750E+01   2.54568E+00   9.13698E-01   4.95791E-01   1.26212E+00
 1.47250E+01   2.54568E+00   9.13693E-01   4.95784E-01   1.26210E+00
 1.47750E+01   2.54568E+00   9.13687E-01   4.95776E-01   1.26209E+00
 1.48250E+01   2.54568E+00   9.13682E-01   4.95769E-01   1.26207E+00
 1.48750E+01   2.54568E+00   9.13676E-01   4.95762E-01   1.26205E+00
 1.49250E+01   2.54568E+00   9.13671E-01   4.95755E-01   1.26203E+00
 1.49750E+01   2.54568E+00   9.13665E-01   4.95747E-01   1.26201E+00
 1.50250E+01   2.54568E+00   9.13660E-01   4.95740E-01   1.26199E+00
 1.50750E+01   2.54567E+00   9.13655E-01   4.95733E-01   1.26197E+00
 1.51250E+01   2.54567E+00   9.13650E-01   4.95726E-01   1.26196E+00
 1.51750E+01   2.54567E+00   9.13645E-01   4.95718E-01   1.26194E+00
 1.52250E+01   2.54567E+00   9.13640E-01   4.95711E-01   1.26192E+00
 1.52750E+01   2.54567E+00   9.13635E-01   4.95704E-01   1.26190E+00
 1.53250E+01   2.54566E+00   9.13630E-01   4.95697E-01   1.26188E+00
 1.53750E+01   2.54566E+00   9.13626E-01   4.95690E-01   1.26186E+00
 1.54250E+01   2.54566E+00   9.13621E-01   4.95682E-01   1.26184E+00
 1.54750E+01   2.54566E+00   9.13617E-01   4.95675E-01   1.26182E+00
 1.55250E+01   2.54565E+00   9.13612E-01   4.95668E-01   1.26180E+00
 1.55750E+01   2.54565E+00   9.13608E-01   4.95661E-01   1.26178E+00
 1.56250E+01   2.54565E+00   9.13604E-01   4.95654E-01   1.26176E+00
 1.56750E+01   2.54565E+00   9.13599E-01   4.95647E-01   1.26174E+00
 1.57250E+01   2.54564E+00   9.13595E-01   4.95640E-01   1.26172E+00
 1.57750E+01   2.54564E+00   9.13591E-01   4.95633E-01   1.26170E+00
 1.58250E+01   2.54563E+00   9.13587E-01   4.95626E-01   1.26168E+00
 1.58750E+01   2.54563E+00   9.13583E-01   4.95619E-01   1.26166E+00
 1.59250E+01   2.54563E+00   9.13578E-01   4.95612E-01   1.26164E+00
 1.59750E+01   2.54562E+00   9.13575E-01   4.95605E-01   1.26162E+00
 1.60250E+01   2.54562E+00   9.13571E-01   4.95598E-01   1.26160E+00
 1.60750E+01   2.54561E+00   9.13567E-01   4.95590E-01   1.26158E+00
 1.61250E+01   2.54561E+00   9.13563E-01   4.95584E-01   1.26156E+00
 1.61750E+01   2.54560E+00   9.13560E-01   4.95577E-01   1.26154E+00
 1.62250E+01   2.54560E+00   9.13556E-01   4.95570E-01   1.26152E+00
 1.62750E+01   2.54560E+00   9.13552E-01   4.95563E-01   1.26150E+00
 1.63250E+01   2.54559E+00   9.13549E-01   4.95556E-01   1.26148E+00
 1.63750E+01   2.54559E+00   9.13545E-01   4.95549E-01   1.26146E+00
 1.64250E+01   2.54558E+00   9.13541E-01   4.95543E-01   1.26144E+00
 1.64750E+01   2.54558E+00   9.13538E-01   4.95536E-01   1.26143E+00
 1.65250E+01   2.54557E+00   9.13534E-01   4.95530E-01   1.26141E+00
 1.65750E+01   2.54557E+00   9.13531E-01   4.95523E-01   1.26139E+00
 1.66250E+01   2.54556E+00   9.13528E-01   4.95517E-01   1.26137E+00
 1.66750E+01   2.54556E+00   9.13525E-01   4.95511E-01   1.26135E+00
 1.67250E+01   2.54555E+00   9.13522E-01   4.95505E-01   1.26133E+00
 1.67750E+01   2.54554E+00   9.13519E-01   4.95498E-01   1.26131E+00
 1.68250E+01   2.54554E+00   9.13516E-01   4.95492E-01   1.26129E+00
 1.68750E+01   2.54553E+00   9.13513E-01   4.95486E-01   1.26127E+00
 1.69250E+01   2.54552E+00   9.13510E-01   4.95479E-01   1.26125E+00
 1.69750E+01   2.54552E+00   9.13507E-01   4.95473E-01   1.26123E+00
 1.70250E+01   2.54551E+00   9.13504E-01   4.95467E-01   1.26122E+00
 1.70750E+01   2.54550E+00   9.13501E-01   4.95460E-01   1.26120E+00
 1.71250E+01   2.54550E+00   9.13499E-01   4.95454E-01   1.26118E+00
 1.71750E+01   2.54549E+00   9.13496E-01   4.95448E-01   1.26116E+00
 1.72250E+01   2.54548E+00   9.13493E-01   4.95442E-01   1.26114E+00
 1.72750E+01   2.54547E+00   9.13490E-01   4.95436E-01   1.26112E+00
 1.73250E+01   2.54546E+00   9.13488E-01   4.95429E-01   1.26110E+00
 1.73750E+01   2.54546E+00   9.13485E-01   4.95423E-01   1.26108E+00
 1.74250E+01   2.54545E+00   9.13483E-01   4.95417E-01   1.26106E+00
 1.74750E+01   2.54544E+00   9.13480E-01   4.95410E-01   1.26104E+00
 1.75250E+01   2.54543E+00   9.13478E-01   4.95404E-01   1.26102E+00
 1.75750E+01   2.54542E+00   9.13475E-01   4.95398E-01   1.26100E+00
 1.76250E+01   2.54542E+00   9.13473E-01   4.95391E-01   1.26098E+00
 1.76750E+01   2.54541E+00   9.13470E-01   4.95385E-01   1.26096E+00
 1.77250E+01   2.54540E+00   9.13468E-01   4.95379E-01   1.26094E+00
 1.77750E+01   2.54539E+00   9.13466E-01   4.95372E-01   1.26092E+00
 1.78250E+01   2.54538E+00   9.13463E-01   4.95366E-01   1.26090E+00
 1.78750E+01   2.54537E+00   9.13461E-01   4.95360E-01   1.26088E+00
 1.79250E+01   2.54537E+00   9.13459E-01   4.95354E-01   1.26086E+00
 1.79750E+01   2.54536E+00   9.13456E-01   4.95347E-01   1.26084E+00
 1.80250E+01   2.54535E+00   9.13454E-01   4.95341E-01   1.26082E+00
 1.80750E+01   2.54534E+00   9.13452E-01   4.95335E-01   1.26080E+00
 1.81250E+01   2.54534E+00   9.13450E-01   4.95329E-01   1.26078E+00
 1.81750E+01   2.54533E+00   9.13447E-01   4.95323E-01   1.26076E+00
 1.82250E+01   2.54532E+00   9.13445E-01   4.95317E-01   1.26074E+00
 1.82750E+01   2.54531E+00   9.13443E-01   4.95310E-01   1.26072E+00
 1.83250E+01   2.54531E+00   9.13440E-01   4.95304E-01   1.26070E+00
 1.83750E+01   2.54530E+00   9.13438E-01   4.95298E-01   1.26068E+00
 1.84250E+01   2.54529E+00   9.13436E-01   4.95291E-01   1.26066E+00
 1.84750E+01   2.54528E+00   9.13434E-01   4.95285E-01   1.26064E+00
 1.85250E+01   2.54527E+00   9.13431E-01   4.95279E-01   1.26062E+00
 1.85750E+01   2.54526E+00   9.13429E-01   4.95272E-01   1.26060E+00
 1.86250E+01   2.54526E+00   9.13427E-01   4.95266E-01   1.26058E+00
 1.86750E+01   2.54525E+00   9.13425E-01   4.95260E-01   1.26056E+00
 1.87250E+01   2.54524E+00   9.13423E-01   4.95254E-01   1.26054E+00
 1.87750E+01   2.54523E+00   9.13421E-01   4.95248E-01   1.26052E+00
 1.88250E+01   2.54522E+00   9.13419E-01   4.95242E-01   1.26050E+00
 1.88750E+01   2.54521E+00   9.13417E-01   4.95236E-01   1.26048E+00
 1.89250E+01   2.54521E+00   9.13415E-01   4.95229E-01   1.26046E+00
 1.89750E+01   2.54520E+00   9.13413E-01   4.95223E-01   1.26044E+00
 1.90250E+01   2.54519E+00   9.13411E-01   4.95217E-01   1.26042E+00
 1.90750E+01   2.54518E+00   9.13409E-01   4.95211E-01   1.26040E+00
 1.91250E+01   2.54517E+00   9.13407E-01   4.95205E-01   1.26038E+00
 1.91750E+01   2.54516E+00   9.13406E-01   4.95199E-01   1.26036E+00
 1.92250E+01   2.54515E+00   9.13404E-01   4.95193E-01   1.26034E+00
 1.92750E+01   2.54514E+00   9.13402E-01   4.95187E-01   1.26032E+00
 1.93250E+01   2.54513E+00   9.13401E-01   4.95181E-01   1.26030E+00
 1.93750E+01   2.54512E+00   9.13399E-01   4.95175E-01   1.26028E+00
 1.94250E+01   2.54511E+00   9.13398E-01   4.95169E-01   1.26026E+00
 1.94750E+01   2.54510E+00   9.13397E-01   4.95163E-01   1.26024E+00
 1.95250E+01   2.54509E+00   9.13396E-01   4.95157E-01   1.26022E+00
 1.95750E+01   2.54508E+00   9.13394E-01   4.95151E-01   1.26020E+00
 1.96250E+01   2.54507E+00   9.13393E-01   4.95145E-01   1.26018E+00
 1.96750E+01   2.54506E+00   9.13392E-01   4.95140E-01   1.26016E+00
 1.97250E+01   2.54505E+00   9.13391E-01   4.95134E-01   1.26014E+00
 1.97750E+01   2.54503E+00   9.13391E-01   4.95128E-01   1.26012E+00
 1.98250E+01   2.54502E+00   9.13390E-01   4.95122E-01   1.26010E+00
 1.98750E+01   2.54501E+00   9.13389E-01   4.95116E-01   1.26007E+00
 1.99250E+01   2.54500E+00   9.13388E-01   4.95110E-01   1.26005E+00
 1.99750E+01   2.54498E+00   9.13388E-01   4.95104E-01   1.26003E+00
 2.00250E+01   2.54497E+00   9.13387E-01   4.95098E-01   1.26001E+00
 2.00750E+01   2.54496E+00   9.13387E-01   4.95092E-01   1.25999E+00
 2.01250E+01   2.54495E+00   9.13386E-01   4.95086E-01   1.25997E+00
 2.01750E+01   2.54493E+00   9.13386E-01   4.95080E-01   1.25995E+00
 2.02250E+01   2.54492E+00   9.13385E-01   4.95074E-01   1.25992E+00
 2.02750E+01   2.54491E+00   9.13385E-01   4.95068E-01   1.25990E+00
 2.03250E+01   2.54489E+00   9.13385E-01   4.95062E-01   1.25988E+00
 2.03750E+01   2.54488E+00   9.13385E-01   4.95056E-01   1.25986E+00
 2.04250E+01   2.54486E+00   9.13385E-01   4.95050E-01   1.25983E+00
 2.04750E+01   2.54485E+00   9.13384E-01   4.95044E-01   1.25981E+00
 2.05250E+01   2.54483E+00   9.13384E-01   4.95039E-01   1.25979E+00
 2.05750E+01   2.54482E+00   9.13385E-01   4.95033E-01   1.25977E+00
 2.06250E+01   2.54480E+00   9.13385E-01   4.95027E-01   1.25975E+00
 2.06750E+01   2.54479E+00   9.13385E-01   4.95021E-01   1.25972E+00
 2.07250E+01   2.54477E+00   9.13385E-01   4.95015E-01   1.25970E+00
 2.07750E+01   2.54476E+00   9.13386E-01   4.95009E-01   1.25968E+00
 2.08250E+01   2.54474E+00   9.13386E-01   4.95003E-01   1.25966E+00
 2.08750E+01   2.54473E+00   9.13387E-01   4.94997E-01   1.25963E+00
 2.09250E+01   2.54471E+00   9.13387E-01   4.94991E-01   1.25961E+00
 2.09750E+01   2.54470E+00   9.13388E-01   4.94985E-01   1.25959E+00
 2.10250E+01   2.54468E+00   9.13388E-01   4.94979E-01   1.25956E+00
 2.10750E+01   2.54466E+00   9.13389E-01   4.94974E-01   1.25954E+00
 2.11250E+01   2.54465E+00   9.13390E-01   4.94968E-01   1.25952E+00
 2.11750E+01   2.54463E+00   9.13391E-01   4.94962E-01   1.25950E+00
 2.12250E+01   2.54462E+00   9.13392E-01   4.94956E-01   1.25947E+00
 2.12750E+01   2.54460E+00   9.13393E-01   4.94950E-01   1.25945E+00
 2.13250E+01   2.54458E+00   9.13394E-01   4.94945E-01   1.25943E+00
 2.13750E+01   2.54456E+00   9.13396E-01   4.94939E-01   1.25940E+00
 2.14250E+01   2.54455E+00   9.13397E-01   4.94933E-01   1.25938E+00
 2.14750E+01   2.54453E+00   9.13398E-01   4.94928E-01   1.25936E+00
 2.15250E+01   2.54451E+00   9.13400E-01   4.94922E-01   1.25934E+00
 2.15750E+01   2.54450E+00   9.13402E-01   4.94917E-01   1.25931E+00
 2.16250E+01   2.54448E+00   9.13404E-01   4.94911E-01   1.25929E+00
 2.16750E+01   2.54446E+00   9.13405E-01   4.94906E-01   1.25927E+00
 2.17250E+01   2.54444E+00   9.13408E-01   4.94901E-01   1.25925E+00
 2.17750E+01   2.54443E+00   9.13409E-01   4.94896E-01   1.25923E+00
 2.18250E+01   2.54441E+00   9.13411E-01   4.94891E-01   1.25921E+00
 2.18750E+01   2.54439E+00   9.13414E-01   4.94886E-01   1.25918E+00
 2.19250E+01   2.54437E+00   9.13416E-01   4.94881E-01   1.25916E+00
 2.19750E+01   2.54435E+00   9.13418E-01   4.94876E-01   1.25914E+00
 2.20250E+01   2.54434E+00   9.13420E-01   4.94871E-01   1.25912E+00
 2.20750E+01   2.54432E+00   9.13422E-01   4.94866E-01   1.25910E+00
 2.21250E+01   2.54430E+00   9.13424E-01   4.94862E-01   1.25908E+00
 2.21750E+01   2.54428E+00   9.13426E-01   4.94857E-01   1.25906E+00
 2.22250E+01   2.54427E+00   9.13428E-01   4.94852E-01   1.25903E+00
 2.22750E+01   2.54425E+00   9.13431E-01   4.94847E-01   1.25901E+00
 2.23250E+01   2.54423E+00   9.13433E-01   4.94842E-01   1.25899E+00
 2.23750E+01   2.54421E+00   9.13436E-01   4.94837E-01   1.25897E+00
 2.24250E+01   2.54419E+00   9.13438E-01   4.94832E-01   1.25895E+00
 2.24750E+01   2.54418E+00   9.13440E-01   4.94828E-01   1.25893E+00
 2.25250E+01   2.54416E+00   9.13442E-01   4.94823E-01   1.25891E+00
 2.25750E+01   2.54414E+00   9.13445E-01   4.94818E-01   1.25889E+00
 2.26250E+01   2.54412E+00   9.13447E-01   4.94813E-01   1.25886E+00
 2.26750E+01   2.54410E+00   9.13450E-01   4.94808E-01   1.25884E+00
 2.27250E+01   2.54409E+00   9.13452E-01   4.94803E-01   1.25882E+00
 2.27750E+01   2.54407E+00   9.13454E-01   4.94799E-01   1.25880E+00
 2.28250E+01   2.54405E+00   9.13457E-01   4.94794E-01   1.25878E+00
 2.28750E+01   2.54403E+00   9.13459E-01   4.94789E-01   1.25876E+00
 2.29250E+01   2.54401E+00   9.13462E-01   4.94784E-01   1.25874E+00
 2.29750E+01   2.54400E+00   9.13464E-01   4.94779E-01   1.25872E+00
 2.30250E+01   2.54398E+00   9.13466E-01   4.94774E-01   1.25869E+00
 2.30750E+01   2.54396E+00   9.13469E-01   4.94769E-01   1.25867E+00
 2.31250E+01   2.54394E+00   9.13471E-01   4.94764E-01   1.25865E+00
 2.31750E+01   2.54392E+00   9.13474E-01   4.94760E-01   1.25863E+00
 2.32250E+01   2.54390E+00   9.13476E-01   4.94755E-01   1.25861E+00
 2.32750E+01   2.54389E+00   9.13478E-01   4.94750E-01   1.25859E+00
 2.33250E+01   2.54387E+00   9.13481E-01   4.94745E-01   1.25857E+00
 2.33750E+01   2.54385E+00   9.13483E-01   4.94740E-01   1.25855E+00
 2.34250E+01   2.54383E+00   9.13485E-01   4.94736E-01   1.25852E+00
 2.34750E+01   2.54382E+00   9.13487E-01   4.94731E-01   1.25850E+00
 2.35250E+01   2.54380E+00   9.13490E-01   4.94726E-01   1.25848E+00
 2.35750E+01   2.54378E+00   9.13492E-01   4.94721E-01   1.25846E+00
 2.36250E+01   2.54376E+00   9.13494E-01   4.94717E-01   1.25844E+00
 2.36750E+01   2.54375E+00   9.13496E-01   4.94712E-01   1.25842E+00
 2.37250E+01   2.54373E+00   9.13498E-01   4.94707E-01   1.25840E+00
 2.37750E+01   2.54371E+00   9.13500E-01   4.94702E-01   1.25838E+00
 2.38250E+01   2.54370E+00   9.13502E-01   4.94697E-01   1.25836E+00
 2.38750E+01   2.54368E+00   9.13503E-01   4.94693E-01   1.25834E+00
 2.39250E+01   2.54366E+00   9.13505E-01   4.94688E-01   1.25832E+00
 2.39750E+01   2.54365E+00   9.13507E-01   4.94683E-01   1.25830E+00
 2.40250E+01   2.54363E+00   9.13508E-01   4.94678E-01   1.25828E+00
 2.40750E+01   2.54362E+00   9.13510E-01   4.94673E-01   1.25826E+00
 2.41250E+01   2.54361E+00   9.13511E-01   4.94669E-01   1.25824E+00
 2.41750E+01   2.54359E+00   9.13512E-01   4.94664E-01   1.25822E+00
 2.42250E+01   2.54358E+00   9.13513E-01   4.94659E-01   1.25820E+00
 2.42750E+01   2.54356E+00   9.13514E-01   4.94654E-01   1.25818E+00
 2.43250E+01   2.54355E+00   9.13514E-01   4.94649E-01   1.25817E+00
 2.43750E+01   2.54354E+00   9.13514E-01   4.94644E-01   1.25815E+00
 2.44250E+01   2.54353E+00   9.13515E-01   4.94639E-01   1.25813E+00
 2.44750E+01   2.54352E+00   9.13515E-01   4.94634E-01   1.25811E+00
 2.45250E+01   2.54351E+00   9.13514E-01   4.94630E-01   1.25809E+00
 2.45750E+01   2.54350E+00   9.13514E-01   4.94625E-01   1.25808E+00
 2.46250E+01   2.54349E+00   9.13514E-01   4.94619E-01   1.25806E+00
 2.46750E+01   2.54348E+00   9.13513E-01   4.94614E-01   1.25804E+00
 2.47250E+01   2.54347E+00   9.13512E-01   4.94609E-01   1.25802E+00
 2.47750E+01   2.54346E+00   9.13511E-01   4.94604E-01   1.25801E+00
 2.48250E+01   2.54346E+00   9.13510E-01   4.94598E-01   1.25799E+00
 2.48750E+01   2.54345E+00   9.13508E-01   4.94593E-01   1.25797E+00
 2.49250E+01   2.54345E+00   9.13506E-01   4.94587E-01   1.25796E+00
 2.49750E+01   2.54344E+00   9.13504E-01   4.94582E-01   1.25794E+00
 2.50250E+01   2.54344E+00   9.13502E-01   4.94577E-01   1.25793E+00
 2.50750E+01   2.54344E+00   9.13499E-01   4.94572E-01   1.25791E+00
 2.51250E+01   2.54344E+00   9.13496E-01   4.94567E-01   1.25790E+00
 2.51750E+01   2.54344E+00   9.13493E-01   4.94562E-01   1.25789E+00
 2.52250E+01   2.54344E+00   9.13489E-01   4.94557E-01   1.25788E+00
 2.52750E+01   2.54345E+00   9.13485E-01   4.94552E-01   1.25787E+00
 2.53250E+01   2.54345E+00   9.13481E-01   4.94547E-01   1.25786E+00
 2.53750E+01   2.54346E+00   9.13477E-01   4.94542E-01   1.25785E+00
 2.54250E+01   2.54346E+00   9.13472E-01   4.94538E-01   1.25784E+00
 2.54750E+01   2.54347E+00   9.13467E-01   4.94533E-01   1.25783E+00
 2.55250E+01   2.54348E+00   9.13462E-01   4.94528E-01   1.25782E+00
 2.55750E+01   2.54349E+00   9.13456E-01   4.94524E-01   1.25782E+00
 2.56250E+01   2.54350E+00   9.13450E-01   4.94519E-01   1.25781E+00
 2.56750E+01   2.54351E+00   9.13444E-01   4.94515E-01   1.25780E+00
 2.57250E+01   2.54352E+00   9.13437E-01   4.94510E-01   1.25780E+00
 2.57750E+01   2.54354E+00   9.13430E-01   4.94506E-01   1.25779E+00
 2.58250E+01   2.54355E+00   9.13422E-01   4.94501E-01   1.25779E+00
 2.58750E+01   2.54357E+00   9.13414E-01   4.94496E-01   1.25778E+00
 2.59250E+01   2.54358E+00   9.13406E-01   4.94492E-01   1.25778E+00
 2.59750E+01   2.54360E+00   9.13397E-01   4.94487E-01   1.25778E+00
 2.60250E+01   2.54362E+00   9.13388E-01   4.94482E-01   1.25778E+00
 2.60750E+01   2.54364E+00   9.13378E-01   4.94478E-01   1.25777E+00
 2.61250E+01   2.54366E+00   9.13368E-01   4.94473E-01   1.25777E+00
 2.61750E+01   2.54369E+00   9.13358E-01   4.94468E-01   1.25777E+00
 2.62250E+01   2.54371E+00   9.13347E-01   4.94463E-01   1.25777E+00
 2.62750E+01   2.54374E+00   9.13336E-01   4.94458E-01   1.25777E+00
 2.63250E+01   2.54376E+00   9.13324E-01   4.94454E-01   1.25777E+00
 2.63750E+01   2.54379E+00   9.13311E-01   4.94449E-01   1.25777E+00
 2.64250E+01   2.54382E+00   9.13299E-01   4.94444E-01   1.25778E+00
 2.64750E+01   2.54385E+00   9.13285E-01   4.94439E-01   1.25778E+00
 2.65250E+01   2.54389E+00   9.13271E-01   4.94434E-01   1.25778E+00
 2.65750E+01   2.54392E+00   9.13257E-01   4.94429E-01   1.25779E+00
 2.66250E+01   2.54395E+00   9.13243E-01   4.94424E-01   1.25779E+00
 2.66750E+01   2.54399E+00   9.13227E-01   4.94419E-01   1.25780E+00
 2.67250E+01   2.54403E+00   9.13211E-01   4.94414E-01   1.25780E+00
 2.67750E+01   2.54407E+00   9.13195E-01   4.94410E-01   1.25781E+00
 2.68250E+01   2.54411E+00   9.13178E-01   4.94405E-01   1.25782E+00
 2.68750E+01   2.54415E+00   9.13161E-01   4.94400E-01   1.25783E+00
 2.69250E+01   2.54420E+00   9.13143E-01   4.94395E-01   1.25784E+00
 2.69750E+01   2.54424E+00   9.13125E-01   4.94390E-01   1.25785E+00
 2.70250E+01   2.54429E+00   9.13106E-01   4.94385E-01   1.25786E+00
 2.70750E+01   2.54434E+00   9.13086E-01   4.94380E-01   1.25787E+00
 2.71250E+01   2.54439E+00   9.13066E-01   4.94375E-01   1.25788E+00
 2.71750E+01   2.54444E+00   9.13046E-01   4.94370E-01   1.25790E+00
 2.72250E+01   2.54450E+00   9.13025E-01   4.94365E-01   1.25791E+00
 2.72750E+01   2.54455E+00   9.13003E-01   4.94360E-01   1.25793E+00
 2.73250E+01   2.54461E+00   9.12980E-01   4.94356E-01   1.25794E+00
 2.73750E+01   2.54466E+00   9.12957E-01   4.94351E-01   1.25796E+00
 2.74250E+01   2.54472E+00   9.12934E-01   4.94345E-01   1.25797E+00
 2.74750E+01   2.54479E+00   9.12910E-01   4.94340E-01   1.25799E+00
 2.75250E+01   2.54485E+00   9.12885E-01   4.94335E-01   1.25801E+00
 2.75750E+01   2.54491E+00   9.12860E-01   4.94330E-01   1.25803E+00
 2.76250E+01   2.54498E+00   9.12834E-01   4.94324E-01   1.25805E+00
 2.76750E+01   2.54505E+00   9.12808E-01   4.94319E-01   1.25807E+00
 2.77250E+01   2.54512E+00   9.12781E-01   4.94314E-01   1.25809E+00
 2.77750E+01   2.54519E+00   9.12754E-01   4.94309E-01   1.25811E+00
 2.78250E+01   2.54526E+00   9.12726E-01   4.94303E-01   1.25813E+00
 2.78750E+01   2.54533E+00   9.12698E-01   4.94298E-01   1.25815E+00
 2.79250E+01   2.54541E+00   9.12669E-01   4.94293E-01   1.25818E+00
 2.79750E+01   2.54549E+00   9.12639E-01   4.94288E-01   1.25820E+00
 2.80250E+01   2.54557E+00   9.12609E-01   4.94283E-01   1.25823E+00
 2.80750E+01   2.54565E+00   9.12578E-01   4.94277E-01   1.25825E+00
 2.81250E+01   2.54573E+00   9.12547E-01   4.94272E-01   1.25828E+00
 2.81750E+01   2.54581E+00   9.12515E-01   4.94267E-01   1.25831E+00
 2.82250E+01   2.54590E+00   9.12483E-01   4.94261E-01   1.25834E+00
 2.82750E+01   2.54598E+00   9.12450E-01   4.94256E-01   1.25837E+00
 2.83250E+01   2.54607E+00   9.12417E-01   4.94251E-01   1.25840E+00
 2.83750E+01   2.54616E+00   9.12383E-01   4.94245E-01   1.25843E+00
 2.84250E+01   2.54625E+00   9.12349E-01   4.94240E-01   1.25846E+00
 2.84750E+01   2.54634E+00   9.12314E-01   4.94235E-01   1.25849E+00
 2.85250E+01   2.54644E+00   9.12279E-01   4.94229E-01   1.25852E+00
 2.85750E+01   2.54654E+00   9.12243E-01   4.94224E-01   1.25856E+00
 2.86250E+01   2.54663E+00   9.12206E-01   4.94218E-01   1.25859E+00
 2.86750E+01   2.54673E+00   9.12169E-01   4.94212E-01   1.25863E+00
 2.87250E+01   2.54683E+00   9.12132E-01   4.94207E-01   1.25866E+00
 2.87750E+01   2.54694E+00   9.12094E-01   4.94201E-01   1.25870E+00
 2.88250E+01   2.54704E+00   9.12055E-01   4.94195E-01   1.25873E+00
 2.88750E+01   2.54715E+00   9.12017E-01   4.94189E-01   1.25877E+00
 2.89250E+01   2.54725E+00   9.11977E-01   4.94183E-01   1.25881E+00
 2.89750E+01   2.54736E+00   9.11938E-01   4.94177E-01   1.25885E+00
 2.90250E+01   2.54747E+00   9.11898E-01   4.94171E-01   1.25889E+00
 2.90750E+01   2.54759E+00   9.11857E-01   4.94166E-01   1.25893E+00
 2.91250E+01   2.54770E+00   9.11816E-01   4.94160E-01   1.25897E+00
 2.91750E+01   2.54781E+00   9.11774E-01   4.94154E-01   1.25901E+00
 2.92250E+01   2.54793E+00   9.11732E-01   4.94148E-01   1.25905E+00
 2.92750E+01   2.54805E+00   9.11690E-01   4.94142E-01   1.25910E+00
 2.93250E+01   2.54817E+00   9.11646E-01   4.94136E-01   1.25914E+00
 2.93750E+01   2.54829E+00   9.11603E-01   4.94130E-01   1.25919E+00
 2.94250E+01   2.54841E+00   9.11559E-01   4.94124E-01   1.25923E+00
 2.94750E+01   2.54853E+00   9.11515E-01   4.94118E-01   1.25928E+00
 2.95250E+01   2.54866E+00   9.11470E-01   4.94112E-01   1.25932E+00
 2.95750E+01   2.54878E+00   9.11425E-01   4.94107E-01   1.25937E+00
 2.96250E+01   2.54891E+00   9.11379E-01   4.94101E-01   1.25942E+00
 2.96750E+01   2.54904E+00   9.11333E-01   4.94095E-01   1.25947E+00
 2.97250E+01   2.54917E+00   9.11287E-01   4.94089E-01   1.25951E+00
 2.97750E+01   2.54930E+00   9.11240E-01   4.94083E-01   1.25956E+00
 2.98250E+01   2.54943E+00   9.11193E-01   4.94077E-01   1.25961E+00
 2.98750E+01   2.54956E+00   9.11145E-01   4.94071E-01   1.25966E+00
 2.99250E+01   2.54970E+00   9.11097E-01   4.94065E-01   1.25972E+00
 2.99750E+01   2.54983E+00   9.11049E-01   4.94059E-01   1.25977E+00
 3.00250E+01   2.54997E+00   9.11000E-01   4.94053E-01   1.25982E+00
 3.00750E+01   2.55010E+00   9.10952E-01   4.94047E-01   1.25987E+00
 3.01250E+01   2.55024E+00   9.10903E-01   4.94041E-01   1.25992E+00
 3.01750E+01   2.55038E+00   9.10853E-01   4.94035E-01   1.25998E+00
 3.02250E+01   2.55052E+00   9.10804E-01   4.94029E-01   1.26003E+00
 3.02750E+01   2.55066E+00   9.10754E-01   4.94023E-01   1.26008E+00
 3.03250E+01   2.55080E+00   9.10704E-01   4.94017E-01   1.26014E+00
 3.03750E+01   2.55094E+00   9.10653E-01   4.94011E-01   1.26019E+00
 3.04250E+01   2.55109E+00   9.10603E-01   4.94005E-01   1.26025E+00
 3.04750E+01   2.55123E+00   9.10552E-01   4.93999E-01   1.26030E+00
 3.05250E+01   2.55137E+00   9.10501E-01   4.93993E-01   1.26036E+00
 3.05750E+01   2.55152E+00   9.10450E-01   4.93987E-01   1.26042E+00
 3.06250E+01   2.55166E+00   9.10399E-01   4.93981E-01   1.26047E+00
 3.06750E+01   2.55181E+00   9.10347E-01   4.93975E-01   1.26053E+00
 3.07250E+01   2.55196E+00   9.10296E-01   4.93969E-01   1.26059E+00
 3.07750E+01   2.55210E+00   9.10244E-01   4.93963E-01   1.26064E+00
 3.08250E+01   2.55225E+00   9.10192E-01   4.93957E-01   1.26070E+00
 3.08750E+01   2.55240E+00   9.10141E-01   4.93951E-01   1.26076E+00
 3.09250E+01   2.55254E+00   9.10089E-01   4.93945E-01   1.26082E+00
 3.09750E+01   2.55269E+00   9.10037E-01   4.93939E-01   1.26088E+00
 3.10250E+01   2.55284E+00   9.09985E-01   4.93934E-01   1.26093E+00
 3.10750E+01   2.55299E+00   9.09933E-01   4.93928E-01   1.26099E+00
 3.11250E+01   2.55314E+00   9.09882E-01   4.93922E-01   1.26105E+00
 3.11750E+01   2.55329E+00   9.09830E-01   4.93916E-01   1.26111E+00
 3.12250E+01   2.55343E+00   9.09778E-01   4.93910E-01   1.26117E+00
 3.12750E+01   2.55358E+00   9.09726E-01   4.93904E-01   1.26123E+00
 3.13250E+01   2.55373E+00   9.09674E-01   4.93898E-01   1.26128E+00
 3.13750E+01   2.55388E+00   9.09622E-01   4.93892E-01   1.26134E+00
 3.14250E+01   2.55403E+00   9.09571E-01   4.93886E-01   1.26140E+00
 3.14750E+01   2.55418E+00   9.09519E-01   4.93880E-01   1.26146E+00
 3.15250E+01   2.55433E+00   9.09467E-01   4.93875E-01   1.26152E+00
 3.15750E+01   2.55448E+00   9.09416E-01   4.93869E-01   1.26158E+00
 3.16250E+01   2.55463E+00   9.09365E-01   4.93862E-01   1.26164E+00
 3.16750E+01   2.55478E+00   9.09313E-01   4.93856E-01   1.26170E+00
 3.17250E+01   2.55493E+00   9.09262E-01   4.93850E-01   1.26175E+00
 3.17750E+01   2.55508E+00   9.09211E-01   4.93843E-01   1.26181E+00
 3.18250E+01   2.55523E+00   9.09161E-01   4.93837E-01   1.26187E+00
 3.18750E+01   2.55538E+00   9.09110E-01   4.93831E-01   1.26192E+00
 3.19250E+01   2.55553E+00   9.09060E-01   4.93824E-01   1.26198E+00
 3.19750E+01   2.55568E+00   9.09010E-01   4.93818E-01   1.26204E+00
 3.20250E+01   2.55583E+00   9.08960E-01   4.93811E-01   1.26210E+00
 3.20750E+01   2.55597E+00   9.08910E-01   4.93805E-01   1.26215E+00
 3.21250E+01   2.55612E+00   9.08861E-01   4.93799E-01   1.26221E+00
 3.21750E+01   2.55627E+00   9.08811E-01   4.93792E-01   1.26227E+00
 3.22250E+01   2.55641E+00   9.08762E-01   4.93786E-01   1.26232E+00
 3.22750E+01   2.55656E+00   9.08713E-01   4.93779E-01   1.26238E+00
 3.23250E+01   2.55670E+00   9.08665E-01   4.93773E-01   1.26243E+00
 3.23750E+01   2.55685E+00   9.08617E-01   4.93766E-01   1.26248E+00
 3.24250E+01   2.55699E+00   9.08569E-01   4.93759E-01   1.26254E+00
 3.24750E+01   2.55713E+00   9.08521E-01   4.93752E-01   1.26259E+00
 3.25250E+01   2.55727E+00   9.08474E-01   4.93745E-01   1.26264E+00
 3.25750E+01   2.55742E+00   9.08427E-01   4.93738E-01   1.26269E+00
 3.26250E+01   2.55756E+00   9.08381E-01   4.93731E-01   1.26274E+00
 3.26750E+01   2.55770E+00   9.08334E-01   4.93723E-01   1.26279E+00
 3.27250E+01   2.55784E+00   9.08288E-01   4.93716E-01   1.26285E+00
 3.27750E+01   2.55798E+00   9.08243E-01   4.93709E-01   1.26289E+00
 3.28250E+01   2.55812E+00   9.08197E-01   4.93701E-01   1.26294E+00
 3.28750E+01   2.55825E+00   9.08152E-01   4.93694E-01   1.26299E+00
 3.29250E+01   2.55839E+00   9.08107E-01   4.93686E-01   1.26304E+00
 3.29750E+01   2.55853E+00   9.08063E-01   4.93678E-01   1.26309E+00
 3.30250E+01   2.55866E+00   9.08019E-01   4.93671E-01   1.26314E+00
 3.30750E+01   2.55879E+00   9.07976E-01   4.93663E-01   1.26318E+00
 3.31250E+01   2.55893E+00   9.07933E-01   4.93655E-01   1.26323E+00
 3.31750E+01   2.55906E+00   9.07890E-01   4.93647E-01   1.26327E+00
 3.32250E+01   2.55919E+00   9.07848E-01   4.93640E-01   1.26332E+00
 3.32750E+01   2.55932E+00   9.07806E-01   4.93632E-01   1.26336E+00
 3.33250E+01   2.55945E+00   9.07765E-01   4.93624E-01   1.26340E+00
 3.33750E+01   2.55958E+00   9.07724E-01   4.93616E-01   1.26345E+00
 3.34250E+01   2.55970E+00   9.07684E-01   4.93607E-01   1.26349E+00
 3.34750E+01   2.55983E+00   9.07644E-01   4.93599E-01   1.26353E+00
 3.35250E+01   2.55995E+00   9.07605E-01   4.93591E-01   1.26357E+00
 3.35750E+01   2.56008E+00   9.07566E-01   4.93582E-01   1.26361E+00
 3.36250E+01   2.56020E+00   9.07527E-01   4.93573E-01   1.26365E+00
 3.36750E+01   2.56033E+00   9.07489E-01   4.93565E-01   1.26369E+00
 3.37250E+01   2.56045E+00   9.07451E-01   4.93556E-01   1.26372E+00
 3.37750E+01   2.56057E+00   9.07414E-01   4.93547E-01   1.26376E+00
 3.38250E+01   2.56069E+00   9.07377E-01   4.93538E-01   1.26380E+00
 3.38750E+01   2.56081E+00   9.07340E-01   4.93529E-01   1.26383E+00
 3.39250E+01   2.56093E+00   9.07304E-01   4.93520E-01   1.26387E+00
 3.39750E+01   2.56105E+00   9.07269E-01   4.93511E-01   1.26390E+00
 3.40250E+01   2.56116E+00   9.07234E-01   4.93502E-01   1.26394E+00
 3.40750E+01   2.56128E+00   9.07200E-01   4.93492E-01   1.26397E+00
 3.41250E+01   2.56139E+00   9.07166E-01   4.93483E-01   1.26401E+00
 3.41750E+01   2.56151E+00   9.07133E-01   4.93474E-01   1.26404E+00
 3.42250E+01   2.56162E+00   9.07100E-01   4.93465E-01   1.26407E+00
 3.42750E+01   2.56173E+00   9.07067E-01   4.93456E-01   1.26410E+00
 3.43250E+01   2.56184E+00   9.07035E-01   4.93447E-01   1.26413E+00
 3.43750E+01   2.56195E+00   9.07004E-01   4.93437E-01   1.26416E+00
 3.44250E+01   2.56206E+00   9.06973E-01   4.93428E-01   1.26419E+00
 3.44750E+01   2.56217E+00   9.06942E-01   4.93419E-01   1.26422E+00
 3.45250E+01   2.56227E+00   9.06912E-01   4.93410E-01   1.26425E+00
 3.45750E+01   2.56238E+00   9.06883E-01   4.93401E-01   1.26428E+00
 3.46250E+01   2.56248E+00   9.06853E-01   4.93392E-01   1.26431E+00
 3.46750E+01   2.56258E+00   9.06825E-01   4.93383E-01   1.26434E+00
 3.47250E+01   2.56269E+00   9.06796E-01   4.93374E-01   1.26436E+00
 3.47750E+01   2.56278E+00   9.06769E-01   4.93365E-01   1.26439E+00
 3.48250E+01   2.56288E+00   9.06741E-01   4.93356E-01   1.26441E+00
 3.48750E+01   2.56298E+00   9.06714E-01   4.93347E-01   1.26444E+00
 3.49250E+01   2.56308E+00   9.06688E-01   4.93338E-01   1.26446E+00
 3.49750E+01   2.56317E+00   9.06662E-01   4.93329E-01   1.26449E+00
 3.50250E+01   2.56326E+00   9.06637E-01   4.93320E-01   1.26451E+00
 3.50750E+01   2.56336E+00   9.06612E-01   4.93312E-01   1.26453E+00
 3.51250E+01   2.56345E+00   9.06587E-01   4.93303E-01   1.26456E+00
 3.51750E+01   2.56354E+00   9.06562E-01   4.93294E-01   1.26458E+00
 3.52250E+01   2.56363E+00   9.06538E-01   4.93285E-01   1.26460E+00
 3.52750E+01   2.56372E+00   9.06515E-01   4.93276E-01   1.26462E+00
 3.53250E+01   2.56380E+00   9.06492E-01   4.93267E-01   1.26464E+00
 3.53750E+01   2.56389E+00   9.06469E-01   4.93258E-01   1.26466E+00
 3.54250E+01   2.56397E+00   9.06447E-01   4.93249E-01   1.26468E+00
 3.54750E+01   2.56406E+00   9.06425E-01   4.93240E-01   1.26469E+00
 3.55250E+01   2.56414E+00   9.06403E-01   4.93231E-01   1.26471E+00
 3.55750E+01   2.56422E+00   9.06382E-01   4.93222E-01   1.26473E+00
 3.56250E+01   2.56430E+00   9.06361E-01   4.93213E-01   1.26475E+00
 3.56750E+01   2.56438E+00   9.06341E-01   4.93204E-01   1.26476E+00
 3.57250E+01   2.56446E+00   9.06321E-01   4.93194E-01   1.26478E+00
 3.57750E+01   2.56453E+00   9.06302E-01   4.93185E-01   1.26479E+00
 3.58250E+01   2.56461E+00   9.06282E-01   4.93176E-01   1.26480E+00
 3.58750E+01   2.56468E+00   9.06264E-01   4.93167E-01   1.26482E+00
 3.59250E+01   2.56476E+00   9.06245E-01   4.93157E-01   1.26483E+00
 3.59750E+01   2.56483E+00   9.06227E-01   4.93147E-01   1.26484E+00
 3.60250E+01   2.56490E+00   9.06209E-01   4.93137E-01   1.26485E+00
 3.60750E+01   2.56497E+00   9.06192E-01   4.93128E-01   1.26486E+00
 3.61250E+01   2.56504E+00   9.06175E-01   4.93118E-01   1.26487E+00
 3.61750E+01   2.56511E+00   9.06159E-01   4.93108E-01   1.26488E+00
 3.62250E+01   2.56518E+00   9.06143E-01   4.93098E-01   1.26489E+00
 3.62750E+01   2.56525E+00   9.06127E-01   4.93088E-01   1.26489E+00
 3.63250E+01   2.56532E+00   9.06111E-01   4.93078E-01   1.26490E+00
 3.63750E+01   2.56538E+00   9.06096E-01   4.93068E-01   1.26491E+00
 3.64250E+01   2.56545E+00   9.06081E-01   4.93059E-01   1.26492E+00
 3.64750E+01   2.56551E+00   9.06067E-01   4.93049E-01   1.26492E+00
 3.65250E+01   2.56557E+00   9.06052E-01   4.93039E-01   1.26493E+00
 3.65750E+01   2.56563E+00   9.06039E-01   4.93029E-01   1.26493E+00
 3.66250E+01   2.56569E+00   9.06025E-01   4.93019E-01   1.26494E+00
 3.66750E+01   2.56575E+00   9.06012E-01   4.93009E-01   1.26494E+00
 3.67250E+01   2.56581E+00   9.05999E-01   4.92999E-01   1.26494E+00
 3.67750E+01   2.56587E+00   9.05986E-01   4.92989E-01   1.26495E+00
 3.68250E+01   2.56593E+00   9.05974E-01   4.92979E-01   1.26495E+00
 3.68750E+01   2.56599E+00   9.05962E-01   4.92969E-01   1.26495E+00
 3.69250E+01   2.56604E+00   9.05950E-01   4.92959E-01   1.26495E+00
 3.69750E+01   2.56610E+00   9.05939E-01   4.92950E-01   1.26496E+00
 3.70250E+01   2.56615E+00   9.05927E-01   4.92940E-01   1.26496E+00
 3.70750E+01   2.56620E+00   9.05917E-01   4.92930E-01   1.26496E+00
 3.71250E+01   2.56626E+00   9.05906E-01   4.92920E-01   1.26496E+00
 3.71750E+01   2.56631E+00   9.05895E-01   4.92910E-01   1.26496E+00
 3.72250E+01   2.56636E+00   9.05885E-01   4.92900E-01   1.26496E+00
 3.72750E+01   2.56641E+00   9.05875E-01   4.92890E-01   1.26496E+00
 3.73250E+01   2.56646E+00   9.05865E-01   4.92880E-01   1.26496E+00
 3.73750E+01   2.56651E+00   9.05856E-01   4.92871E-01   1.26496E+00
 3.74250E+01   2.56656E+00   9.05847E-01   4.92861E-01   1.26496E+00
 3.74750E+01   2.56660E+00   9.05838E-01   4.92851E-01   1.26495E+00
 3.75250E+01   2.56665E+00   9.05830E-01   4.92841E-01   1.26495E+00
 3.75750E+01   2.56670E+00   9.05821E-01   4.92832E-01   1.26495E+00
 3.76250E+01   2.56674E+00   9.05813E-01   4.92822E-01   1.26495E+00
 3.76750E+01   2.56679E+00   9.05805E-01   4.92812E-01   1.26495E+00
 3.77250E+01   2.56684E+00   9.05796E-01   4.92803E-01   1.26494E+00
 3.77750E+01   2.56688E+00   9.05789E-01   4.92794E-01   1.26494E+00
 3.78250E+01   2.56692E+00   9.05781E-01   4.92785E-01   1.26494E+00
 3.78750E+01   2.56696E+00   9.05774E-01   4.92777E-01   1.26494E+00
 3.79250E+01   2.56700E+00   9.05767E-01   4.92768E-01   1.26494E+00
 3.79750E+01   2.56704E+00   9.05760E-01   4.92760E-01   1.26493E+00
 3.80250E+01   2.56708E+00   9.05753E-01   4.92752E-01   1.26493E+00
 3.80750E+01   2.56711E+00   9.05746E-01   4.92745E-01   1.26493E+00
 3.81250E+01   2.56715E+00   9.05740E-01   4.92737E-01   1.26493E+00
 3.81750E+01   2.56718E+00   9.05733E-01   4.92730E-01   1.26493E+00
 3.82250E+01   2.56722E+00   9.05727E-01   4.92723E-01   1.26493E+00
 3.82750E+01   2.56725E+00   9.05721E-01   4.92716E-01   1.26492E+00
 3.83250E+01   2.56728E+00   9.05715E-01   4.92709E-01   1.26492E+00
 3.83750E+01   2.56731E+00   9.05709E-01   4.92702E-01   1.26492E+00
 3.84250E+01   2.56734E+00   9.05703E-01   4.92695E-01   1.26492E+00
 3.84750E+01   2.56737E+00   9.05698E-01   4.92689E-01   1.26492E+00
 3.85250E+01   2.56740E+00   9.05693E-01   4.92683E-01   1.26491E+00
 3.85750E+01   2.56743E+00   9.05687E-01   4.92677E-01   1.26491E+00
 3.86250E+01   2.56745E+00   9.05682E-01   4.92672E-01   1.26491E+00
 3.86750E+01   2.56748E+00   9.05677E-01   4.92666E-01   1.26491E+00
 3.87250E+01   2.56750E+00   9.05672E-01   4.92660E-01   1.26491E+00
 3.87750E+01   2.56753E+00   9.05667E-01   4.92654E-01   1.26490E+00
 3.88250E+01   2.56755E+00   9.05662E-01   4.92648E-01   1.26490E+00
 3.88750E+01   2.56758E+00   9.05658E-01   4.92642E-01   1.26490E+00
 3.89250E+01   2.56760E+00   9.05653E-01   4.92637E-01   1.26489E+00
 3.89750E+01   2.56763E+00   9.05649E-01   4.92631E-01   1.26489E+00
 3.90250E+01   2.56765E+00   9.05645E-01   4.92625E-01   1.26489E+00
 3.90750E+01   2.56767E+00   9.05640E-01   4.92619E-01   1.26488E+00
 3.91250E+01   2.56769E+00   9.05636E-01   4.92614E-01   1.26488E+00
 3.91750E+01   2.56772E+00   9.05632E-01   4.92608E-01   1.26488E+00
 3.92250E+01   2.56774E+00   9.05629E-01   4.92602E-01   1.26487E+00
 3.92750E+01   2.56776E+00   9.05625E-01   4.92597E-01   1.26487E+00
 3.93250E+01   2.56778E+00   9.05622E-01   4.92591E-01   1.26486E+00
 3.93750E+01   2.56780E+00   9.05618E-01   4.92585E-01   1.26486E+00
 3.94250E+01   2.56782E+00   9.05615E-01   4.92579E-01   1.26485E+00
 3.94750E+01   2.56784E+00   9.05612E-01   4.92573E-01   1.26485E+00
 3.95250E+01   2.56786E+00   9.05609E-01   4.92568E-01   1.26484E+00
 3.95750E+01   2.56788E+00   9.05606E-01   4.92562E-01   1.26484E+00
 3.96250E+01   2.56790E+00   9.05604E-01   4.92556E-01   1.26483E+00
 3.96750E+01   2.56792E+00   9.05601E-01   4.92551E-01   1.26483E+00
 3.97250E+01   2.56793E+00   9.05598E-01   4.92545E-01   1.26482E+00
 3.97750E+01   2.56795E+00   9.05595E-01   4.92539E-01   1.26482E+00
 3.98250E+01   2.56797E+00   9.05592E-01   4.92534E-01   1.26481E+00
 3.98750E+01   2.56799E+00   9.05590E-01   4.92528E-01   1.26481E+00
 3.99250E+01   2.56801E+00   9.05588E-01   4.92522E-01   1.26480E+00
 3.99750E+01   2.56802E+00   9.05585E-01   4.92517E-01   1.26480E+00
 4.00250E+01   2.56804E+00   9.05584E-01   4.92511E-01   1.26479E+00
 4.00750E+01   2.56806E+00   9.05581E-01   4.92506E-01   1.26478E+00
 4.01250E+01   2.56807E+00   9.05580E-01   4.92500E-01   1.26478E+00
 4.01750E+01   2.56809E+00   9.05578E-01   4.92495E-01   1.26477E+00
 4.02250E+01   2.56810E+00   9.05576E-01   4.92490E-01   1.26476E+00
 4.02750E+01   2.56812E+00   9.05575E-01   4.92485E-01   1.26476E+00
 4.03250E+01   2.56813E+00   9.05573E-01   4.92480E-01   1.26475E+00
 4.03750E+01   2.56814E+00   9.05571E-01   4.92476E-01   1.26475E+00
 4.04250E+01   2.56815E+00   9.05569E-01   4.92472E-01   1.26474E+00
 4.04750E+01   2.56816E+00   9.05568E-01   4.92468E-01   1.26474E+00
 4.05250E+01   2.56818E+00   9.05566E-01   4.92464E-01   1.26474E+00
 4.05750E+01   2.56819E+00   9.05564E-01   4.92461E-01   1.26473E+00
 4.06250E+01   2.56820E+00   9.05562E-01   4.92457E-01   1.26473E+00
 4.06750E+01   2.56821E+00   9.05560E-01   4.92454E-01   1.26472E+00
 4.07250E+01   2.56822E+00   9.05558E-01   4.92451E-01   1.26472E+00
 4.07750E+01   2.56823E+00   9.05556E-01   4.92447E-01   1.26472E+00
 4.08250E+01   2.56824E+00   9.05555E-01   4.92444E-01   1.26471E+00
 4.08750E+01   2.56825E+00   9.05553E-01   4.92441E-01   1.26471E+00
 4.09250E+01   2.56825E+00   9.05551E-01   4.92438E-01   1.26470E+00
 4.09750E+01   2.56826E+00   9.05549E-01   4.92434E-01   1.26470E+00
 4.10250E+01   2.56827E+00   9.05547E-01   4.92431E-01   1.26470E+00
 4.10750E+01   2.56828E+00   9.05546E-01   4.92428E-01   1.26469E+00
 4.11250E+01   2.56829E+00   9.05544E-01   4.92425E-01   1.26469E+00
 4.11750E+01   2.56830E+00   9.05542E-01   4.92422E-01   1.26469E+00
 4.12250E+01   2.56831E+00   9.05541E-01   4.92419E-01   1.26468E+00
 4.12750E+01   2.56832E+00   9.05539E-01   4.92416E-01   1.26468E+00
 4.13250E+01   2.56833E+00   9.05537E-01   4.92413E-01   1.26468E+00
 4.13750E+01   2.56833E+00   9.05535E-01   4.92410E-01   1.26467E+00
 4.14250E+01   2.56834E+00   9.05534E-01   4.92406E-01   1.26467E+00
 4.14750E+01   2.56835E+00   9.05532E-01   4.92403E-01   1.26466E+00
 4.15250E+01   2.56836E+00   9.05531E-01   4.92400E-01   1.26466E+00
 4.15750E+01   2.56836E+00   9.05530E-01   4.92397E-01   1.26465E+00
 4.16250E+01   2.56837E+00   9.05528E-01   4.92394E-01   1.26465E+00
 4.16750E+01   2.56838E+00   9.05527E-01   4.92392E-01   1.26465E+00
 4.17250E+01   2.56838E+00   9.05526E-01   4.92389E-01   1.26464E+00
 4.17750E+01   2.56839E+00   9.05524E-01   4.92387E-01   1.26464E+00
 4.18250E+01   2.56840E+00   9.05523E-01   4.92385E-01   1.26464E+00
 4.18750E+01   2.56840E+00   9.05522E-01   4.92383E-01   1.26464E+00
 4.19250E+01   2.56841E+00   9.05520E-01   4.92381E-01   1.26463E+00
 4.19750E+01   2.56841E+00   9.05519E-01   4.92379E-01   1.26463E+00
 4.20250E+01   2.56841E+00   9.05518E-01   4.92377E-01   1.26463E+00
 4.20750E+01   2.56842E+00   9.05517E-01   4.92375E-01   1.26462E+00
 4.21250E+01   2.56842E+00   9.05516E-01   4.92374E-01   1.26462E+00
 4.21750E+01   2.56842E+00   9.05515E-01   4.92372E-01   1.26462E+00
 4.22250E+01   2.56843E+00   9.05514E-01   4.92370E-01   1.26462E+00
 4.22750E+01   2.56843E+00   9.05513E-01   4.92368E-01   1.26461E+00
 4.23250E+01   2.56843E+00   9.05513E-01   4.92366E-01   1.26461E+00
 4.23750E+01   2.56844E+00   9.05512E-01   4.92364E-01   1.26461E+00
 4.24250E+01   2.56844E+00   9.05511E-01   4.92362E-01   1.26460E+00
 4.24750E+01   2.56844E+00   9.05510E-01   4.92361E-01   1.26460E+00
 4.25250E+01   2.56845E+00   9.05509E-01   4.92359E-01   1.26460E+00
 4.25750E+01   2.56845E+00   9.05508E-01   4.92357E-01   1.26459E+00
 4.26250E+01   2.56845E+00   9.05507E-01   4.92355E-01   1.26459E+00
 4.26750E+01   2.56845E+00   9.05506E-01   4.92353E-01   1.26459E+00
 4.27250E+01   2.56846E+00   9.05505E-01   4.92352E-01   1.26458E+00
 4.27750E+01   2.56846E+00   9.05505E-01   4.92350E-01   1.26458E+00
 4.28250E+01   2.56846E+00   9.05504E-01   4.92348E-01   1.26458E+00
 4.28750E+01   2.56847E+00   9.05503E-01   4.92346E-01   1.26457E+00
 4.29250E+01   2.56847E+00   9.05502E-01   4.92344E-01   1.26457E+00
 4.29750E+01   2.56847E+00   9.05501E-01   4.92343E-01   1.26457E+00
 4.30250E+01   2.56847E+00   9.05500E-01   4.92341E-01   1.26456E+00
 4.30750E+01   2.56848E+00   9.05499E-01   4.92339E-01   1.26456E+00
 4.31250E+01   2.56848E+00   9.05499E-01   4.92337E-01   1.26456E+00
 4.31750E+01   2.56848E+00   9.05498E-01   4.92336E-01   1.26455E+00
 4.32250E+01   2.56848E+00   9.05498E-01   4.92334E-01   1.26455E+00
 4.32750E+01   2.56848E+00   9.05497E-01   4.92332E-01   1.26455E+00
 4.33250E+01   2.56848E+00   9.05496E-01   4.92330E-01   1.26454E+00
 4.33750E+01   2.56849E+00   9.05496E-01   4.92328E-01   1.26454E+00
 4.34250E+01   2.56849E+00   9.05495E-01   4.92327E-01   1.26454E+00
 4.34750E+01   2.56849E+00   9.05495E-01   4.92325E-01   1.26453E+00
 4.35250E+01   2.56849E+00   9.05494E-01   4.92323E-01   1.26453E+00
 4.35750E+01   2.56849E+00   9.05493E-01   4.92321E-01   1.26452E+00
 4.36250E+01   2.56850E+00   9.05493E-01   4.92320E-01   1.26452E+00
 4.36750E+01   2.56850E+00   9.05492E-01   4.92318E-01   1.26452E+00
 4.37250E+01   2.56850E+00   9.05491E-01   4.92316E-01   1.26451E+00
 4.37750E+01   2.56850E+00   9.05491E-01   4.92314E-01   1.26451E+00
 4.38250E+01   2.56850E+00   9.05490E-01   4.92313E-01   1.26451E+00
 4.38750E+01   2.56851E+00   9.05490E-01   4.92311E-01   1.26450E+00
 4.39250E+01   2.56851E+00   9.05489E-01   4.92310E-01   1.26450E+00
 4.39750E+01   2.56851E+00   9.05488E-01   4.92308E-01   1.26450E+00
 4.40250E+01   2.56851E+00   9.05487E-01   4.92307E-01   1.26450E+00
 4.40750E+01   2.56851E+00   9.05487E-01   4.92305E-01   1.26449E+00
 4.41250E+01   2.56852E+00   9.05486E-01   4.92304E-01   1.26449E+00
 4.41750E+01   2.56852E+00   9.05485E-01   4.92303E-01   1.26449E+00
 4.42250E+01   2.56852E+00   9.05484E-01   4.92301E-01   1.26449E+00
 4.42750E+01   2.56852E+00   9.05483E-01   4.92300E-01   1.26448E+00
 4.43250E+01   2.56852E+00   9.05482E-01   4.92299E-01   1.26448E+00
 4.43750E+01   2.56853E+00   9.05481E-01   4.92298E-01   1.26448E+00
 4.44250E+01   2.56853E+00   9.05480E-01   4.92297E-01   1.26448E+00
 4.44750E+01   2.56853E+00   9.05479E-01   4.92296E-01   1.26448E+00
 4.45250E+01   2.56853E+00   9.05478E-01   4.92294E-01   1.26447E+00
 4.45750E+01   2.56853E+00   9.05478E-01   4.92293E-01   1.26447E+00
 4.46250E+01   2.56854E+00   9.05476E-01   4.92292E-01   1.26447E+00
 4.46750E+01   2.56854E+00   9.05475E-01   4.92291E-01   1.26447E+00
 4.47250E+01   2.56854E+00   9.05475E-01   4.92290E-01   1.26447E+00
 4.47750E+01   2.56854E+00   9.05474E-01   4.92289E-01   1.26446E+00
 4.48250E+01   2.56854E+00   9.05473E-01   4.92288E-01   1.26446E+00
 4.48750E+01   2.56855E+00   9.05472E-01   4.92286E-01   1.26446E+00
 4.49250E+01   2.56855E+00   9.05470E-01   4.92285E-01   1.26446E+00
 4.49750E+01   2.56855E+00   9.05469E-01   4.92284E-01   1.26446E+00
 4.50250E+01   2.56855E+00   9.05468E-01   4.92283E-01   1.26445E+00
 4.50750E+01   2.56855E+00   9.05467E-01   4.92282E-01   1.26445E+00
 4.51250E+01   2.56856E+00   9.05466E-01   4.92281E-01   1.26445E+00
 4.51750E+01   2.56856E+00   9.05465E-01   4.92279E-01   1.26445E+00
 4.52250E+01   2.56856E+00   9.05463E-01   4.92278E-01   1.26445E+00
 4.52750E+01   2.56856E+00   9.05462E-01   4.92277E-01   1.26445E+00
 4.53250E+01   2.56857E+00   9.05461E-01   4.92276E-01   1.26444E+00
 4.53750E+01   2.56857E+00   9.05460E-01   4.92275E-01   1.26444E+00
 4.54250E+01   2.56857E+00   9.05459E-01   4.92274E-01   1.26444E+00
 4.54750E+01   2.56857E+00   9.05457E-01   4.92273E-01   1.26444E+00
 4.55250E+01   2.56858E+00   9.05456E-01   4.92271E-01   1.26444E+00
 4.55750E+01   2.56858E+00   9.05455E-01   4.92270E-01   1.26444E+00
 4.56250E+01   2.56858E+00   9.05454E-01   4.92269E-01   1.26443E+00
 4.56750E+01   2.56858E+00   9.05453E-01   4.92268E-01   1.26443E+00
 4.57250E+01   2.56859E+00   9.05451E-01   4.92267E-01   1.26443E+00
 4.57750E+01   2.56859E+00   9.05450E-01   4.92266E-01   1.26443E+00
 4.58250E+01   2.56859E+00   9.05449E-01   4.92265E-01   1.26443E+00
 4.58750E+01   2.56859E+00   9.05448E-01   4.92264E-01   1.26443E+00
 4.59250E+01   2.56860E+00   9.05447E-01   4.92263E-01   1.26442E+00
 4.59750E+01   2.56860E+00   9.05446E-01   4.92262E-01   1.26442E+00
 4.60250E+01   2.56860E+00   9.05445E-01   4.92261E-01   1.26442E+00
 4.60750E+01   2.56860E+00   9.05444E-01   4.92260E-01   1.26442E+00
 4.61250E+01   2.56861E+00   9.05443E-01   4.92258E-01   1.26442E+00
 4.61750E+01   2.56861E+00   9.05441E-01   4.92257E-01   1.26442E+00
 4.62250E+01   2.56861E+00   9.05440E-01   4.92256E-01   1.26442E+00
 4.62750E+01   2.56861E+00   9.05439E-01   4.92255E-01   1.26441E+00
 4.63250E+01   2.56862E+00   9.05438E-01   4.92254E-01   1.26441E+00
 4.63750E+01   2.56862E+00   9.05437E-01   4.92253E-01   1.26441E+00
 4.64250E+01   2.56862E+00   9.05436E-01   4.92252E-01   1.26441E+00
 4.64750E+01   2.56862E+00   9.05435E-01   4.92251E-01   1.26441E+00
 4.65250E+01   2.56863E+00   9.05434E-01   4.92250E-01   1.26441E+00
 4.65750E+01   2.56863E+00   9.05433E-01   4.92249E-01   1.26440E+00
 4.66250E+01   2.56863E+00   9.05432E-01   4.92248E-01   1.26440E+00
 4.66750E+01   2.56863E+00   9.05431E-01   4.92247E-01   1.26440E+00
 4.67250E+01   2.56863E+00   9.05430E-01   4.92246E-01   1.26440E+00
 4.67750E+01   2.56864E+00   9.05430E-01   4.92245E-01   1.26440E+00
 4.68250E+01   2.56864E+00   9.05429E-01   4.92244E-01   1.26440E+00
 4.68750E+01   2.56864E+00   9.05428E-01   4.92242E-01   1.26439E+00
 4.69250E+01   2.56864E+00   9.05427E-01   4.92241E-01   1.26439E+00
 4.69750E+01   2.56865E+00   9.05426E-01   4.92240E-01   1.26439E+00
 4.70250E+01   2.56865E+00   9.05425E-01   4.92239E-01   1.26439E+00
 4.70750E+01   2.56865E+00   9.05424E-01   4.92238E-01   1.26439E+00
 4.71250E+01   2.56865E+00   9.05424E-01   4.92237E-01   1.26439E+00
 4.71750E+01   2.56865E+00   9.05423E-01   4.92236E-01   1.26438E+00
 4.72250E+01   2.56866E+00   9.05422E-01   4.92235E-01   1.26438E+00
 4.72750E+01   2.56866E+00   9.05421E-01   4.92234E-01   1.26438E+00
 4.73250E+01   2.56866E+00   9.05420E-01   4.92233E-01   1.26438E+00
 4.73750E+01   2.56866E+00   9.05419E-01   4.92231E-01   1.26438E+00
 4.74250E+01   2.56867E+00   9.05419E-01   4.92230E-01   1.26438E+00
 4.74750E+01   2.56867E+00   9.05418E-01   4.92229E-01   1.26437E+00
 4.75250E+01   2.56867E+00   9.05417E-01   4.92228E-01   1.26437E+00
 4.75750E+01   2.56867E+00   9.05416E-01   4.92227E-01   1.26437E+00
 4.76250E+01   2.56868E+00   9.05415E-01   4.92226E-01   1.26437E+00
 4.76750E+01   2.56868E+00   9.05414E-01   4.92225E-01   1.26437E+00
 4.77250E+01   2.56868E+00   9.05413E-01   4.92224E-01   1.26437E+00
 4.77750E+01   2.56868E+00   9.05412E-01   4.92223E-01   1.26437E+00
 4.78250E+01   2.56869E+00   9.05411E-01   4.92222E-01   1.26436E+00
 4.78750E+01   2.56869E+00   9.05410E-01   4.92221E-01   1.26436E+00
 4.79250E+01   2.56869E+00   9.05410E-01   4.92220E-01   1.26436E+00
 4.79750E+01   2.56869E+00   9.05409E-01   4.92219E-01   1.26436E+00
 4.80250E+01   2.56870E+00   9.05407E-01   4.92218E-01   1.26436E+00
 4.80750E+01   2.56870E+00   9.05407E-01   4.92217E-01   1.26436E+00
 4.81250E+01   2.56870E+00   9.05406E-01   4.92216E-01   1.26436E+00
 4.81750E+01   2.56870E+00   9.05405E-01   4.92215E-01   1.26435E+00
 4.82250E+01   2.56871E+00   9.05404E-01   4.92214E-01   1.26435E+00
 4.82750E+01   2.56871E+00   9.05403E-01   4.92213E-01   1.26435E+00
 4.83250E+01   2.56871E+00   9.05402E-01   4.92212E-01   1.26435E+00
 4.83750E+01   2.56871E+00   9.05401E-01   4.92211E-01   1.26435E+00
 4.84250E+01   2.56872E+00   9.05400E-01   4.92210E-01   1.26435E+00
 4.84750E+01   2.56872E+00   9.05400E-01   4.92209E-01   1.26435E+00
 4.85250E+01   2.56872E+00   9.05399E-01   4.92208E-01   1.26435E+00
 4.85750E+01   2.56872E+00   9.05398E-01   4.92207E-01   1.26434E+00
 4.86250E+01   2.56873E+00   9.05397E-01   4.92206E-01   1.26434E+00
 4.86750E+01   2.56873E+00   9.05396E-01   4.92205E-01   1.26434E+00
 4.87250E+01   2.56873E+00   9.05396E-01   4.92204E-01   1.26434E+00
 4.87750E+01   2.56874E+00   9.05394E-01   4.92202E-01   1.26434E+00
 4.88250E+01   2.56874E+00   9.05393E-01   4.92201E-01   1.26434E+00
 4.88750E+01   2.56875E+00   9.05392E-01   4.92201E-01   1.26434E+00
 4.89250E+01   2.56877E+00   9.05391E-01   4.92204E-01   1.26436E+00
 4.89750E+01   2.56888E+00   9.05391E-01   4.92224E-01   1.26447E+00
