      xx/10.          rhoa          temp           vel      vel*rhoa
         [-]           [-]           [-]           [-]           [-]
 1.02500E+00   2.54276E+00   9.17808E-01   4.97551E-01   1.26515E+00
 1.07500E+00   2.54275E+00   9.17806E-01   4.97555E-01   1.26516E+00
 1.12500E+00   2.54275E+00   9.17805E-01   4.97557E-01   1.26516E+00
 1.17500E+00   2.54275E+00   9.17804E-01   4.97557E-01   1.26516E+00
 1.22500E+00   2.54275E+00   9.17804E-01   4.97558E-01   1.26516E+00
 1.27500E+00   2.54275E+00   9.17803E-01   4.97557E-01   1.26516E+00
 1.32500E+00   2.54275E+00   9.17802E-01   4.97557E-01   1.26516E+00
 1.37500E+00   2.54275E+00   9.17801E-01   4.97556E-01   1.26516E+00
 1.42500E+00   2.54275E+00   9.17800E-01   4.97556E-01   1.26516E+00
 1.47500E+00   2.54276E+00   9.17799E-01   4.97555E-01   1.26516E+00
 1.52500E+00   2.54276E+00   9.17798E-01   4.97555E-01   1.26516E+00
 1.57500E+00   2.54276E+00   9.17797E-01   4.97554E-01   1.26516E+00
 1.62500E+00   2.54277E+00   9.17796E-01   4.97553E-01   1.26516E+00
 1.67500E+00   2.54277E+00   9.17795E-01   4.97553E-01   1.26516E+00
 1.72500E+00   2.54277E+00   9.17794E-01   4.97552E-01   1.26516E+00
 1.77500E+00   2.54278E+00   9.17793E-01   4.97551E-01   1.26516E+00
 1.82500E+00   2.54278E+00   9.17792E-01   4.97551E-01   1.26516E+00
 1.87500E+00   2.54278E+00   9.17791E-01   4.97550E-01   1.26516E+00
 1.92500E+00   2.54278E+00   9.17790E-01   4.97550E-01   1.26516E+00
 1.97500E+00   2.54279E+00   9.17790E-01   4.97549E-01   1.26516E+00
 2.02500E+00   2.54279E+00   9.17789E-01   4.97549E-01   1.26516E+00
 2.07500E+00   2.54279E+00   9.17788E-01   4.97548E-01   1.26516E+00
 2.12500E+00   2.54280E+00   9.17787E-01   4.97548E-01   1.26516E+00
 2.17500E+00   2.54280E+00   9.17786E-01   4.97547E-01   1.26516E+00
 2.22500E+00   2.54280E+00   9.17785E-01   4.97546E-01   1.26516E+00
 2.27500E+00   2.54280E+00   9.17784E-01   4.97546E-01   1.26516E+00
 2.32500E+00   2.54281E+00   9.17783E-01   4.97545E-01   1.26516E+00
 2.37500E+00   2.54281E+00   9.17782E-01   4.97545E-01   1.26516E+00
 2.42500E+00   2.54281E+00   9.17781E-01   4.97544E-01   1.26516E+00
 2.47500E+00   2.54282E+00   9.17780E-01   4.97543E-01   1.26516E+00
 2.52500E+00   2.54282E+00   9.17779E-01   4.97543E-01   1.26516E+00
 2.57500E+00   2.54282E+00   9.17778E-01   4.97542E-01   1.26516E+00
 2.62500E+00   2.54283E+00   9.17777E-01   4.97541E-01   1.26516E+00
 2.67500E+00   2.54283E+00   9.17776E-01   4.97541E-01   1.26516E+00
 2.72500E+00   2.54283E+00   9.17775E-01   4.97540E-01   1.26516E+00
 2.77500E+00   2.54283E+00   9.17774E-01   4.97540E-01   1.26516E+00
 2.82500E+00   2.54284E+00   9.17773E-01   4.97539E-01   1.26516E+00
 2.87500E+00   2.54284E+00   9.17772E-01   4.97539E-01   1.26516E+00
 2.92500E+00   2.54284E+00   9.17771E-01   4.97538E-01   1.26516E+00
 2.97500E+00   2.54285E+00   9.17770E-01   4.97537E-01   1.26516E+00
 3.02500E+00   2.54285E+00   9.17769E-01   4.97537E-01   1.26516E+00
 3.07500E+00   2.54285E+00   9.17769E-01   4.97536E-01   1.26516E+00
 3.12500E+00   2.54285E+00   9.17768E-01   4.97536E-01   1.26516E+00
 3.17500E+00   2.54286E+00   9.17767E-01   4.97535E-01   1.26516E+00
 3.22500E+00   2.54286E+00   9.17766E-01   4.97535E-01   1.26516E+00
 3.27500E+00   2.54286E+00   9.17766E-01   4.97534E-01   1.26516E+00
 3.32500E+00   2.54286E+00   9.17765E-01   4.97534E-01   1.26516E+00
 3.37500E+00   2.54287E+00   9.17764E-01   4.97533E-01   1.26516E+00
 3.42500E+00   2.54287E+00   9.17763E-01   4.97533E-01   1.26516E+00
 3.47500E+00   2.54287E+00   9.17762E-01   4.97532E-01   1.26516E+00
 3.52500E+00   2.54287E+00   9.17762E-01   4.97532E-01   1.26516E+00
 3.57500E+00   2.54288E+00   9.17761E-01   4.97531E-01   1.26516E+00
 3.62500E+00   2.54288E+00   9.17760E-01   4.97531E-01   1.26516E+00
 3.67500E+00   2.54288E+00   9.17760E-01   4.97530E-01   1.26516E+00
 3.72500E+00   2.54288E+00   9.17759E-01   4.97529E-01   1.26516E+00
 3.77500E+00   2.54289E+00   9.17758E-01   4.97529E-01   1.26516E+00
 3.82500E+00   2.54289E+00   9.17758E-01   4.97528E-01   1.26516E+00
 3.87500E+00   2.54289E+00   9.17757E-01   4.97527E-01   1.26516E+00
 3.92500E+00   2.54289E+00   9.17757E-01   4.97526E-01   1.26516E+00
 3.97500E+00   2.54289E+00   9.17756E-01   4.97526E-01   1.26515E+00
 4.02500E+00   2.54289E+00   9.17756E-01   4.97525E-01   1.26515E+00
 4.07500E+00   2.54290E+00   9.17755E-01   4.97524E-01   1.26515E+00
 4.12500E+00   2.54290E+00   9.17755E-01   4.97524E-01   1.26515E+00
 4.17500E+00   2.54290E+00   9.17754E-01   4.97523E-01   1.26515E+00
 4.22500E+00   2.54290E+00   9.17754E-01   4.97523E-01   1.26515E+00
 4.27500E+00   2.54291E+00   9.17753E-01   4.97522E-01   1.26515E+00
 4.32500E+00   2.54291E+00   9.17752E-01   4.97521E-01   1.26515E+00
 4.37500E+00   2.54291E+00   9.17752E-01   4.97521E-01   1.26515E+00
 4.42500E+00   2.54291E+00   9.17751E-01   4.97520E-01   1.26515E+00
 4.47500E+00   2.54291E+00   9.17750E-01   4.97519E-01   1.26515E+00
 4.52500E+00   2.54292E+00   9.17750E-01   4.97519E-01   1.26515E+00
 4.57500E+00   2.54292E+00   9.17749E-01   4.97519E-01   1.26515E+00
 4.62500E+00   2.54292E+00   9.17749E-01   4.97518E-01   1.26515E+00
 4.67500E+00   2.54292E+00   9.17748E-01   4.97517E-01   1.26515E+00
 4.72500E+00   2.54292E+00   9.17747E-01   4.97517E-01   1.26515E+00
 4.77500E+00   2.54293E+00   9.17747E-01   4.97517E-01   1.26515E+00
 4.82500E+00   2.54293E+00   9.17746E-01   4.97516E-01   1.26515E+00
 4.87500E+00   2.54293E+00   9.17745E-01   4.97516E-01   1.26515E+00
 4.92500E+00   2.54293E+00   9.17745E-01   4.97515E-01   1.26515E+00
 4.97500E+00   2.54293E+00   9.17744E-01   4.97514E-01   1.26515E+00
 5.02500E+00   2.54294E+00   9.17743E-01   4.97514E-01   1.26515E+00
 5.07500E+00   2.54294E+00   9.17742E-01   4.97513E-01   1.26515E+00
 5.12500E+00   2.54294E+00   9.17742E-01   4.97513E-01   1.26515E+00
 5.17500E+00   2.54294E+00   9.17741E-01   4.97513E-01   1.26515E+00
 5.22500E+00   2.54294E+00   9.17740E-01   4.97512E-01   1.26515E+00
 5.27500E+00   2.54295E+00   9.17740E-01   4.97512E-01   1.26515E+00
 5.32500E+00   2.54295E+00   9.17739E-01   4.97511E-01   1.26515E+00
 5.37500E+00   2.54295E+00   9.17738E-01   4.97511E-01   1.26514E+00
 5.42500E+00   2.54295E+00   9.17737E-01   4.97510E-01   1.26514E+00
 5.47500E+00   2.54295E+00   9.17737E-01   4.97510E-01   1.26514E+00
 5.52500E+00   2.54295E+00   9.17736E-01   4.97510E-01   1.26514E+00
 5.57500E+00   2.54296E+00   9.17736E-01   4.97509E-01   1.26514E+00
 5.62500E+00   2.54296E+00   9.17735E-01   4.97509E-01   1.26514E+00
 5.67500E+00   2.54296E+00   9.17734E-01   4.97508E-01   1.26514E+00
 5.72500E+00   2.54296E+00   9.17734E-01   4.97508E-01   1.26514E+00
 5.77500E+00   2.54296E+00   9.17733E-01   4.97507E-01   1.26514E+00
 5.82500E+00   2.54297E+00   9.17732E-01   4.97507E-01   1.26514E+00
 5.87500E+00   2.54297E+00   9.17732E-01   4.97506E-01   1.26514E+00
 5.92500E+00   2.54297E+00   9.17732E-01   4.97505E-01   1.26514E+00
 5.97500E+00   2.54297E+00   9.17732E-01   4.97505E-01   1.26514E+00
 6.02500E+00   2.54297E+00   9.17731E-01   4.97504E-01   1.26514E+00
 6.07500E+00   2.54297E+00   9.17731E-01   4.97504E-01   1.26514E+00
 6.12500E+00   2.54297E+00   9.17731E-01   4.97504E-01   1.26514E+00
 6.17500E+00   2.54297E+00   9.17731E-01   4.97503E-01   1.26514E+00
 6.22500E+00   2.54297E+00   9.17731E-01   4.97503E-01   1.26514E+00
 6.27500E+00   2.54297E+00   9.17730E-01   4.97502E-01   1.26514E+00
 6.32500E+00   2.54297E+00   9.17730E-01   4.97502E-01   1.26513E+00
 6.37500E+00   2.54298E+00   9.17730E-01   4.97502E-01   1.26513E+00
 6.42500E+00   2.54298E+00   9.17730E-01   4.97501E-01   1.26513E+00
 6.47500E+00   2.54298E+00   9.17730E-01   4.97500E-01   1.26513E+00
 6.52500E+00   2.54298E+00   9.17729E-01   4.97500E-01   1.26513E+00
 6.57500E+00   2.54298E+00   9.17729E-01   4.97500E-01   1.26513E+00
 6.62500E+00   2.54298E+00   9.17729E-01   4.97499E-01   1.26513E+00
 6.67500E+00   2.54298E+00   9.17728E-01   4.97499E-01   1.26513E+00
 6.72500E+00   2.54298E+00   9.17727E-01   4.97499E-01   1.26513E+00
 6.77500E+00   2.54298E+00   9.17727E-01   4.97499E-01   1.26513E+00
 6.82500E+00   2.54299E+00   9.17726E-01   4.97498E-01   1.26513E+00
 6.87500E+00   2.54299E+00   9.17726E-01   4.97498E-01   1.26513E+00
 6.92500E+00   2.54299E+00   9.17726E-01   4.97498E-01   1.26513E+00
 6.97500E+00   2.54299E+00   9.17725E-01   4.97497E-01   1.26513E+00
 7.02500E+00   2.54299E+00   9.17725E-01   4.97497E-01   1.26513E+00
 7.07500E+00   2.54299E+00   9.17724E-01   4.97497E-01   1.26513E+00
 7.12500E+00   2.54299E+00   9.17724E-01   4.97496E-01   1.26513E+00
 7.17500E+00   2.54299E+00   9.17723E-01   4.97496E-01   1.26513E+00
 7.22500E+00   2.54300E+00   9.17723E-01   4.97495E-01   1.26513E+00
 7.27500E+00   2.54300E+00   9.17722E-01   4.97495E-01   1.26513E+00
 7.32500E+00   2.54300E+00   9.17722E-01   4.97494E-01   1.26513E+00
 7.37500E+00   2.54300E+00   9.17722E-01   4.97494E-01   1.26513E+00
 7.42500E+00   2.54300E+00   9.17721E-01   4.97494E-01   1.26513E+00
 7.47500E+00   2.54300E+00   9.17721E-01   4.97493E-01   1.26513E+00
 7.52500E+00   2.54300E+00   9.17721E-01   4.97493E-01   1.26513E+00
 7.57500E+00   2.54301E+00   9.17720E-01   4.97492E-01   1.26513E+00
 7.62500E+00   2.54301E+00   9.17720E-01   4.97492E-01   1.26512E+00
 7.67500E+00   2.54301E+00   9.17719E-01   4.97491E-01   1.26512E+00
 7.72500E+00   2.54301E+00   9.17719E-01   4.97491E-01   1.26512E+00
 7.77500E+00   2.54301E+00   9.17718E-01   4.97490E-01   1.26512E+00
 7.82500E+00   2.54302E+00   9.17718E-01   4.97490E-01   1.26512E+00
 7.87500E+00   2.54302E+00   9.17717E-01   4.97489E-01   1.26512E+00
 7.92500E+00   2.54302E+00   9.17717E-01   4.97488E-01   1.26512E+00
 7.97500E+00   2.54302E+00   9.17716E-01   4.97488E-01   1.26512E+00
 8.02500E+00   2.54302E+00   9.17716E-01   4.97487E-01   1.26512E+00
 8.07500E+00   2.54302E+00   9.17716E-01   4.97487E-01   1.26512E+00
 8.12500E+00   2.54302E+00   9.17716E-01   4.97486E-01   1.26512E+00
 8.17500E+00   2.54303E+00   9.17716E-01   4.97486E-01   1.26512E+00
 8.22500E+00   2.54303E+00   9.17715E-01   4.97485E-01   1.26512E+00
 8.27500E+00   2.54303E+00   9.17715E-01   4.97485E-01   1.26512E+00
 8.32500E+00   2.54303E+00   9.17714E-01   4.97484E-01   1.26512E+00
 8.37500E+00   2.54303E+00   9.17714E-01   4.97483E-01   1.26512E+00
 8.42500E+00   2.54304E+00   9.17713E-01   4.97483E-01   1.26512E+00
 8.47500E+00   2.54304E+00   9.17713E-01   4.97482E-01   1.26512E+00
 8.52500E+00   2.54304E+00   9.17712E-01   4.97481E-01   1.26511E+00
 8.57500E+00   2.54304E+00   9.17712E-01   4.97481E-01   1.26511E+00
 8.62500E+00   2.54304E+00   9.17712E-01   4.97480E-01   1.26511E+00
 8.67500E+00   2.54305E+00   9.17711E-01   4.97480E-01   1.26511E+00
 8.72500E+00   2.54305E+00   9.17711E-01   4.97479E-01   1.26511E+00
 8.77500E+00   2.54305E+00   9.17710E-01   4.97479E-01   1.26511E+00
 8.82500E+00   2.54305E+00   9.17710E-01   4.97478E-01   1.26511E+00
 8.87500E+00   2.54305E+00   9.17710E-01   4.97477E-01   1.26511E+00
 8.92500E+00   2.54305E+00   9.17710E-01   4.97477E-01   1.26511E+00
 8.97500E+00   2.54305E+00   9.17710E-01   4.97476E-01   1.26511E+00
 9.02500E+00   2.54306E+00   9.17710E-01   4.97476E-01   1.26511E+00
 9.07500E+00   2.54306E+00   9.17710E-01   4.97475E-01   1.26511E+00
 9.12500E+00   2.54306E+00   9.17709E-01   4.97475E-01   1.26511E+00
 9.17500E+00   2.54306E+00   9.17709E-01   4.97474E-01   1.26511E+00
 9.22500E+00   2.54306E+00   9.17708E-01   4.97474E-01   1.26511E+00
 9.27500E+00   2.54306E+00   9.17708E-01   4.97473E-01   1.26511E+00
 9.32500E+00   2.54307E+00   9.17708E-01   4.97472E-01   1.26511E+00
 9.37500E+00   2.54307E+00   9.17707E-01   4.97472E-01   1.26511E+00
 9.42500E+00   2.54307E+00   9.17707E-01   4.97471E-01   1.26511E+00
 9.47500E+00   2.54308E+00   9.17706E-01   4.97471E-01   1.26511E+00
 9.52500E+00   2.54308E+00   9.17706E-01   4.97470E-01   1.26511E+00
 9.57500E+00   2.54308E+00   9.17705E-01   4.97470E-01   1.26511E+00
 9.62500E+00   2.54308E+00   9.17704E-01   4.97469E-01   1.26511E+00
 9.67500E+00   2.54308E+00   9.17704E-01   4.97469E-01   1.26511E+00
 9.72500E+00   2.54309E+00   9.17703E-01   4.97469E-01   1.26511E+00
 9.77500E+00   2.54309E+00   9.17702E-01   4.97468E-01   1.26511E+00
 9.82500E+00   2.54309E+00   9.17701E-01   4.97467E-01   1.26510E+00
 9.87500E+00   2.54309E+00   9.17701E-01   4.97467E-01   1.26510E+00
 9.92500E+00   2.54309E+00   9.17700E-01   4.97467E-01   1.26510E+00
 9.97500E+00   2.54310E+00   9.17699E-01   4.97466E-01   1.26510E+00
 1.00250E+01   2.54310E+00   9.17699E-01   4.97466E-01   1.26510E+00
 1.00750E+01   2.54310E+00   9.17698E-01   4.97465E-01   1.26510E+00
 1.01250E+01   2.54310E+00   9.17698E-01   4.97465E-01   1.26510E+00
 1.01750E+01   2.54310E+00   9.17697E-01   4.97464E-01   1.26510E+00
 1.02250E+01   2.54311E+00   9.17697E-01   4.97464E-01   1.26510E+00
 1.02750E+01   2.54311E+00   9.17696E-01   4.97463E-01   1.26510E+00
 1.03250E+01   2.54311E+00   9.17696E-01   4.97462E-01   1.26510E+00
 1.03750E+01   2.54311E+00   9.17695E-01   4.97462E-01   1.26510E+00
 1.04250E+01   2.54312E+00   9.17695E-01   4.97461E-01   1.26510E+00
 1.04750E+01   2.54312E+00   9.17694E-01   4.97461E-01   1.26510E+00
 1.05250E+01   2.54312E+00   9.17694E-01   4.97460E-01   1.26510E+00
 1.05750E+01   2.54312E+00   9.17693E-01   4.97460E-01   1.26510E+00
 1.06250E+01   2.54313E+00   9.17692E-01   4.97459E-01   1.26510E+00
 1.06750E+01   2.54313E+00   9.17692E-01   4.97459E-01   1.26510E+00
 1.07250E+01   2.54313E+00   9.17691E-01   4.97458E-01   1.26510E+00
 1.07750E+01   2.54313E+00   9.17691E-01   4.97457E-01   1.26510E+00
 1.08250E+01   2.54313E+00   9.17690E-01   4.97457E-01   1.26510E+00
 1.08750E+01   2.54313E+00   9.17690E-01   4.97457E-01   1.26510E+00
 1.09250E+01   2.54314E+00   9.17690E-01   4.97456E-01   1.26510E+00
 1.09750E+01   2.54314E+00   9.17689E-01   4.97456E-01   1.26510E+00
 1.10250E+01   2.54314E+00   9.17689E-01   4.97455E-01   1.26510E+00
 1.10750E+01   2.54314E+00   9.17688E-01   4.97454E-01   1.26510E+00
 1.11250E+01   2.54314E+00   9.17688E-01   4.97454E-01   1.26510E+00
 1.11750E+01   2.54314E+00   9.17688E-01   4.97453E-01   1.26510E+00
 1.12250E+01   2.54314E+00   9.17687E-01   4.97453E-01   1.26509E+00
 1.12750E+01   2.54315E+00   9.17687E-01   4.97453E-01   1.26509E+00
 1.13250E+01   2.54315E+00   9.17687E-01   4.97452E-01   1.26509E+00
 1.13750E+01   2.54315E+00   9.17686E-01   4.97451E-01   1.26509E+00
 1.14250E+01   2.54315E+00   9.17686E-01   4.97451E-01   1.26509E+00
 1.14750E+01   2.54315E+00   9.17685E-01   4.97450E-01   1.26509E+00
 1.15250E+01   2.54316E+00   9.17685E-01   4.97450E-01   1.26509E+00
 1.15750E+01   2.54316E+00   9.17684E-01   4.97449E-01   1.26509E+00
 1.16250E+01   2.54316E+00   9.17684E-01   4.97449E-01   1.26509E+00
 1.16750E+01   2.54316E+00   9.17684E-01   4.97448E-01   1.26509E+00
 1.17250E+01   2.54316E+00   9.17683E-01   4.97447E-01   1.26509E+00
 1.17750E+01   2.54316E+00   9.17683E-01   4.97447E-01   1.26509E+00
 1.18250E+01   2.54316E+00   9.17683E-01   4.97446E-01   1.26509E+00
 1.18750E+01   2.54317E+00   9.17683E-01   4.97446E-01   1.26509E+00
 1.19250E+01   2.54317E+00   9.17683E-01   4.97445E-01   1.26509E+00
 1.19750E+01   2.54317E+00   9.17682E-01   4.97445E-01   1.26509E+00
 1.20250E+01   2.54317E+00   9.17682E-01   4.97444E-01   1.26509E+00
 1.20750E+01   2.54317E+00   9.17682E-01   4.97444E-01   1.26509E+00
 1.21250E+01   2.54318E+00   9.17681E-01   4.97444E-01   1.26509E+00
 1.21750E+01   2.54318E+00   9.17680E-01   4.97443E-01   1.26509E+00
 1.22250E+01   2.54318E+00   9.17680E-01   4.97443E-01   1.26509E+00
 1.22750E+01   2.54318E+00   9.17679E-01   4.97442E-01   1.26509E+00
 1.23250E+01   2.54318E+00   9.17679E-01   4.97442E-01   1.26509E+00
 1.23750E+01   2.54318E+00   9.17678E-01   4.97441E-01   1.26508E+00
 1.24250E+01   2.54319E+00   9.17678E-01   4.97441E-01   1.26508E+00
 1.24750E+01   2.54319E+00   9.17677E-01   4.97440E-01   1.26508E+00
 1.25250E+01   2.54319E+00   9.17677E-01   4.97440E-01   1.26508E+00
 1.25750E+01   2.54319E+00   9.17677E-01   4.97439E-01   1.26508E+00
 1.26250E+01   2.54319E+00   9.17676E-01   4.97438E-01   1.26508E+00
 1.26750E+01   2.54320E+00   9.17676E-01   4.97438E-01   1.26508E+00
 1.27250E+01   2.54320E+00   9.17676E-01   4.97437E-01   1.26508E+00
 1.27750E+01   2.54320E+00   9.17676E-01   4.97437E-01   1.26508E+00
 1.28250E+01   2.54320E+00   9.17675E-01   4.97437E-01   1.26508E+00
 1.28750E+01   2.54320E+00   9.17674E-01   4.97436E-01   1.26508E+00
 1.29250E+01   2.54320E+00   9.17674E-01   4.97436E-01   1.26508E+00
 1.29750E+01   2.54320E+00   9.17673E-01   4.97435E-01   1.26508E+00
 1.30250E+01   2.54321E+00   9.17673E-01   4.97435E-01   1.26508E+00
 1.30750E+01   2.54321E+00   9.17673E-01   4.97435E-01   1.26508E+00
 1.31250E+01   2.54321E+00   9.17672E-01   4.97434E-01   1.26508E+00
 1.31750E+01   2.54321E+00   9.17671E-01   4.97433E-01   1.26508E+00
 1.32250E+01   2.54322E+00   9.17670E-01   4.97433E-01   1.26508E+00
 1.32750E+01   2.54322E+00   9.17670E-01   4.97432E-01   1.26508E+00
 1.33250E+01   2.54322E+00   9.17669E-01   4.97432E-01   1.26508E+00
 1.33750E+01   2.54322E+00   9.17668E-01   4.97431E-01   1.26508E+00
 1.34250E+01   2.54322E+00   9.17668E-01   4.97431E-01   1.26508E+00
 1.34750E+01   2.54323E+00   9.17667E-01   4.97430E-01   1.26508E+00
 1.35250E+01   2.54323E+00   9.17666E-01   4.97430E-01   1.26508E+00
 1.35750E+01   2.54323E+00   9.17666E-01   4.97429E-01   1.26508E+00
 1.36250E+01   2.54323E+00   9.17665E-01   4.97429E-01   1.26508E+00
 1.36750E+01   2.54323E+00   9.17665E-01   4.97428E-01   1.26508E+00
 1.37250E+01   2.54324E+00   9.17665E-01   4.97428E-01   1.26508E+00
 1.37750E+01   2.54324E+00   9.17664E-01   4.97427E-01   1.26508E+00
 1.38250E+01   2.54324E+00   9.17664E-01   4.97427E-01   1.26508E+00
 1.38750E+01   2.54324E+00   9.17663E-01   4.97426E-01   1.26507E+00
 1.39250E+01   2.54324E+00   9.17663E-01   4.97425E-01   1.26507E+00
 1.39750E+01   2.54325E+00   9.17662E-01   4.97425E-01   1.26507E+00
 1.40250E+01   2.54325E+00   9.17662E-01   4.97424E-01   1.26507E+00
 1.40750E+01   2.54325E+00   9.17661E-01   4.97424E-01   1.26507E+00
 1.41250E+01   2.54325E+00   9.17661E-01   4.97423E-01   1.26507E+00
 1.41750E+01   2.54325E+00   9.17660E-01   4.97423E-01   1.26507E+00
 1.42250E+01   2.54326E+00   9.17660E-01   4.97422E-01   1.26507E+00
 1.42750E+01   2.54326E+00   9.17659E-01   4.97422E-01   1.26507E+00
 1.43250E+01   2.54326E+00   9.17659E-01   4.97421E-01   1.26507E+00
 1.43750E+01   2.54326E+00   9.17658E-01   4.97420E-01   1.26507E+00
 1.44250E+01   2.54326E+00   9.17658E-01   4.97420E-01   1.26507E+00
 1.44750E+01   2.54327E+00   9.17657E-01   4.97419E-01   1.26507E+00
 1.45250E+01   2.54327E+00   9.17657E-01   4.97419E-01   1.26507E+00
 1.45750E+01   2.54327E+00   9.17656E-01   4.97418E-01   1.26507E+00
 1.46250E+01   2.54327E+00   9.17656E-01   4.97418E-01   1.26507E+00
 1.46750E+01   2.54327E+00   9.17655E-01   4.97417E-01   1.26507E+00
 1.47250E+01   2.54327E+00   9.17655E-01   4.97416E-01   1.26507E+00
 1.47750E+01   2.54328E+00   9.17655E-01   4.97416E-01   1.26507E+00
 1.48250E+01   2.54328E+00   9.17654E-01   4.97415E-01   1.26507E+00
 1.48750E+01   2.54328E+00   9.17654E-01   4.97415E-01   1.26507E+00
 1.49250E+01   2.54328E+00   9.17653E-01   4.97414E-01   1.26507E+00
 1.49750E+01   2.54329E+00   9.17652E-01   4.97414E-01   1.26507E+00
 1.50250E+01   2.54329E+00   9.17651E-01   4.97413E-01   1.26506E+00
 1.50750E+01   2.54329E+00   9.17651E-01   4.97413E-01   1.26506E+00
 1.51250E+01   2.54329E+00   9.17650E-01   4.97412E-01   1.26506E+00
 1.51750E+01   2.54330E+00   9.17650E-01   4.97411E-01   1.26506E+00
 1.52250E+01   2.54330E+00   9.17650E-01   4.97411E-01   1.26506E+00
 1.52750E+01   2.54330E+00   9.17649E-01   4.97410E-01   1.26506E+00
 1.53250E+01   2.54330E+00   9.17649E-01   4.97409E-01   1.26506E+00
 1.53750E+01   2.54331E+00   9.17648E-01   4.97409E-01   1.26506E+00
 1.54250E+01   2.54331E+00   9.17648E-01   4.97408E-01   1.26506E+00
 1.54750E+01   2.54331E+00   9.17647E-01   4.97407E-01   1.26506E+00
 1.55250E+01   2.54331E+00   9.17647E-01   4.97407E-01   1.26506E+00
 1.55750E+01   2.54331E+00   9.17646E-01   4.97406E-01   1.26506E+00
 1.56250E+01   2.54332E+00   9.17646E-01   4.97406E-01   1.26506E+00
 1.56750E+01   2.54332E+00   9.17645E-01   4.97405E-01   1.26506E+00
 1.57250E+01   2.54332E+00   9.17645E-01   4.97404E-01   1.26506E+00
 1.57750E+01   2.54332E+00   9.17645E-01   4.97404E-01   1.26506E+00
 1.58250E+01   2.54333E+00   9.17644E-01   4.97403E-01   1.26506E+00
 1.58750E+01   2.54333E+00   9.17644E-01   4.97402E-01   1.26506E+00
 1.59250E+01   2.54333E+00   9.17643E-01   4.97402E-01   1.26506E+00
 1.59750E+01   2.54333E+00   9.17643E-01   4.97401E-01   1.26506E+00
 1.60250E+01   2.54333E+00   9.17642E-01   4.97401E-01   1.26506E+00
 1.60750E+01   2.54333E+00   9.17642E-01   4.97400E-01   1.26506E+00
 1.61250E+01   2.54334E+00   9.17641E-01   4.97400E-01   1.26505E+00
 1.61750E+01   2.54334E+00   9.17641E-01   4.97399E-01   1.26505E+00
 1.62250E+01   2.54334E+00   9.17641E-01   4.97398E-01   1.26505E+00
 1.62750E+01   2.54334E+00   9.17640E-01   4.97398E-01   1.26505E+00
 1.63250E+01   2.54334E+00   9.17639E-01   4.97397E-01   1.26505E+00
 1.63750E+01   2.54334E+00   9.17639E-01   4.97397E-01   1.26505E+00
 1.64250E+01   2.54335E+00   9.17638E-01   4.97396E-01   1.26505E+00
 1.64750E+01   2.54335E+00   9.17638E-01   4.97395E-01   1.26505E+00
 1.65250E+01   2.54335E+00   9.17638E-01   4.97395E-01   1.26505E+00
 1.65750E+01   2.54335E+00   9.17638E-01   4.97394E-01   1.26505E+00
 1.66250E+01   2.54335E+00   9.17637E-01   4.97394E-01   1.26505E+00
 1.66750E+01   2.54335E+00   9.17637E-01   4.97393E-01   1.26505E+00
 1.67250E+01   2.54335E+00   9.17637E-01   4.97393E-01   1.26505E+00
 1.67750E+01   2.54336E+00   9.17637E-01   4.97392E-01   1.26505E+00
 1.68250E+01   2.54336E+00   9.17636E-01   4.97392E-01   1.26505E+00
 1.68750E+01   2.54336E+00   9.17636E-01   4.97391E-01   1.26504E+00
 1.69250E+01   2.54336E+00   9.17636E-01   4.97391E-01   1.26504E+00
 1.69750E+01   2.54336E+00   9.17635E-01   4.97390E-01   1.26504E+00
 1.70250E+01   2.54337E+00   9.17635E-01   4.97389E-01   1.26504E+00
 1.70750E+01   2.54337E+00   9.17634E-01   4.97389E-01   1.26504E+00
 1.71250E+01   2.54337E+00   9.17634E-01   4.97388E-01   1.26504E+00
 1.71750E+01   2.54337E+00   9.17634E-01   4.97388E-01   1.26504E+00
 1.72250E+01   2.54337E+00   9.17633E-01   4.97387E-01   1.26504E+00
 1.72750E+01   2.54338E+00   9.17633E-01   4.97387E-01   1.26504E+00
 1.73250E+01   2.54338E+00   9.17632E-01   4.97386E-01   1.26504E+00
 1.73750E+01   2.54338E+00   9.17632E-01   4.97385E-01   1.26504E+00
 1.74250E+01   2.54338E+00   9.17632E-01   4.97385E-01   1.26504E+00
 1.74750E+01   2.54338E+00   9.17631E-01   4.97384E-01   1.26504E+00
 1.75250E+01   2.54338E+00   9.17631E-01   4.97384E-01   1.26504E+00
 1.75750E+01   2.54339E+00   9.17630E-01   4.97383E-01   1.26504E+00
 1.76250E+01   2.54339E+00   9.17629E-01   4.97383E-01   1.26504E+00
 1.76750E+01   2.54339E+00   9.17629E-01   4.97382E-01   1.26504E+00
 1.77250E+01   2.54339E+00   9.17628E-01   4.97381E-01   1.26504E+00
 1.77750E+01   2.54340E+00   9.17628E-01   4.97380E-01   1.26504E+00
 1.78250E+01   2.54340E+00   9.17627E-01   4.97380E-01   1.26503E+00
 1.78750E+01   2.54340E+00   9.17626E-01   4.97379E-01   1.26503E+00
 1.79250E+01   2.54340E+00   9.17625E-01   4.97378E-01   1.26503E+00
 1.79750E+01   2.54341E+00   9.17624E-01   4.97377E-01   1.26503E+00
 1.80250E+01   2.54341E+00   9.17624E-01   4.97376E-01   1.26503E+00
 1.80750E+01   2.54341E+00   9.17623E-01   4.97375E-01   1.26503E+00
 1.81250E+01   2.54342E+00   9.17622E-01   4.97375E-01   1.26503E+00
 1.81750E+01   2.54342E+00   9.17622E-01   4.97374E-01   1.26503E+00
 1.82250E+01   2.54342E+00   9.17621E-01   4.97373E-01   1.26503E+00
 1.82750E+01   2.54343E+00   9.17620E-01   4.97372E-01   1.26503E+00
 1.83250E+01   2.54343E+00   9.17619E-01   4.97371E-01   1.26503E+00
 1.83750E+01   2.54343E+00   9.17619E-01   4.97371E-01   1.26503E+00
 1.84250E+01   2.54343E+00   9.17618E-01   4.97370E-01   1.26503E+00
 1.84750E+01   2.54344E+00   9.17618E-01   4.97369E-01   1.26503E+00
 1.85250E+01   2.54344E+00   9.17617E-01   4.97368E-01   1.26503E+00
 1.85750E+01   2.54344E+00   9.17616E-01   4.97367E-01   1.26503E+00
 1.86250E+01   2.54345E+00   9.17616E-01   4.97367E-01   1.26502E+00
 1.86750E+01   2.54345E+00   9.17615E-01   4.97366E-01   1.26502E+00
 1.87250E+01   2.54345E+00   9.17614E-01   4.97365E-01   1.26502E+00
 1.87750E+01   2.54345E+00   9.17614E-01   4.97364E-01   1.26502E+00
 1.88250E+01   2.54346E+00   9.17614E-01   4.97364E-01   1.26502E+00
 1.88750E+01   2.54346E+00   9.17613E-01   4.97363E-01   1.26502E+00
 1.89250E+01   2.54346E+00   9.17613E-01   4.97362E-01   1.26502E+00
 1.89750E+01   2.54346E+00   9.17612E-01   4.97362E-01   1.26502E+00
 1.90250E+01   2.54346E+00   9.17612E-01   4.97361E-01   1.26502E+00
 1.90750E+01   2.54347E+00   9.17611E-01   4.97360E-01   1.26502E+00
 1.91250E+01   2.54347E+00   9.17611E-01   4.97360E-01   1.26502E+00
 1.91750E+01   2.54347E+00   9.17611E-01   4.97359E-01   1.26502E+00
 1.92250E+01   2.54347E+00   9.17611E-01   4.97358E-01   1.26502E+00
 1.92750E+01   2.54347E+00   9.17610E-01   4.97357E-01   1.26502E+00
 1.93250E+01   2.54347E+00   9.17610E-01   4.97357E-01   1.26501E+00
 1.93750E+01   2.54348E+00   9.17609E-01   4.97356E-01   1.26501E+00
 1.94250E+01   2.54348E+00   9.17609E-01   4.97356E-01   1.26501E+00
 1.94750E+01   2.54348E+00   9.17609E-01   4.97355E-01   1.26501E+00
 1.95250E+01   2.54348E+00   9.17608E-01   4.97354E-01   1.26501E+00
 1.95750E+01   2.54348E+00   9.17608E-01   4.97354E-01   1.26501E+00
 1.96250E+01   2.54349E+00   9.17608E-01   4.97353E-01   1.26501E+00
 1.96750E+01   2.54349E+00   9.17607E-01   4.97352E-01   1.26501E+00
 1.97250E+01   2.54349E+00   9.17607E-01   4.97352E-01   1.26501E+00
 1.97750E+01   2.54349E+00   9.17606E-01   4.97351E-01   1.26501E+00
 1.98250E+01   2.54349E+00   9.17606E-01   4.97350E-01   1.26501E+00
 1.98750E+01   2.54350E+00   9.17605E-01   4.97350E-01   1.26501E+00
 1.99250E+01   2.54350E+00   9.17605E-01   4.97349E-01   1.26501E+00
 1.99750E+01   2.54350E+00   9.17604E-01   4.97348E-01   1.26501E+00
 2.00250E+01   2.54350E+00   9.17604E-01   4.97348E-01   1.26501E+00
 2.00750E+01   2.54351E+00   9.17604E-01   4.97347E-01   1.26500E+00
 2.01250E+01   2.54351E+00   9.17603E-01   4.97346E-01   1.26500E+00
 2.01750E+01   2.54351E+00   9.17603E-01   4.97346E-01   1.26500E+00
 2.02250E+01   2.54351E+00   9.17602E-01   4.97345E-01   1.26500E+00
 2.02750E+01   2.54351E+00   9.17602E-01   4.97344E-01   1.26500E+00
 2.03250E+01   2.54352E+00   9.17602E-01   4.97344E-01   1.26500E+00
 2.03750E+01   2.54352E+00   9.17602E-01   4.97343E-01   1.26500E+00
 2.04250E+01   2.54352E+00   9.17602E-01   4.97343E-01   1.26500E+00
 2.04750E+01   2.54352E+00   9.17601E-01   4.97342E-01   1.26500E+00
 2.05250E+01   2.54352E+00   9.17601E-01   4.97341E-01   1.26500E+00
 2.05750E+01   2.54352E+00   9.17601E-01   4.97341E-01   1.26500E+00
 2.06250E+01   2.54353E+00   9.17600E-01   4.97340E-01   1.26500E+00
 2.06750E+01   2.54353E+00   9.17599E-01   4.97340E-01   1.26500E+00
 2.07250E+01   2.54353E+00   9.17599E-01   4.97339E-01   1.26500E+00
 2.07750E+01   2.54353E+00   9.17598E-01   4.97339E-01   1.26500E+00
 2.08250E+01   2.54353E+00   9.17598E-01   4.97338E-01   1.26500E+00
 2.08750E+01   2.54354E+00   9.17597E-01   4.97338E-01   1.26500E+00
 2.09250E+01   2.54354E+00   9.17597E-01   4.97337E-01   1.26500E+00
 2.09750E+01   2.54354E+00   9.17596E-01   4.97337E-01   1.26500E+00
 2.10250E+01   2.54354E+00   9.17596E-01   4.97336E-01   1.26500E+00
 2.10750E+01   2.54354E+00   9.17596E-01   4.97335E-01   1.26499E+00
 2.11250E+01   2.54354E+00   9.17596E-01   4.97335E-01   1.26499E+00
 2.11750E+01   2.54355E+00   9.17595E-01   4.97334E-01   1.26499E+00
 2.12250E+01   2.54355E+00   9.17595E-01   4.97334E-01   1.26499E+00
 2.12750E+01   2.54355E+00   9.17595E-01   4.97333E-01   1.26499E+00
 2.13250E+01   2.54355E+00   9.17594E-01   4.97333E-01   1.26499E+00
 2.13750E+01   2.54355E+00   9.17594E-01   4.97332E-01   1.26499E+00
 2.14250E+01   2.54356E+00   9.17594E-01   4.97331E-01   1.26499E+00
 2.14750E+01   2.54356E+00   9.17593E-01   4.97330E-01   1.26499E+00
 2.15250E+01   2.54356E+00   9.17593E-01   4.97330E-01   1.26499E+00
 2.15750E+01   2.54356E+00   9.17593E-01   4.97329E-01   1.26499E+00
 2.16250E+01   2.54356E+00   9.17593E-01   4.97329E-01   1.26499E+00
 2.16750E+01   2.54356E+00   9.17592E-01   4.97328E-01   1.26499E+00
 2.17250E+01   2.54357E+00   9.17592E-01   4.97327E-01   1.26499E+00
 2.17750E+01   2.54357E+00   9.17591E-01   4.97327E-01   1.26499E+00
 2.18250E+01   2.54357E+00   9.17591E-01   4.97326E-01   1.26499E+00
 2.18750E+01   2.54357E+00   9.17591E-01   4.97326E-01   1.26498E+00
 2.19250E+01   2.54357E+00   9.17590E-01   4.97325E-01   1.26498E+00
 2.19750E+01   2.54358E+00   9.17590E-01   4.97325E-01   1.26498E+00
 2.20250E+01   2.54358E+00   9.17589E-01   4.97324E-01   1.26498E+00
 2.20750E+01   2.54358E+00   9.17589E-01   4.97324E-01   1.26498E+00
 2.21250E+01   2.54358E+00   9.17588E-01   4.97323E-01   1.26498E+00
 2.21750E+01   2.54359E+00   9.17588E-01   4.97322E-01   1.26498E+00
 2.22250E+01   2.54359E+00   9.17588E-01   4.97322E-01   1.26498E+00
 2.22750E+01   2.54359E+00   9.17588E-01   4.97321E-01   1.26498E+00
 2.23250E+01   2.54359E+00   9.17588E-01   4.97321E-01   1.26498E+00
 2.23750E+01   2.54359E+00   9.17587E-01   4.97320E-01   1.26498E+00
 2.24250E+01   2.54359E+00   9.17587E-01   4.97320E-01   1.26498E+00
 2.24750E+01   2.54360E+00   9.17586E-01   4.97320E-01   1.26498E+00
 2.25250E+01   2.54360E+00   9.17586E-01   4.97319E-01   1.26498E+00
 2.25750E+01   2.54360E+00   9.17586E-01   4.97318E-01   1.26498E+00
 2.26250E+01   2.54360E+00   9.17585E-01   4.97318E-01   1.26498E+00
 2.26750E+01   2.54360E+00   9.17585E-01   4.97317E-01   1.26498E+00
 2.27250E+01   2.54361E+00   9.17584E-01   4.97316E-01   1.26498E+00
 2.27750E+01   2.54361E+00   9.17584E-01   4.97316E-01   1.26498E+00
 2.28250E+01   2.54361E+00   9.17584E-01   4.97315E-01   1.26498E+00
 2.28750E+01   2.54361E+00   9.17583E-01   4.97315E-01   1.26497E+00
 2.29250E+01   2.54361E+00   9.17583E-01   4.97314E-01   1.26497E+00
 2.29750E+01   2.54362E+00   9.17583E-01   4.97313E-01   1.26497E+00
 2.30250E+01   2.54362E+00   9.17583E-01   4.97313E-01   1.26497E+00
 2.30750E+01   2.54362E+00   9.17582E-01   4.97312E-01   1.26497E+00
 2.31250E+01   2.54362E+00   9.17582E-01   4.97311E-01   1.26497E+00
 2.31750E+01   2.54362E+00   9.17582E-01   4.97311E-01   1.26497E+00
 2.32250E+01   2.54362E+00   9.17581E-01   4.97310E-01   1.26497E+00
 2.32750E+01   2.54363E+00   9.17581E-01   4.97310E-01   1.26497E+00
 2.33250E+01   2.54363E+00   9.17581E-01   4.97310E-01   1.26497E+00
 2.33750E+01   2.54363E+00   9.17581E-01   4.97309E-01   1.26497E+00
 2.34250E+01   2.54363E+00   9.17580E-01   4.97309E-01   1.26497E+00
 2.34750E+01   2.54363E+00   9.17580E-01   4.97308E-01   1.26497E+00
 2.35250E+01   2.54364E+00   9.17580E-01   4.97307E-01   1.26497E+00
 2.35750E+01   2.54364E+00   9.17580E-01   4.97307E-01   1.26497E+00
 2.36250E+01   2.54364E+00   9.17579E-01   4.97306E-01   1.26497E+00
 2.36750E+01   2.54364E+00   9.17579E-01   4.97306E-01   1.26497E+00
 2.37250E+01   2.54364E+00   9.17579E-01   4.97305E-01   1.26497E+00
 2.37750E+01   2.54364E+00   9.17578E-01   4.97305E-01   1.26497E+00
 2.38250E+01   2.54365E+00   9.17578E-01   4.97304E-01   1.26497E+00
 2.38750E+01   2.54365E+00   9.17578E-01   4.97304E-01   1.26497E+00
 2.39250E+01   2.54365E+00   9.17577E-01   4.97303E-01   1.26497E+00
 2.39750E+01   2.54365E+00   9.17577E-01   4.97303E-01   1.26496E+00
 2.40250E+01   2.54365E+00   9.17577E-01   4.97302E-01   1.26496E+00
 2.40750E+01   2.54366E+00   9.17576E-01   4.97301E-01   1.26496E+00
 2.41250E+01   2.54366E+00   9.17576E-01   4.97301E-01   1.26496E+00
 2.41750E+01   2.54366E+00   9.17575E-01   4.97300E-01   1.26496E+00
 2.42250E+01   2.54366E+00   9.17575E-01   4.97300E-01   1.26496E+00
 2.42750E+01   2.54366E+00   9.17574E-01   4.97299E-01   1.26496E+00
 2.43250E+01   2.54367E+00   9.17574E-01   4.97299E-01   1.26496E+00
 2.43750E+01   2.54367E+00   9.17574E-01   4.97298E-01   1.26496E+00
 2.44250E+01   2.54367E+00   9.17574E-01   4.97297E-01   1.26496E+00
 2.44750E+01   2.54367E+00   9.17573E-01   4.97297E-01   1.26496E+00
 2.45250E+01   2.54368E+00   9.17573E-01   4.97296E-01   1.26496E+00
 2.45750E+01   2.54368E+00   9.17572E-01   4.97296E-01   1.26496E+00
 2.46250E+01   2.54368E+00   9.17572E-01   4.97295E-01   1.26496E+00
 2.46750E+01   2.54368E+00   9.17572E-01   4.97294E-01   1.26496E+00
 2.47250E+01   2.54368E+00   9.17572E-01   4.97294E-01   1.26496E+00
 2.47750E+01   2.54369E+00   9.17571E-01   4.97293E-01   1.26496E+00
 2.48250E+01   2.54369E+00   9.17571E-01   4.97293E-01   1.26496E+00
 2.48750E+01   2.54369E+00   9.17571E-01   4.97292E-01   1.26496E+00
 2.49250E+01   2.54369E+00   9.17571E-01   4.97292E-01   1.26496E+00
 2.49750E+01   2.54369E+00   9.17570E-01   4.97291E-01   1.26496E+00
 2.50250E+01   2.54369E+00   9.17570E-01   4.97290E-01   1.26495E+00
 2.50750E+01   2.54370E+00   9.17570E-01   4.97290E-01   1.26495E+00
 2.51250E+01   2.54370E+00   9.17569E-01   4.97289E-01   1.26495E+00
 2.51750E+01   2.54370E+00   9.17569E-01   4.97289E-01   1.26495E+00
 2.52250E+01   2.54370E+00   9.17568E-01   4.97288E-01   1.26495E+00
 2.52750E+01   2.54370E+00   9.17568E-01   4.97287E-01   1.26495E+00
 2.53250E+01   2.54370E+00   9.17568E-01   4.97287E-01   1.26495E+00
 2.53750E+01   2.54371E+00   9.17567E-01   4.97286E-01   1.26495E+00
 2.54250E+01   2.54371E+00   9.17567E-01   4.97286E-01   1.26495E+00
 2.54750E+01   2.54371E+00   9.17566E-01   4.97285E-01   1.26495E+00
 2.55250E+01   2.54371E+00   9.17566E-01   4.97285E-01   1.26495E+00
 2.55750E+01   2.54372E+00   9.17566E-01   4.97284E-01   1.26495E+00
 2.56250E+01   2.54372E+00   9.17565E-01   4.97283E-01   1.26495E+00
 2.56750E+01   2.54372E+00   9.17565E-01   4.97283E-01   1.26495E+00
 2.57250E+01   2.54372E+00   9.17565E-01   4.97282E-01   1.26495E+00
 2.57750E+01   2.54372E+00   9.17565E-01   4.97282E-01   1.26495E+00
 2.58250E+01   2.54372E+00   9.17565E-01   4.97281E-01   1.26495E+00
 2.58750E+01   2.54373E+00   9.17564E-01   4.97281E-01   1.26495E+00
 2.59250E+01   2.54373E+00   9.17564E-01   4.97280E-01   1.26495E+00
 2.59750E+01   2.54373E+00   9.17564E-01   4.97279E-01   1.26495E+00
 2.60250E+01   2.54373E+00   9.17564E-01   4.97279E-01   1.26494E+00
 2.60750E+01   2.54373E+00   9.17563E-01   4.97278E-01   1.26494E+00
 2.61250E+01   2.54374E+00   9.17563E-01   4.97278E-01   1.26494E+00
 2.61750E+01   2.54374E+00   9.17562E-01   4.97277E-01   1.26494E+00
 2.62250E+01   2.54374E+00   9.17562E-01   4.97276E-01   1.26494E+00
 2.62750E+01   2.54374E+00   9.17561E-01   4.97276E-01   1.26494E+00
 2.63250E+01   2.54375E+00   9.17561E-01   4.97275E-01   1.26494E+00
 2.63750E+01   2.54375E+00   9.17560E-01   4.97275E-01   1.26494E+00
 2.64250E+01   2.54375E+00   9.17560E-01   4.97274E-01   1.26494E+00
 2.64750E+01   2.54375E+00   9.17560E-01   4.97274E-01   1.26494E+00
 2.65250E+01   2.54375E+00   9.17559E-01   4.97273E-01   1.26494E+00
 2.65750E+01   2.54376E+00   9.17559E-01   4.97272E-01   1.26494E+00
 2.66250E+01   2.54376E+00   9.17558E-01   4.97272E-01   1.26494E+00
 2.66750E+01   2.54376E+00   9.17558E-01   4.97271E-01   1.26494E+00
 2.67250E+01   2.54376E+00   9.17558E-01   4.97270E-01   1.26494E+00
 2.67750E+01   2.54377E+00   9.17557E-01   4.97270E-01   1.26494E+00
 2.68250E+01   2.54377E+00   9.17557E-01   4.97269E-01   1.26494E+00
 2.68750E+01   2.54377E+00   9.17557E-01   4.97269E-01   1.26494E+00
 2.69250E+01   2.54377E+00   9.17556E-01   4.97268E-01   1.26494E+00
 2.69750E+01   2.54377E+00   9.17556E-01   4.97268E-01   1.26494E+00
 2.70250E+01   2.54378E+00   9.17556E-01   4.97267E-01   1.26494E+00
 2.70750E+01   2.54378E+00   9.17556E-01   4.97267E-01   1.26494E+00
 2.71250E+01   2.54378E+00   9.17556E-01   4.97266E-01   1.26493E+00
 2.71750E+01   2.54378E+00   9.17556E-01   4.97266E-01   1.26493E+00
 2.72250E+01   2.54378E+00   9.17555E-01   4.97265E-01   1.26493E+00
 2.72750E+01   2.54378E+00   9.17555E-01   4.97265E-01   1.26493E+00
 2.73250E+01   2.54378E+00   9.17555E-01   4.97264E-01   1.26493E+00
 2.73750E+01   2.54379E+00   9.17554E-01   4.97263E-01   1.26493E+00
 2.74250E+01   2.54379E+00   9.17554E-01   4.97262E-01   1.26493E+00
 2.74750E+01   2.54379E+00   9.17554E-01   4.97262E-01   1.26493E+00
 2.75250E+01   2.54379E+00   9.17554E-01   4.97261E-01   1.26493E+00
 2.75750E+01   2.54379E+00   9.17553E-01   4.97261E-01   1.26493E+00
 2.76250E+01   2.54380E+00   9.17553E-01   4.97260E-01   1.26493E+00
 2.76750E+01   2.54380E+00   9.17553E-01   4.97259E-01   1.26493E+00
 2.77250E+01   2.54380E+00   9.17552E-01   4.97259E-01   1.26493E+00
 2.77750E+01   2.54380E+00   9.17552E-01   4.97258E-01   1.26493E+00
 2.78250E+01   2.54380E+00   9.17552E-01   4.97258E-01   1.26492E+00
 2.78750E+01   2.54380E+00   9.17552E-01   4.97257E-01   1.26492E+00
 2.79250E+01   2.54381E+00   9.17551E-01   4.97256E-01   1.26492E+00
 2.79750E+01   2.54381E+00   9.17550E-01   4.97255E-01   1.26492E+00
 2.80250E+01   2.54381E+00   9.17550E-01   4.97255E-01   1.26492E+00
 2.80750E+01   2.54381E+00   9.17550E-01   4.97254E-01   1.26492E+00
 2.81250E+01   2.54382E+00   9.17549E-01   4.97253E-01   1.26492E+00
 2.81750E+01   2.54382E+00   9.17549E-01   4.97252E-01   1.26492E+00
 2.82250E+01   2.54382E+00   9.17548E-01   4.97252E-01   1.26492E+00
 2.82750E+01   2.54383E+00   9.17548E-01   4.97251E-01   1.26492E+00
 2.83250E+01   2.54383E+00   9.17548E-01   4.97250E-01   1.26492E+00
 2.83750E+01   2.54383E+00   9.17547E-01   4.97250E-01   1.26492E+00
 2.84250E+01   2.54383E+00   9.17547E-01   4.97249E-01   1.26492E+00
 2.84750E+01   2.54383E+00   9.17546E-01   4.97248E-01   1.26492E+00
 2.85250E+01   2.54384E+00   9.17546E-01   4.97248E-01   1.26492E+00
 2.85750E+01   2.54384E+00   9.17546E-01   4.97247E-01   1.26492E+00
 2.86250E+01   2.54384E+00   9.17545E-01   4.97247E-01   1.26492E+00
 2.86750E+01   2.54384E+00   9.17545E-01   4.97246E-01   1.26492E+00
 2.87250E+01   2.54385E+00   9.17544E-01   4.97245E-01   1.26491E+00
 2.87750E+01   2.54385E+00   9.17544E-01   4.97244E-01   1.26491E+00
 2.88250E+01   2.54385E+00   9.17543E-01   4.97244E-01   1.26491E+00
 2.88750E+01   2.54385E+00   9.17543E-01   4.97243E-01   1.26491E+00
 2.89250E+01   2.54385E+00   9.17542E-01   4.97242E-01   1.26491E+00
 2.89750E+01   2.54386E+00   9.17542E-01   4.97242E-01   1.26491E+00
 2.90250E+01   2.54386E+00   9.17541E-01   4.97241E-01   1.26491E+00
 2.90750E+01   2.54386E+00   9.17541E-01   4.97240E-01   1.26491E+00
 2.91250E+01   2.54386E+00   9.17540E-01   4.97240E-01   1.26491E+00
 2.91750E+01   2.54387E+00   9.17540E-01   4.97239E-01   1.26491E+00
 2.92250E+01   2.54387E+00   9.17540E-01   4.97238E-01   1.26491E+00
 2.92750E+01   2.54387E+00   9.17539E-01   4.97238E-01   1.26491E+00
 2.93250E+01   2.54387E+00   9.17539E-01   4.97237E-01   1.26491E+00
 2.93750E+01   2.54387E+00   9.17539E-01   4.97236E-01   1.26491E+00
 2.94250E+01   2.54388E+00   9.17538E-01   4.97236E-01   1.26491E+00
 2.94750E+01   2.54388E+00   9.17538E-01   4.97235E-01   1.26491E+00
 2.95250E+01   2.54388E+00   9.17537E-01   4.97234E-01   1.26490E+00
 2.95750E+01   2.54388E+00   9.17537E-01   4.97234E-01   1.26490E+00
 2.96250E+01   2.54389E+00   9.17536E-01   4.97233E-01   1.26490E+00
 2.96750E+01   2.54389E+00   9.17536E-01   4.97232E-01   1.26490E+00
 2.97250E+01   2.54389E+00   9.17535E-01   4.97232E-01   1.26490E+00
 2.97750E+01   2.54389E+00   9.17535E-01   4.97231E-01   1.26490E+00
 2.98250E+01   2.54390E+00   9.17535E-01   4.97230E-01   1.26490E+00
 2.98750E+01   2.54390E+00   9.17535E-01   4.97229E-01   1.26490E+00
 2.99250E+01   2.54390E+00   9.17534E-01   4.97229E-01   1.26490E+00
 2.99750E+01   2.54390E+00   9.17534E-01   4.97228E-01   1.26490E+00
 3.00250E+01   2.54390E+00   9.17533E-01   4.97228E-01   1.26490E+00
 3.00750E+01   2.54391E+00   9.17533E-01   4.97227E-01   1.26490E+00
 3.01250E+01   2.54391E+00   9.17532E-01   4.97226E-01   1.26490E+00
 3.01750E+01   2.54391E+00   9.17532E-01   4.97226E-01   1.26490E+00
 3.02250E+01   2.54391E+00   9.17532E-01   4.97225E-01   1.26490E+00
 3.02750E+01   2.54392E+00   9.17531E-01   4.97225E-01   1.26490E+00
 3.03250E+01   2.54392E+00   9.17531E-01   4.97224E-01   1.26490E+00
 3.03750E+01   2.54392E+00   9.17530E-01   4.97223E-01   1.26490E+00
 3.04250E+01   2.54392E+00   9.17530E-01   4.97223E-01   1.26490E+00
 3.04750E+01   2.54392E+00   9.17529E-01   4.97222E-01   1.26489E+00
 3.05250E+01   2.54393E+00   9.17529E-01   4.97221E-01   1.26489E+00
 3.05750E+01   2.54393E+00   9.17528E-01   4.97220E-01   1.26489E+00
 3.06250E+01   2.54393E+00   9.17528E-01   4.97220E-01   1.26489E+00
 3.06750E+01   2.54393E+00   9.17527E-01   4.97219E-01   1.26489E+00
 3.07250E+01   2.54394E+00   9.17527E-01   4.97219E-01   1.26489E+00
 3.07750E+01   2.54394E+00   9.17526E-01   4.97218E-01   1.26489E+00
 3.08250E+01   2.54394E+00   9.17526E-01   4.97217E-01   1.26489E+00
 3.08750E+01   2.54394E+00   9.17526E-01   4.97217E-01   1.26489E+00
 3.09250E+01   2.54394E+00   9.17526E-01   4.97216E-01   1.26489E+00
 3.09750E+01   2.54395E+00   9.17525E-01   4.97215E-01   1.26489E+00
 3.10250E+01   2.54395E+00   9.17525E-01   4.97215E-01   1.26489E+00
 3.10750E+01   2.54395E+00   9.17524E-01   4.97214E-01   1.26489E+00
 3.11250E+01   2.54395E+00   9.17524E-01   4.97213E-01   1.26489E+00
 3.11750E+01   2.54395E+00   9.17524E-01   4.97212E-01   1.26489E+00
 3.12250E+01   2.54396E+00   9.17523E-01   4.97212E-01   1.26488E+00
 3.12750E+01   2.54396E+00   9.17523E-01   4.97211E-01   1.26488E+00
 3.13250E+01   2.54396E+00   9.17522E-01   4.97211E-01   1.26488E+00
 3.13750E+01   2.54396E+00   9.17522E-01   4.97210E-01   1.26488E+00
 3.14250E+01   2.54396E+00   9.17522E-01   4.97209E-01   1.26488E+00
 3.14750E+01   2.54397E+00   9.17521E-01   4.97208E-01   1.26488E+00
 3.15250E+01   2.54397E+00   9.17521E-01   4.97208E-01   1.26488E+00
 3.15750E+01   2.54397E+00   9.17521E-01   4.97207E-01   1.26488E+00
 3.16250E+01   2.54397E+00   9.17520E-01   4.97206E-01   1.26488E+00
 3.16750E+01   2.54397E+00   9.17520E-01   4.97206E-01   1.26488E+00
 3.17250E+01   2.54398E+00   9.17519E-01   4.97205E-01   1.26488E+00
 3.17750E+01   2.54398E+00   9.17518E-01   4.97204E-01   1.26488E+00
 3.18250E+01   2.54398E+00   9.17518E-01   4.97204E-01   1.26488E+00
 3.18750E+01   2.54399E+00   9.17517E-01   4.97203E-01   1.26488E+00
 3.19250E+01   2.54399E+00   9.17517E-01   4.97202E-01   1.26488E+00
 3.19750E+01   2.54399E+00   9.17517E-01   4.97201E-01   1.26487E+00
 3.20250E+01   2.54399E+00   9.17516E-01   4.97201E-01   1.26487E+00
 3.20750E+01   2.54399E+00   9.17516E-01   4.97200E-01   1.26487E+00
 3.21250E+01   2.54400E+00   9.17516E-01   4.97199E-01   1.26487E+00
 3.21750E+01   2.54400E+00   9.17515E-01   4.97198E-01   1.26487E+00
 3.22250E+01   2.54400E+00   9.17515E-01   4.97198E-01   1.26487E+00
 3.22750E+01   2.54400E+00   9.17515E-01   4.97197E-01   1.26487E+00
 3.23250E+01   2.54400E+00   9.17515E-01   4.97197E-01   1.26487E+00
 3.23750E+01   2.54401E+00   9.17514E-01   4.97196E-01   1.26487E+00
 3.24250E+01   2.54401E+00   9.17513E-01   4.97195E-01   1.26487E+00
 3.24750E+01   2.54401E+00   9.17513E-01   4.97195E-01   1.26487E+00
 3.25250E+01   2.54401E+00   9.17512E-01   4.97194E-01   1.26487E+00
 3.25750E+01   2.54401E+00   9.17512E-01   4.97193E-01   1.26487E+00
 3.26250E+01   2.54402E+00   9.17512E-01   4.97193E-01   1.26487E+00
 3.26750E+01   2.54402E+00   9.17511E-01   4.97192E-01   1.26487E+00
 3.27250E+01   2.54402E+00   9.17511E-01   4.97191E-01   1.26486E+00
 3.27750E+01   2.54402E+00   9.17511E-01   4.97190E-01   1.26486E+00
 3.28250E+01   2.54402E+00   9.17511E-01   4.97190E-01   1.26486E+00
 3.28750E+01   2.54403E+00   9.17510E-01   4.97189E-01   1.26486E+00
 3.29250E+01   2.54403E+00   9.17510E-01   4.97188E-01   1.26486E+00
 3.29750E+01   2.54403E+00   9.17509E-01   4.97188E-01   1.26486E+00
 3.30250E+01   2.54403E+00   9.17509E-01   4.97187E-01   1.26486E+00
 3.30750E+01   2.54404E+00   9.17508E-01   4.97187E-01   1.26486E+00
 3.31250E+01   2.54404E+00   9.17508E-01   4.97186E-01   1.26486E+00
 3.31750E+01   2.54404E+00   9.17508E-01   4.97185E-01   1.26486E+00
 3.32250E+01   2.54404E+00   9.17507E-01   4.97185E-01   1.26486E+00
 3.32750E+01   2.54404E+00   9.17507E-01   4.97184E-01   1.26486E+00
 3.33250E+01   2.54404E+00   9.17506E-01   4.97183E-01   1.26486E+00
 3.33750E+01   2.54405E+00   9.17506E-01   4.97183E-01   1.26486E+00
 3.34250E+01   2.54405E+00   9.17506E-01   4.97182E-01   1.26486E+00
 3.34750E+01   2.54405E+00   9.17505E-01   4.97182E-01   1.26486E+00
 3.35250E+01   2.54405E+00   9.17505E-01   4.97181E-01   1.26485E+00
 3.35750E+01   2.54405E+00   9.17504E-01   4.97180E-01   1.26485E+00
 3.36250E+01   2.54406E+00   9.17504E-01   4.97180E-01   1.26485E+00
 3.36750E+01   2.54406E+00   9.17504E-01   4.97179E-01   1.26485E+00
 3.37250E+01   2.54406E+00   9.17503E-01   4.97179E-01   1.26485E+00
 3.37750E+01   2.54406E+00   9.17503E-01   4.97178E-01   1.26485E+00
 3.38250E+01   2.54406E+00   9.17503E-01   4.97177E-01   1.26485E+00
 3.38750E+01   2.54407E+00   9.17502E-01   4.97177E-01   1.26485E+00
 3.39250E+01   2.54407E+00   9.17502E-01   4.97176E-01   1.26485E+00
 3.39750E+01   2.54407E+00   9.17502E-01   4.97175E-01   1.26485E+00
 3.40250E+01   2.54407E+00   9.17501E-01   4.97175E-01   1.26485E+00
 3.40750E+01   2.54407E+00   9.17501E-01   4.97174E-01   1.26485E+00
 3.41250E+01   2.54408E+00   9.17501E-01   4.97173E-01   1.26485E+00
 3.41750E+01   2.54408E+00   9.17500E-01   4.97172E-01   1.26484E+00
 3.42250E+01   2.54408E+00   9.17500E-01   4.97172E-01   1.26484E+00
 3.42750E+01   2.54408E+00   9.17500E-01   4.97171E-01   1.26484E+00
 3.43250E+01   2.54408E+00   9.17499E-01   4.97171E-01   1.26484E+00
 3.43750E+01   2.54409E+00   9.17498E-01   4.97170E-01   1.26484E+00
 3.44250E+01   2.54409E+00   9.17498E-01   4.97169E-01   1.26484E+00
 3.44750E+01   2.54409E+00   9.17497E-01   4.97169E-01   1.26484E+00
 3.45250E+01   2.54409E+00   9.17497E-01   4.97168E-01   1.26484E+00
 3.45750E+01   2.54410E+00   9.17496E-01   4.97167E-01   1.26484E+00
 3.46250E+01   2.54410E+00   9.17496E-01   4.97166E-01   1.26484E+00
 3.46750E+01   2.54410E+00   9.17495E-01   4.97166E-01   1.26484E+00
 3.47250E+01   2.54411E+00   9.17495E-01   4.97165E-01   1.26484E+00
 3.47750E+01   2.54411E+00   9.17494E-01   4.97164E-01   1.26484E+00
 3.48250E+01   2.54411E+00   9.17493E-01   4.97163E-01   1.26484E+00
 3.48750E+01   2.54412E+00   9.17492E-01   4.97162E-01   1.26484E+00
 3.49250E+01   2.54412E+00   9.17492E-01   4.97161E-01   1.26484E+00
 3.49750E+01   2.54412E+00   9.17491E-01   4.97160E-01   1.26484E+00
 3.50250E+01   2.54413E+00   9.17490E-01   4.97160E-01   1.26484E+00
 3.50750E+01   2.54413E+00   9.17489E-01   4.97159E-01   1.26484E+00
 3.51250E+01   2.54413E+00   9.17488E-01   4.97158E-01   1.26484E+00
 3.51750E+01   2.54414E+00   9.17487E-01   4.97157E-01   1.26484E+00
 3.52250E+01   2.54414E+00   9.17486E-01   4.97156E-01   1.26484E+00
 3.52750E+01   2.54414E+00   9.17485E-01   4.97155E-01   1.26483E+00
 3.53250E+01   2.54415E+00   9.17484E-01   4.97155E-01   1.26483E+00
 3.53750E+01   2.54415E+00   9.17483E-01   4.97154E-01   1.26483E+00
 3.54250E+01   2.54416E+00   9.17482E-01   4.97153E-01   1.26483E+00
 3.54750E+01   2.54416E+00   9.17481E-01   4.97152E-01   1.26484E+00
 3.55250E+01   2.54416E+00   9.17480E-01   4.97151E-01   1.26484E+00
 3.55750E+01   2.54417E+00   9.17479E-01   4.97151E-01   1.26484E+00
 3.56250E+01   2.54417E+00   9.17477E-01   4.97150E-01   1.26484E+00
 3.56750E+01   2.54418E+00   9.17476E-01   4.97149E-01   1.26484E+00
 3.57250E+01   2.54418E+00   9.17475E-01   4.97148E-01   1.26484E+00
 3.57750E+01   2.54419E+00   9.17474E-01   4.97147E-01   1.26484E+00
 3.58250E+01   2.54419E+00   9.17472E-01   4.97147E-01   1.26484E+00
 3.58750E+01   2.54420E+00   9.17471E-01   4.97146E-01   1.26484E+00
 3.59250E+01   2.54420E+00   9.17470E-01   4.97145E-01   1.26484E+00
 3.59750E+01   2.54420E+00   9.17469E-01   4.97144E-01   1.26484E+00
 3.60250E+01   2.54421E+00   9.17468E-01   4.97144E-01   1.26484E+00
 3.60750E+01   2.54421E+00   9.17466E-01   4.97143E-01   1.26484E+00
 3.61250E+01   2.54422E+00   9.17465E-01   4.97142E-01   1.26484E+00
 3.61750E+01   2.54422E+00   9.17464E-01   4.97141E-01   1.26484E+00
 3.62250E+01   2.54422E+00   9.17463E-01   4.97140E-01   1.26484E+00
 3.62750E+01   2.54423E+00   9.17462E-01   4.97139E-01   1.26484E+00
 3.63250E+01   2.54423E+00   9.17461E-01   4.97138E-01   1.26484E+00
 3.63750E+01   2.54424E+00   9.17460E-01   4.97137E-01   1.26484E+00
 3.64250E+01   2.54424E+00   9.17459E-01   4.97137E-01   1.26484E+00
 3.64750E+01   2.54425E+00   9.17457E-01   4.97136E-01   1.26484E+00
 3.65250E+01   2.54425E+00   9.17456E-01   4.97135E-01   1.26484E+00
 3.65750E+01   2.54426E+00   9.17455E-01   4.97135E-01   1.26484E+00
 3.66250E+01   2.54426E+00   9.17454E-01   4.97134E-01   1.26484E+00
 3.66750E+01   2.54426E+00   9.17453E-01   4.97133E-01   1.26484E+00
 3.67250E+01   2.54427E+00   9.17452E-01   4.97133E-01   1.26484E+00
 3.67750E+01   2.54427E+00   9.17451E-01   4.97132E-01   1.26484E+00
 3.68250E+01   2.54428E+00   9.17450E-01   4.97131E-01   1.26484E+00
 3.68750E+01   2.54428E+00   9.17449E-01   4.97130E-01   1.26484E+00
 3.69250E+01   2.54429E+00   9.17448E-01   4.97130E-01   1.26484E+00
 3.69750E+01   2.54429E+00   9.17446E-01   4.97129E-01   1.26484E+00
 3.70250E+01   2.54430E+00   9.17445E-01   4.97128E-01   1.26484E+00
 3.70750E+01   2.54430E+00   9.17444E-01   4.97128E-01   1.26484E+00
 3.71250E+01   2.54431E+00   9.17442E-01   4.97127E-01   1.26484E+00
 3.71750E+01   2.54431E+00   9.17441E-01   4.97126E-01   1.26484E+00
 3.72250E+01   2.54432E+00   9.17440E-01   4.97125E-01   1.26484E+00
 3.72750E+01   2.54432E+00   9.17439E-01   4.97125E-01   1.26484E+00
 3.73250E+01   2.54432E+00   9.17438E-01   4.97124E-01   1.26484E+00
 3.73750E+01   2.54433E+00   9.17436E-01   4.97123E-01   1.26485E+00
 3.74250E+01   2.54433E+00   9.17435E-01   4.97123E-01   1.26485E+00
 3.74750E+01   2.54434E+00   9.17434E-01   4.97122E-01   1.26485E+00
 3.75250E+01   2.54434E+00   9.17432E-01   4.97122E-01   1.26485E+00
 3.75750E+01   2.54435E+00   9.17431E-01   4.97121E-01   1.26485E+00
 3.76250E+01   2.54435E+00   9.17429E-01   4.97120E-01   1.26485E+00
 3.76750E+01   2.54436E+00   9.17428E-01   4.97119E-01   1.26485E+00
 3.77250E+01   2.54436E+00   9.17427E-01   4.97119E-01   1.26485E+00
 3.77750E+01   2.54437E+00   9.17426E-01   4.97118E-01   1.26485E+00
 3.78250E+01   2.54437E+00   9.17425E-01   4.97117E-01   1.26485E+00
 3.78750E+01   2.54437E+00   9.17423E-01   4.97116E-01   1.26485E+00
 3.79250E+01   2.54438E+00   9.17422E-01   4.97116E-01   1.26485E+00
 3.79750E+01   2.54438E+00   9.17421E-01   4.97115E-01   1.26485E+00
 3.80250E+01   2.54439E+00   9.17420E-01   4.97114E-01   1.26485E+00
 3.80750E+01   2.54439E+00   9.17419E-01   4.97113E-01   1.26485E+00
 3.81250E+01   2.54440E+00   9.17417E-01   4.97112E-01   1.26485E+00
 3.81750E+01   2.54440E+00   9.17416E-01   4.97112E-01   1.26485E+00
 3.82250E+01   2.54440E+00   9.17414E-01   4.97111E-01   1.26485E+00
 3.82750E+01   2.54441E+00   9.17413E-01   4.97111E-01   1.26485E+00
 3.83250E+01   2.54441E+00   9.17412E-01   4.97110E-01   1.26485E+00
 3.83750E+01   2.54442E+00   9.17411E-01   4.97109E-01   1.26485E+00
 3.84250E+01   2.54442E+00   9.17410E-01   4.97108E-01   1.26485E+00
 3.84750E+01   2.54443E+00   9.17409E-01   4.97108E-01   1.26485E+00
 3.85250E+01   2.54443E+00   9.17408E-01   4.97107E-01   1.26485E+00
 3.85750E+01   2.54443E+00   9.17407E-01   4.97106E-01   1.26485E+00
 3.86250E+01   2.54444E+00   9.17406E-01   4.97106E-01   1.26485E+00
 3.86750E+01   2.54444E+00   9.17405E-01   4.97105E-01   1.26485E+00
 3.87250E+01   2.54444E+00   9.17403E-01   4.97104E-01   1.26485E+00
 3.87750E+01   2.54445E+00   9.17402E-01   4.97103E-01   1.26485E+00
 3.88250E+01   2.54445E+00   9.17401E-01   4.97102E-01   1.26485E+00
 3.88750E+01   2.54446E+00   9.17400E-01   4.97101E-01   1.26485E+00
 3.89250E+01   2.54446E+00   9.17399E-01   4.97101E-01   1.26485E+00
 3.89750E+01   2.54447E+00   9.17398E-01   4.97100E-01   1.26485E+00
 3.90250E+01   2.54447E+00   9.17397E-01   4.97099E-01   1.26485E+00
 3.90750E+01   2.54448E+00   9.17396E-01   4.97098E-01   1.26485E+00
 3.91250E+01   2.54448E+00   9.17395E-01   4.97097E-01   1.26485E+00
 3.91750E+01   2.54448E+00   9.17394E-01   4.97097E-01   1.26486E+00
 3.92250E+01   2.54449E+00   9.17392E-01   4.97096E-01   1.26486E+00
 3.92750E+01   2.54449E+00   9.17391E-01   4.97095E-01   1.26486E+00
 3.93250E+01   2.54450E+00   9.17390E-01   4.97094E-01   1.26486E+00
 3.93750E+01   2.54450E+00   9.17388E-01   4.97093E-01   1.26486E+00
 3.94250E+01   2.54451E+00   9.17387E-01   4.97093E-01   1.26486E+00
 3.94750E+01   2.54451E+00   9.17386E-01   4.97092E-01   1.26486E+00
 3.95250E+01   2.54452E+00   9.17385E-01   4.97091E-01   1.26486E+00
 3.95750E+01   2.54452E+00   9.17384E-01   4.97090E-01   1.26486E+00
 3.96250E+01   2.54453E+00   9.17383E-01   4.97090E-01   1.26486E+00
 3.96750E+01   2.54453E+00   9.17382E-01   4.97089E-01   1.26486E+00
 3.97250E+01   2.54453E+00   9.17380E-01   4.97088E-01   1.26486E+00
 3.97750E+01   2.54454E+00   9.17379E-01   4.97087E-01   1.26486E+00
 3.98250E+01   2.54454E+00   9.17378E-01   4.97086E-01   1.26486E+00
 3.98750E+01   2.54455E+00   9.17377E-01   4.97086E-01   1.26486E+00
 3.99250E+01   2.54455E+00   9.17376E-01   4.97085E-01   1.26486E+00
 3.99750E+01   2.54456E+00   9.17375E-01   4.97084E-01   1.26486E+00
 4.00250E+01   2.54456E+00   9.17373E-01   4.97084E-01   1.26486E+00
 4.00750E+01   2.54457E+00   9.17372E-01   4.97083E-01   1.26486E+00
 4.01250E+01   2.54457E+00   9.17371E-01   4.97082E-01   1.26486E+00
 4.01750E+01   2.54457E+00   9.17370E-01   4.97082E-01   1.26486E+00
 4.02250E+01   2.54458E+00   9.17369E-01   4.97081E-01   1.26486E+00
 4.02750E+01   2.54458E+00   9.17367E-01   4.97080E-01   1.26486E+00
 4.03250E+01   2.54459E+00   9.17366E-01   4.97080E-01   1.26486E+00
 4.03750E+01   2.54459E+00   9.17365E-01   4.97079E-01   1.26486E+00
 4.04250E+01   2.54460E+00   9.17364E-01   4.97078E-01   1.26486E+00
 4.04750E+01   2.54460E+00   9.17363E-01   4.97078E-01   1.26486E+00
 4.05250E+01   2.54460E+00   9.17361E-01   4.97077E-01   1.26486E+00
 4.05750E+01   2.54461E+00   9.17360E-01   4.97076E-01   1.26486E+00
 4.06250E+01   2.54461E+00   9.17359E-01   4.97076E-01   1.26487E+00
 4.06750E+01   2.54462E+00   9.17358E-01   4.97075E-01   1.26487E+00
 4.07250E+01   2.54462E+00   9.17356E-01   4.97074E-01   1.26487E+00
 4.07750E+01   2.54463E+00   9.17355E-01   4.97073E-01   1.26487E+00
 4.08250E+01   2.54463E+00   9.17354E-01   4.97072E-01   1.26487E+00
 4.08750E+01   2.54464E+00   9.17353E-01   4.97071E-01   1.26487E+00
 4.09250E+01   2.54464E+00   9.17352E-01   4.97070E-01   1.26487E+00
 4.09750E+01   2.54465E+00   9.17351E-01   4.97070E-01   1.26487E+00
 4.10250E+01   2.54465E+00   9.17349E-01   4.97069E-01   1.26487E+00
 4.10750E+01   2.54465E+00   9.17348E-01   4.97068E-01   1.26487E+00
 4.11250E+01   2.54466E+00   9.17347E-01   4.97068E-01   1.26487E+00
 4.11750E+01   2.54466E+00   9.17346E-01   4.97067E-01   1.26487E+00
 4.12250E+01   2.54467E+00   9.17345E-01   4.97066E-01   1.26487E+00
 4.12750E+01   2.54467E+00   9.17343E-01   4.97065E-01   1.26487E+00
 4.13250E+01   2.54468E+00   9.17342E-01   4.97064E-01   1.26487E+00
 4.13750E+01   2.54468E+00   9.17341E-01   4.97063E-01   1.26487E+00
 4.14250E+01   2.54469E+00   9.17339E-01   4.97063E-01   1.26487E+00
 4.14750E+01   2.54469E+00   9.17338E-01   4.97062E-01   1.26487E+00
 4.15250E+01   2.54470E+00   9.17337E-01   4.97061E-01   1.26487E+00
 4.15750E+01   2.54470E+00   9.17335E-01   4.97060E-01   1.26487E+00
 4.16250E+01   2.54471E+00   9.17334E-01   4.97059E-01   1.26487E+00
 4.16750E+01   2.54471E+00   9.17333E-01   4.97058E-01   1.26487E+00
 4.17250E+01   2.54472E+00   9.17332E-01   4.97058E-01   1.26487E+00
 4.17750E+01   2.54472E+00   9.17330E-01   4.97057E-01   1.26487E+00
 4.18250E+01   2.54473E+00   9.17329E-01   4.97056E-01   1.26487E+00
 4.18750E+01   2.54473E+00   9.17327E-01   4.97055E-01   1.26487E+00
 4.19250E+01   2.54474E+00   9.17326E-01   4.97055E-01   1.26487E+00
 4.19750E+01   2.54474E+00   9.17324E-01   4.97054E-01   1.26487E+00
 4.20250E+01   2.54475E+00   9.17323E-01   4.97053E-01   1.26487E+00
 4.20750E+01   2.54475E+00   9.17321E-01   4.97052E-01   1.26487E+00
 4.21250E+01   2.54476E+00   9.17320E-01   4.97051E-01   1.26487E+00
 4.21750E+01   2.54476E+00   9.17318E-01   4.97050E-01   1.26488E+00
 4.22250E+01   2.54477E+00   9.17317E-01   4.97049E-01   1.26488E+00
 4.22750E+01   2.54477E+00   9.17316E-01   4.97048E-01   1.26488E+00
 4.23250E+01   2.54478E+00   9.17314E-01   4.97047E-01   1.26488E+00
 4.23750E+01   2.54478E+00   9.17313E-01   4.97047E-01   1.26488E+00
 4.24250E+01   2.54479E+00   9.17311E-01   4.97046E-01   1.26488E+00
 4.24750E+01   2.54479E+00   9.17310E-01   4.97045E-01   1.26488E+00
 4.25250E+01   2.54480E+00   9.17308E-01   4.97044E-01   1.26488E+00
 4.25750E+01   2.54481E+00   9.17307E-01   4.97043E-01   1.26488E+00
 4.26250E+01   2.54481E+00   9.17305E-01   4.97043E-01   1.26488E+00
 4.26750E+01   2.54482E+00   9.17304E-01   4.97042E-01   1.26488E+00
 4.27250E+01   2.54482E+00   9.17302E-01   4.97041E-01   1.26488E+00
 4.27750E+01   2.54483E+00   9.17301E-01   4.97040E-01   1.26488E+00
 4.28250E+01   2.54483E+00   9.17299E-01   4.97039E-01   1.26488E+00
 4.28750E+01   2.54484E+00   9.17297E-01   4.97039E-01   1.26488E+00
 4.29250E+01   2.54484E+00   9.17296E-01   4.97038E-01   1.26488E+00
 4.29750E+01   2.54485E+00   9.17294E-01   4.97037E-01   1.26488E+00
 4.30250E+01   2.54486E+00   9.17293E-01   4.97036E-01   1.26489E+00
 4.30750E+01   2.54486E+00   9.17291E-01   4.97035E-01   1.26489E+00
 4.31250E+01   2.54487E+00   9.17289E-01   4.97034E-01   1.26489E+00
 4.31750E+01   2.54487E+00   9.17288E-01   4.97034E-01   1.26489E+00
 4.32250E+01   2.54488E+00   9.17286E-01   4.97033E-01   1.26489E+00
 4.32750E+01   2.54488E+00   9.17284E-01   4.97032E-01   1.26489E+00
 4.33250E+01   2.54489E+00   9.17283E-01   4.97031E-01   1.26489E+00
 4.33750E+01   2.54489E+00   9.17281E-01   4.97030E-01   1.26489E+00
 4.34250E+01   2.54490E+00   9.17280E-01   4.97029E-01   1.26489E+00
 4.34750E+01   2.54490E+00   9.17279E-01   4.97028E-01   1.26489E+00
 4.35250E+01   2.54491E+00   9.17277E-01   4.97027E-01   1.26489E+00
 4.35750E+01   2.54491E+00   9.17276E-01   4.97027E-01   1.26489E+00
 4.36250E+01   2.54492E+00   9.17275E-01   4.97026E-01   1.26489E+00
 4.36750E+01   2.54492E+00   9.17274E-01   4.97025E-01   1.26489E+00
 4.37250E+01   2.54493E+00   9.17273E-01   4.97025E-01   1.26489E+00
 4.37750E+01   2.54493E+00   9.17271E-01   4.97024E-01   1.26489E+00
 4.38250E+01   2.54494E+00   9.17270E-01   4.97023E-01   1.26489E+00
 4.38750E+01   2.54494E+00   9.17269E-01   4.97022E-01   1.26489E+00
 4.39250E+01   2.54495E+00   9.17267E-01   4.97022E-01   1.26489E+00
 4.39750E+01   2.54495E+00   9.17266E-01   4.97021E-01   1.26489E+00
 4.40250E+01   2.54496E+00   9.17264E-01   4.97020E-01   1.26489E+00
 4.40750E+01   2.54496E+00   9.17263E-01   4.97020E-01   1.26490E+00
 4.41250E+01   2.54497E+00   9.17262E-01   4.97019E-01   1.26490E+00
 4.41750E+01   2.54497E+00   9.17260E-01   4.97018E-01   1.26490E+00
 4.42250E+01   2.54498E+00   9.17259E-01   4.97018E-01   1.26490E+00
 4.42750E+01   2.54498E+00   9.17258E-01   4.97017E-01   1.26490E+00
 4.43250E+01   2.54498E+00   9.17256E-01   4.97017E-01   1.26490E+00
 4.43750E+01   2.54499E+00   9.17255E-01   4.97016E-01   1.26490E+00
 4.44250E+01   2.54499E+00   9.17254E-01   4.97015E-01   1.26490E+00
 4.44750E+01   2.54500E+00   9.17252E-01   4.97015E-01   1.26490E+00
 4.45250E+01   2.54500E+00   9.17251E-01   4.97014E-01   1.26490E+00
 4.45750E+01   2.54501E+00   9.17250E-01   4.97013E-01   1.26490E+00
 4.46250E+01   2.54501E+00   9.17248E-01   4.97013E-01   1.26490E+00
 4.46750E+01   2.54501E+00   9.17247E-01   4.97012E-01   1.26490E+00
 4.47250E+01   2.54502E+00   9.17246E-01   4.97011E-01   1.26490E+00
 4.47750E+01   2.54502E+00   9.17245E-01   4.97011E-01   1.26490E+00
 4.48250E+01   2.54503E+00   9.17244E-01   4.97010E-01   1.26491E+00
 4.48750E+01   2.54503E+00   9.17242E-01   4.97010E-01   1.26491E+00
 4.49250E+01   2.54504E+00   9.17241E-01   4.97009E-01   1.26491E+00
 4.49750E+01   2.54504E+00   9.17240E-01   4.97008E-01   1.26491E+00
 4.50250E+01   2.54505E+00   9.17238E-01   4.97008E-01   1.26491E+00
 4.50750E+01   2.54505E+00   9.17237E-01   4.97007E-01   1.26491E+00
 4.51250E+01   2.54506E+00   9.17235E-01   4.97007E-01   1.26491E+00
 4.51750E+01   2.54506E+00   9.17234E-01   4.97006E-01   1.26491E+00
 4.52250E+01   2.54507E+00   9.17233E-01   4.97005E-01   1.26491E+00
 4.52750E+01   2.54507E+00   9.17231E-01   4.97005E-01   1.26491E+00
 4.53250E+01   2.54508E+00   9.17230E-01   4.97004E-01   1.26491E+00
 4.53750E+01   2.54508E+00   9.17228E-01   4.97003E-01   1.26491E+00
 4.54250E+01   2.54508E+00   9.17227E-01   4.97003E-01   1.26491E+00
 4.54750E+01   2.54509E+00   9.17226E-01   4.97002E-01   1.26491E+00
 4.55250E+01   2.54509E+00   9.17224E-01   4.97001E-01   1.26491E+00
 4.55750E+01   2.54510E+00   9.17223E-01   4.97001E-01   1.26492E+00
 4.56250E+01   2.54510E+00   9.17222E-01   4.97000E-01   1.26492E+00
 4.56750E+01   2.54511E+00   9.17220E-01   4.97000E-01   1.26492E+00
 4.57250E+01   2.54511E+00   9.17219E-01   4.96999E-01   1.26492E+00
 4.57750E+01   2.54512E+00   9.17217E-01   4.96998E-01   1.26492E+00
 4.58250E+01   2.54512E+00   9.17216E-01   4.96998E-01   1.26492E+00
 4.58750E+01   2.54513E+00   9.17214E-01   4.96997E-01   1.26492E+00
 4.59250E+01   2.54513E+00   9.17213E-01   4.96996E-01   1.26492E+00
 4.59750E+01   2.54514E+00   9.17211E-01   4.96996E-01   1.26492E+00
 4.60250E+01   2.54514E+00   9.17210E-01   4.96995E-01   1.26492E+00
 4.60750E+01   2.54515E+00   9.17208E-01   4.96994E-01   1.26492E+00
 4.61250E+01   2.54515E+00   9.17207E-01   4.96993E-01   1.26492E+00
 4.61750E+01   2.54515E+00   9.17206E-01   4.96993E-01   1.26492E+00
 4.62250E+01   2.54516E+00   9.17204E-01   4.96992E-01   1.26492E+00
 4.62750E+01   2.54516E+00   9.17203E-01   4.96992E-01   1.26492E+00
 4.63250E+01   2.54517E+00   9.17202E-01   4.96991E-01   1.26493E+00
 4.63750E+01   2.54517E+00   9.17200E-01   4.96991E-01   1.26493E+00
 4.64250E+01   2.54517E+00   9.17199E-01   4.96990E-01   1.26493E+00
 4.64750E+01   2.54518E+00   9.17197E-01   4.96990E-01   1.26493E+00
 4.65250E+01   2.54518E+00   9.17196E-01   4.96989E-01   1.26493E+00
 4.65750E+01   2.54519E+00   9.17194E-01   4.96988E-01   1.26493E+00
 4.66250E+01   2.54519E+00   9.17193E-01   4.96987E-01   1.26493E+00
 4.66750E+01   2.54520E+00   9.17191E-01   4.96987E-01   1.26493E+00
 4.67250E+01   2.54520E+00   9.17190E-01   4.96986E-01   1.26493E+00
 4.67750E+01   2.54521E+00   9.17189E-01   4.96985E-01   1.26493E+00
 4.68250E+01   2.54521E+00   9.17187E-01   4.96985E-01   1.26493E+00
 4.68750E+01   2.54522E+00   9.17185E-01   4.96984E-01   1.26493E+00
 4.69250E+01   2.54522E+00   9.17184E-01   4.96984E-01   1.26493E+00
 4.69750E+01   2.54522E+00   9.17182E-01   4.96983E-01   1.26493E+00
 4.70250E+01   2.54523E+00   9.17181E-01   4.96982E-01   1.26493E+00
 4.70750E+01   2.54523E+00   9.17179E-01   4.96982E-01   1.26493E+00
 4.71250E+01   2.54524E+00   9.17178E-01   4.96981E-01   1.26493E+00
 4.71750E+01   2.54524E+00   9.17176E-01   4.96980E-01   1.26494E+00
 4.72250E+01   2.54525E+00   9.17175E-01   4.96980E-01   1.26494E+00
 4.72750E+01   2.54525E+00   9.17173E-01   4.96979E-01   1.26494E+00
 4.73250E+01   2.54526E+00   9.17171E-01   4.96978E-01   1.26494E+00
 4.73750E+01   2.54526E+00   9.17170E-01   4.96978E-01   1.26494E+00
 4.74250E+01   2.54527E+00   9.17168E-01   4.96977E-01   1.26494E+00
 4.74750E+01   2.54527E+00   9.17167E-01   4.96976E-01   1.26494E+00
 4.75250E+01   2.54528E+00   9.17165E-01   4.96976E-01   1.26494E+00
 4.75750E+01   2.54528E+00   9.17164E-01   4.96975E-01   1.26494E+00
 4.76250E+01   2.54528E+00   9.17162E-01   4.96974E-01   1.26494E+00
 4.76750E+01   2.54529E+00   9.17161E-01   4.96974E-01   1.26494E+00
 4.77250E+01   2.54530E+00   9.17159E-01   4.96973E-01   1.26494E+00
 4.77750E+01   2.54530E+00   9.17157E-01   4.96972E-01   1.26494E+00
 4.78250E+01   2.54531E+00   9.17155E-01   4.96971E-01   1.26494E+00
 4.78750E+01   2.54531E+00   9.17153E-01   4.96970E-01   1.26494E+00
 4.79250E+01   2.54532E+00   9.17151E-01   4.96970E-01   1.26495E+00
 4.79750E+01   2.54532E+00   9.17150E-01   4.96969E-01   1.26495E+00
 4.80250E+01   2.54533E+00   9.17148E-01   4.96968E-01   1.26495E+00
 4.80750E+01   2.54533E+00   9.17146E-01   4.96967E-01   1.26495E+00
 4.81250E+01   2.54534E+00   9.17145E-01   4.96967E-01   1.26495E+00
 4.81750E+01   2.54534E+00   9.17143E-01   4.96966E-01   1.26495E+00
 4.82250E+01   2.54535E+00   9.17141E-01   4.96965E-01   1.26495E+00
 4.82750E+01   2.54535E+00   9.17139E-01   4.96965E-01   1.26495E+00
 4.83250E+01   2.54536E+00   9.17137E-01   4.96964E-01   1.26495E+00
 4.83750E+01   2.54536E+00   9.17136E-01   4.96963E-01   1.26495E+00
 4.84250E+01   2.54537E+00   9.17134E-01   4.96962E-01   1.26495E+00
 4.84750E+01   2.54538E+00   9.17132E-01   4.96962E-01   1.26495E+00
 4.85250E+01   2.54538E+00   9.17130E-01   4.96961E-01   1.26495E+00
 4.85750E+01   2.54539E+00   9.17128E-01   4.96960E-01   1.26496E+00
 4.86250E+01   2.54540E+00   9.17126E-01   4.96959E-01   1.26496E+00
 4.86750E+01   2.54540E+00   9.17124E-01   4.96958E-01   1.26496E+00
 4.87250E+01   2.54541E+00   9.17121E-01   4.96957E-01   1.26496E+00
 4.87750E+01   2.54542E+00   9.17119E-01   4.96956E-01   1.26496E+00
 4.88250E+01   2.54543E+00   9.17116E-01   4.96955E-01   1.26496E+00
 4.88750E+01   2.54544E+00   9.17112E-01   4.96955E-01   1.26497E+00
 4.89250E+01   2.54548E+00   9.17109E-01   4.96958E-01   1.26500E+00
 4.89750E+01   2.54560E+00   9.17106E-01   4.96981E-01   1.26512E+00
