      xx/10.          rhoa          temp           vel      vel*rhoa
         [-]           [-]           [-]           [-]           [-]
 1.02500E+00   2.45183E+00   9.04990E-01   5.32936E-01   1.30667E+00
 1.07500E+00   2.45183E+00   9.04986E-01   5.32920E-01   1.30663E+00
 1.12500E+00   2.45193E+00   9.04988E-01   5.32872E-01   1.30657E+00
 1.17500E+00   2.45209E+00   9.04994E-01   5.32802E-01   1.30648E+00
 1.22500E+00   2.45229E+00   9.05002E-01   5.32721E-01   1.30638E+00
 1.27500E+00   2.45250E+00   9.05011E-01   5.32631E-01   1.30628E+00
 1.32500E+00   2.45273E+00   9.05022E-01   5.32536E-01   1.30617E+00
 1.37500E+00   2.45297E+00   9.05034E-01   5.32437E-01   1.30605E+00
 1.42500E+00   2.45322E+00   9.05046E-01   5.32335E-01   1.30594E+00
 1.47500E+00   2.45347E+00   9.05059E-01   5.32232E-01   1.30582E+00
 1.52500E+00   2.45373E+00   9.05072E-01   5.32127E-01   1.30569E+00
 1.57500E+00   2.45399E+00   9.05086E-01   5.32020E-01   1.30557E+00
 1.62500E+00   2.45425E+00   9.05100E-01   5.31911E-01   1.30544E+00
 1.67500E+00   2.45452E+00   9.05115E-01   5.31802E-01   1.30532E+00
 1.72500E+00   2.45478E+00   9.05130E-01   5.31691E-01   1.30519E+00
 1.77500E+00   2.45505E+00   9.05146E-01   5.31578E-01   1.30505E+00
 1.82500E+00   2.45533E+00   9.05162E-01   5.31465E-01   1.30492E+00
 1.87500E+00   2.45560E+00   9.05178E-01   5.31350E-01   1.30479E+00
 1.92500E+00   2.45588E+00   9.05195E-01   5.31234E-01   1.30465E+00
 1.97500E+00   2.45616E+00   9.05212E-01   5.31117E-01   1.30451E+00
 2.02500E+00   2.45645E+00   9.05230E-01   5.30998E-01   1.30437E+00
 2.07500E+00   2.45674E+00   9.05248E-01   5.30879E-01   1.30423E+00
 2.12500E+00   2.45702E+00   9.05266E-01   5.30757E-01   1.30408E+00
 2.17500E+00   2.45732E+00   9.05285E-01   5.30635E-01   1.30394E+00
 2.22500E+00   2.45761E+00   9.05305E-01   5.30512E-01   1.30379E+00
 2.27500E+00   2.45791E+00   9.05325E-01   5.30387E-01   1.30364E+00
 2.32500E+00   2.45821E+00   9.05345E-01   5.30261E-01   1.30349E+00
 2.37500E+00   2.45851E+00   9.05365E-01   5.30133E-01   1.30334E+00
 2.42500E+00   2.45882E+00   9.05386E-01   5.30005E-01   1.30318E+00
 2.47500E+00   2.45913E+00   9.05408E-01   5.29875E-01   1.30303E+00
 2.52500E+00   2.45944E+00   9.05430E-01   5.29743E-01   1.30287E+00
 2.57500E+00   2.45975E+00   9.05452E-01   5.29611E-01   1.30271E+00
 2.62500E+00   2.46007E+00   9.05475E-01   5.29477E-01   1.30255E+00
 2.67500E+00   2.46039E+00   9.05498E-01   5.29342E-01   1.30239E+00
 2.72500E+00   2.46071E+00   9.05521E-01   5.29206E-01   1.30222E+00
 2.77500E+00   2.46103E+00   9.05545E-01   5.29068E-01   1.30205E+00
 2.82500E+00   2.46136E+00   9.05570E-01   5.28929E-01   1.30189E+00
 2.87500E+00   2.46169E+00   9.05594E-01   5.28789E-01   1.30171E+00
 2.92500E+00   2.46202E+00   9.05619E-01   5.28648E-01   1.30154E+00
 2.97500E+00   2.46236E+00   9.05645E-01   5.28505E-01   1.30137E+00
 3.02500E+00   2.46270E+00   9.05671E-01   5.28361E-01   1.30119E+00
 3.07500E+00   2.46304E+00   9.05698E-01   5.28216E-01   1.30101E+00
 3.12500E+00   2.46338E+00   9.05725E-01   5.28069E-01   1.30083E+00
 3.17500E+00   2.46373E+00   9.05752E-01   5.27921E-01   1.30065E+00
 3.22500E+00   2.46407E+00   9.05780E-01   5.27772E-01   1.30047E+00
 3.27500E+00   2.46443E+00   9.05808E-01   5.27622E-01   1.30029E+00
 3.32500E+00   2.46478E+00   9.05836E-01   5.27471E-01   1.30010E+00
 3.37500E+00   2.46514E+00   9.05865E-01   5.27318E-01   1.29991E+00
 3.42500E+00   2.46550E+00   9.05894E-01   5.27164E-01   1.29972E+00
 3.47500E+00   2.46586E+00   9.05924E-01   5.27009E-01   1.29953E+00
 3.52500E+00   2.46622E+00   9.05954E-01   5.26852E-01   1.29934E+00
 3.57500E+00   2.46659E+00   9.05984E-01   5.26695E-01   1.29914E+00
 3.62500E+00   2.46696E+00   9.06015E-01   5.26536E-01   1.29894E+00
 3.67500E+00   2.46733E+00   9.06046E-01   5.26376E-01   1.29874E+00
 3.72500E+00   2.46771E+00   9.06078E-01   5.26215E-01   1.29854E+00
 3.77500E+00   2.46808E+00   9.06110E-01   5.26052E-01   1.29834E+00
 3.82500E+00   2.46847E+00   9.06142E-01   5.25889E-01   1.29814E+00
 3.87500E+00   2.46885E+00   9.06174E-01   5.25724E-01   1.29793E+00
 3.92500E+00   2.46923E+00   9.06207E-01   5.25558E-01   1.29773E+00
 3.97500E+00   2.46962E+00   9.06241E-01   5.25392E-01   1.29752E+00
 4.02500E+00   2.47001E+00   9.06274E-01   5.25224E-01   1.29731E+00
 4.07500E+00   2.47040E+00   9.06308E-01   5.25055E-01   1.29710E+00
 4.12500E+00   2.47080E+00   9.06342E-01   5.24885E-01   1.29688E+00
 4.17500E+00   2.47119E+00   9.06377E-01   5.24713E-01   1.29667E+00
 4.22500E+00   2.47159E+00   9.06412E-01   5.24541E-01   1.29645E+00
 4.27500E+00   2.47199E+00   9.06447E-01   5.24367E-01   1.29623E+00
 4.32500E+00   2.47240E+00   9.06482E-01   5.24193E-01   1.29601E+00
 4.37500E+00   2.47280E+00   9.06518E-01   5.24018E-01   1.29579E+00
 4.42500E+00   2.47321E+00   9.06555E-01   5.23842E-01   1.29557E+00
 4.47500E+00   2.47362E+00   9.06592E-01   5.23664E-01   1.29535E+00
 4.52500E+00   2.47403E+00   9.06628E-01   5.23486E-01   1.29512E+00
 4.57500E+00   2.47445E+00   9.06665E-01   5.23307E-01   1.29490E+00
 4.62500E+00   2.47486E+00   9.06703E-01   5.23127E-01   1.29467E+00
 4.67500E+00   2.47528E+00   9.06740E-01   5.22946E-01   1.29444E+00
 4.72500E+00   2.47570E+00   9.06778E-01   5.22765E-01   1.29421E+00
 4.77500E+00   2.47612E+00   9.06816E-01   5.22582E-01   1.29398E+00
 4.82500E+00   2.47655E+00   9.06855E-01   5.22399E-01   1.29375E+00
 4.87500E+00   2.47697E+00   9.06894E-01   5.22215E-01   1.29351E+00
 4.92500E+00   2.47740E+00   9.06933E-01   5.22030E-01   1.29328E+00
 4.97500E+00   2.47783E+00   9.06972E-01   5.21844E-01   1.29304E+00
 5.02500E+00   2.47826E+00   9.07012E-01   5.21658E-01   1.29280E+00
 5.07500E+00   2.47869E+00   9.07051E-01   5.21471E-01   1.29257E+00
 5.12500E+00   2.47913E+00   9.07091E-01   5.21283E-01   1.29233E+00
 5.17500E+00   2.47956E+00   9.07131E-01   5.21095E-01   1.29209E+00
 5.22500E+00   2.48000E+00   9.07172E-01   5.20905E-01   1.29184E+00
 5.27500E+00   2.48044E+00   9.07212E-01   5.20716E-01   1.29160E+00
 5.32500E+00   2.48088E+00   9.07253E-01   5.20525E-01   1.29136E+00
 5.37500E+00   2.48132E+00   9.07294E-01   5.20334E-01   1.29111E+00
 5.42500E+00   2.48176E+00   9.07335E-01   5.20143E-01   1.29087E+00
 5.47500E+00   2.48220E+00   9.07376E-01   5.19951E-01   1.29062E+00
 5.52500E+00   2.48265E+00   9.07418E-01   5.19759E-01   1.29038E+00
 5.57500E+00   2.48309E+00   9.07459E-01   5.19566E-01   1.29013E+00
 5.62500E+00   2.48354E+00   9.07501E-01   5.19372E-01   1.28988E+00
 5.67500E+00   2.48399E+00   9.07543E-01   5.19179E-01   1.28963E+00
 5.72500E+00   2.48444E+00   9.07585E-01   5.18984E-01   1.28938E+00
 5.77500E+00   2.48488E+00   9.07627E-01   5.18790E-01   1.28913E+00
 5.82500E+00   2.48533E+00   9.07670E-01   5.18595E-01   1.28888E+00
 5.87500E+00   2.48579E+00   9.07712E-01   5.18400E-01   1.28863E+00
 5.92500E+00   2.48624E+00   9.07755E-01   5.18204E-01   1.28838E+00
 5.97500E+00   2.48669E+00   9.07798E-01   5.18009E-01   1.28813E+00
 6.02500E+00   2.48714E+00   9.07840E-01   5.17813E-01   1.28787E+00
 6.07500E+00   2.48760E+00   9.07883E-01   5.17617E-01   1.28762E+00
 6.12500E+00   2.48805E+00   9.07926E-01   5.17421E-01   1.28737E+00
 6.17500E+00   2.48850E+00   9.07969E-01   5.17224E-01   1.28711E+00
 6.22500E+00   2.48896E+00   9.08012E-01   5.17028E-01   1.28686E+00
 6.27500E+00   2.48941E+00   9.08055E-01   5.16831E-01   1.28661E+00
 6.32500E+00   2.48986E+00   9.08098E-01   5.16635E-01   1.28635E+00
 6.37500E+00   2.49032E+00   9.08141E-01   5.16438E-01   1.28610E+00
 6.42500E+00   2.49077E+00   9.08185E-01   5.16242E-01   1.28584E+00
 6.47500E+00   2.49123E+00   9.08228E-01   5.16045E-01   1.28559E+00
 6.52500E+00   2.49168E+00   9.08271E-01   5.15849E-01   1.28533E+00
 6.57500E+00   2.49213E+00   9.08314E-01   5.15653E-01   1.28508E+00
 6.62500E+00   2.49259E+00   9.08357E-01   5.15457E-01   1.28482E+00
 6.67500E+00   2.49304E+00   9.08400E-01   5.15261E-01   1.28457E+00
 6.72500E+00   2.49349E+00   9.08444E-01   5.15064E-01   1.28431E+00
 6.77500E+00   2.49395E+00   9.08487E-01   5.14869E-01   1.28406E+00
 6.82500E+00   2.49440E+00   9.08530E-01   5.14673E-01   1.28380E+00
 6.87500E+00   2.49485E+00   9.08573E-01   5.14478E-01   1.28355E+00
 6.92500E+00   2.49530E+00   9.08616E-01   5.14283E-01   1.28329E+00
 6.97500E+00   2.49575E+00   9.08659E-01   5.14088E-01   1.28304E+00
 7.02500E+00   2.49620E+00   9.08702E-01   5.13894E-01   1.28278E+00
 7.07500E+00   2.49665E+00   9.08745E-01   5.13700E-01   1.28253E+00
 7.12500E+00   2.49710E+00   9.08788E-01   5.13506E-01   1.28228E+00
 7.17500E+00   2.49755E+00   9.08831E-01   5.13313E-01   1.28202E+00
 7.22500E+00   2.49799E+00   9.08874E-01   5.13121E-01   1.28177E+00
 7.27500E+00   2.49844E+00   9.08916E-01   5.12929E-01   1.28152E+00
 7.32500E+00   2.49888E+00   9.08959E-01   5.12737E-01   1.28127E+00
 7.37500E+00   2.49932E+00   9.09002E-01   5.12546E-01   1.28102E+00
 7.42500E+00   2.49976E+00   9.09044E-01   5.12355E-01   1.28077E+00
 7.47500E+00   2.50020E+00   9.09086E-01   5.12165E-01   1.28052E+00
 7.52500E+00   2.50064E+00   9.09129E-01   5.11976E-01   1.28027E+00
 7.57500E+00   2.50108E+00   9.09171E-01   5.11787E-01   1.28002E+00
 7.62500E+00   2.50151E+00   9.09213E-01   5.11599E-01   1.27977E+00
 7.67500E+00   2.50195E+00   9.09255E-01   5.11411E-01   1.27952E+00
 7.72500E+00   2.50238E+00   9.09297E-01   5.11224E-01   1.27928E+00
 7.77500E+00   2.50281E+00   9.09338E-01   5.11038E-01   1.27903E+00
 7.82500E+00   2.50324E+00   9.09379E-01   5.10853E-01   1.27879E+00
 7.87500E+00   2.50367E+00   9.09421E-01   5.10669E-01   1.27855E+00
 7.92500E+00   2.50410E+00   9.09462E-01   5.10485E-01   1.27830E+00
 7.97500E+00   2.50452E+00   9.09503E-01   5.10302E-01   1.27806E+00
 8.02500E+00   2.50494E+00   9.09544E-01   5.10120E-01   1.27782E+00
 8.07500E+00   2.50536E+00   9.09584E-01   5.09939E-01   1.27758E+00
 8.12500E+00   2.50578E+00   9.09625E-01   5.09758E-01   1.27734E+00
 8.17500E+00   2.50620E+00   9.09665E-01   5.09579E-01   1.27710E+00
 8.22500E+00   2.50661E+00   9.09705E-01   5.09400E-01   1.27687E+00
 8.27500E+00   2.50702E+00   9.09745E-01   5.09223E-01   1.27663E+00
 8.32500E+00   2.50743E+00   9.09784E-01   5.09046E-01   1.27640E+00
 8.37500E+00   2.50784E+00   9.09824E-01   5.08870E-01   1.27616E+00
 8.42500E+00   2.50824E+00   9.09863E-01   5.08696E-01   1.27593E+00
 8.47500E+00   2.50865E+00   9.09902E-01   5.08522E-01   1.27570E+00
 8.52500E+00   2.50905E+00   9.09941E-01   5.08349E-01   1.27547E+00
 8.57500E+00   2.50944E+00   9.09980E-01   5.08177E-01   1.27524E+00
 8.62500E+00   2.50984E+00   9.10018E-01   5.08007E-01   1.27502E+00
 8.67500E+00   2.51024E+00   9.10056E-01   5.07837E-01   1.27479E+00
 8.72500E+00   2.51063E+00   9.10094E-01   5.07669E-01   1.27457E+00
 8.77500E+00   2.51101E+00   9.10132E-01   5.07502E-01   1.27434E+00
 8.82500E+00   2.51140E+00   9.10169E-01   5.07335E-01   1.27412E+00
 8.87500E+00   2.51178E+00   9.10206E-01   5.07170E-01   1.27390E+00
 8.92500E+00   2.51216E+00   9.10243E-01   5.07006E-01   1.27368E+00
 8.97500E+00   2.51254E+00   9.10280E-01   5.06843E-01   1.27346E+00
 9.02500E+00   2.51292E+00   9.10316E-01   5.06681E-01   1.27325E+00
 9.07500E+00   2.51329E+00   9.10352E-01   5.06521E-01   1.27303E+00
 9.12500E+00   2.51366E+00   9.10388E-01   5.06361E-01   1.27282E+00
 9.17500E+00   2.51403E+00   9.10423E-01   5.06203E-01   1.27261E+00
 9.22500E+00   2.51439E+00   9.10459E-01   5.06046E-01   1.27240E+00
 9.27500E+00   2.51476E+00   9.10494E-01   5.05890E-01   1.27219E+00
 9.32500E+00   2.51511E+00   9.10529E-01   5.05736E-01   1.27198E+00
 9.37500E+00   2.51547E+00   9.10564E-01   5.05582E-01   1.27178E+00
 9.42500E+00   2.51582E+00   9.10598E-01   5.05430E-01   1.27157E+00
 9.47500E+00   2.51618E+00   9.10632E-01   5.05280E-01   1.27137E+00
 9.52500E+00   2.51652E+00   9.10666E-01   5.05130E-01   1.27117E+00
 9.57500E+00   2.51687E+00   9.10699E-01   5.04982E-01   1.27097E+00
 9.62500E+00   2.51721E+00   9.10732E-01   5.04835E-01   1.27077E+00
 9.67500E+00   2.51755E+00   9.10765E-01   5.04689E-01   1.27058E+00
 9.72500E+00   2.51788E+00   9.10798E-01   5.04544E-01   1.27038E+00
 9.77500E+00   2.51822E+00   9.10830E-01   5.04401E-01   1.27019E+00
 9.82500E+00   2.51855E+00   9.10863E-01   5.04259E-01   1.27000E+00
 9.87500E+00   2.51887E+00   9.10894E-01   5.04118E-01   1.26981E+00
 9.92500E+00   2.51920E+00   9.10926E-01   5.03978E-01   1.26962E+00
 9.97500E+00   2.51952E+00   9.10957E-01   5.03840E-01   1.26943E+00
 1.00250E+01   2.51984E+00   9.10988E-01   5.03703E-01   1.26925E+00
 1.00750E+01   2.52015E+00   9.11019E-01   5.03568E-01   1.26907E+00
 1.01250E+01   2.52046E+00   9.11049E-01   5.03433E-01   1.26888E+00
 1.01750E+01   2.52077E+00   9.11080E-01   5.03300E-01   1.26870E+00
 1.02250E+01   2.52108E+00   9.11110E-01   5.03168E-01   1.26853E+00
 1.02750E+01   2.52138E+00   9.11139E-01   5.03038E-01   1.26835E+00
 1.03250E+01   2.52168E+00   9.11169E-01   5.02909E-01   1.26817E+00
 1.03750E+01   2.52198E+00   9.11198E-01   5.02781E-01   1.26800E+00
 1.04250E+01   2.52227E+00   9.11226E-01   5.02654E-01   1.26783E+00
 1.04750E+01   2.52256E+00   9.11255E-01   5.02529E-01   1.26766E+00
 1.05250E+01   2.52285E+00   9.11283E-01   5.02405E-01   1.26749E+00
 1.05750E+01   2.52313E+00   9.11311E-01   5.02283E-01   1.26732E+00
 1.06250E+01   2.52341E+00   9.11339E-01   5.02161E-01   1.26716E+00
 1.06750E+01   2.52369E+00   9.11367E-01   5.02041E-01   1.26700E+00
 1.07250E+01   2.52396E+00   9.11394E-01   5.01922E-01   1.26683E+00
 1.07750E+01   2.52423E+00   9.11421E-01   5.01805E-01   1.26667E+00
 1.08250E+01   2.52450E+00   9.11448E-01   5.01689E-01   1.26651E+00
 1.08750E+01   2.52477E+00   9.11475E-01   5.01574E-01   1.26636E+00
 1.09250E+01   2.52503E+00   9.11501E-01   5.01460E-01   1.26620E+00
 1.09750E+01   2.52529E+00   9.11527E-01   5.01348E-01   1.26605E+00
 1.10250E+01   2.52555E+00   9.11552E-01   5.01237E-01   1.26590E+00
 1.10750E+01   2.52580E+00   9.11578E-01   5.01127E-01   1.26575E+00
 1.11250E+01   2.52605E+00   9.11603E-01   5.01018E-01   1.26560E+00
 1.11750E+01   2.52630E+00   9.11628E-01   5.00911E-01   1.26545E+00
 1.12250E+01   2.52654E+00   9.11653E-01   5.00805E-01   1.26530E+00
 1.12750E+01   2.52678E+00   9.11678E-01   5.00700E-01   1.26516E+00
 1.13250E+01   2.52702E+00   9.11702E-01   5.00596E-01   1.26502E+00
 1.13750E+01   2.52726E+00   9.11726E-01   5.00493E-01   1.26488E+00
 1.14250E+01   2.52749E+00   9.11750E-01   5.00392E-01   1.26474E+00
 1.14750E+01   2.52772E+00   9.11774E-01   5.00292E-01   1.26460E+00
 1.15250E+01   2.52795E+00   9.11797E-01   5.00193E-01   1.26446E+00
 1.15750E+01   2.52817E+00   9.11821E-01   5.00096E-01   1.26433E+00
 1.16250E+01   2.52839E+00   9.11844E-01   4.99999E-01   1.26419E+00
 1.16750E+01   2.52861E+00   9.11866E-01   4.99904E-01   1.26406E+00
 1.17250E+01   2.52882E+00   9.11889E-01   4.99810E-01   1.26393E+00
 1.17750E+01   2.52903E+00   9.11911E-01   4.99718E-01   1.26380E+00
 1.18250E+01   2.52924E+00   9.11933E-01   4.99626E-01   1.26367E+00
 1.18750E+01   2.52945E+00   9.11955E-01   4.99536E-01   1.26355E+00
 1.19250E+01   2.52965E+00   9.11977E-01   4.99447E-01   1.26342E+00
 1.19750E+01   2.52985E+00   9.11999E-01   4.99358E-01   1.26330E+00
 1.20250E+01   2.53005E+00   9.12020E-01   4.99271E-01   1.26318E+00
 1.20750E+01   2.53024E+00   9.12041E-01   4.99186E-01   1.26306E+00
 1.21250E+01   2.53043E+00   9.12062E-01   4.99101E-01   1.26294E+00
 1.21750E+01   2.53062E+00   9.12084E-01   4.99017E-01   1.26282E+00
 1.22250E+01   2.53080E+00   9.12104E-01   4.98935E-01   1.26271E+00
 1.22750E+01   2.53099E+00   9.12125E-01   4.98854E-01   1.26259E+00
 1.23250E+01   2.53117E+00   9.12145E-01   4.98773E-01   1.26248E+00
 1.23750E+01   2.53134E+00   9.12165E-01   4.98694E-01   1.26237E+00
 1.24250E+01   2.53152E+00   9.12186E-01   4.98616E-01   1.26225E+00
 1.24750E+01   2.53169E+00   9.12205E-01   4.98539E-01   1.26215E+00
 1.25250E+01   2.53186E+00   9.12225E-01   4.98462E-01   1.26204E+00
 1.25750E+01   2.53202E+00   9.12245E-01   4.98388E-01   1.26193E+00
 1.26250E+01   2.53219E+00   9.12265E-01   4.98314E-01   1.26182E+00
 1.26750E+01   2.53235E+00   9.12284E-01   4.98241E-01   1.26172E+00
 1.27250E+01   2.53251E+00   9.12304E-01   4.98169E-01   1.26162E+00
 1.27750E+01   2.53266E+00   9.12323E-01   4.98098E-01   1.26151E+00
 1.28250E+01   2.53281E+00   9.12342E-01   4.98028E-01   1.26141E+00
 1.28750E+01   2.53296E+00   9.12361E-01   4.97959E-01   1.26131E+00
 1.29250E+01   2.53311E+00   9.12380E-01   4.97891E-01   1.26121E+00
 1.29750E+01   2.53326E+00   9.12398E-01   4.97824E-01   1.26112E+00
 1.30250E+01   2.53340E+00   9.12417E-01   4.97758E-01   1.26102E+00
 1.30750E+01   2.53354E+00   9.12435E-01   4.97693E-01   1.26092E+00
 1.31250E+01   2.53368E+00   9.12454E-01   4.97629E-01   1.26083E+00
 1.31750E+01   2.53381E+00   9.12472E-01   4.97565E-01   1.26074E+00
 1.32250E+01   2.53394E+00   9.12490E-01   4.97503E-01   1.26064E+00
 1.32750E+01   2.53407E+00   9.12509E-01   4.97442E-01   1.26055E+00
 1.33250E+01   2.53420E+00   9.12527E-01   4.97381E-01   1.26046E+00
 1.33750E+01   2.53433E+00   9.12545E-01   4.97321E-01   1.26037E+00
 1.34250E+01   2.53445E+00   9.12562E-01   4.97263E-01   1.26029E+00
 1.34750E+01   2.53457E+00   9.12580E-01   4.97205E-01   1.26020E+00
 1.35250E+01   2.53469E+00   9.12598E-01   4.97148E-01   1.26011E+00
 1.35750E+01   2.53480E+00   9.12615E-01   4.97092E-01   1.26003E+00
 1.36250E+01   2.53492E+00   9.12633E-01   4.97037E-01   1.25995E+00
 1.36750E+01   2.53503E+00   9.12650E-01   4.96982E-01   1.25986E+00
 1.37250E+01   2.53513E+00   9.12668E-01   4.96929E-01   1.25978E+00
 1.37750E+01   2.53524E+00   9.12685E-01   4.96876E-01   1.25970E+00
 1.38250E+01   2.53535E+00   9.12702E-01   4.96824E-01   1.25962E+00
 1.38750E+01   2.53545E+00   9.12719E-01   4.96773E-01   1.25954E+00
 1.39250E+01   2.53555E+00   9.12736E-01   4.96722E-01   1.25946E+00
 1.39750E+01   2.53565E+00   9.12753E-01   4.96672E-01   1.25939E+00
 1.40250E+01   2.53574E+00   9.12770E-01   4.96624E-01   1.25931E+00
 1.40750E+01   2.53584E+00   9.12787E-01   4.96576E-01   1.25923E+00
 1.41250E+01   2.53593E+00   9.12804E-01   4.96528E-01   1.25916E+00
 1.41750E+01   2.53602E+00   9.12821E-01   4.96482E-01   1.25908E+00
 1.42250E+01   2.53610E+00   9.12838E-01   4.96436E-01   1.25901E+00
 1.42750E+01   2.53619E+00   9.12854E-01   4.96391E-01   1.25894E+00
 1.43250E+01   2.53627E+00   9.12871E-01   4.96346E-01   1.25887E+00
 1.43750E+01   2.53635E+00   9.12888E-01   4.96303E-01   1.25880E+00
 1.44250E+01   2.53643E+00   9.12904E-01   4.96260E-01   1.25873E+00
 1.44750E+01   2.53651E+00   9.12921E-01   4.96218E-01   1.25866E+00
 1.45250E+01   2.53658E+00   9.12937E-01   4.96176E-01   1.25859E+00
 1.45750E+01   2.53666E+00   9.12953E-01   4.96135E-01   1.25853E+00
 1.46250E+01   2.53673E+00   9.12969E-01   4.96095E-01   1.25846E+00
 1.46750E+01   2.53680E+00   9.12985E-01   4.96055E-01   1.25839E+00
 1.47250E+01   2.53687E+00   9.13001E-01   4.96017E-01   1.25833E+00
 1.47750E+01   2.53694E+00   9.13016E-01   4.95979E-01   1.25827E+00
 1.48250E+01   2.53700E+00   9.13032E-01   4.95941E-01   1.25820E+00
 1.48750E+01   2.53707E+00   9.13048E-01   4.95904E-01   1.25814E+00
 1.49250E+01   2.53713E+00   9.13063E-01   4.95868E-01   1.25808E+00
 1.49750E+01   2.53719E+00   9.13078E-01   4.95832E-01   1.25802E+00
 1.50250E+01   2.53725E+00   9.13094E-01   4.95797E-01   1.25796E+00
 1.50750E+01   2.53731E+00   9.13109E-01   4.95763E-01   1.25790E+00
 1.51250E+01   2.53736E+00   9.13124E-01   4.95729E-01   1.25785E+00
 1.51750E+01   2.53742E+00   9.13139E-01   4.95696E-01   1.25779E+00
 1.52250E+01   2.53747E+00   9.13153E-01   4.95664E-01   1.25773E+00
 1.52750E+01   2.53752E+00   9.13168E-01   4.95632E-01   1.25768E+00
 1.53250E+01   2.53758E+00   9.13182E-01   4.95600E-01   1.25762E+00
 1.53750E+01   2.53763E+00   9.13196E-01   4.95569E-01   1.25757E+00
 1.54250E+01   2.53767E+00   9.13211E-01   4.95538E-01   1.25751E+00
 1.54750E+01   2.53772E+00   9.13225E-01   4.95508E-01   1.25746E+00
 1.55250E+01   2.53777E+00   9.13239E-01   4.95478E-01   1.25741E+00
 1.55750E+01   2.53781E+00   9.13252E-01   4.95449E-01   1.25736E+00
 1.56250E+01   2.53786E+00   9.13265E-01   4.95421E-01   1.25731E+00
 1.56750E+01   2.53790E+00   9.13279E-01   4.95393E-01   1.25726E+00
 1.57250E+01   2.53794E+00   9.13292E-01   4.95365E-01   1.25721E+00
 1.57750E+01   2.53798E+00   9.13304E-01   4.95338E-01   1.25716E+00
 1.58250E+01   2.53803E+00   9.13317E-01   4.95311E-01   1.25711E+00
 1.58750E+01   2.53807E+00   9.13329E-01   4.95284E-01   1.25706E+00
 1.59250E+01   2.53811E+00   9.13342E-01   4.95259E-01   1.25702E+00
 1.59750E+01   2.53815E+00   9.13354E-01   4.95233E-01   1.25697E+00
 1.60250E+01   2.53818E+00   9.13366E-01   4.95208E-01   1.25693E+00
 1.60750E+01   2.53822E+00   9.13377E-01   4.95184E-01   1.25689E+00
 1.61250E+01   2.53826E+00   9.13388E-01   4.95160E-01   1.25684E+00
 1.61750E+01   2.53829E+00   9.13399E-01   4.95136E-01   1.25680E+00
 1.62250E+01   2.53833E+00   9.13410E-01   4.95113E-01   1.25676E+00
 1.62750E+01   2.53837E+00   9.13420E-01   4.95090E-01   1.25672E+00
 1.63250E+01   2.53840E+00   9.13430E-01   4.95068E-01   1.25668E+00
 1.63750E+01   2.53844E+00   9.13439E-01   4.95046E-01   1.25664E+00
 1.64250E+01   2.53847E+00   9.13448E-01   4.95024E-01   1.25661E+00
 1.64750E+01   2.53851E+00   9.13457E-01   4.95003E-01   1.25657E+00
 1.65250E+01   2.53854E+00   9.13466E-01   4.94983E-01   1.25653E+00
 1.65750E+01   2.53857E+00   9.13474E-01   4.94962E-01   1.25650E+00
 1.66250E+01   2.53861E+00   9.13482E-01   4.94942E-01   1.25646E+00
 1.66750E+01   2.53864E+00   9.13489E-01   4.94923E-01   1.25643E+00
 1.67250E+01   2.53867E+00   9.13495E-01   4.94903E-01   1.25640E+00
 1.67750E+01   2.53871E+00   9.13502E-01   4.94884E-01   1.25637E+00
 1.68250E+01   2.53874E+00   9.13508E-01   4.94865E-01   1.25634E+00
 1.68750E+01   2.53878E+00   9.13513E-01   4.94847E-01   1.25631E+00
 1.69250E+01   2.53882E+00   9.13518E-01   4.94829E-01   1.25628E+00
 1.69750E+01   2.53885E+00   9.13523E-01   4.94811E-01   1.25625E+00
 1.70250E+01   2.53889E+00   9.13527E-01   4.94793E-01   1.25622E+00
 1.70750E+01   2.53892E+00   9.13530E-01   4.94776E-01   1.25620E+00
 1.71250E+01   2.53896E+00   9.13533E-01   4.94759E-01   1.25617E+00
 1.71750E+01   2.53900E+00   9.13535E-01   4.94743E-01   1.25615E+00
 1.72250E+01   2.53904E+00   9.13537E-01   4.94726E-01   1.25613E+00
 1.72750E+01   2.53908E+00   9.13539E-01   4.94711E-01   1.25611E+00
 1.73250E+01   2.53911E+00   9.13540E-01   4.94695E-01   1.25609E+00
 1.73750E+01   2.53915E+00   9.13540E-01   4.94680E-01   1.25607E+00
 1.74250E+01   2.53920E+00   9.13539E-01   4.94665E-01   1.25605E+00
 1.74750E+01   2.53924E+00   9.13538E-01   4.94650E-01   1.25603E+00
 1.75250E+01   2.53928E+00   9.13536E-01   4.94636E-01   1.25602E+00
 1.75750E+01   2.53933E+00   9.13534E-01   4.94622E-01   1.25600E+00
 1.76250E+01   2.53937E+00   9.13531E-01   4.94608E-01   1.25599E+00
 1.76750E+01   2.53942E+00   9.13527E-01   4.94594E-01   1.25598E+00
 1.77250E+01   2.53946E+00   9.13522E-01   4.94580E-01   1.25597E+00
 1.77750E+01   2.53951E+00   9.13517E-01   4.94567E-01   1.25596E+00
 1.78250E+01   2.53956E+00   9.13511E-01   4.94555E-01   1.25595E+00
 1.78750E+01   2.53961E+00   9.13504E-01   4.94542E-01   1.25594E+00
 1.79250E+01   2.53966E+00   9.13497E-01   4.94530E-01   1.25594E+00
 1.79750E+01   2.53971E+00   9.13489E-01   4.94518E-01   1.25593E+00
 1.80250E+01   2.53977E+00   9.13480E-01   4.94505E-01   1.25593E+00
 1.80750E+01   2.53983E+00   9.13470E-01   4.94493E-01   1.25593E+00
 1.81250E+01   2.53989E+00   9.13460E-01   4.94481E-01   1.25593E+00
 1.81750E+01   2.53995E+00   9.13449E-01   4.94469E-01   1.25593E+00
 1.82250E+01   2.54001E+00   9.13437E-01   4.94458E-01   1.25593E+00
 1.82750E+01   2.54007E+00   9.13424E-01   4.94447E-01   1.25593E+00
 1.83250E+01   2.54013E+00   9.13410E-01   4.94436E-01   1.25593E+00
 1.83750E+01   2.54020E+00   9.13396E-01   4.94425E-01   1.25594E+00
 1.84250E+01   2.54027E+00   9.13380E-01   4.94415E-01   1.25595E+00
 1.84750E+01   2.54034E+00   9.13364E-01   4.94404E-01   1.25595E+00
 1.85250E+01   2.54041E+00   9.13347E-01   4.94395E-01   1.25596E+00
 1.85750E+01   2.54048E+00   9.13329E-01   4.94385E-01   1.25598E+00
 1.86250E+01   2.54056E+00   9.13310E-01   4.94375E-01   1.25599E+00
 1.86750E+01   2.54063E+00   9.13291E-01   4.94365E-01   1.25600E+00
 1.87250E+01   2.54071E+00   9.13270E-01   4.94356E-01   1.25601E+00
 1.87750E+01   2.54079E+00   9.13249E-01   4.94346E-01   1.25603E+00
 1.88250E+01   2.54088E+00   9.13227E-01   4.94336E-01   1.25605E+00
 1.88750E+01   2.54096E+00   9.13204E-01   4.94326E-01   1.25606E+00
 1.89250E+01   2.54105E+00   9.13180E-01   4.94317E-01   1.25608E+00
 1.89750E+01   2.54114E+00   9.13156E-01   4.94307E-01   1.25610E+00
 1.90250E+01   2.54123E+00   9.13130E-01   4.94298E-01   1.25613E+00
 1.90750E+01   2.54133E+00   9.13104E-01   4.94289E-01   1.25615E+00
 1.91250E+01   2.54142E+00   9.13077E-01   4.94280E-01   1.25617E+00
 1.91750E+01   2.54152E+00   9.13049E-01   4.94272E-01   1.25620E+00
 1.92250E+01   2.54162E+00   9.13020E-01   4.94263E-01   1.25623E+00
 1.92750E+01   2.54172E+00   9.12990E-01   4.94255E-01   1.25626E+00
 1.93250E+01   2.54182E+00   9.12959E-01   4.94247E-01   1.25629E+00
 1.93750E+01   2.54193E+00   9.12927E-01   4.94239E-01   1.25632E+00
 1.94250E+01   2.54204E+00   9.12895E-01   4.94231E-01   1.25635E+00
 1.94750E+01   2.54215E+00   9.12861E-01   4.94223E-01   1.25639E+00
 1.95250E+01   2.54226E+00   9.12826E-01   4.94216E-01   1.25643E+00
 1.95750E+01   2.54238E+00   9.12791E-01   4.94208E-01   1.25646E+00
 1.96250E+01   2.54249E+00   9.12755E-01   4.94200E-01   1.25650E+00
 1.96750E+01   2.54261E+00   9.12718E-01   4.94193E-01   1.25654E+00
 1.97250E+01   2.54273E+00   9.12680E-01   4.94186E-01   1.25658E+00
 1.97750E+01   2.54285E+00   9.12641E-01   4.94179E-01   1.25662E+00
 1.98250E+01   2.54298E+00   9.12602E-01   4.94171E-01   1.25667E+00
 1.98750E+01   2.54311E+00   9.12562E-01   4.94164E-01   1.25671E+00
 1.99250E+01   2.54323E+00   9.12521E-01   4.94157E-01   1.25676E+00
 1.99750E+01   2.54337E+00   9.12479E-01   4.94150E-01   1.25680E+00
 2.00250E+01   2.54350E+00   9.12436E-01   4.94143E-01   1.25685E+00
 2.00750E+01   2.54363E+00   9.12393E-01   4.94137E-01   1.25690E+00
 2.01250E+01   2.54377E+00   9.12349E-01   4.94130E-01   1.25695E+00
 2.01750E+01   2.54391E+00   9.12305E-01   4.94124E-01   1.25701E+00
 2.02250E+01   2.54405E+00   9.12259E-01   4.94118E-01   1.25706E+00
 2.02750E+01   2.54419E+00   9.12213E-01   4.94112E-01   1.25712E+00
 2.03250E+01   2.54433E+00   9.12166E-01   4.94106E-01   1.25717E+00
 2.03750E+01   2.54448E+00   9.12118E-01   4.94100E-01   1.25723E+00
 2.04250E+01   2.54462E+00   9.12070E-01   4.94095E-01   1.25729E+00
 2.04750E+01   2.54477E+00   9.12021E-01   4.94089E-01   1.25734E+00
 2.05250E+01   2.54492E+00   9.11971E-01   4.94083E-01   1.25740E+00
 2.05750E+01   2.54507E+00   9.11921E-01   4.94077E-01   1.25746E+00
 2.06250E+01   2.54523E+00   9.11870E-01   4.94071E-01   1.25752E+00
 2.06750E+01   2.54538E+00   9.11818E-01   4.94066E-01   1.25759E+00
 2.07250E+01   2.54554E+00   9.11766E-01   4.94060E-01   1.25765E+00
 2.07750E+01   2.54570E+00   9.11713E-01   4.94054E-01   1.25771E+00
 2.08250E+01   2.54586E+00   9.11659E-01   4.94048E-01   1.25778E+00
 2.08750E+01   2.54603E+00   9.11605E-01   4.94043E-01   1.25785E+00
 2.09250E+01   2.54619E+00   9.11550E-01   4.94037E-01   1.25791E+00
 2.09750E+01   2.54636E+00   9.11495E-01   4.94031E-01   1.25798E+00
 2.10250E+01   2.54652E+00   9.11440E-01   4.94026E-01   1.25805E+00
 2.10750E+01   2.54669E+00   9.11384E-01   4.94020E-01   1.25812E+00
 2.11250E+01   2.54686E+00   9.11327E-01   4.94015E-01   1.25819E+00
 2.11750E+01   2.54703E+00   9.11270E-01   4.94010E-01   1.25826E+00
 2.12250E+01   2.54720E+00   9.11213E-01   4.94005E-01   1.25833E+00
 2.12750E+01   2.54737E+00   9.11155E-01   4.94001E-01   1.25840E+00
 2.13250E+01   2.54754E+00   9.11097E-01   4.93996E-01   1.25848E+00
 2.13750E+01   2.54772E+00   9.11039E-01   4.93992E-01   1.25855E+00
 2.14250E+01   2.54789E+00   9.10980E-01   4.93987E-01   1.25863E+00
 2.14750E+01   2.54806E+00   9.10921E-01   4.93983E-01   1.25870E+00
 2.15250E+01   2.54824E+00   9.10861E-01   4.93979E-01   1.25878E+00
 2.15750E+01   2.54842E+00   9.10802E-01   4.93975E-01   1.25885E+00
 2.16250E+01   2.54859E+00   9.10742E-01   4.93971E-01   1.25893E+00
 2.16750E+01   2.54877E+00   9.10681E-01   4.93968E-01   1.25901E+00
 2.17250E+01   2.54895E+00   9.10621E-01   4.93964E-01   1.25909E+00
 2.17750E+01   2.54912E+00   9.10560E-01   4.93961E-01   1.25917E+00
 2.18250E+01   2.54930E+00   9.10499E-01   4.93957E-01   1.25925E+00
 2.18750E+01   2.54948E+00   9.10438E-01   4.93954E-01   1.25933E+00
 2.19250E+01   2.54966E+00   9.10376E-01   4.93951E-01   1.25941E+00
 2.19750E+01   2.54984E+00   9.10315E-01   4.93947E-01   1.25949E+00
 2.20250E+01   2.55002E+00   9.10253E-01   4.93944E-01   1.25957E+00
 2.20750E+01   2.55020E+00   9.10191E-01   4.93940E-01   1.25965E+00
 2.21250E+01   2.55038E+00   9.10129E-01   4.93937E-01   1.25973E+00
 2.21750E+01   2.55056E+00   9.10068E-01   4.93934E-01   1.25981E+00
 2.22250E+01   2.55074E+00   9.10006E-01   4.93931E-01   1.25989E+00
 2.22750E+01   2.55092E+00   9.09944E-01   4.93928E-01   1.25997E+00
 2.23250E+01   2.55110E+00   9.09882E-01   4.93925E-01   1.26005E+00
 2.23750E+01   2.55128E+00   9.09821E-01   4.93922E-01   1.26013E+00
 2.24250E+01   2.55146E+00   9.09759E-01   4.93920E-01   1.26021E+00
 2.24750E+01   2.55163E+00   9.09698E-01   4.93918E-01   1.26030E+00
 2.25250E+01   2.55181E+00   9.09636E-01   4.93915E-01   1.26038E+00
 2.25750E+01   2.55198E+00   9.09576E-01   4.93914E-01   1.26046E+00
 2.26250E+01   2.55216E+00   9.09515E-01   4.93912E-01   1.26054E+00
 2.26750E+01   2.55234E+00   9.09454E-01   4.93910E-01   1.26062E+00
 2.27250E+01   2.55251E+00   9.09393E-01   4.93908E-01   1.26070E+00
 2.27750E+01   2.55268E+00   9.09333E-01   4.93906E-01   1.26079E+00
 2.28250E+01   2.55286E+00   9.09273E-01   4.93904E-01   1.26087E+00
 2.28750E+01   2.55303E+00   9.09212E-01   4.93902E-01   1.26095E+00
 2.29250E+01   2.55320E+00   9.09153E-01   4.93900E-01   1.26103E+00
 2.29750E+01   2.55337E+00   9.09093E-01   4.93899E-01   1.26111E+00
 2.30250E+01   2.55354E+00   9.09035E-01   4.93897E-01   1.26119E+00
 2.30750E+01   2.55371E+00   9.08976E-01   4.93895E-01   1.26126E+00
 2.31250E+01   2.55388E+00   9.08918E-01   4.93893E-01   1.26134E+00
 2.31750E+01   2.55404E+00   9.08859E-01   4.93891E-01   1.26142E+00
 2.32250E+01   2.55421E+00   9.08802E-01   4.93890E-01   1.26150E+00
 2.32750E+01   2.55438E+00   9.08744E-01   4.93888E-01   1.26158E+00
 2.33250E+01   2.55454E+00   9.08687E-01   4.93886E-01   1.26165E+00
 2.33750E+01   2.55470E+00   9.08630E-01   4.93885E-01   1.26173E+00
 2.34250E+01   2.55487E+00   9.08574E-01   4.93884E-01   1.26181E+00
 2.34750E+01   2.55503E+00   9.08518E-01   4.93882E-01   1.26188E+00
 2.35250E+01   2.55519E+00   9.08462E-01   4.93881E-01   1.26196E+00
 2.35750E+01   2.55535E+00   9.08406E-01   4.93880E-01   1.26203E+00
 2.36250E+01   2.55550E+00   9.08351E-01   4.93879E-01   1.26211E+00
 2.36750E+01   2.55566E+00   9.08296E-01   4.93878E-01   1.26218E+00
 2.37250E+01   2.55581E+00   9.08242E-01   4.93877E-01   1.26226E+00
 2.37750E+01   2.55597E+00   9.08188E-01   4.93876E-01   1.26233E+00
 2.38250E+01   2.55612E+00   9.08135E-01   4.93876E-01   1.26241E+00
 2.38750E+01   2.55627E+00   9.08082E-01   4.93875E-01   1.26248E+00
 2.39250E+01   2.55642E+00   9.08030E-01   4.93874E-01   1.26255E+00
 2.39750E+01   2.55656E+00   9.07978E-01   4.93873E-01   1.26262E+00
 2.40250E+01   2.55671E+00   9.07927E-01   4.93873E-01   1.26269E+00
 2.40750E+01   2.55685E+00   9.07876E-01   4.93872E-01   1.26276E+00
 2.41250E+01   2.55699E+00   9.07826E-01   4.93871E-01   1.26283E+00
 2.41750E+01   2.55713E+00   9.07777E-01   4.93871E-01   1.26289E+00
 2.42250E+01   2.55727E+00   9.07728E-01   4.93870E-01   1.26296E+00
 2.42750E+01   2.55741E+00   9.07680E-01   4.93870E-01   1.26303E+00
 2.43250E+01   2.55754E+00   9.07633E-01   4.93869E-01   1.26309E+00
 2.43750E+01   2.55768E+00   9.07586E-01   4.93869E-01   1.26316E+00
 2.44250E+01   2.55781E+00   9.07539E-01   4.93868E-01   1.26322E+00
 2.44750E+01   2.55794E+00   9.07493E-01   4.93868E-01   1.26328E+00
 2.45250E+01   2.55807E+00   9.07448E-01   4.93868E-01   1.26335E+00
 2.45750E+01   2.55820E+00   9.07404E-01   4.93867E-01   1.26341E+00
 2.46250E+01   2.55832E+00   9.07359E-01   4.93867E-01   1.26347E+00
 2.46750E+01   2.55844E+00   9.07316E-01   4.93866E-01   1.26353E+00
 2.47250E+01   2.55857E+00   9.07273E-01   4.93866E-01   1.26359E+00
 2.47750E+01   2.55868E+00   9.07231E-01   4.93865E-01   1.26365E+00
 2.48250E+01   2.55880E+00   9.07189E-01   4.93865E-01   1.26370E+00
 2.48750E+01   2.55892E+00   9.07148E-01   4.93864E-01   1.26376E+00
 2.49250E+01   2.55903E+00   9.07107E-01   4.93864E-01   1.26381E+00
 2.49750E+01   2.55915E+00   9.07068E-01   4.93863E-01   1.26387E+00
 2.50250E+01   2.55926E+00   9.07029E-01   4.93863E-01   1.26392E+00
 2.50750E+01   2.55937E+00   9.06990E-01   4.93862E-01   1.26397E+00
 2.51250E+01   2.55947E+00   9.06953E-01   4.93861E-01   1.26403E+00
 2.51750E+01   2.55958E+00   9.06915E-01   4.93861E-01   1.26408E+00
 2.52250E+01   2.55969E+00   9.06879E-01   4.93861E-01   1.26413E+00
 2.52750E+01   2.55979E+00   9.06842E-01   4.93860E-01   1.26418E+00
 2.53250E+01   2.55989E+00   9.06807E-01   4.93860E-01   1.26423E+00
 2.53750E+01   2.55999E+00   9.06772E-01   4.93859E-01   1.26428E+00
 2.54250E+01   2.56009E+00   9.06737E-01   4.93859E-01   1.26432E+00
 2.54750E+01   2.56019E+00   9.06703E-01   4.93859E-01   1.26437E+00
 2.55250E+01   2.56028E+00   9.06670E-01   4.93858E-01   1.26442E+00
 2.55750E+01   2.56037E+00   9.06637E-01   4.93858E-01   1.26446E+00
 2.56250E+01   2.56046E+00   9.06605E-01   4.93857E-01   1.26450E+00
 2.56750E+01   2.56055E+00   9.06573E-01   4.93857E-01   1.26455E+00
 2.57250E+01   2.56064E+00   9.06542E-01   4.93857E-01   1.26459E+00
 2.57750E+01   2.56073E+00   9.06512E-01   4.93856E-01   1.26463E+00
 2.58250E+01   2.56082E+00   9.06482E-01   4.93856E-01   1.26467E+00
 2.58750E+01   2.56090E+00   9.06453E-01   4.93855E-01   1.26471E+00
 2.59250E+01   2.56098E+00   9.06424E-01   4.93855E-01   1.26475E+00
 2.59750E+01   2.56106E+00   9.06396E-01   4.93854E-01   1.26479E+00
 2.60250E+01   2.56114E+00   9.06368E-01   4.93854E-01   1.26483E+00
 2.60750E+01   2.56122E+00   9.06341E-01   4.93853E-01   1.26487E+00
 2.61250E+01   2.56129E+00   9.06315E-01   4.93853E-01   1.26490E+00
 2.61750E+01   2.56137E+00   9.06289E-01   4.93852E-01   1.26494E+00
 2.62250E+01   2.56144E+00   9.06264E-01   4.93852E-01   1.26497E+00
 2.62750E+01   2.56151E+00   9.06239E-01   4.93851E-01   1.26500E+00
 2.63250E+01   2.56157E+00   9.06216E-01   4.93851E-01   1.26504E+00
 2.63750E+01   2.56164E+00   9.06192E-01   4.93851E-01   1.26507E+00
 2.64250E+01   2.56171E+00   9.06169E-01   4.93850E-01   1.26510E+00
 2.64750E+01   2.56177E+00   9.06146E-01   4.93850E-01   1.26513E+00
 2.65250E+01   2.56184E+00   9.06124E-01   4.93849E-01   1.26516E+00
 2.65750E+01   2.56190E+00   9.06103E-01   4.93849E-01   1.26519E+00
 2.66250E+01   2.56196E+00   9.06082E-01   4.93849E-01   1.26522E+00
 2.66750E+01   2.56202E+00   9.06061E-01   4.93848E-01   1.26525E+00
 2.67250E+01   2.56208E+00   9.06041E-01   4.93848E-01   1.26528E+00
 2.67750E+01   2.56213E+00   9.06021E-01   4.93847E-01   1.26530E+00
 2.68250E+01   2.56219E+00   9.06002E-01   4.93847E-01   1.26533E+00
 2.68750E+01   2.56224E+00   9.05983E-01   4.93846E-01   1.26535E+00
 2.69250E+01   2.56230E+00   9.05964E-01   4.93846E-01   1.26538E+00
 2.69750E+01   2.56235E+00   9.05946E-01   4.93845E-01   1.26540E+00
 2.70250E+01   2.56240E+00   9.05929E-01   4.93845E-01   1.26543E+00
 2.70750E+01   2.56245E+00   9.05912E-01   4.93844E-01   1.26545E+00
 2.71250E+01   2.56250E+00   9.05895E-01   4.93844E-01   1.26547E+00
 2.71750E+01   2.56255E+00   9.05879E-01   4.93843E-01   1.26550E+00
 2.72250E+01   2.56259E+00   9.05863E-01   4.93843E-01   1.26552E+00
 2.72750E+01   2.56264E+00   9.05848E-01   4.93843E-01   1.26554E+00
 2.73250E+01   2.56268E+00   9.05833E-01   4.93842E-01   1.26556E+00
 2.73750E+01   2.56272E+00   9.05818E-01   4.93842E-01   1.26558E+00
 2.74250E+01   2.56276E+00   9.05803E-01   4.93841E-01   1.26560E+00
 2.74750E+01   2.56281E+00   9.05789E-01   4.93841E-01   1.26562E+00
 2.75250E+01   2.56284E+00   9.05775E-01   4.93840E-01   1.26564E+00
 2.75750E+01   2.56288E+00   9.05762E-01   4.93839E-01   1.26565E+00
 2.76250E+01   2.56292E+00   9.05749E-01   4.93839E-01   1.26567E+00
 2.76750E+01   2.56296E+00   9.05736E-01   4.93838E-01   1.26569E+00
 2.77250E+01   2.56300E+00   9.05723E-01   4.93838E-01   1.26570E+00
 2.77750E+01   2.56303E+00   9.05711E-01   4.93837E-01   1.26572E+00
 2.78250E+01   2.56307E+00   9.05699E-01   4.93836E-01   1.26573E+00
 2.78750E+01   2.56310E+00   9.05688E-01   4.93836E-01   1.26575E+00
 2.79250E+01   2.56313E+00   9.05676E-01   4.93835E-01   1.26576E+00
 2.79750E+01   2.56316E+00   9.05665E-01   4.93835E-01   1.26578E+00
 2.80250E+01   2.56320E+00   9.05655E-01   4.93834E-01   1.26579E+00
 2.80750E+01   2.56323E+00   9.05644E-01   4.93833E-01   1.26581E+00
 2.81250E+01   2.56326E+00   9.05634E-01   4.93833E-01   1.26582E+00
 2.81750E+01   2.56328E+00   9.05625E-01   4.93832E-01   1.26583E+00
 2.82250E+01   2.56331E+00   9.05615E-01   4.93832E-01   1.26585E+00
 2.82750E+01   2.56334E+00   9.05605E-01   4.93831E-01   1.26586E+00
 2.83250E+01   2.56337E+00   9.05596E-01   4.93831E-01   1.26587E+00
 2.83750E+01   2.56340E+00   9.05587E-01   4.93830E-01   1.26588E+00
 2.84250E+01   2.56342E+00   9.05579E-01   4.93830E-01   1.26589E+00
 2.84750E+01   2.56345E+00   9.05570E-01   4.93829E-01   1.26590E+00
 2.85250E+01   2.56347E+00   9.05562E-01   4.93828E-01   1.26592E+00
 2.85750E+01   2.56350E+00   9.05554E-01   4.93828E-01   1.26593E+00
 2.86250E+01   2.56352E+00   9.05546E-01   4.93828E-01   1.26594E+00
 2.86750E+01   2.56354E+00   9.05539E-01   4.93827E-01   1.26595E+00
 2.87250E+01   2.56357E+00   9.05531E-01   4.93827E-01   1.26596E+00
 2.87750E+01   2.56359E+00   9.05524E-01   4.93826E-01   1.26597E+00
 2.88250E+01   2.56361E+00   9.05517E-01   4.93826E-01   1.26598E+00
 2.88750E+01   2.56363E+00   9.05510E-01   4.93825E-01   1.26598E+00
 2.89250E+01   2.56365E+00   9.05503E-01   4.93824E-01   1.26599E+00
 2.89750E+01   2.56367E+00   9.05497E-01   4.93824E-01   1.26600E+00
 2.90250E+01   2.56369E+00   9.05491E-01   4.93823E-01   1.26601E+00
 2.90750E+01   2.56370E+00   9.05485E-01   4.93823E-01   1.26601E+00
 2.91250E+01   2.56372E+00   9.05479E-01   4.93822E-01   1.26602E+00
 2.91750E+01   2.56374E+00   9.05473E-01   4.93821E-01   1.26603E+00
 2.92250E+01   2.56376E+00   9.05468E-01   4.93821E-01   1.26604E+00
 2.92750E+01   2.56377E+00   9.05462E-01   4.93820E-01   1.26604E+00
 2.93250E+01   2.56379E+00   9.05456E-01   4.93820E-01   1.26605E+00
 2.93750E+01   2.56381E+00   9.05451E-01   4.93819E-01   1.26606E+00
 2.94250E+01   2.56382E+00   9.05446E-01   4.93818E-01   1.26606E+00
 2.94750E+01   2.56384E+00   9.05441E-01   4.93818E-01   1.26607E+00
 2.95250E+01   2.56385E+00   9.05436E-01   4.93817E-01   1.26607E+00
 2.95750E+01   2.56387E+00   9.05432E-01   4.93816E-01   1.26608E+00
 2.96250E+01   2.56388E+00   9.05427E-01   4.93816E-01   1.26608E+00
 2.96750E+01   2.56389E+00   9.05423E-01   4.93815E-01   1.26609E+00
 2.97250E+01   2.56391E+00   9.05418E-01   4.93814E-01   1.26609E+00
 2.97750E+01   2.56392E+00   9.05414E-01   4.93814E-01   1.26610E+00
 2.98250E+01   2.56393E+00   9.05410E-01   4.93813E-01   1.26610E+00
 2.98750E+01   2.56395E+00   9.05406E-01   4.93812E-01   1.26611E+00
 2.99250E+01   2.56396E+00   9.05402E-01   4.93812E-01   1.26611E+00
 2.99750E+01   2.56397E+00   9.05398E-01   4.93811E-01   1.26612E+00
 3.00250E+01   2.56398E+00   9.05394E-01   4.93810E-01   1.26612E+00
 3.00750E+01   2.56399E+00   9.05391E-01   4.93810E-01   1.26612E+00
 3.01250E+01   2.56400E+00   9.05388E-01   4.93809E-01   1.26613E+00
 3.01750E+01   2.56401E+00   9.05384E-01   4.93808E-01   1.26613E+00
 3.02250E+01   2.56403E+00   9.05381E-01   4.93808E-01   1.26614E+00
 3.02750E+01   2.56404E+00   9.05378E-01   4.93807E-01   1.26614E+00
 3.03250E+01   2.56405E+00   9.05375E-01   4.93807E-01   1.26614E+00
 3.03750E+01   2.56406E+00   9.05372E-01   4.93806E-01   1.26615E+00
 3.04250E+01   2.56407E+00   9.05369E-01   4.93805E-01   1.26615E+00
 3.04750E+01   2.56408E+00   9.05366E-01   4.93804E-01   1.26615E+00
 3.05250E+01   2.56409E+00   9.05363E-01   4.93804E-01   1.26616E+00
 3.05750E+01   2.56409E+00   9.05361E-01   4.93803E-01   1.26616E+00
 3.06250E+01   2.56410E+00   9.05358E-01   4.93803E-01   1.26616E+00
 3.06750E+01   2.56411E+00   9.05355E-01   4.93802E-01   1.26616E+00
 3.07250E+01   2.56412E+00   9.05353E-01   4.93801E-01   1.26617E+00
 3.07750E+01   2.56413E+00   9.05351E-01   4.93801E-01   1.26617E+00
 3.08250E+01   2.56414E+00   9.05348E-01   4.93800E-01   1.26617E+00
 3.08750E+01   2.56414E+00   9.05346E-01   4.93799E-01   1.26617E+00
 3.09250E+01   2.56415E+00   9.05344E-01   4.93799E-01   1.26618E+00
 3.09750E+01   2.56416E+00   9.05342E-01   4.93798E-01   1.26618E+00
 3.10250E+01   2.56417E+00   9.05339E-01   4.93798E-01   1.26618E+00
 3.10750E+01   2.56418E+00   9.05337E-01   4.93797E-01   1.26618E+00
 3.11250E+01   2.56418E+00   9.05335E-01   4.93796E-01   1.26618E+00
 3.11750E+01   2.56419E+00   9.05333E-01   4.93795E-01   1.26619E+00
 3.12250E+01   2.56420E+00   9.05331E-01   4.93795E-01   1.26619E+00
 3.12750E+01   2.56421E+00   9.05329E-01   4.93794E-01   1.26619E+00
 3.13250E+01   2.56422E+00   9.05327E-01   4.93793E-01   1.26619E+00
 3.13750E+01   2.56422E+00   9.05325E-01   4.93792E-01   1.26619E+00
 3.14250E+01   2.56423E+00   9.05323E-01   4.93792E-01   1.26620E+00
 3.14750E+01   2.56424E+00   9.05321E-01   4.93791E-01   1.26620E+00
 3.15250E+01   2.56425E+00   9.05319E-01   4.93790E-01   1.26620E+00
 3.15750E+01   2.56425E+00   9.05317E-01   4.93789E-01   1.26620E+00
 3.16250E+01   2.56426E+00   9.05315E-01   4.93789E-01   1.26620E+00
 3.16750E+01   2.56427E+00   9.05313E-01   4.93788E-01   1.26620E+00
 3.17250E+01   2.56427E+00   9.05311E-01   4.93788E-01   1.26621E+00
 3.17750E+01   2.56428E+00   9.05310E-01   4.93787E-01   1.26621E+00
 3.18250E+01   2.56429E+00   9.05308E-01   4.93786E-01   1.26621E+00
 3.18750E+01   2.56429E+00   9.05306E-01   4.93785E-01   1.26621E+00
 3.19250E+01   2.56430E+00   9.05305E-01   4.93785E-01   1.26621E+00
 3.19750E+01   2.56431E+00   9.05303E-01   4.93784E-01   1.26621E+00
 3.20250E+01   2.56431E+00   9.05301E-01   4.93783E-01   1.26622E+00
 3.20750E+01   2.56432E+00   9.05300E-01   4.93783E-01   1.26622E+00
 3.21250E+01   2.56433E+00   9.05298E-01   4.93782E-01   1.26622E+00
 3.21750E+01   2.56433E+00   9.05297E-01   4.93782E-01   1.26622E+00
 3.22250E+01   2.56434E+00   9.05296E-01   4.93781E-01   1.26622E+00
 3.22750E+01   2.56434E+00   9.05295E-01   4.93780E-01   1.26622E+00
 3.23250E+01   2.56435E+00   9.05293E-01   4.93780E-01   1.26622E+00
 3.23750E+01   2.56436E+00   9.05292E-01   4.93779E-01   1.26623E+00
 3.24250E+01   2.56436E+00   9.05291E-01   4.93779E-01   1.26623E+00
 3.24750E+01   2.56437E+00   9.05290E-01   4.93778E-01   1.26623E+00
 3.25250E+01   2.56437E+00   9.05289E-01   4.93777E-01   1.26623E+00
 3.25750E+01   2.56437E+00   9.05288E-01   4.93777E-01   1.26623E+00
 3.26250E+01   2.56438E+00   9.05287E-01   4.93776E-01   1.26623E+00
 3.26750E+01   2.56438E+00   9.05287E-01   4.93775E-01   1.26623E+00
 3.27250E+01   2.56439E+00   9.05286E-01   4.93774E-01   1.26623E+00
 3.27750E+01   2.56439E+00   9.05285E-01   4.93774E-01   1.26623E+00
 3.28250E+01   2.56439E+00   9.05285E-01   4.93773E-01   1.26623E+00
 3.28750E+01   2.56440E+00   9.05284E-01   4.93772E-01   1.26623E+00
 3.29250E+01   2.56440E+00   9.05284E-01   4.93772E-01   1.26623E+00
 3.29750E+01   2.56440E+00   9.05283E-01   4.93771E-01   1.26623E+00
 3.30250E+01   2.56441E+00   9.05283E-01   4.93771E-01   1.26623E+00
 3.30750E+01   2.56441E+00   9.05282E-01   4.93770E-01   1.26623E+00
 3.31250E+01   2.56441E+00   9.05281E-01   4.93770E-01   1.26623E+00
 3.31750E+01   2.56442E+00   9.05280E-01   4.93769E-01   1.26623E+00
 3.32250E+01   2.56442E+00   9.05280E-01   4.93769E-01   1.26623E+00
 3.32750E+01   2.56443E+00   9.05279E-01   4.93768E-01   1.26623E+00
 3.33250E+01   2.56443E+00   9.05278E-01   4.93767E-01   1.26623E+00
 3.33750E+01   2.56443E+00   9.05277E-01   4.93766E-01   1.26623E+00
 3.34250E+01   2.56444E+00   9.05276E-01   4.93766E-01   1.26623E+00
 3.34750E+01   2.56444E+00   9.05276E-01   4.93765E-01   1.26623E+00
 3.35250E+01   2.56445E+00   9.05275E-01   4.93764E-01   1.26623E+00
 3.35750E+01   2.56445E+00   9.05274E-01   4.93764E-01   1.26623E+00
 3.36250E+01   2.56445E+00   9.05273E-01   4.93763E-01   1.26623E+00
 3.36750E+01   2.56446E+00   9.05273E-01   4.93762E-01   1.26623E+00
 3.37250E+01   2.56446E+00   9.05272E-01   4.93762E-01   1.26623E+00
 3.37750E+01   2.56446E+00   9.05272E-01   4.93761E-01   1.26623E+00
 3.38250E+01   2.56446E+00   9.05271E-01   4.93760E-01   1.26623E+00
 3.38750E+01   2.56447E+00   9.05271E-01   4.93760E-01   1.26623E+00
 3.39250E+01   2.56447E+00   9.05270E-01   4.93759E-01   1.26623E+00
 3.39750E+01   2.56447E+00   9.05270E-01   4.93758E-01   1.26623E+00
 3.40250E+01   2.56448E+00   9.05269E-01   4.93758E-01   1.26623E+00
 3.40750E+01   2.56448E+00   9.05269E-01   4.93757E-01   1.26623E+00
 3.41250E+01   2.56448E+00   9.05268E-01   4.93757E-01   1.26623E+00
 3.41750E+01   2.56449E+00   9.05268E-01   4.93756E-01   1.26623E+00
 3.42250E+01   2.56449E+00   9.05267E-01   4.93756E-01   1.26623E+00
 3.42750E+01   2.56449E+00   9.05266E-01   4.93755E-01   1.26623E+00
 3.43250E+01   2.56450E+00   9.05266E-01   4.93755E-01   1.26623E+00
 3.43750E+01   2.56450E+00   9.05265E-01   4.93754E-01   1.26623E+00
 3.44250E+01   2.56450E+00   9.05264E-01   4.93753E-01   1.26623E+00
 3.44750E+01   2.56451E+00   9.05264E-01   4.93752E-01   1.26623E+00
 3.45250E+01   2.56451E+00   9.05263E-01   4.93752E-01   1.26623E+00
 3.45750E+01   2.56452E+00   9.05263E-01   4.93751E-01   1.26623E+00
 3.46250E+01   2.56452E+00   9.05262E-01   4.93750E-01   1.26623E+00
 3.46750E+01   2.56452E+00   9.05262E-01   4.93750E-01   1.26623E+00
 3.47250E+01   2.56452E+00   9.05261E-01   4.93749E-01   1.26623E+00
 3.47750E+01   2.56453E+00   9.05261E-01   4.93748E-01   1.26623E+00
 3.48250E+01   2.56453E+00   9.05260E-01   4.93748E-01   1.26623E+00
 3.48750E+01   2.56454E+00   9.05259E-01   4.93747E-01   1.26623E+00
 3.49250E+01   2.56454E+00   9.05259E-01   4.93747E-01   1.26623E+00
 3.49750E+01   2.56454E+00   9.05258E-01   4.93746E-01   1.26623E+00
 3.50250E+01   2.56454E+00   9.05258E-01   4.93746E-01   1.26623E+00
 3.50750E+01   2.56455E+00   9.05257E-01   4.93745E-01   1.26623E+00
 3.51250E+01   2.56455E+00   9.05256E-01   4.93744E-01   1.26623E+00
 3.51750E+01   2.56455E+00   9.05256E-01   4.93744E-01   1.26623E+00
 3.52250E+01   2.56456E+00   9.05255E-01   4.93743E-01   1.26623E+00
 3.52750E+01   2.56456E+00   9.05255E-01   4.93742E-01   1.26623E+00
 3.53250E+01   2.56456E+00   9.05254E-01   4.93742E-01   1.26623E+00
 3.53750E+01   2.56457E+00   9.05254E-01   4.93741E-01   1.26623E+00
 3.54250E+01   2.56457E+00   9.05253E-01   4.93741E-01   1.26623E+00
 3.54750E+01   2.56457E+00   9.05253E-01   4.93740E-01   1.26623E+00
 3.55250E+01   2.56458E+00   9.05252E-01   4.93740E-01   1.26623E+00
 3.55750E+01   2.56458E+00   9.05251E-01   4.93739E-01   1.26623E+00
 3.56250E+01   2.56458E+00   9.05251E-01   4.93738E-01   1.26623E+00
 3.56750E+01   2.56459E+00   9.05250E-01   4.93738E-01   1.26623E+00
 3.57250E+01   2.56459E+00   9.05249E-01   4.93737E-01   1.26623E+00
 3.57750E+01   2.56459E+00   9.05249E-01   4.93736E-01   1.26623E+00
 3.58250E+01   2.56460E+00   9.05249E-01   4.93736E-01   1.26623E+00
 3.58750E+01   2.56460E+00   9.05248E-01   4.93735E-01   1.26623E+00
 3.59250E+01   2.56460E+00   9.05248E-01   4.93735E-01   1.26623E+00
 3.59750E+01   2.56461E+00   9.05247E-01   4.93734E-01   1.26623E+00
 3.60250E+01   2.56461E+00   9.05246E-01   4.93733E-01   1.26623E+00
 3.60750E+01   2.56461E+00   9.05246E-01   4.93733E-01   1.26623E+00
 3.61250E+01   2.56462E+00   9.05245E-01   4.93733E-01   1.26624E+00
 3.61750E+01   2.56462E+00   9.05245E-01   4.93732E-01   1.26624E+00
 3.62250E+01   2.56462E+00   9.05244E-01   4.93732E-01   1.26624E+00
 3.62750E+01   2.56463E+00   9.05244E-01   4.93731E-01   1.26624E+00
 3.63250E+01   2.56463E+00   9.05243E-01   4.93731E-01   1.26624E+00
 3.63750E+01   2.56463E+00   9.05243E-01   4.93730E-01   1.26624E+00
 3.64250E+01   2.56463E+00   9.05242E-01   4.93730E-01   1.26624E+00
 3.64750E+01   2.56464E+00   9.05241E-01   4.93729E-01   1.26624E+00
 3.65250E+01   2.56464E+00   9.05241E-01   4.93729E-01   1.26624E+00
 3.65750E+01   2.56464E+00   9.05240E-01   4.93728E-01   1.26624E+00
 3.66250E+01   2.56465E+00   9.05240E-01   4.93727E-01   1.26624E+00
 3.66750E+01   2.56465E+00   9.05239E-01   4.93726E-01   1.26624E+00
 3.67250E+01   2.56465E+00   9.05238E-01   4.93726E-01   1.26624E+00
 3.67750E+01   2.56466E+00   9.05238E-01   4.93725E-01   1.26624E+00
 3.68250E+01   2.56466E+00   9.05237E-01   4.93724E-01   1.26624E+00
 3.68750E+01   2.56467E+00   9.05237E-01   4.93723E-01   1.26623E+00
 3.69250E+01   2.56467E+00   9.05236E-01   4.93722E-01   1.26623E+00
 3.69750E+01   2.56467E+00   9.05235E-01   4.93721E-01   1.26623E+00
 3.70250E+01   2.56468E+00   9.05235E-01   4.93720E-01   1.26623E+00
 3.70750E+01   2.56468E+00   9.05234E-01   4.93719E-01   1.26623E+00
 3.71250E+01   2.56469E+00   9.05234E-01   4.93718E-01   1.26623E+00
 3.71750E+01   2.56469E+00   9.05233E-01   4.93717E-01   1.26623E+00
 3.72250E+01   2.56470E+00   9.05232E-01   4.93715E-01   1.26623E+00
 3.72750E+01   2.56470E+00   9.05231E-01   4.93714E-01   1.26623E+00
 3.73250E+01   2.56471E+00   9.05231E-01   4.93713E-01   1.26623E+00
 3.73750E+01   2.56471E+00   9.05230E-01   4.93712E-01   1.26623E+00
 3.74250E+01   2.56471E+00   9.05229E-01   4.93711E-01   1.26623E+00
 3.74750E+01   2.56472E+00   9.05229E-01   4.93710E-01   1.26623E+00
 3.75250E+01   2.56472E+00   9.05228E-01   4.93709E-01   1.26623E+00
 3.75750E+01   2.56473E+00   9.05227E-01   4.93708E-01   1.26622E+00
 3.76250E+01   2.56473E+00   9.05227E-01   4.93706E-01   1.26622E+00
 3.76750E+01   2.56474E+00   9.05226E-01   4.93705E-01   1.26622E+00
 3.77250E+01   2.56474E+00   9.05225E-01   4.93704E-01   1.26622E+00
 3.77750E+01   2.56474E+00   9.05225E-01   4.93703E-01   1.26622E+00
 3.78250E+01   2.56475E+00   9.05224E-01   4.93702E-01   1.26622E+00
 3.78750E+01   2.56475E+00   9.05223E-01   4.93701E-01   1.26622E+00
 3.79250E+01   2.56476E+00   9.05223E-01   4.93700E-01   1.26622E+00
 3.79750E+01   2.56476E+00   9.05222E-01   4.93698E-01   1.26622E+00
 3.80250E+01   2.56477E+00   9.05221E-01   4.93697E-01   1.26622E+00
 3.80750E+01   2.56477E+00   9.05221E-01   4.93696E-01   1.26622E+00
 3.81250E+01   2.56478E+00   9.05220E-01   4.93695E-01   1.26622E+00
 3.81750E+01   2.56478E+00   9.05219E-01   4.93694E-01   1.26621E+00
 3.82250E+01   2.56478E+00   9.05219E-01   4.93692E-01   1.26621E+00
 3.82750E+01   2.56479E+00   9.05218E-01   4.93691E-01   1.26621E+00
 3.83250E+01   2.56479E+00   9.05218E-01   4.93690E-01   1.26621E+00
 3.83750E+01   2.56479E+00   9.05217E-01   4.93689E-01   1.26621E+00
 3.84250E+01   2.56480E+00   9.05217E-01   4.93688E-01   1.26621E+00
 3.84750E+01   2.56480E+00   9.05217E-01   4.93687E-01   1.26621E+00
 3.85250E+01   2.56481E+00   9.05216E-01   4.93685E-01   1.26621E+00
 3.85750E+01   2.56481E+00   9.05216E-01   4.93684E-01   1.26621E+00
 3.86250E+01   2.56481E+00   9.05216E-01   4.93683E-01   1.26620E+00
 3.86750E+01   2.56482E+00   9.05215E-01   4.93682E-01   1.26620E+00
 3.87250E+01   2.56482E+00   9.05215E-01   4.93680E-01   1.26620E+00
 3.87750E+01   2.56482E+00   9.05215E-01   4.93679E-01   1.26620E+00
 3.88250E+01   2.56483E+00   9.05215E-01   4.93678E-01   1.26620E+00
 3.88750E+01   2.56483E+00   9.05215E-01   4.93677E-01   1.26620E+00
 3.89250E+01   2.56483E+00   9.05214E-01   4.93676E-01   1.26620E+00
 3.89750E+01   2.56483E+00   9.05214E-01   4.93674E-01   1.26619E+00
 3.90250E+01   2.56484E+00   9.05214E-01   4.93673E-01   1.26619E+00
 3.90750E+01   2.56484E+00   9.05214E-01   4.93672E-01   1.26619E+00
 3.91250E+01   2.56484E+00   9.05214E-01   4.93671E-01   1.26619E+00
 3.91750E+01   2.56485E+00   9.05214E-01   4.93670E-01   1.26619E+00
 3.92250E+01   2.56485E+00   9.05215E-01   4.93668E-01   1.26618E+00
 3.92750E+01   2.56485E+00   9.05214E-01   4.93667E-01   1.26618E+00
 3.93250E+01   2.56485E+00   9.05214E-01   4.93665E-01   1.26618E+00
 3.93750E+01   2.56486E+00   9.05214E-01   4.93663E-01   1.26618E+00
 3.94250E+01   2.56486E+00   9.05214E-01   4.93662E-01   1.26617E+00
 3.94750E+01   2.56486E+00   9.05214E-01   4.93660E-01   1.26617E+00
 3.95250E+01   2.56487E+00   9.05214E-01   4.93658E-01   1.26617E+00
 3.95750E+01   2.56487E+00   9.05214E-01   4.93656E-01   1.26617E+00
 3.96250E+01   2.56488E+00   9.05213E-01   4.93654E-01   1.26616E+00
 3.96750E+01   2.56488E+00   9.05213E-01   4.93652E-01   1.26616E+00
 3.97250E+01   2.56489E+00   9.05213E-01   4.93651E-01   1.26616E+00
 3.97750E+01   2.56489E+00   9.05212E-01   4.93649E-01   1.26616E+00
 3.98250E+01   2.56490E+00   9.05211E-01   4.93647E-01   1.26615E+00
 3.98750E+01   2.56490E+00   9.05211E-01   4.93645E-01   1.26615E+00
 3.99250E+01   2.56491E+00   9.05211E-01   4.93643E-01   1.26615E+00
 3.99750E+01   2.56491E+00   9.05210E-01   4.93641E-01   1.26615E+00
 4.00250E+01   2.56492E+00   9.05209E-01   4.93639E-01   1.26615E+00
 4.00750E+01   2.56493E+00   9.05209E-01   4.93638E-01   1.26614E+00
 4.01250E+01   2.56493E+00   9.05208E-01   4.93636E-01   1.26614E+00
 4.01750E+01   2.56494E+00   9.05208E-01   4.93634E-01   1.26614E+00
 4.02250E+01   2.56494E+00   9.05207E-01   4.93632E-01   1.26614E+00
 4.02750E+01   2.56495E+00   9.05207E-01   4.93630E-01   1.26614E+00
 4.03250E+01   2.56495E+00   9.05206E-01   4.93628E-01   1.26613E+00
 4.03750E+01   2.56496E+00   9.05206E-01   4.93626E-01   1.26613E+00
 4.04250E+01   2.56497E+00   9.05205E-01   4.93624E-01   1.26613E+00
 4.04750E+01   2.56497E+00   9.05204E-01   4.93623E-01   1.26613E+00
 4.05250E+01   2.56498E+00   9.05204E-01   4.93621E-01   1.26613E+00
 4.05750E+01   2.56498E+00   9.05203E-01   4.93618E-01   1.26612E+00
 4.06250E+01   2.56499E+00   9.05202E-01   4.93616E-01   1.26612E+00
 4.06750E+01   2.56500E+00   9.05202E-01   4.93614E-01   1.26612E+00
 4.07250E+01   2.56500E+00   9.05201E-01   4.93612E-01   1.26612E+00
 4.07750E+01   2.56501E+00   9.05200E-01   4.93610E-01   1.26612E+00
 4.08250E+01   2.56502E+00   9.05200E-01   4.93608E-01   1.26611E+00
 4.08750E+01   2.56502E+00   9.05199E-01   4.93606E-01   1.26611E+00
 4.09250E+01   2.56503E+00   9.05199E-01   4.93604E-01   1.26611E+00
 4.09750E+01   2.56504E+00   9.05198E-01   4.93601E-01   1.26611E+00
 4.10250E+01   2.56505E+00   9.05197E-01   4.93599E-01   1.26610E+00
 4.10750E+01   2.56505E+00   9.05196E-01   4.93597E-01   1.26610E+00
 4.11250E+01   2.56506E+00   9.05195E-01   4.93595E-01   1.26610E+00
 4.11750E+01   2.56507E+00   9.05195E-01   4.93592E-01   1.26610E+00
 4.12250E+01   2.56508E+00   9.05194E-01   4.93589E-01   1.26609E+00
 4.12750E+01   2.56509E+00   9.05193E-01   4.93586E-01   1.26609E+00
 4.13250E+01   2.56509E+00   9.05193E-01   4.93583E-01   1.26609E+00
 4.13750E+01   2.56510E+00   9.05192E-01   4.93580E-01   1.26608E+00
 4.14250E+01   2.56511E+00   9.05192E-01   4.93576E-01   1.26608E+00
 4.14750E+01   2.56512E+00   9.05192E-01   4.93573E-01   1.26607E+00
 4.15250E+01   2.56513E+00   9.05192E-01   4.93569E-01   1.26607E+00
 4.15750E+01   2.56514E+00   9.05192E-01   4.93566E-01   1.26606E+00
 4.16250E+01   2.56514E+00   9.05192E-01   4.93562E-01   1.26606E+00
 4.16750E+01   2.56515E+00   9.05192E-01   4.93559E-01   1.26605E+00
 4.17250E+01   2.56516E+00   9.05192E-01   4.93555E-01   1.26605E+00
 4.17750E+01   2.56517E+00   9.05192E-01   4.93552E-01   1.26604E+00
 4.18250E+01   2.56517E+00   9.05193E-01   4.93548E-01   1.26604E+00
 4.18750E+01   2.56518E+00   9.05193E-01   4.93545E-01   1.26603E+00
 4.19250E+01   2.56519E+00   9.05193E-01   4.93541E-01   1.26603E+00
 4.19750E+01   2.56520E+00   9.05193E-01   4.93538E-01   1.26602E+00
 4.20250E+01   2.56520E+00   9.05193E-01   4.93534E-01   1.26602E+00
 4.20750E+01   2.56521E+00   9.05194E-01   4.93530E-01   1.26601E+00
 4.21250E+01   2.56522E+00   9.05194E-01   4.93526E-01   1.26600E+00
 4.21750E+01   2.56523E+00   9.05194E-01   4.93521E-01   1.26599E+00
 4.22250E+01   2.56524E+00   9.05195E-01   4.93516E-01   1.26599E+00
 4.22750E+01   2.56525E+00   9.05195E-01   4.93512E-01   1.26598E+00
 4.23250E+01   2.56526E+00   9.05196E-01   4.93507E-01   1.26597E+00
 4.23750E+01   2.56527E+00   9.05197E-01   4.93501E-01   1.26596E+00
 4.24250E+01   2.56528E+00   9.05197E-01   4.93496E-01   1.26595E+00
 4.24750E+01   2.56529E+00   9.05198E-01   4.93490E-01   1.26594E+00
 4.25250E+01   2.56530E+00   9.05199E-01   4.93484E-01   1.26593E+00
 4.25750E+01   2.56531E+00   9.05200E-01   4.93478E-01   1.26592E+00
 4.26250E+01   2.56532E+00   9.05201E-01   4.93473E-01   1.26591E+00
 4.26750E+01   2.56533E+00   9.05202E-01   4.93467E-01   1.26590E+00
 4.27250E+01   2.56534E+00   9.05203E-01   4.93461E-01   1.26589E+00
 4.27750E+01   2.56535E+00   9.05204E-01   4.93455E-01   1.26588E+00
 4.28250E+01   2.56536E+00   9.05205E-01   4.93449E-01   1.26587E+00
 4.28750E+01   2.56537E+00   9.05206E-01   4.93443E-01   1.26586E+00
 4.29250E+01   2.56538E+00   9.05207E-01   4.93437E-01   1.26585E+00
 4.29750E+01   2.56539E+00   9.05208E-01   4.93430E-01   1.26584E+00
 4.30250E+01   2.56540E+00   9.05209E-01   4.93424E-01   1.26583E+00
 4.30750E+01   2.56542E+00   9.05210E-01   4.93418E-01   1.26582E+00
 4.31250E+01   2.56543E+00   9.05211E-01   4.93411E-01   1.26581E+00
 4.31750E+01   2.56544E+00   9.05212E-01   4.93404E-01   1.26580E+00
 4.32250E+01   2.56545E+00   9.05212E-01   4.93397E-01   1.26579E+00
 4.32750E+01   2.56547E+00   9.05214E-01   4.93389E-01   1.26577E+00
 4.33250E+01   2.56548E+00   9.05214E-01   4.93382E-01   1.26576E+00
 4.33750E+01   2.56549E+00   9.05215E-01   4.93374E-01   1.26575E+00
 4.34250E+01   2.56551E+00   9.05217E-01   4.93367E-01   1.26574E+00
 4.34750E+01   2.56552E+00   9.05218E-01   4.93359E-01   1.26572E+00
 4.35250E+01   2.56554E+00   9.05219E-01   4.93351E-01   1.26571E+00
 4.35750E+01   2.56555E+00   9.05220E-01   4.93343E-01   1.26570E+00
 4.36250E+01   2.56557E+00   9.05222E-01   4.93334E-01   1.26568E+00
 4.36750E+01   2.56558E+00   9.05223E-01   4.93325E-01   1.26567E+00
 4.37250E+01   2.56560E+00   9.05224E-01   4.93317E-01   1.26565E+00
 4.37750E+01   2.56561E+00   9.05226E-01   4.93308E-01   1.26564E+00
 4.38250E+01   2.56563E+00   9.05227E-01   4.93299E-01   1.26562E+00
 4.38750E+01   2.56565E+00   9.05228E-01   4.93290E-01   1.26561E+00
 4.39250E+01   2.56566E+00   9.05229E-01   4.93281E-01   1.26559E+00
 4.39750E+01   2.56568E+00   9.05231E-01   4.93271E-01   1.26558E+00
 4.40250E+01   2.56570E+00   9.05232E-01   4.93262E-01   1.26556E+00
 4.40750E+01   2.56572E+00   9.05233E-01   4.93252E-01   1.26555E+00
 4.41250E+01   2.56574E+00   9.05234E-01   4.93242E-01   1.26553E+00
 4.41750E+01   2.56576E+00   9.05235E-01   4.93232E-01   1.26551E+00
 4.42250E+01   2.56578E+00   9.05236E-01   4.93222E-01   1.26550E+00
 4.42750E+01   2.56580E+00   9.05237E-01   4.93212E-01   1.26548E+00
 4.43250E+01   2.56582E+00   9.05239E-01   4.93202E-01   1.26547E+00
 4.43750E+01   2.56584E+00   9.05240E-01   4.93191E-01   1.26545E+00
 4.44250E+01   2.56586E+00   9.05241E-01   4.93181E-01   1.26543E+00
 4.44750E+01   2.56588E+00   9.05242E-01   4.93170E-01   1.26542E+00
 4.45250E+01   2.56590E+00   9.05244E-01   4.93160E-01   1.26540E+00
 4.45750E+01   2.56592E+00   9.05245E-01   4.93150E-01   1.26538E+00
 4.46250E+01   2.56594E+00   9.05246E-01   4.93139E-01   1.26537E+00
 4.46750E+01   2.56596E+00   9.05248E-01   4.93128E-01   1.26535E+00
 4.47250E+01   2.56598E+00   9.05249E-01   4.93117E-01   1.26533E+00
 4.47750E+01   2.56601E+00   9.05250E-01   4.93106E-01   1.26531E+00
 4.48250E+01   2.56603E+00   9.05252E-01   4.93095E-01   1.26529E+00
 4.48750E+01   2.56605E+00   9.05253E-01   4.93083E-01   1.26528E+00
 4.49250E+01   2.56607E+00   9.05255E-01   4.93071E-01   1.26526E+00
 4.49750E+01   2.56609E+00   9.05256E-01   4.93060E-01   1.26524E+00
 4.50250E+01   2.56612E+00   9.05257E-01   4.93048E-01   1.26522E+00
 4.50750E+01   2.56614E+00   9.05259E-01   4.93036E-01   1.26520E+00
 4.51250E+01   2.56616E+00   9.05260E-01   4.93025E-01   1.26518E+00
 4.51750E+01   2.56618E+00   9.05262E-01   4.93013E-01   1.26516E+00
 4.52250E+01   2.56621E+00   9.05263E-01   4.93001E-01   1.26514E+00
 4.52750E+01   2.56623E+00   9.05264E-01   4.92988E-01   1.26512E+00
 4.53250E+01   2.56625E+00   9.05266E-01   4.92975E-01   1.26510E+00
 4.53750E+01   2.56628E+00   9.05268E-01   4.92963E-01   1.26508E+00
 4.54250E+01   2.56630E+00   9.05270E-01   4.92950E-01   1.26506E+00
 4.54750E+01   2.56632E+00   9.05272E-01   4.92937E-01   1.26504E+00
 4.55250E+01   2.56634E+00   9.05274E-01   4.92925E-01   1.26501E+00
 4.55750E+01   2.56637E+00   9.05276E-01   4.92912E-01   1.26499E+00
 4.56250E+01   2.56639E+00   9.05278E-01   4.92899E-01   1.26497E+00
 4.56750E+01   2.56641E+00   9.05280E-01   4.92886E-01   1.26495E+00
 4.57250E+01   2.56643E+00   9.05281E-01   4.92873E-01   1.26493E+00
 4.57750E+01   2.56646E+00   9.05283E-01   4.92861E-01   1.26491E+00
 4.58250E+01   2.56648E+00   9.05285E-01   4.92848E-01   1.26488E+00
 4.58750E+01   2.56650E+00   9.05286E-01   4.92835E-01   1.26486E+00
 4.59250E+01   2.56653E+00   9.05288E-01   4.92822E-01   1.26484E+00
 4.59750E+01   2.56655E+00   9.05289E-01   4.92809E-01   1.26482E+00
 4.60250E+01   2.56657E+00   9.05291E-01   4.92796E-01   1.26480E+00
 4.60750E+01   2.56660E+00   9.05292E-01   4.92783E-01   1.26478E+00
 4.61250E+01   2.56662E+00   9.05294E-01   4.92770E-01   1.26475E+00
 4.61750E+01   2.56664E+00   9.05295E-01   4.92757E-01   1.26473E+00
 4.62250E+01   2.56667E+00   9.05297E-01   4.92744E-01   1.26471E+00
 4.62750E+01   2.56669E+00   9.05298E-01   4.92730E-01   1.26469E+00
 4.63250E+01   2.56671E+00   9.05300E-01   4.92717E-01   1.26466E+00
 4.63750E+01   2.56673E+00   9.05301E-01   4.92703E-01   1.26464E+00
 4.64250E+01   2.56675E+00   9.05302E-01   4.92689E-01   1.26461E+00
 4.64750E+01   2.56678E+00   9.05303E-01   4.92676E-01   1.26459E+00
 4.65250E+01   2.56680E+00   9.05304E-01   4.92662E-01   1.26456E+00
 4.65750E+01   2.56682E+00   9.05306E-01   4.92648E-01   1.26454E+00
 4.66250E+01   2.56684E+00   9.05307E-01   4.92634E-01   1.26451E+00
 4.66750E+01   2.56686E+00   9.05309E-01   4.92621E-01   1.26449E+00
 4.67250E+01   2.56689E+00   9.05310E-01   4.92607E-01   1.26447E+00
 4.67750E+01   2.56691E+00   9.05311E-01   4.92593E-01   1.26444E+00
 4.68250E+01   2.56693E+00   9.05313E-01   4.92579E-01   1.26442E+00
 4.68750E+01   2.56695E+00   9.05314E-01   4.92566E-01   1.26439E+00
 4.69250E+01   2.56697E+00   9.05315E-01   4.92552E-01   1.26437E+00
 4.69750E+01   2.56699E+00   9.05317E-01   4.92538E-01   1.26434E+00
 4.70250E+01   2.56701E+00   9.05318E-01   4.92525E-01   1.26432E+00
 4.70750E+01   2.56703E+00   9.05319E-01   4.92511E-01   1.26429E+00
 4.71250E+01   2.56705E+00   9.05321E-01   4.92498E-01   1.26426E+00
 4.71750E+01   2.56706E+00   9.05322E-01   4.92484E-01   1.26424E+00
 4.72250E+01   2.56708E+00   9.05323E-01   4.92470E-01   1.26421E+00
 4.72750E+01   2.56710E+00   9.05324E-01   4.92456E-01   1.26418E+00
 4.73250E+01   2.56712E+00   9.05325E-01   4.92443E-01   1.26416E+00
 4.73750E+01   2.56713E+00   9.05326E-01   4.92429E-01   1.26413E+00
 4.74250E+01   2.56715E+00   9.05327E-01   4.92416E-01   1.26411E+00
 4.74750E+01   2.56717E+00   9.05328E-01   4.92402E-01   1.26408E+00
 4.75250E+01   2.56718E+00   9.05329E-01   4.92389E-01   1.26405E+00
 4.75750E+01   2.56720E+00   9.05330E-01   4.92376E-01   1.26403E+00
 4.76250E+01   2.56721E+00   9.05331E-01   4.92363E-01   1.26400E+00
 4.76750E+01   2.56723E+00   9.05331E-01   4.92351E-01   1.26398E+00
 4.77250E+01   2.56724E+00   9.05332E-01   4.92338E-01   1.26395E+00
 4.77750E+01   2.56726E+00   9.05332E-01   4.92326E-01   1.26393E+00
 4.78250E+01   2.56727E+00   9.05333E-01   4.92313E-01   1.26390E+00
 4.78750E+01   2.56728E+00   9.05333E-01   4.92301E-01   1.26388E+00
 4.79250E+01   2.56730E+00   9.05334E-01   4.92289E-01   1.26385E+00
 4.79750E+01   2.56731E+00   9.05334E-01   4.92277E-01   1.26383E+00
 4.80250E+01   2.56732E+00   9.05334E-01   4.92265E-01   1.26380E+00
 4.80750E+01   2.56733E+00   9.05335E-01   4.92253E-01   1.26378E+00
 4.81250E+01   2.56735E+00   9.05335E-01   4.92241E-01   1.26375E+00
 4.81750E+01   2.56736E+00   9.05335E-01   4.92229E-01   1.26373E+00
 4.82250E+01   2.56737E+00   9.05336E-01   4.92218E-01   1.26370E+00
 4.82750E+01   2.56738E+00   9.05336E-01   4.92206E-01   1.26368E+00
 4.83250E+01   2.56739E+00   9.05336E-01   4.92195E-01   1.26365E+00
 4.83750E+01   2.56739E+00   9.05336E-01   4.92183E-01   1.26363E+00
 4.84250E+01   2.56740E+00   9.05337E-01   4.92172E-01   1.26360E+00
 4.84750E+01   2.56741E+00   9.05337E-01   4.92160E-01   1.26358E+00
 4.85250E+01   2.56742E+00   9.05337E-01   4.92149E-01   1.26355E+00
 4.85750E+01   2.56742E+00   9.05338E-01   4.92137E-01   1.26352E+00
 4.86250E+01   2.56743E+00   9.05338E-01   4.92126E-01   1.26350E+00
 4.86750E+01   2.56744E+00   9.05338E-01   4.92115E-01   1.26347E+00
 4.87250E+01   2.56744E+00   9.05338E-01   4.92103E-01   1.26345E+00
 4.87750E+01   2.56744E+00   9.05338E-01   4.92092E-01   1.26342E+00
 4.88250E+01   2.56745E+00   9.05338E-01   4.92082E-01   1.26339E+00
 4.88750E+01   2.56746E+00   9.05338E-01   4.92072E-01   1.26337E+00
 4.89250E+01   2.56748E+00   9.05339E-01   4.92066E-01   1.26337E+00
 4.89750E+01   2.56760E+00   9.05342E-01   4.92080E-01   1.26346E+00
