      xx/10.          rhoa          temp           vel      vel*rhoa
         [-]           [-]           [-]           [-]           [-]
 1.02500E+00   2.54502E+00   9.18131E-01   4.96677E-01   1.26405E+00
 1.07500E+00   2.54501E+00   9.18130E-01   4.96680E-01   1.26406E+00
 1.12500E+00   2.54500E+00   9.18129E-01   4.96682E-01   1.26406E+00
 1.17500E+00   2.54500E+00   9.18128E-01   4.96684E-01   1.26406E+00
 1.22500E+00   2.54500E+00   9.18127E-01   4.96684E-01   1.26406E+00
 1.27500E+00   2.54500E+00   9.18127E-01   4.96685E-01   1.26406E+00
 1.32500E+00   2.54500E+00   9.18126E-01   4.96685E-01   1.26406E+00
 1.37500E+00   2.54500E+00   9.18125E-01   4.96685E-01   1.26406E+00
 1.42500E+00   2.54500E+00   9.18124E-01   4.96685E-01   1.26406E+00
 1.47500E+00   2.54500E+00   9.18124E-01   4.96685E-01   1.26406E+00
 1.52500E+00   2.54500E+00   9.18123E-01   4.96685E-01   1.26406E+00
 1.57500E+00   2.54500E+00   9.18122E-01   4.96685E-01   1.26406E+00
 1.62500E+00   2.54500E+00   9.18121E-01   4.96685E-01   1.26406E+00
 1.67500E+00   2.54500E+00   9.18120E-01   4.96685E-01   1.26406E+00
 1.72500E+00   2.54500E+00   9.18119E-01   4.96685E-01   1.26406E+00
 1.77500E+00   2.54500E+00   9.18119E-01   4.96684E-01   1.26406E+00
 1.82500E+00   2.54500E+00   9.18118E-01   4.96684E-01   1.26406E+00
 1.87500E+00   2.54500E+00   9.18117E-01   4.96684E-01   1.26406E+00
 1.92500E+00   2.54500E+00   9.18116E-01   4.96684E-01   1.26406E+00
 1.97500E+00   2.54501E+00   9.18115E-01   4.96684E-01   1.26406E+00
 2.02500E+00   2.54501E+00   9.18114E-01   4.96684E-01   1.26406E+00
 2.07500E+00   2.54501E+00   9.18113E-01   4.96684E-01   1.26407E+00
 2.12500E+00   2.54501E+00   9.18112E-01   4.96684E-01   1.26407E+00
 2.17500E+00   2.54501E+00   9.18111E-01   4.96684E-01   1.26407E+00
 2.22500E+00   2.54501E+00   9.18110E-01   4.96684E-01   1.26407E+00
 2.27500E+00   2.54501E+00   9.18109E-01   4.96684E-01   1.26407E+00
 2.32500E+00   2.54501E+00   9.18108E-01   4.96684E-01   1.26407E+00
 2.37500E+00   2.54501E+00   9.18108E-01   4.96684E-01   1.26407E+00
 2.42500E+00   2.54501E+00   9.18107E-01   4.96685E-01   1.26407E+00
 2.47500E+00   2.54501E+00   9.18106E-01   4.96685E-01   1.26407E+00
 2.52500E+00   2.54501E+00   9.18105E-01   4.96685E-01   1.26407E+00
 2.57500E+00   2.54501E+00   9.18104E-01   4.96686E-01   1.26407E+00
 2.62500E+00   2.54501E+00   9.18103E-01   4.96686E-01   1.26407E+00
 2.67500E+00   2.54501E+00   9.18103E-01   4.96686E-01   1.26407E+00
 2.72500E+00   2.54501E+00   9.18101E-01   4.96687E-01   1.26407E+00
 2.77500E+00   2.54501E+00   9.18100E-01   4.96687E-01   1.26407E+00
 2.82500E+00   2.54501E+00   9.18100E-01   4.96688E-01   1.26407E+00
 2.87500E+00   2.54501E+00   9.18099E-01   4.96688E-01   1.26408E+00
 2.92500E+00   2.54501E+00   9.18098E-01   4.96688E-01   1.26408E+00
 2.97500E+00   2.54501E+00   9.18097E-01   4.96689E-01   1.26408E+00
 3.02500E+00   2.54501E+00   9.18097E-01   4.96689E-01   1.26408E+00
 3.07500E+00   2.54501E+00   9.18096E-01   4.96689E-01   1.26408E+00
 3.12500E+00   2.54501E+00   9.18095E-01   4.96690E-01   1.26408E+00
 3.17500E+00   2.54501E+00   9.18094E-01   4.96690E-01   1.26408E+00
 3.22500E+00   2.54501E+00   9.18093E-01   4.96691E-01   1.26408E+00
 3.27500E+00   2.54501E+00   9.18092E-01   4.96691E-01   1.26408E+00
 3.32500E+00   2.54501E+00   9.18091E-01   4.96692E-01   1.26408E+00
 3.37500E+00   2.54501E+00   9.18090E-01   4.96692E-01   1.26408E+00
 3.42500E+00   2.54501E+00   9.18089E-01   4.96693E-01   1.26409E+00
 3.47500E+00   2.54501E+00   9.18089E-01   4.96693E-01   1.26409E+00
 3.52500E+00   2.54500E+00   9.18088E-01   4.96693E-01   1.26409E+00
 3.57500E+00   2.54500E+00   9.18087E-01   4.96694E-01   1.26409E+00
 3.62500E+00   2.54500E+00   9.18086E-01   4.96694E-01   1.26409E+00
 3.67500E+00   2.54500E+00   9.18085E-01   4.96695E-01   1.26409E+00
 3.72500E+00   2.54500E+00   9.18084E-01   4.96695E-01   1.26409E+00
 3.77500E+00   2.54500E+00   9.18083E-01   4.96695E-01   1.26409E+00
 3.82500E+00   2.54500E+00   9.18082E-01   4.96696E-01   1.26409E+00
 3.87500E+00   2.54500E+00   9.18081E-01   4.96696E-01   1.26409E+00
 3.92500E+00   2.54500E+00   9.18080E-01   4.96697E-01   1.26410E+00
 3.97500E+00   2.54500E+00   9.18079E-01   4.96698E-01   1.26410E+00
 4.02500E+00   2.54500E+00   9.18079E-01   4.96698E-01   1.26410E+00
 4.07500E+00   2.54500E+00   9.18078E-01   4.96698E-01   1.26410E+00
 4.12500E+00   2.54500E+00   9.18077E-01   4.96699E-01   1.26410E+00
 4.17500E+00   2.54500E+00   9.18076E-01   4.96699E-01   1.26410E+00
 4.22500E+00   2.54500E+00   9.18075E-01   4.96700E-01   1.26410E+00
 4.27500E+00   2.54500E+00   9.18075E-01   4.96700E-01   1.26410E+00
 4.32500E+00   2.54500E+00   9.18074E-01   4.96701E-01   1.26410E+00
 4.37500E+00   2.54500E+00   9.18073E-01   4.96701E-01   1.26411E+00
 4.42500E+00   2.54500E+00   9.18072E-01   4.96702E-01   1.26411E+00
 4.47500E+00   2.54500E+00   9.18072E-01   4.96702E-01   1.26411E+00
 4.52500E+00   2.54500E+00   9.18071E-01   4.96703E-01   1.26411E+00
 4.57500E+00   2.54500E+00   9.18070E-01   4.96703E-01   1.26411E+00
 4.62500E+00   2.54500E+00   9.18070E-01   4.96704E-01   1.26411E+00
 4.67500E+00   2.54500E+00   9.18069E-01   4.96704E-01   1.26411E+00
 4.72500E+00   2.54500E+00   9.18068E-01   4.96705E-01   1.26411E+00
 4.77500E+00   2.54500E+00   9.18067E-01   4.96705E-01   1.26411E+00
 4.82500E+00   2.54500E+00   9.18067E-01   4.96706E-01   1.26411E+00
 4.87500E+00   2.54499E+00   9.18066E-01   4.96706E-01   1.26411E+00
 4.92500E+00   2.54499E+00   9.18065E-01   4.96707E-01   1.26412E+00
 4.97500E+00   2.54499E+00   9.18064E-01   4.96708E-01   1.26412E+00
 5.02500E+00   2.54499E+00   9.18064E-01   4.96708E-01   1.26412E+00
 5.07500E+00   2.54499E+00   9.18063E-01   4.96708E-01   1.26412E+00
 5.12500E+00   2.54499E+00   9.18062E-01   4.96709E-01   1.26412E+00
 5.17500E+00   2.54499E+00   9.18061E-01   4.96709E-01   1.26412E+00
 5.22500E+00   2.54499E+00   9.18061E-01   4.96709E-01   1.26412E+00
 5.27500E+00   2.54499E+00   9.18060E-01   4.96710E-01   1.26412E+00
 5.32500E+00   2.54499E+00   9.18059E-01   4.96710E-01   1.26412E+00
 5.37500E+00   2.54499E+00   9.18059E-01   4.96711E-01   1.26412E+00
 5.42500E+00   2.54499E+00   9.18058E-01   4.96711E-01   1.26412E+00
 5.47500E+00   2.54499E+00   9.18057E-01   4.96712E-01   1.26413E+00
 5.52500E+00   2.54499E+00   9.18057E-01   4.96713E-01   1.26413E+00
 5.57500E+00   2.54498E+00   9.18056E-01   4.96713E-01   1.26413E+00
 5.62500E+00   2.54498E+00   9.18055E-01   4.96714E-01   1.26413E+00
 5.67500E+00   2.54498E+00   9.18054E-01   4.96714E-01   1.26413E+00
 5.72500E+00   2.54498E+00   9.18054E-01   4.96715E-01   1.26413E+00
 5.77500E+00   2.54498E+00   9.18053E-01   4.96715E-01   1.26413E+00
 5.82500E+00   2.54498E+00   9.18052E-01   4.96715E-01   1.26413E+00
 5.87500E+00   2.54498E+00   9.18052E-01   4.96716E-01   1.26413E+00
 5.92500E+00   2.54498E+00   9.18051E-01   4.96716E-01   1.26413E+00
 5.97500E+00   2.54498E+00   9.18051E-01   4.96717E-01   1.26413E+00
 6.02500E+00   2.54497E+00   9.18050E-01   4.96717E-01   1.26413E+00
 6.07500E+00   2.54497E+00   9.18049E-01   4.96718E-01   1.26413E+00
 6.12500E+00   2.54497E+00   9.18049E-01   4.96719E-01   1.26414E+00
 6.17500E+00   2.54497E+00   9.18048E-01   4.96720E-01   1.26414E+00
 6.22500E+00   2.54497E+00   9.18047E-01   4.96721E-01   1.26414E+00
 6.27500E+00   2.54497E+00   9.18047E-01   4.96721E-01   1.26414E+00
 6.32500E+00   2.54497E+00   9.18046E-01   4.96722E-01   1.26414E+00
 6.37500E+00   2.54496E+00   9.18045E-01   4.96723E-01   1.26414E+00
 6.42500E+00   2.54496E+00   9.18045E-01   4.96724E-01   1.26414E+00
 6.47500E+00   2.54496E+00   9.18044E-01   4.96725E-01   1.26415E+00
 6.52500E+00   2.54496E+00   9.18043E-01   4.96726E-01   1.26415E+00
 6.57500E+00   2.54496E+00   9.18042E-01   4.96728E-01   1.26415E+00
 6.62500E+00   2.54495E+00   9.18042E-01   4.96729E-01   1.26415E+00
 6.67500E+00   2.54495E+00   9.18041E-01   4.96730E-01   1.26415E+00
 6.72500E+00   2.54495E+00   9.18040E-01   4.96731E-01   1.26415E+00
 6.77500E+00   2.54495E+00   9.18039E-01   4.96732E-01   1.26416E+00
 6.82500E+00   2.54495E+00   9.18039E-01   4.96733E-01   1.26416E+00
 6.87500E+00   2.54494E+00   9.18038E-01   4.96734E-01   1.26416E+00
 6.92500E+00   2.54494E+00   9.18037E-01   4.96735E-01   1.26416E+00
 6.97500E+00   2.54494E+00   9.18036E-01   4.96736E-01   1.26416E+00
 7.02500E+00   2.54494E+00   9.18035E-01   4.96737E-01   1.26416E+00
 7.07500E+00   2.54493E+00   9.18035E-01   4.96738E-01   1.26417E+00
 7.12500E+00   2.54493E+00   9.18034E-01   4.96739E-01   1.26417E+00
 7.17500E+00   2.54493E+00   9.18033E-01   4.96740E-01   1.26417E+00
 7.22500E+00   2.54493E+00   9.18033E-01   4.96741E-01   1.26417E+00
 7.27500E+00   2.54493E+00   9.18032E-01   4.96742E-01   1.26417E+00
 7.32500E+00   2.54492E+00   9.18031E-01   4.96743E-01   1.26417E+00
 7.37500E+00   2.54492E+00   9.18031E-01   4.96744E-01   1.26417E+00
 7.42500E+00   2.54492E+00   9.18030E-01   4.96745E-01   1.26418E+00
 7.47500E+00   2.54492E+00   9.18029E-01   4.96745E-01   1.26418E+00
 7.52500E+00   2.54492E+00   9.18028E-01   4.96746E-01   1.26418E+00
 7.57500E+00   2.54491E+00   9.18028E-01   4.96747E-01   1.26418E+00
 7.62500E+00   2.54491E+00   9.18027E-01   4.96748E-01   1.26418E+00
 7.67500E+00   2.54491E+00   9.18026E-01   4.96749E-01   1.26418E+00
 7.72500E+00   2.54491E+00   9.18025E-01   4.96750E-01   1.26418E+00
 7.77500E+00   2.54491E+00   9.18024E-01   4.96751E-01   1.26419E+00
 7.82500E+00   2.54491E+00   9.18023E-01   4.96752E-01   1.26419E+00
 7.87500E+00   2.54490E+00   9.18023E-01   4.96753E-01   1.26419E+00
 7.92500E+00   2.54490E+00   9.18022E-01   4.96754E-01   1.26419E+00
 7.97500E+00   2.54490E+00   9.18021E-01   4.96755E-01   1.26419E+00
 8.02500E+00   2.54490E+00   9.18020E-01   4.96756E-01   1.26420E+00
 8.07500E+00   2.54490E+00   9.18019E-01   4.96757E-01   1.26420E+00
 8.12500E+00   2.54490E+00   9.18018E-01   4.96758E-01   1.26420E+00
 8.17500E+00   2.54489E+00   9.18017E-01   4.96759E-01   1.26420E+00
 8.22500E+00   2.54489E+00   9.18016E-01   4.96760E-01   1.26420E+00
 8.27500E+00   2.54489E+00   9.18016E-01   4.96761E-01   1.26420E+00
 8.32500E+00   2.54489E+00   9.18015E-01   4.96761E-01   1.26420E+00
 8.37500E+00   2.54489E+00   9.18014E-01   4.96762E-01   1.26420E+00
 8.42500E+00   2.54488E+00   9.18013E-01   4.96763E-01   1.26421E+00
 8.47500E+00   2.54488E+00   9.18012E-01   4.96765E-01   1.26421E+00
 8.52500E+00   2.54488E+00   9.18011E-01   4.96766E-01   1.26421E+00
 8.57500E+00   2.54488E+00   9.18010E-01   4.96767E-01   1.26421E+00
 8.62500E+00   2.54488E+00   9.18009E-01   4.96767E-01   1.26421E+00
 8.67500E+00   2.54487E+00   9.18008E-01   4.96769E-01   1.26421E+00
 8.72500E+00   2.54487E+00   9.18008E-01   4.96770E-01   1.26422E+00
 8.77500E+00   2.54487E+00   9.18007E-01   4.96771E-01   1.26422E+00
 8.82500E+00   2.54487E+00   9.18006E-01   4.96772E-01   1.26422E+00
 8.87500E+00   2.54487E+00   9.18005E-01   4.96773E-01   1.26422E+00
 8.92500E+00   2.54487E+00   9.18004E-01   4.96774E-01   1.26422E+00
 8.97500E+00   2.54487E+00   9.18003E-01   4.96775E-01   1.26422E+00
 9.02500E+00   2.54486E+00   9.18003E-01   4.96776E-01   1.26423E+00
 9.07500E+00   2.54486E+00   9.18002E-01   4.96777E-01   1.26423E+00
 9.12500E+00   2.54486E+00   9.18001E-01   4.96778E-01   1.26423E+00
 9.17500E+00   2.54486E+00   9.18000E-01   4.96779E-01   1.26423E+00
 9.22500E+00   2.54486E+00   9.17999E-01   4.96779E-01   1.26423E+00
 9.27500E+00   2.54485E+00   9.17998E-01   4.96780E-01   1.26423E+00
 9.32500E+00   2.54485E+00   9.17997E-01   4.96781E-01   1.26423E+00
 9.37500E+00   2.54485E+00   9.17997E-01   4.96782E-01   1.26424E+00
 9.42500E+00   2.54485E+00   9.17996E-01   4.96783E-01   1.26424E+00
 9.47500E+00   2.54485E+00   9.17995E-01   4.96784E-01   1.26424E+00
 9.52500E+00   2.54484E+00   9.17994E-01   4.96785E-01   1.26424E+00
 9.57500E+00   2.54484E+00   9.17994E-01   4.96786E-01   1.26424E+00
 9.62500E+00   2.54484E+00   9.17993E-01   4.96787E-01   1.26424E+00
 9.67500E+00   2.54484E+00   9.17992E-01   4.96788E-01   1.26424E+00
 9.72500E+00   2.54484E+00   9.17991E-01   4.96789E-01   1.26425E+00
 9.77500E+00   2.54483E+00   9.17990E-01   4.96790E-01   1.26425E+00
 9.82500E+00   2.54483E+00   9.17990E-01   4.96791E-01   1.26425E+00
 9.87500E+00   2.54483E+00   9.17989E-01   4.96792E-01   1.26425E+00
 9.92500E+00   2.54483E+00   9.17988E-01   4.96793E-01   1.26425E+00
 9.97500E+00   2.54483E+00   9.17987E-01   4.96794E-01   1.26425E+00
 1.00250E+01   2.54482E+00   9.17986E-01   4.96795E-01   1.26425E+00
 1.00750E+01   2.54482E+00   9.17985E-01   4.96796E-01   1.26426E+00
 1.01250E+01   2.54482E+00   9.17984E-01   4.96797E-01   1.26426E+00
 1.01750E+01   2.54482E+00   9.17984E-01   4.96798E-01   1.26426E+00
 1.02250E+01   2.54482E+00   9.17983E-01   4.96799E-01   1.26426E+00
 1.02750E+01   2.54481E+00   9.17982E-01   4.96799E-01   1.26426E+00
 1.03250E+01   2.54481E+00   9.17981E-01   4.96800E-01   1.26426E+00
 1.03750E+01   2.54481E+00   9.17980E-01   4.96801E-01   1.26426E+00
 1.04250E+01   2.54481E+00   9.17980E-01   4.96802E-01   1.26426E+00
 1.04750E+01   2.54480E+00   9.17979E-01   4.96803E-01   1.26427E+00
 1.05250E+01   2.54480E+00   9.17978E-01   4.96803E-01   1.26427E+00
 1.05750E+01   2.54480E+00   9.17977E-01   4.96804E-01   1.26427E+00
 1.06250E+01   2.54480E+00   9.17977E-01   4.96805E-01   1.26427E+00
 1.06750E+01   2.54480E+00   9.17976E-01   4.96806E-01   1.26427E+00
 1.07250E+01   2.54479E+00   9.17975E-01   4.96807E-01   1.26427E+00
 1.07750E+01   2.54479E+00   9.17974E-01   4.96808E-01   1.26427E+00
 1.08250E+01   2.54479E+00   9.17974E-01   4.96809E-01   1.26428E+00
 1.08750E+01   2.54479E+00   9.17973E-01   4.96810E-01   1.26428E+00
 1.09250E+01   2.54479E+00   9.17972E-01   4.96811E-01   1.26428E+00
 1.09750E+01   2.54479E+00   9.17971E-01   4.96812E-01   1.26428E+00
 1.10250E+01   2.54479E+00   9.17970E-01   4.96813E-01   1.26428E+00
 1.10750E+01   2.54478E+00   9.17970E-01   4.96814E-01   1.26428E+00
 1.11250E+01   2.54478E+00   9.17969E-01   4.96815E-01   1.26429E+00
 1.11750E+01   2.54478E+00   9.17968E-01   4.96816E-01   1.26429E+00
 1.12250E+01   2.54478E+00   9.17967E-01   4.96817E-01   1.26429E+00
 1.12750E+01   2.54478E+00   9.17966E-01   4.96818E-01   1.26429E+00
 1.13250E+01   2.54478E+00   9.17965E-01   4.96819E-01   1.26429E+00
 1.13750E+01   2.54477E+00   9.17964E-01   4.96820E-01   1.26430E+00
 1.14250E+01   2.54477E+00   9.17964E-01   4.96821E-01   1.26430E+00
 1.14750E+01   2.54477E+00   9.17963E-01   4.96822E-01   1.26430E+00
 1.15250E+01   2.54477E+00   9.17962E-01   4.96823E-01   1.26430E+00
 1.15750E+01   2.54477E+00   9.17961E-01   4.96825E-01   1.26430E+00
 1.16250E+01   2.54477E+00   9.17960E-01   4.96826E-01   1.26431E+00
 1.16750E+01   2.54477E+00   9.17959E-01   4.96827E-01   1.26431E+00
 1.17250E+01   2.54476E+00   9.17959E-01   4.96827E-01   1.26431E+00
 1.17750E+01   2.54476E+00   9.17958E-01   4.96828E-01   1.26431E+00
 1.18250E+01   2.54476E+00   9.17957E-01   4.96829E-01   1.26431E+00
 1.18750E+01   2.54476E+00   9.17956E-01   4.96830E-01   1.26431E+00
 1.19250E+01   2.54476E+00   9.17955E-01   4.96830E-01   1.26431E+00
 1.19750E+01   2.54475E+00   9.17955E-01   4.96831E-01   1.26431E+00
 1.20250E+01   2.54475E+00   9.17954E-01   4.96832E-01   1.26432E+00
 1.20750E+01   2.54475E+00   9.17953E-01   4.96833E-01   1.26432E+00
 1.21250E+01   2.54475E+00   9.17952E-01   4.96834E-01   1.26432E+00
 1.21750E+01   2.54475E+00   9.17951E-01   4.96835E-01   1.26432E+00
 1.22250E+01   2.54475E+00   9.17950E-01   4.96836E-01   1.26432E+00
 1.22750E+01   2.54474E+00   9.17950E-01   4.96837E-01   1.26432E+00
 1.23250E+01   2.54474E+00   9.17949E-01   4.96838E-01   1.26432E+00
 1.23750E+01   2.54474E+00   9.17948E-01   4.96839E-01   1.26433E+00
 1.24250E+01   2.54474E+00   9.17947E-01   4.96840E-01   1.26433E+00
 1.24750E+01   2.54474E+00   9.17947E-01   4.96841E-01   1.26433E+00
 1.25250E+01   2.54474E+00   9.17946E-01   4.96842E-01   1.26433E+00
 1.25750E+01   2.54474E+00   9.17945E-01   4.96843E-01   1.26433E+00
 1.26250E+01   2.54473E+00   9.17944E-01   4.96844E-01   1.26434E+00
 1.26750E+01   2.54473E+00   9.17944E-01   4.96845E-01   1.26434E+00
 1.27250E+01   2.54473E+00   9.17943E-01   4.96846E-01   1.26434E+00
 1.27750E+01   2.54473E+00   9.17943E-01   4.96847E-01   1.26434E+00
 1.28250E+01   2.54473E+00   9.17942E-01   4.96848E-01   1.26434E+00
 1.28750E+01   2.54472E+00   9.17941E-01   4.96849E-01   1.26434E+00
 1.29250E+01   2.54472E+00   9.17940E-01   4.96850E-01   1.26434E+00
 1.29750E+01   2.54472E+00   9.17940E-01   4.96850E-01   1.26434E+00
 1.30250E+01   2.54472E+00   9.17939E-01   4.96851E-01   1.26435E+00
 1.30750E+01   2.54471E+00   9.17938E-01   4.96852E-01   1.26435E+00
 1.31250E+01   2.54471E+00   9.17937E-01   4.96853E-01   1.26435E+00
 1.31750E+01   2.54471E+00   9.17937E-01   4.96854E-01   1.26435E+00
 1.32250E+01   2.54471E+00   9.17936E-01   4.96855E-01   1.26435E+00
 1.32750E+01   2.54470E+00   9.17935E-01   4.96856E-01   1.26435E+00
 1.33250E+01   2.54470E+00   9.17934E-01   4.96857E-01   1.26435E+00
 1.33750E+01   2.54470E+00   9.17933E-01   4.96858E-01   1.26436E+00
 1.34250E+01   2.54470E+00   9.17933E-01   4.96859E-01   1.26436E+00
 1.34750E+01   2.54470E+00   9.17932E-01   4.96860E-01   1.26436E+00
 1.35250E+01   2.54470E+00   9.17931E-01   4.96861E-01   1.26436E+00
 1.35750E+01   2.54469E+00   9.17930E-01   4.96862E-01   1.26436E+00
 1.36250E+01   2.54469E+00   9.17930E-01   4.96863E-01   1.26436E+00
 1.36750E+01   2.54469E+00   9.17929E-01   4.96864E-01   1.26436E+00
 1.37250E+01   2.54469E+00   9.17928E-01   4.96865E-01   1.26437E+00
 1.37750E+01   2.54469E+00   9.17928E-01   4.96866E-01   1.26437E+00
 1.38250E+01   2.54469E+00   9.17927E-01   4.96867E-01   1.26437E+00
 1.38750E+01   2.54468E+00   9.17926E-01   4.96868E-01   1.26437E+00
 1.39250E+01   2.54468E+00   9.17925E-01   4.96869E-01   1.26437E+00
 1.39750E+01   2.54468E+00   9.17925E-01   4.96870E-01   1.26437E+00
 1.40250E+01   2.54468E+00   9.17924E-01   4.96871E-01   1.26438E+00
 1.40750E+01   2.54468E+00   9.17923E-01   4.96872E-01   1.26438E+00
 1.41250E+01   2.54468E+00   9.17922E-01   4.96873E-01   1.26438E+00
 1.41750E+01   2.54467E+00   9.17921E-01   4.96874E-01   1.26438E+00
 1.42250E+01   2.54467E+00   9.17921E-01   4.96875E-01   1.26438E+00
 1.42750E+01   2.54467E+00   9.17920E-01   4.96876E-01   1.26439E+00
 1.43250E+01   2.54467E+00   9.17920E-01   4.96877E-01   1.26439E+00
 1.43750E+01   2.54467E+00   9.17919E-01   4.96878E-01   1.26439E+00
 1.44250E+01   2.54467E+00   9.17918E-01   4.96879E-01   1.26439E+00
 1.44750E+01   2.54466E+00   9.17917E-01   4.96880E-01   1.26439E+00
 1.45250E+01   2.54466E+00   9.17917E-01   4.96881E-01   1.26439E+00
 1.45750E+01   2.54466E+00   9.17916E-01   4.96882E-01   1.26439E+00
 1.46250E+01   2.54466E+00   9.17915E-01   4.96883E-01   1.26440E+00
 1.46750E+01   2.54466E+00   9.17914E-01   4.96883E-01   1.26440E+00
 1.47250E+01   2.54465E+00   9.17913E-01   4.96884E-01   1.26440E+00
 1.47750E+01   2.54465E+00   9.17912E-01   4.96885E-01   1.26440E+00
 1.48250E+01   2.54465E+00   9.17912E-01   4.96886E-01   1.26440E+00
 1.48750E+01   2.54465E+00   9.17911E-01   4.96887E-01   1.26440E+00
 1.49250E+01   2.54465E+00   9.17910E-01   4.96888E-01   1.26441E+00
 1.49750E+01   2.54464E+00   9.17909E-01   4.96889E-01   1.26441E+00
 1.50250E+01   2.54464E+00   9.17908E-01   4.96890E-01   1.26441E+00
 1.50750E+01   2.54464E+00   9.17908E-01   4.96891E-01   1.26441E+00
 1.51250E+01   2.54464E+00   9.17907E-01   4.96892E-01   1.26441E+00
 1.51750E+01   2.54464E+00   9.17906E-01   4.96892E-01   1.26441E+00
 1.52250E+01   2.54464E+00   9.17906E-01   4.96893E-01   1.26441E+00
 1.52750E+01   2.54463E+00   9.17905E-01   4.96894E-01   1.26441E+00
 1.53250E+01   2.54463E+00   9.17904E-01   4.96895E-01   1.26441E+00
 1.53750E+01   2.54463E+00   9.17904E-01   4.96896E-01   1.26442E+00
 1.54250E+01   2.54463E+00   9.17903E-01   4.96896E-01   1.26442E+00
 1.54750E+01   2.54463E+00   9.17902E-01   4.96897E-01   1.26442E+00
 1.55250E+01   2.54462E+00   9.17901E-01   4.96898E-01   1.26442E+00
 1.55750E+01   2.54462E+00   9.17901E-01   4.96899E-01   1.26442E+00
 1.56250E+01   2.54462E+00   9.17900E-01   4.96900E-01   1.26442E+00
 1.56750E+01   2.54462E+00   9.17899E-01   4.96901E-01   1.26442E+00
 1.57250E+01   2.54461E+00   9.17899E-01   4.96902E-01   1.26442E+00
 1.57750E+01   2.54461E+00   9.17898E-01   4.96903E-01   1.26443E+00
 1.58250E+01   2.54461E+00   9.17897E-01   4.96904E-01   1.26443E+00
 1.58750E+01   2.54461E+00   9.17896E-01   4.96905E-01   1.26443E+00
 1.59250E+01   2.54461E+00   9.17896E-01   4.96906E-01   1.26443E+00
 1.59750E+01   2.54460E+00   9.17895E-01   4.96907E-01   1.26443E+00
 1.60250E+01   2.54460E+00   9.17894E-01   4.96907E-01   1.26443E+00
 1.60750E+01   2.54460E+00   9.17893E-01   4.96908E-01   1.26443E+00
 1.61250E+01   2.54460E+00   9.17892E-01   4.96909E-01   1.26443E+00
 1.61750E+01   2.54460E+00   9.17892E-01   4.96910E-01   1.26443E+00
 1.62250E+01   2.54459E+00   9.17891E-01   4.96911E-01   1.26444E+00
 1.62750E+01   2.54459E+00   9.17890E-01   4.96912E-01   1.26444E+00
 1.63250E+01   2.54459E+00   9.17890E-01   4.96912E-01   1.26444E+00
 1.63750E+01   2.54459E+00   9.17889E-01   4.96913E-01   1.26444E+00
 1.64250E+01   2.54459E+00   9.17888E-01   4.96914E-01   1.26444E+00
 1.64750E+01   2.54458E+00   9.17887E-01   4.96915E-01   1.26444E+00
 1.65250E+01   2.54458E+00   9.17886E-01   4.96916E-01   1.26444E+00
 1.65750E+01   2.54458E+00   9.17886E-01   4.96917E-01   1.26445E+00
 1.66250E+01   2.54458E+00   9.17884E-01   4.96918E-01   1.26445E+00
 1.66750E+01   2.54458E+00   9.17884E-01   4.96919E-01   1.26445E+00
 1.67250E+01   2.54458E+00   9.17883E-01   4.96920E-01   1.26445E+00
 1.67750E+01   2.54457E+00   9.17882E-01   4.96921E-01   1.26445E+00
 1.68250E+01   2.54457E+00   9.17881E-01   4.96922E-01   1.26445E+00
 1.68750E+01   2.54457E+00   9.17880E-01   4.96923E-01   1.26446E+00
 1.69250E+01   2.54457E+00   9.17879E-01   4.96924E-01   1.26446E+00
 1.69750E+01   2.54457E+00   9.17878E-01   4.96925E-01   1.26446E+00
 1.70250E+01   2.54457E+00   9.17877E-01   4.96926E-01   1.26446E+00
 1.70750E+01   2.54457E+00   9.17876E-01   4.96927E-01   1.26446E+00
 1.71250E+01   2.54457E+00   9.17875E-01   4.96928E-01   1.26447E+00
 1.71750E+01   2.54457E+00   9.17874E-01   4.96929E-01   1.26447E+00
 1.72250E+01   2.54457E+00   9.17872E-01   4.96930E-01   1.26447E+00
 1.72750E+01   2.54457E+00   9.17871E-01   4.96931E-01   1.26447E+00
 1.73250E+01   2.54456E+00   9.17870E-01   4.96932E-01   1.26447E+00
 1.73750E+01   2.54456E+00   9.17869E-01   4.96932E-01   1.26448E+00
 1.74250E+01   2.54456E+00   9.17868E-01   4.96933E-01   1.26448E+00
 1.74750E+01   2.54456E+00   9.17866E-01   4.96934E-01   1.26448E+00
 1.75250E+01   2.54456E+00   9.17865E-01   4.96935E-01   1.26448E+00
 1.75750E+01   2.54456E+00   9.17864E-01   4.96936E-01   1.26448E+00
 1.76250E+01   2.54456E+00   9.17863E-01   4.96936E-01   1.26449E+00
 1.76750E+01   2.54456E+00   9.17861E-01   4.96937E-01   1.26449E+00
 1.77250E+01   2.54456E+00   9.17860E-01   4.96938E-01   1.26449E+00
 1.77750E+01   2.54456E+00   9.17859E-01   4.96939E-01   1.26449E+00
 1.78250E+01   2.54456E+00   9.17857E-01   4.96940E-01   1.26450E+00
 1.78750E+01   2.54456E+00   9.17856E-01   4.96941E-01   1.26450E+00
 1.79250E+01   2.54456E+00   9.17854E-01   4.96942E-01   1.26450E+00
 1.79750E+01   2.54456E+00   9.17853E-01   4.96943E-01   1.26450E+00
 1.80250E+01   2.54456E+00   9.17852E-01   4.96944E-01   1.26451E+00
 1.80750E+01   2.54456E+00   9.17851E-01   4.96945E-01   1.26451E+00
 1.81250E+01   2.54456E+00   9.17849E-01   4.96946E-01   1.26451E+00
 1.81750E+01   2.54456E+00   9.17848E-01   4.96947E-01   1.26451E+00
 1.82250E+01   2.54456E+00   9.17847E-01   4.96948E-01   1.26452E+00
 1.82750E+01   2.54456E+00   9.17846E-01   4.96949E-01   1.26452E+00
 1.83250E+01   2.54456E+00   9.17844E-01   4.96950E-01   1.26452E+00
 1.83750E+01   2.54456E+00   9.17843E-01   4.96951E-01   1.26452E+00
 1.84250E+01   2.54456E+00   9.17842E-01   4.96952E-01   1.26452E+00
 1.84750E+01   2.54456E+00   9.17840E-01   4.96953E-01   1.26453E+00
 1.85250E+01   2.54456E+00   9.17839E-01   4.96954E-01   1.26453E+00
 1.85750E+01   2.54456E+00   9.17837E-01   4.96955E-01   1.26453E+00
 1.86250E+01   2.54456E+00   9.17836E-01   4.96956E-01   1.26453E+00
 1.86750E+01   2.54456E+00   9.17834E-01   4.96957E-01   1.26454E+00
 1.87250E+01   2.54456E+00   9.17833E-01   4.96958E-01   1.26454E+00
 1.87750E+01   2.54456E+00   9.17832E-01   4.96959E-01   1.26454E+00
 1.88250E+01   2.54456E+00   9.17830E-01   4.96959E-01   1.26454E+00
 1.88750E+01   2.54456E+00   9.17829E-01   4.96961E-01   1.26455E+00
 1.89250E+01   2.54456E+00   9.17827E-01   4.96961E-01   1.26455E+00
 1.89750E+01   2.54456E+00   9.17826E-01   4.96962E-01   1.26455E+00
 1.90250E+01   2.54456E+00   9.17824E-01   4.96963E-01   1.26455E+00
 1.90750E+01   2.54456E+00   9.17823E-01   4.96964E-01   1.26455E+00
 1.91250E+01   2.54456E+00   9.17821E-01   4.96965E-01   1.26456E+00
 1.91750E+01   2.54456E+00   9.17820E-01   4.96966E-01   1.26456E+00
 1.92250E+01   2.54456E+00   9.17819E-01   4.96966E-01   1.26456E+00
 1.92750E+01   2.54456E+00   9.17817E-01   4.96967E-01   1.26456E+00
 1.93250E+01   2.54456E+00   9.17816E-01   4.96968E-01   1.26457E+00
 1.93750E+01   2.54456E+00   9.17814E-01   4.96969E-01   1.26457E+00
 1.94250E+01   2.54456E+00   9.17813E-01   4.96970E-01   1.26457E+00
 1.94750E+01   2.54456E+00   9.17811E-01   4.96971E-01   1.26457E+00
 1.95250E+01   2.54456E+00   9.17810E-01   4.96971E-01   1.26457E+00
 1.95750E+01   2.54456E+00   9.17808E-01   4.96972E-01   1.26458E+00
 1.96250E+01   2.54456E+00   9.17807E-01   4.96973E-01   1.26458E+00
 1.96750E+01   2.54456E+00   9.17806E-01   4.96974E-01   1.26458E+00
 1.97250E+01   2.54456E+00   9.17804E-01   4.96975E-01   1.26458E+00
 1.97750E+01   2.54456E+00   9.17803E-01   4.96976E-01   1.26459E+00
 1.98250E+01   2.54456E+00   9.17801E-01   4.96976E-01   1.26459E+00
 1.98750E+01   2.54456E+00   9.17800E-01   4.96977E-01   1.26459E+00
 1.99250E+01   2.54457E+00   9.17799E-01   4.96978E-01   1.26459E+00
 1.99750E+01   2.54457E+00   9.17797E-01   4.96979E-01   1.26460E+00
 2.00250E+01   2.54457E+00   9.17795E-01   4.96980E-01   1.26460E+00
 2.00750E+01   2.54457E+00   9.17794E-01   4.96980E-01   1.26460E+00
 2.01250E+01   2.54457E+00   9.17792E-01   4.96981E-01   1.26460E+00
 2.01750E+01   2.54457E+00   9.17790E-01   4.96982E-01   1.26460E+00
 2.02250E+01   2.54457E+00   9.17789E-01   4.96983E-01   1.26461E+00
 2.02750E+01   2.54457E+00   9.17787E-01   4.96984E-01   1.26461E+00
 2.03250E+01   2.54457E+00   9.17786E-01   4.96985E-01   1.26461E+00
 2.03750E+01   2.54457E+00   9.17784E-01   4.96986E-01   1.26461E+00
 2.04250E+01   2.54457E+00   9.17783E-01   4.96986E-01   1.26462E+00
 2.04750E+01   2.54457E+00   9.17782E-01   4.96987E-01   1.26462E+00
 2.05250E+01   2.54457E+00   9.17780E-01   4.96987E-01   1.26462E+00
 2.05750E+01   2.54457E+00   9.17778E-01   4.96988E-01   1.26462E+00
 2.06250E+01   2.54457E+00   9.17777E-01   4.96988E-01   1.26462E+00
 2.06750E+01   2.54457E+00   9.17776E-01   4.96988E-01   1.26462E+00
 2.07250E+01   2.54458E+00   9.17774E-01   4.96988E-01   1.26462E+00
 2.07750E+01   2.54458E+00   9.17772E-01   4.96988E-01   1.26463E+00
 2.08250E+01   2.54458E+00   9.17771E-01   4.96988E-01   1.26463E+00
 2.08750E+01   2.54458E+00   9.17769E-01   4.96988E-01   1.26463E+00
 2.09250E+01   2.54459E+00   9.17768E-01   4.96988E-01   1.26463E+00
 2.09750E+01   2.54459E+00   9.17766E-01   4.96988E-01   1.26463E+00
 2.10250E+01   2.54459E+00   9.17764E-01   4.96987E-01   1.26463E+00
 2.10750E+01   2.54460E+00   9.17763E-01   4.96987E-01   1.26463E+00
 2.11250E+01   2.54460E+00   9.17761E-01   4.96987E-01   1.26463E+00
 2.11750E+01   2.54460E+00   9.17759E-01   4.96986E-01   1.26463E+00
 2.12250E+01   2.54461E+00   9.17758E-01   4.96986E-01   1.26463E+00
 2.12750E+01   2.54461E+00   9.17756E-01   4.96986E-01   1.26463E+00
 2.13250E+01   2.54461E+00   9.17755E-01   4.96985E-01   1.26464E+00
 2.13750E+01   2.54462E+00   9.17753E-01   4.96985E-01   1.26464E+00
 2.14250E+01   2.54462E+00   9.17751E-01   4.96985E-01   1.26464E+00
 2.14750E+01   2.54463E+00   9.17750E-01   4.96984E-01   1.26464E+00
 2.15250E+01   2.54463E+00   9.17748E-01   4.96984E-01   1.26464E+00
 2.15750E+01   2.54463E+00   9.17746E-01   4.96983E-01   1.26464E+00
 2.16250E+01   2.54463E+00   9.17745E-01   4.96983E-01   1.26464E+00
 2.16750E+01   2.54464E+00   9.17743E-01   4.96982E-01   1.26464E+00
 2.17250E+01   2.54464E+00   9.17742E-01   4.96982E-01   1.26464E+00
 2.17750E+01   2.54464E+00   9.17740E-01   4.96982E-01   1.26464E+00
 2.18250E+01   2.54465E+00   9.17739E-01   4.96981E-01   1.26464E+00
 2.18750E+01   2.54465E+00   9.17737E-01   4.96981E-01   1.26464E+00
 2.19250E+01   2.54465E+00   9.17736E-01   4.96980E-01   1.26464E+00
 2.19750E+01   2.54466E+00   9.17734E-01   4.96980E-01   1.26464E+00
 2.20250E+01   2.54466E+00   9.17733E-01   4.96980E-01   1.26464E+00
 2.20750E+01   2.54466E+00   9.17731E-01   4.96979E-01   1.26465E+00
 2.21250E+01   2.54467E+00   9.17730E-01   4.96979E-01   1.26465E+00
 2.21750E+01   2.54467E+00   9.17728E-01   4.96978E-01   1.26465E+00
 2.22250E+01   2.54468E+00   9.17727E-01   4.96978E-01   1.26465E+00
 2.22750E+01   2.54468E+00   9.17725E-01   4.96978E-01   1.26465E+00
 2.23250E+01   2.54468E+00   9.17724E-01   4.96978E-01   1.26465E+00
 2.23750E+01   2.54469E+00   9.17722E-01   4.96977E-01   1.26465E+00
 2.24250E+01   2.54469E+00   9.17720E-01   4.96977E-01   1.26465E+00
 2.24750E+01   2.54469E+00   9.17719E-01   4.96976E-01   1.26465E+00
 2.25250E+01   2.54470E+00   9.17717E-01   4.96976E-01   1.26465E+00
 2.25750E+01   2.54470E+00   9.17716E-01   4.96976E-01   1.26465E+00
 2.26250E+01   2.54470E+00   9.17714E-01   4.96975E-01   1.26466E+00
 2.26750E+01   2.54471E+00   9.17713E-01   4.96975E-01   1.26466E+00
 2.27250E+01   2.54471E+00   9.17711E-01   4.96975E-01   1.26466E+00
 2.27750E+01   2.54472E+00   9.17709E-01   4.96974E-01   1.26466E+00
 2.28250E+01   2.54472E+00   9.17708E-01   4.96974E-01   1.26466E+00
 2.28750E+01   2.54472E+00   9.17706E-01   4.96974E-01   1.26466E+00
 2.29250E+01   2.54473E+00   9.17704E-01   4.96973E-01   1.26466E+00
 2.29750E+01   2.54473E+00   9.17703E-01   4.96973E-01   1.26466E+00
 2.30250E+01   2.54474E+00   9.17701E-01   4.96973E-01   1.26467E+00
 2.30750E+01   2.54474E+00   9.17699E-01   4.96973E-01   1.26467E+00
 2.31250E+01   2.54474E+00   9.17697E-01   4.96973E-01   1.26467E+00
 2.31750E+01   2.54475E+00   9.17696E-01   4.96972E-01   1.26467E+00
 2.32250E+01   2.54475E+00   9.17694E-01   4.96972E-01   1.26467E+00
 2.32750E+01   2.54476E+00   9.17692E-01   4.96972E-01   1.26467E+00
 2.33250E+01   2.54476E+00   9.17690E-01   4.96971E-01   1.26467E+00
 2.33750E+01   2.54477E+00   9.17688E-01   4.96971E-01   1.26468E+00
 2.34250E+01   2.54477E+00   9.17687E-01   4.96971E-01   1.26468E+00
 2.34750E+01   2.54477E+00   9.17685E-01   4.96971E-01   1.26468E+00
 2.35250E+01   2.54478E+00   9.17683E-01   4.96970E-01   1.26468E+00
 2.35750E+01   2.54478E+00   9.17681E-01   4.96970E-01   1.26468E+00
 2.36250E+01   2.54478E+00   9.17679E-01   4.96970E-01   1.26468E+00
 2.36750E+01   2.54479E+00   9.17678E-01   4.96969E-01   1.26468E+00
 2.37250E+01   2.54479E+00   9.17676E-01   4.96969E-01   1.26468E+00
 2.37750E+01   2.54480E+00   9.17674E-01   4.96969E-01   1.26468E+00
 2.38250E+01   2.54480E+00   9.17673E-01   4.96968E-01   1.26468E+00
 2.38750E+01   2.54480E+00   9.17671E-01   4.96968E-01   1.26469E+00
 2.39250E+01   2.54481E+00   9.17669E-01   4.96968E-01   1.26469E+00
 2.39750E+01   2.54481E+00   9.17667E-01   4.96967E-01   1.26469E+00
 2.40250E+01   2.54481E+00   9.17666E-01   4.96967E-01   1.26469E+00
 2.40750E+01   2.54482E+00   9.17664E-01   4.96967E-01   1.26469E+00
 2.41250E+01   2.54482E+00   9.17662E-01   4.96966E-01   1.26469E+00
 2.41750E+01   2.54482E+00   9.17661E-01   4.96966E-01   1.26469E+00
 2.42250E+01   2.54483E+00   9.17659E-01   4.96966E-01   1.26469E+00
 2.42750E+01   2.54483E+00   9.17657E-01   4.96966E-01   1.26469E+00
 2.43250E+01   2.54483E+00   9.17656E-01   4.96965E-01   1.26469E+00
 2.43750E+01   2.54484E+00   9.17654E-01   4.96965E-01   1.26469E+00
 2.44250E+01   2.54484E+00   9.17653E-01   4.96965E-01   1.26470E+00
 2.44750E+01   2.54484E+00   9.17651E-01   4.96965E-01   1.26470E+00
 2.45250E+01   2.54484E+00   9.17649E-01   4.96964E-01   1.26470E+00
 2.45750E+01   2.54485E+00   9.17648E-01   4.96964E-01   1.26470E+00
 2.46250E+01   2.54485E+00   9.17646E-01   4.96964E-01   1.26470E+00
 2.46750E+01   2.54485E+00   9.17645E-01   4.96964E-01   1.26470E+00
 2.47250E+01   2.54486E+00   9.17643E-01   4.96963E-01   1.26470E+00
 2.47750E+01   2.54486E+00   9.17641E-01   4.96963E-01   1.26470E+00
 2.48250E+01   2.54486E+00   9.17640E-01   4.96963E-01   1.26470E+00
 2.48750E+01   2.54486E+00   9.17638E-01   4.96963E-01   1.26470E+00
 2.49250E+01   2.54487E+00   9.17637E-01   4.96962E-01   1.26470E+00
 2.49750E+01   2.54487E+00   9.17636E-01   4.96962E-01   1.26470E+00
 2.50250E+01   2.54487E+00   9.17634E-01   4.96962E-01   1.26470E+00
 2.50750E+01   2.54487E+00   9.17633E-01   4.96962E-01   1.26470E+00
 2.51250E+01   2.54487E+00   9.17631E-01   4.96962E-01   1.26470E+00
 2.51750E+01   2.54487E+00   9.17630E-01   4.96962E-01   1.26471E+00
 2.52250E+01   2.54487E+00   9.17629E-01   4.96962E-01   1.26471E+00
 2.52750E+01   2.54488E+00   9.17627E-01   4.96962E-01   1.26471E+00
 2.53250E+01   2.54488E+00   9.17626E-01   4.96962E-01   1.26471E+00
 2.53750E+01   2.54488E+00   9.17625E-01   4.96962E-01   1.26471E+00
 2.54250E+01   2.54488E+00   9.17624E-01   4.96961E-01   1.26471E+00
 2.54750E+01   2.54488E+00   9.17622E-01   4.96961E-01   1.26471E+00
 2.55250E+01   2.54488E+00   9.17621E-01   4.96961E-01   1.26471E+00
 2.55750E+01   2.54489E+00   9.17619E-01   4.96961E-01   1.26471E+00
 2.56250E+01   2.54489E+00   9.17618E-01   4.96961E-01   1.26471E+00
 2.56750E+01   2.54489E+00   9.17617E-01   4.96961E-01   1.26471E+00
 2.57250E+01   2.54489E+00   9.17616E-01   4.96961E-01   1.26471E+00
 2.57750E+01   2.54489E+00   9.17615E-01   4.96960E-01   1.26471E+00
 2.58250E+01   2.54489E+00   9.17614E-01   4.96960E-01   1.26471E+00
 2.58750E+01   2.54489E+00   9.17612E-01   4.96960E-01   1.26471E+00
 2.59250E+01   2.54490E+00   9.17611E-01   4.96960E-01   1.26471E+00
 2.59750E+01   2.54490E+00   9.17610E-01   4.96960E-01   1.26471E+00
 2.60250E+01   2.54490E+00   9.17609E-01   4.96960E-01   1.26471E+00
 2.60750E+01   2.54490E+00   9.17608E-01   4.96960E-01   1.26471E+00
 2.61250E+01   2.54490E+00   9.17607E-01   4.96959E-01   1.26471E+00
 2.61750E+01   2.54490E+00   9.17605E-01   4.96959E-01   1.26471E+00
 2.62250E+01   2.54490E+00   9.17605E-01   4.96959E-01   1.26471E+00
 2.62750E+01   2.54490E+00   9.17603E-01   4.96959E-01   1.26471E+00
 2.63250E+01   2.54490E+00   9.17602E-01   4.96959E-01   1.26471E+00
 2.63750E+01   2.54490E+00   9.17601E-01   4.96959E-01   1.26471E+00
 2.64250E+01   2.54491E+00   9.17600E-01   4.96959E-01   1.26471E+00
 2.64750E+01   2.54491E+00   9.17599E-01   4.96959E-01   1.26471E+00
 2.65250E+01   2.54491E+00   9.17598E-01   4.96958E-01   1.26471E+00
 2.65750E+01   2.54491E+00   9.17597E-01   4.96958E-01   1.26471E+00
 2.66250E+01   2.54491E+00   9.17595E-01   4.96958E-01   1.26471E+00
 2.66750E+01   2.54491E+00   9.17595E-01   4.96958E-01   1.26471E+00
 2.67250E+01   2.54491E+00   9.17593E-01   4.96958E-01   1.26471E+00
 2.67750E+01   2.54491E+00   9.17592E-01   4.96958E-01   1.26471E+00
 2.68250E+01   2.54491E+00   9.17591E-01   4.96957E-01   1.26471E+00
 2.68750E+01   2.54491E+00   9.17590E-01   4.96957E-01   1.26471E+00
 2.69250E+01   2.54491E+00   9.17589E-01   4.96957E-01   1.26471E+00
 2.69750E+01   2.54492E+00   9.17587E-01   4.96957E-01   1.26471E+00
 2.70250E+01   2.54492E+00   9.17586E-01   4.96957E-01   1.26472E+00
 2.70750E+01   2.54492E+00   9.17585E-01   4.96957E-01   1.26472E+00
 2.71250E+01   2.54492E+00   9.17584E-01   4.96957E-01   1.26472E+00
 2.71750E+01   2.54493E+00   9.17582E-01   4.96957E-01   1.26472E+00
 2.72250E+01   2.54493E+00   9.17581E-01   4.96957E-01   1.26472E+00
 2.72750E+01   2.54493E+00   9.17580E-01   4.96957E-01   1.26472E+00
 2.73250E+01   2.54493E+00   9.17578E-01   4.96957E-01   1.26472E+00
 2.73750E+01   2.54493E+00   9.17577E-01   4.96957E-01   1.26472E+00
 2.74250E+01   2.54494E+00   9.17575E-01   4.96957E-01   1.26472E+00
 2.74750E+01   2.54494E+00   9.17574E-01   4.96957E-01   1.26473E+00
 2.75250E+01   2.54494E+00   9.17573E-01   4.96957E-01   1.26473E+00
 2.75750E+01   2.54494E+00   9.17571E-01   4.96957E-01   1.26473E+00
 2.76250E+01   2.54495E+00   9.17570E-01   4.96957E-01   1.26473E+00
 2.76750E+01   2.54495E+00   9.17568E-01   4.96957E-01   1.26473E+00
 2.77250E+01   2.54495E+00   9.17567E-01   4.96957E-01   1.26473E+00
 2.77750E+01   2.54496E+00   9.17565E-01   4.96957E-01   1.26473E+00
 2.78250E+01   2.54496E+00   9.17564E-01   4.96957E-01   1.26473E+00
 2.78750E+01   2.54496E+00   9.17562E-01   4.96957E-01   1.26474E+00
 2.79250E+01   2.54496E+00   9.17561E-01   4.96957E-01   1.26474E+00
 2.79750E+01   2.54497E+00   9.17559E-01   4.96957E-01   1.26474E+00
 2.80250E+01   2.54497E+00   9.17558E-01   4.96957E-01   1.26474E+00
 2.80750E+01   2.54497E+00   9.17557E-01   4.96957E-01   1.26474E+00
 2.81250E+01   2.54497E+00   9.17555E-01   4.96957E-01   1.26474E+00
 2.81750E+01   2.54498E+00   9.17554E-01   4.96958E-01   1.26475E+00
 2.82250E+01   2.54498E+00   9.17552E-01   4.96958E-01   1.26475E+00
 2.82750E+01   2.54498E+00   9.17551E-01   4.96958E-01   1.26475E+00
 2.83250E+01   2.54498E+00   9.17549E-01   4.96958E-01   1.26475E+00
 2.83750E+01   2.54499E+00   9.17548E-01   4.96958E-01   1.26475E+00
 2.84250E+01   2.54499E+00   9.17547E-01   4.96959E-01   1.26475E+00
 2.84750E+01   2.54499E+00   9.17545E-01   4.96959E-01   1.26476E+00
 2.85250E+01   2.54499E+00   9.17543E-01   4.96959E-01   1.26476E+00
 2.85750E+01   2.54500E+00   9.17542E-01   4.96960E-01   1.26476E+00
 2.86250E+01   2.54500E+00   9.17540E-01   4.96960E-01   1.26476E+00
 2.86750E+01   2.54500E+00   9.17539E-01   4.96960E-01   1.26476E+00
 2.87250E+01   2.54500E+00   9.17537E-01   4.96960E-01   1.26477E+00
 2.87750E+01   2.54501E+00   9.17536E-01   4.96960E-01   1.26477E+00
 2.88250E+01   2.54501E+00   9.17534E-01   4.96960E-01   1.26477E+00
 2.88750E+01   2.54501E+00   9.17533E-01   4.96960E-01   1.26477E+00
 2.89250E+01   2.54502E+00   9.17531E-01   4.96960E-01   1.26477E+00
 2.89750E+01   2.54502E+00   9.17530E-01   4.96960E-01   1.26477E+00
 2.90250E+01   2.54502E+00   9.17528E-01   4.96960E-01   1.26477E+00
 2.90750E+01   2.54502E+00   9.17526E-01   4.96960E-01   1.26477E+00
 2.91250E+01   2.54503E+00   9.17525E-01   4.96960E-01   1.26478E+00
 2.91750E+01   2.54503E+00   9.17523E-01   4.96960E-01   1.26478E+00
 2.92250E+01   2.54503E+00   9.17522E-01   4.96960E-01   1.26478E+00
 2.92750E+01   2.54503E+00   9.17520E-01   4.96960E-01   1.26478E+00
 2.93250E+01   2.54504E+00   9.17519E-01   4.96960E-01   1.26478E+00
 2.93750E+01   2.54504E+00   9.17517E-01   4.96960E-01   1.26478E+00
 2.94250E+01   2.54504E+00   9.17516E-01   4.96960E-01   1.26478E+00
 2.94750E+01   2.54504E+00   9.17514E-01   4.96960E-01   1.26478E+00
 2.95250E+01   2.54505E+00   9.17513E-01   4.96960E-01   1.26479E+00
 2.95750E+01   2.54505E+00   9.17511E-01   4.96960E-01   1.26479E+00
 2.96250E+01   2.54505E+00   9.17510E-01   4.96960E-01   1.26479E+00
 2.96750E+01   2.54505E+00   9.17508E-01   4.96961E-01   1.26479E+00
 2.97250E+01   2.54506E+00   9.17507E-01   4.96961E-01   1.26479E+00
 2.97750E+01   2.54506E+00   9.17505E-01   4.96961E-01   1.26479E+00
 2.98250E+01   2.54506E+00   9.17504E-01   4.96961E-01   1.26480E+00
 2.98750E+01   2.54506E+00   9.17502E-01   4.96961E-01   1.26480E+00
 2.99250E+01   2.54507E+00   9.17500E-01   4.96961E-01   1.26480E+00
 2.99750E+01   2.54507E+00   9.17499E-01   4.96961E-01   1.26480E+00
 3.00250E+01   2.54507E+00   9.17497E-01   4.96961E-01   1.26480E+00
 3.00750E+01   2.54507E+00   9.17496E-01   4.96961E-01   1.26480E+00
 3.01250E+01   2.54508E+00   9.17494E-01   4.96961E-01   1.26480E+00
 3.01750E+01   2.54508E+00   9.17493E-01   4.96961E-01   1.26481E+00
 3.02250E+01   2.54508E+00   9.17491E-01   4.96961E-01   1.26481E+00
 3.02750E+01   2.54509E+00   9.17489E-01   4.96961E-01   1.26481E+00
 3.03250E+01   2.54509E+00   9.17488E-01   4.96961E-01   1.26481E+00
 3.03750E+01   2.54509E+00   9.17486E-01   4.96960E-01   1.26481E+00
 3.04250E+01   2.54509E+00   9.17485E-01   4.96960E-01   1.26481E+00
 3.04750E+01   2.54510E+00   9.17483E-01   4.96960E-01   1.26481E+00
 3.05250E+01   2.54510E+00   9.17482E-01   4.96960E-01   1.26481E+00
 3.05750E+01   2.54510E+00   9.17480E-01   4.96960E-01   1.26481E+00
 3.06250E+01   2.54510E+00   9.17478E-01   4.96960E-01   1.26482E+00
 3.06750E+01   2.54511E+00   9.17477E-01   4.96960E-01   1.26482E+00
 3.07250E+01   2.54511E+00   9.17475E-01   4.96960E-01   1.26482E+00
 3.07750E+01   2.54511E+00   9.17474E-01   4.96960E-01   1.26482E+00
 3.08250E+01   2.54511E+00   9.17472E-01   4.96960E-01   1.26482E+00
 3.08750E+01   2.54511E+00   9.17471E-01   4.96960E-01   1.26482E+00
 3.09250E+01   2.54512E+00   9.17469E-01   4.96960E-01   1.26482E+00
 3.09750E+01   2.54512E+00   9.17468E-01   4.96959E-01   1.26482E+00
 3.10250E+01   2.54512E+00   9.17467E-01   4.96959E-01   1.26482E+00
 3.10750E+01   2.54512E+00   9.17465E-01   4.96959E-01   1.26482E+00
 3.11250E+01   2.54512E+00   9.17464E-01   4.96959E-01   1.26482E+00
 3.11750E+01   2.54513E+00   9.17462E-01   4.96959E-01   1.26482E+00
 3.12250E+01   2.54513E+00   9.17461E-01   4.96959E-01   1.26482E+00
 3.12750E+01   2.54513E+00   9.17460E-01   4.96959E-01   1.26482E+00
 3.13250E+01   2.54513E+00   9.17458E-01   4.96959E-01   1.26483E+00
 3.13750E+01   2.54513E+00   9.17457E-01   4.96959E-01   1.26483E+00
 3.14250E+01   2.54514E+00   9.17455E-01   4.96959E-01   1.26483E+00
 3.14750E+01   2.54514E+00   9.17454E-01   4.96959E-01   1.26483E+00
 3.15250E+01   2.54514E+00   9.17453E-01   4.96959E-01   1.26483E+00
 3.15750E+01   2.54514E+00   9.17451E-01   4.96959E-01   1.26483E+00
 3.16250E+01   2.54515E+00   9.17450E-01   4.96959E-01   1.26483E+00
 3.16750E+01   2.54515E+00   9.17448E-01   4.96959E-01   1.26483E+00
 3.17250E+01   2.54515E+00   9.17446E-01   4.96959E-01   1.26484E+00
 3.17750E+01   2.54515E+00   9.17445E-01   4.96959E-01   1.26484E+00
 3.18250E+01   2.54516E+00   9.17444E-01   4.96960E-01   1.26484E+00
 3.18750E+01   2.54516E+00   9.17442E-01   4.96960E-01   1.26484E+00
 3.19250E+01   2.54516E+00   9.17441E-01   4.96960E-01   1.26484E+00
 3.19750E+01   2.54516E+00   9.17439E-01   4.96960E-01   1.26484E+00
 3.20250E+01   2.54516E+00   9.17437E-01   4.96960E-01   1.26485E+00
 3.20750E+01   2.54517E+00   9.17436E-01   4.96961E-01   1.26485E+00
 3.21250E+01   2.54517E+00   9.17435E-01   4.96961E-01   1.26485E+00
 3.21750E+01   2.54517E+00   9.17433E-01   4.96961E-01   1.26485E+00
 3.22250E+01   2.54517E+00   9.17432E-01   4.96961E-01   1.26485E+00
 3.22750E+01   2.54518E+00   9.17430E-01   4.96962E-01   1.26485E+00
 3.23250E+01   2.54518E+00   9.17429E-01   4.96962E-01   1.26486E+00
 3.23750E+01   2.54518E+00   9.17427E-01   4.96962E-01   1.26486E+00
 3.24250E+01   2.54518E+00   9.17425E-01   4.96962E-01   1.26486E+00
 3.24750E+01   2.54518E+00   9.17424E-01   4.96962E-01   1.26486E+00
 3.25250E+01   2.54519E+00   9.17423E-01   4.96962E-01   1.26486E+00
 3.25750E+01   2.54519E+00   9.17421E-01   4.96962E-01   1.26486E+00
 3.26250E+01   2.54519E+00   9.17420E-01   4.96962E-01   1.26486E+00
 3.26750E+01   2.54519E+00   9.17418E-01   4.96962E-01   1.26486E+00
 3.27250E+01   2.54519E+00   9.17417E-01   4.96962E-01   1.26486E+00
 3.27750E+01   2.54520E+00   9.17415E-01   4.96962E-01   1.26487E+00
 3.28250E+01   2.54520E+00   9.17414E-01   4.96962E-01   1.26487E+00
 3.28750E+01   2.54520E+00   9.17413E-01   4.96962E-01   1.26487E+00
 3.29250E+01   2.54520E+00   9.17411E-01   4.96962E-01   1.26487E+00
 3.29750E+01   2.54520E+00   9.17410E-01   4.96962E-01   1.26487E+00
 3.30250E+01   2.54520E+00   9.17409E-01   4.96961E-01   1.26487E+00
 3.30750E+01   2.54521E+00   9.17407E-01   4.96961E-01   1.26487E+00
 3.31250E+01   2.54521E+00   9.17406E-01   4.96961E-01   1.26487E+00
 3.31750E+01   2.54521E+00   9.17405E-01   4.96961E-01   1.26487E+00
 3.32250E+01   2.54521E+00   9.17404E-01   4.96961E-01   1.26487E+00
 3.32750E+01   2.54521E+00   9.17403E-01   4.96961E-01   1.26487E+00
 3.33250E+01   2.54521E+00   9.17401E-01   4.96961E-01   1.26487E+00
 3.33750E+01   2.54521E+00   9.17400E-01   4.96961E-01   1.26487E+00
 3.34250E+01   2.54522E+00   9.17399E-01   4.96961E-01   1.26487E+00
 3.34750E+01   2.54522E+00   9.17397E-01   4.96961E-01   1.26487E+00
 3.35250E+01   2.54522E+00   9.17396E-01   4.96960E-01   1.26487E+00
 3.35750E+01   2.54522E+00   9.17395E-01   4.96960E-01   1.26487E+00
 3.36250E+01   2.54522E+00   9.17394E-01   4.96960E-01   1.26487E+00
 3.36750E+01   2.54522E+00   9.17393E-01   4.96960E-01   1.26487E+00
 3.37250E+01   2.54522E+00   9.17391E-01   4.96960E-01   1.26487E+00
 3.37750E+01   2.54522E+00   9.17390E-01   4.96960E-01   1.26487E+00
 3.38250E+01   2.54522E+00   9.17389E-01   4.96960E-01   1.26487E+00
 3.38750E+01   2.54522E+00   9.17388E-01   4.96960E-01   1.26488E+00
 3.39250E+01   2.54523E+00   9.17387E-01   4.96960E-01   1.26488E+00
 3.39750E+01   2.54523E+00   9.17386E-01   4.96960E-01   1.26488E+00
 3.40250E+01   2.54523E+00   9.17385E-01   4.96960E-01   1.26488E+00
 3.40750E+01   2.54523E+00   9.17383E-01   4.96960E-01   1.26488E+00
 3.41250E+01   2.54523E+00   9.17382E-01   4.96960E-01   1.26488E+00
 3.41750E+01   2.54523E+00   9.17381E-01   4.96960E-01   1.26488E+00
 3.42250E+01   2.54523E+00   9.17380E-01   4.96960E-01   1.26488E+00
 3.42750E+01   2.54523E+00   9.17379E-01   4.96960E-01   1.26488E+00
 3.43250E+01   2.54523E+00   9.17378E-01   4.96960E-01   1.26488E+00
 3.43750E+01   2.54523E+00   9.17377E-01   4.96960E-01   1.26488E+00
 3.44250E+01   2.54523E+00   9.17376E-01   4.96960E-01   1.26488E+00
 3.44750E+01   2.54523E+00   9.17375E-01   4.96960E-01   1.26488E+00
 3.45250E+01   2.54523E+00   9.17374E-01   4.96960E-01   1.26488E+00
 3.45750E+01   2.54523E+00   9.17373E-01   4.96959E-01   1.26488E+00
 3.46250E+01   2.54524E+00   9.17371E-01   4.96959E-01   1.26488E+00
 3.46750E+01   2.54524E+00   9.17370E-01   4.96959E-01   1.26488E+00
 3.47250E+01   2.54524E+00   9.17369E-01   4.96959E-01   1.26488E+00
 3.47750E+01   2.54524E+00   9.17368E-01   4.96959E-01   1.26488E+00
 3.48250E+01   2.54524E+00   9.17367E-01   4.96959E-01   1.26488E+00
 3.48750E+01   2.54524E+00   9.17366E-01   4.96959E-01   1.26488E+00
 3.49250E+01   2.54524E+00   9.17365E-01   4.96959E-01   1.26488E+00
 3.49750E+01   2.54524E+00   9.17364E-01   4.96959E-01   1.26488E+00
 3.50250E+01   2.54524E+00   9.17363E-01   4.96959E-01   1.26488E+00
 3.50750E+01   2.54524E+00   9.17362E-01   4.96959E-01   1.26488E+00
 3.51250E+01   2.54524E+00   9.17361E-01   4.96959E-01   1.26488E+00
 3.51750E+01   2.54524E+00   9.17360E-01   4.96959E-01   1.26488E+00
 3.52250E+01   2.54524E+00   9.17359E-01   4.96959E-01   1.26488E+00
 3.52750E+01   2.54524E+00   9.17359E-01   4.96959E-01   1.26488E+00
 3.53250E+01   2.54524E+00   9.17358E-01   4.96959E-01   1.26488E+00
 3.53750E+01   2.54524E+00   9.17357E-01   4.96959E-01   1.26488E+00
 3.54250E+01   2.54524E+00   9.17356E-01   4.96959E-01   1.26488E+00
 3.54750E+01   2.54524E+00   9.17355E-01   4.96959E-01   1.26488E+00
 3.55250E+01   2.54524E+00   9.17354E-01   4.96959E-01   1.26488E+00
 3.55750E+01   2.54524E+00   9.17353E-01   4.96959E-01   1.26488E+00
 3.56250E+01   2.54524E+00   9.17352E-01   4.96959E-01   1.26488E+00
 3.56750E+01   2.54524E+00   9.17351E-01   4.96959E-01   1.26488E+00
 3.57250E+01   2.54524E+00   9.17350E-01   4.96959E-01   1.26488E+00
 3.57750E+01   2.54524E+00   9.17349E-01   4.96959E-01   1.26488E+00
 3.58250E+01   2.54525E+00   9.17349E-01   4.96959E-01   1.26488E+00
 3.58750E+01   2.54525E+00   9.17348E-01   4.96959E-01   1.26488E+00
 3.59250E+01   2.54525E+00   9.17347E-01   4.96959E-01   1.26488E+00
 3.59750E+01   2.54525E+00   9.17346E-01   4.96959E-01   1.26488E+00
 3.60250E+01   2.54525E+00   9.17345E-01   4.96959E-01   1.26488E+00
 3.60750E+01   2.54525E+00   9.17344E-01   4.96959E-01   1.26488E+00
 3.61250E+01   2.54524E+00   9.17343E-01   4.96959E-01   1.26488E+00
 3.61750E+01   2.54524E+00   9.17342E-01   4.96959E-01   1.26488E+00
 3.62250E+01   2.54524E+00   9.17341E-01   4.96960E-01   1.26488E+00
 3.62750E+01   2.54524E+00   9.17340E-01   4.96960E-01   1.26488E+00
 3.63250E+01   2.54524E+00   9.17340E-01   4.96960E-01   1.26488E+00
 3.63750E+01   2.54524E+00   9.17339E-01   4.96960E-01   1.26488E+00
 3.64250E+01   2.54524E+00   9.17338E-01   4.96960E-01   1.26488E+00
 3.64750E+01   2.54524E+00   9.17337E-01   4.96960E-01   1.26488E+00
 3.65250E+01   2.54524E+00   9.17337E-01   4.96960E-01   1.26488E+00
 3.65750E+01   2.54524E+00   9.17336E-01   4.96960E-01   1.26488E+00
 3.66250E+01   2.54524E+00   9.17335E-01   4.96960E-01   1.26488E+00
 3.66750E+01   2.54524E+00   9.17334E-01   4.96961E-01   1.26488E+00
 3.67250E+01   2.54524E+00   9.17334E-01   4.96961E-01   1.26488E+00
 3.67750E+01   2.54524E+00   9.17333E-01   4.96961E-01   1.26489E+00
 3.68250E+01   2.54524E+00   9.17332E-01   4.96961E-01   1.26489E+00
 3.68750E+01   2.54524E+00   9.17331E-01   4.96962E-01   1.26489E+00
 3.69250E+01   2.54524E+00   9.17330E-01   4.96962E-01   1.26489E+00
 3.69750E+01   2.54524E+00   9.17329E-01   4.96962E-01   1.26489E+00
 3.70250E+01   2.54523E+00   9.17329E-01   4.96963E-01   1.26489E+00
 3.70750E+01   2.54523E+00   9.17328E-01   4.96963E-01   1.26489E+00
 3.71250E+01   2.54523E+00   9.17327E-01   4.96963E-01   1.26489E+00
 3.71750E+01   2.54523E+00   9.17326E-01   4.96964E-01   1.26489E+00
 3.72250E+01   2.54523E+00   9.17325E-01   4.96964E-01   1.26489E+00
 3.72750E+01   2.54523E+00   9.17325E-01   4.96964E-01   1.26489E+00
 3.73250E+01   2.54523E+00   9.17324E-01   4.96965E-01   1.26489E+00
 3.73750E+01   2.54523E+00   9.17323E-01   4.96965E-01   1.26489E+00
 3.74250E+01   2.54522E+00   9.17322E-01   4.96966E-01   1.26489E+00
 3.74750E+01   2.54522E+00   9.17322E-01   4.96966E-01   1.26489E+00
 3.75250E+01   2.54522E+00   9.17321E-01   4.96967E-01   1.26489E+00
 3.75750E+01   2.54522E+00   9.17320E-01   4.96967E-01   1.26489E+00
 3.76250E+01   2.54522E+00   9.17319E-01   4.96967E-01   1.26489E+00
 3.76750E+01   2.54522E+00   9.17319E-01   4.96968E-01   1.26489E+00
 3.77250E+01   2.54521E+00   9.17318E-01   4.96968E-01   1.26489E+00
 3.77750E+01   2.54521E+00   9.17317E-01   4.96968E-01   1.26489E+00
 3.78250E+01   2.54521E+00   9.17316E-01   4.96969E-01   1.26489E+00
 3.78750E+01   2.54521E+00   9.17316E-01   4.96969E-01   1.26489E+00
 3.79250E+01   2.54521E+00   9.17315E-01   4.96970E-01   1.26489E+00
 3.79750E+01   2.54521E+00   9.17314E-01   4.96970E-01   1.26489E+00
 3.80250E+01   2.54521E+00   9.17313E-01   4.96970E-01   1.26489E+00
 3.80750E+01   2.54520E+00   9.17312E-01   4.96971E-01   1.26489E+00
 3.81250E+01   2.54520E+00   9.17312E-01   4.96971E-01   1.26489E+00
 3.81750E+01   2.54520E+00   9.17311E-01   4.96971E-01   1.26489E+00
 3.82250E+01   2.54520E+00   9.17310E-01   4.96972E-01   1.26489E+00
 3.82750E+01   2.54520E+00   9.17309E-01   4.96972E-01   1.26489E+00
 3.83250E+01   2.54520E+00   9.17309E-01   4.96972E-01   1.26489E+00
 3.83750E+01   2.54520E+00   9.17308E-01   4.96973E-01   1.26489E+00
 3.84250E+01   2.54520E+00   9.17307E-01   4.96973E-01   1.26489E+00
 3.84750E+01   2.54520E+00   9.17306E-01   4.96973E-01   1.26490E+00
 3.85250E+01   2.54520E+00   9.17306E-01   4.96974E-01   1.26490E+00
 3.85750E+01   2.54520E+00   9.17305E-01   4.96974E-01   1.26490E+00
 3.86250E+01   2.54519E+00   9.17304E-01   4.96974E-01   1.26490E+00
 3.86750E+01   2.54519E+00   9.17304E-01   4.96975E-01   1.26490E+00
 3.87250E+01   2.54519E+00   9.17303E-01   4.96975E-01   1.26490E+00
 3.87750E+01   2.54519E+00   9.17302E-01   4.96975E-01   1.26490E+00
 3.88250E+01   2.54519E+00   9.17301E-01   4.96976E-01   1.26490E+00
 3.88750E+01   2.54519E+00   9.17300E-01   4.96976E-01   1.26490E+00
 3.89250E+01   2.54519E+00   9.17299E-01   4.96977E-01   1.26490E+00
 3.89750E+01   2.54518E+00   9.17298E-01   4.96977E-01   1.26490E+00
 3.90250E+01   2.54518E+00   9.17298E-01   4.96977E-01   1.26490E+00
 3.90750E+01   2.54518E+00   9.17297E-01   4.96978E-01   1.26490E+00
 3.91250E+01   2.54518E+00   9.17296E-01   4.96978E-01   1.26490E+00
 3.91750E+01   2.54518E+00   9.17296E-01   4.96978E-01   1.26490E+00
 3.92250E+01   2.54518E+00   9.17295E-01   4.96978E-01   1.26490E+00
 3.92750E+01   2.54518E+00   9.17294E-01   4.96979E-01   1.26490E+00
 3.93250E+01   2.54518E+00   9.17293E-01   4.96979E-01   1.26490E+00
 3.93750E+01   2.54518E+00   9.17292E-01   4.96979E-01   1.26490E+00
 3.94250E+01   2.54518E+00   9.17291E-01   4.96980E-01   1.26490E+00
 3.94750E+01   2.54518E+00   9.17291E-01   4.96980E-01   1.26490E+00
 3.95250E+01   2.54518E+00   9.17290E-01   4.96980E-01   1.26490E+00
 3.95750E+01   2.54518E+00   9.17289E-01   4.96981E-01   1.26490E+00
 3.96250E+01   2.54517E+00   9.17288E-01   4.96981E-01   1.26490E+00
 3.96750E+01   2.54517E+00   9.17288E-01   4.96981E-01   1.26490E+00
 3.97250E+01   2.54517E+00   9.17287E-01   4.96982E-01   1.26491E+00
 3.97750E+01   2.54517E+00   9.17286E-01   4.96982E-01   1.26491E+00
 3.98250E+01   2.54517E+00   9.17285E-01   4.96983E-01   1.26491E+00
 3.98750E+01   2.54517E+00   9.17284E-01   4.96983E-01   1.26491E+00
 3.99250E+01   2.54517E+00   9.17283E-01   4.96983E-01   1.26491E+00
 3.99750E+01   2.54517E+00   9.17282E-01   4.96984E-01   1.26491E+00
 4.00250E+01   2.54517E+00   9.17281E-01   4.96984E-01   1.26491E+00
 4.00750E+01   2.54517E+00   9.17281E-01   4.96984E-01   1.26491E+00
 4.01250E+01   2.54517E+00   9.17280E-01   4.96985E-01   1.26491E+00
 4.01750E+01   2.54517E+00   9.17279E-01   4.96985E-01   1.26491E+00
 4.02250E+01   2.54517E+00   9.17278E-01   4.96985E-01   1.26491E+00
 4.02750E+01   2.54517E+00   9.17278E-01   4.96986E-01   1.26491E+00
 4.03250E+01   2.54517E+00   9.17277E-01   4.96986E-01   1.26491E+00
 4.03750E+01   2.54516E+00   9.17276E-01   4.96987E-01   1.26491E+00
 4.04250E+01   2.54516E+00   9.17275E-01   4.96987E-01   1.26491E+00
 4.04750E+01   2.54516E+00   9.17274E-01   4.96987E-01   1.26491E+00
 4.05250E+01   2.54516E+00   9.17273E-01   4.96987E-01   1.26491E+00
 4.05750E+01   2.54516E+00   9.17273E-01   4.96987E-01   1.26491E+00
 4.06250E+01   2.54516E+00   9.17272E-01   4.96988E-01   1.26491E+00
 4.06750E+01   2.54516E+00   9.17271E-01   4.96988E-01   1.26491E+00
 4.07250E+01   2.54516E+00   9.17270E-01   4.96988E-01   1.26491E+00
 4.07750E+01   2.54516E+00   9.17269E-01   4.96989E-01   1.26491E+00
 4.08250E+01   2.54516E+00   9.17268E-01   4.96989E-01   1.26492E+00
 4.08750E+01   2.54516E+00   9.17267E-01   4.96989E-01   1.26492E+00
 4.09250E+01   2.54516E+00   9.17267E-01   4.96990E-01   1.26492E+00
 4.09750E+01   2.54515E+00   9.17265E-01   4.96990E-01   1.26492E+00
 4.10250E+01   2.54515E+00   9.17265E-01   4.96990E-01   1.26492E+00
 4.10750E+01   2.54515E+00   9.17264E-01   4.96991E-01   1.26492E+00
 4.11250E+01   2.54515E+00   9.17263E-01   4.96991E-01   1.26492E+00
 4.11750E+01   2.54515E+00   9.17261E-01   4.96991E-01   1.26492E+00
 4.12250E+01   2.54515E+00   9.17260E-01   4.96992E-01   1.26492E+00
 4.12750E+01   2.54515E+00   9.17259E-01   4.96992E-01   1.26492E+00
 4.13250E+01   2.54515E+00   9.17258E-01   4.96992E-01   1.26492E+00
 4.13750E+01   2.54515E+00   9.17257E-01   4.96992E-01   1.26492E+00
 4.14250E+01   2.54515E+00   9.17256E-01   4.96992E-01   1.26492E+00
 4.14750E+01   2.54515E+00   9.17255E-01   4.96993E-01   1.26492E+00
 4.15250E+01   2.54515E+00   9.17254E-01   4.96993E-01   1.26492E+00
 4.15750E+01   2.54515E+00   9.17253E-01   4.96993E-01   1.26492E+00
 4.16250E+01   2.54515E+00   9.17252E-01   4.96994E-01   1.26493E+00
 4.16750E+01   2.54515E+00   9.17251E-01   4.96994E-01   1.26493E+00
 4.17250E+01   2.54515E+00   9.17250E-01   4.96994E-01   1.26493E+00
 4.17750E+01   2.54515E+00   9.17248E-01   4.96995E-01   1.26493E+00
 4.18250E+01   2.54515E+00   9.17247E-01   4.96995E-01   1.26493E+00
 4.18750E+01   2.54516E+00   9.17246E-01   4.96995E-01   1.26493E+00
 4.19250E+01   2.54516E+00   9.17244E-01   4.96995E-01   1.26493E+00
 4.19750E+01   2.54516E+00   9.17243E-01   4.96995E-01   1.26493E+00
 4.20250E+01   2.54516E+00   9.17242E-01   4.96996E-01   1.26493E+00
 4.20750E+01   2.54516E+00   9.17241E-01   4.96996E-01   1.26493E+00
 4.21250E+01   2.54516E+00   9.17240E-01   4.96996E-01   1.26493E+00
 4.21750E+01   2.54516E+00   9.17238E-01   4.96997E-01   1.26494E+00
 4.22250E+01   2.54516E+00   9.17237E-01   4.96997E-01   1.26494E+00
 4.22750E+01   2.54516E+00   9.17236E-01   4.96997E-01   1.26494E+00
 4.23250E+01   2.54516E+00   9.17235E-01   4.96998E-01   1.26494E+00
 4.23750E+01   2.54516E+00   9.17233E-01   4.96998E-01   1.26494E+00
 4.24250E+01   2.54516E+00   9.17232E-01   4.96998E-01   1.26494E+00
 4.24750E+01   2.54516E+00   9.17231E-01   4.96998E-01   1.26494E+00
 4.25250E+01   2.54516E+00   9.17230E-01   4.96999E-01   1.26494E+00
 4.25750E+01   2.54516E+00   9.17228E-01   4.96999E-01   1.26494E+00
 4.26250E+01   2.54516E+00   9.17227E-01   4.96999E-01   1.26494E+00
 4.26750E+01   2.54517E+00   9.17225E-01   4.96999E-01   1.26495E+00
 4.27250E+01   2.54517E+00   9.17224E-01   4.97000E-01   1.26495E+00
 4.27750E+01   2.54517E+00   9.17222E-01   4.97000E-01   1.26495E+00
 4.28250E+01   2.54517E+00   9.17221E-01   4.96999E-01   1.26495E+00
 4.28750E+01   2.54517E+00   9.17219E-01   4.96999E-01   1.26495E+00
 4.29250E+01   2.54517E+00   9.17218E-01   4.96999E-01   1.26495E+00
 4.29750E+01   2.54518E+00   9.17216E-01   4.96999E-01   1.26495E+00
 4.30250E+01   2.54518E+00   9.17215E-01   4.96999E-01   1.26495E+00
 4.30750E+01   2.54518E+00   9.17213E-01   4.96998E-01   1.26495E+00
 4.31250E+01   2.54518E+00   9.17212E-01   4.96998E-01   1.26495E+00
 4.31750E+01   2.54519E+00   9.17210E-01   4.96998E-01   1.26495E+00
 4.32250E+01   2.54519E+00   9.17209E-01   4.96998E-01   1.26495E+00
 4.32750E+01   2.54519E+00   9.17207E-01   4.96997E-01   1.26495E+00
 4.33250E+01   2.54519E+00   9.17206E-01   4.96997E-01   1.26495E+00
 4.33750E+01   2.54520E+00   9.17204E-01   4.96997E-01   1.26496E+00
 4.34250E+01   2.54520E+00   9.17203E-01   4.96997E-01   1.26496E+00
 4.34750E+01   2.54520E+00   9.17201E-01   4.96996E-01   1.26496E+00
 4.35250E+01   2.54520E+00   9.17199E-01   4.96996E-01   1.26496E+00
 4.35750E+01   2.54521E+00   9.17198E-01   4.96995E-01   1.26496E+00
 4.36250E+01   2.54521E+00   9.17197E-01   4.96995E-01   1.26496E+00
 4.36750E+01   2.54521E+00   9.17195E-01   4.96995E-01   1.26496E+00
 4.37250E+01   2.54522E+00   9.17194E-01   4.96994E-01   1.26496E+00
 4.37750E+01   2.54522E+00   9.17192E-01   4.96994E-01   1.26496E+00
 4.38250E+01   2.54522E+00   9.17191E-01   4.96993E-01   1.26496E+00
 4.38750E+01   2.54523E+00   9.17189E-01   4.96993E-01   1.26496E+00
 4.39250E+01   2.54523E+00   9.17187E-01   4.96992E-01   1.26496E+00
 4.39750E+01   2.54523E+00   9.17186E-01   4.96991E-01   1.26496E+00
 4.40250E+01   2.54523E+00   9.17184E-01   4.96991E-01   1.26496E+00
 4.40750E+01   2.54524E+00   9.17183E-01   4.96990E-01   1.26496E+00
 4.41250E+01   2.54524E+00   9.17181E-01   4.96990E-01   1.26496E+00
 4.41750E+01   2.54524E+00   9.17180E-01   4.96989E-01   1.26496E+00
 4.42250E+01   2.54525E+00   9.17179E-01   4.96989E-01   1.26496E+00
 4.42750E+01   2.54525E+00   9.17177E-01   4.96988E-01   1.26496E+00
 4.43250E+01   2.54525E+00   9.17176E-01   4.96988E-01   1.26496E+00
 4.43750E+01   2.54525E+00   9.17174E-01   4.96987E-01   1.26496E+00
 4.44250E+01   2.54526E+00   9.17172E-01   4.96987E-01   1.26496E+00
 4.44750E+01   2.54526E+00   9.17171E-01   4.96986E-01   1.26496E+00
 4.45250E+01   2.54526E+00   9.17170E-01   4.96986E-01   1.26496E+00
 4.45750E+01   2.54527E+00   9.17168E-01   4.96985E-01   1.26496E+00
 4.46250E+01   2.54527E+00   9.17167E-01   4.96985E-01   1.26496E+00
 4.46750E+01   2.54527E+00   9.17166E-01   4.96984E-01   1.26496E+00
 4.47250E+01   2.54528E+00   9.17164E-01   4.96983E-01   1.26496E+00
 4.47750E+01   2.54528E+00   9.17163E-01   4.96982E-01   1.26496E+00
 4.48250E+01   2.54528E+00   9.17161E-01   4.96982E-01   1.26496E+00
 4.48750E+01   2.54529E+00   9.17159E-01   4.96981E-01   1.26496E+00
 4.49250E+01   2.54529E+00   9.17158E-01   4.96980E-01   1.26496E+00
 4.49750E+01   2.54529E+00   9.17157E-01   4.96980E-01   1.26496E+00
 4.50250E+01   2.54530E+00   9.17155E-01   4.96979E-01   1.26496E+00
 4.50750E+01   2.54530E+00   9.17154E-01   4.96978E-01   1.26496E+00
 4.51250E+01   2.54530E+00   9.17152E-01   4.96977E-01   1.26496E+00
 4.51750E+01   2.54531E+00   9.17151E-01   4.96977E-01   1.26496E+00
 4.52250E+01   2.54531E+00   9.17149E-01   4.96976E-01   1.26496E+00
 4.52750E+01   2.54531E+00   9.17147E-01   4.96975E-01   1.26496E+00
 4.53250E+01   2.54532E+00   9.17146E-01   4.96975E-01   1.26496E+00
 4.53750E+01   2.54532E+00   9.17144E-01   4.96974E-01   1.26496E+00
 4.54250E+01   2.54533E+00   9.17143E-01   4.96973E-01   1.26496E+00
 4.54750E+01   2.54533E+00   9.17141E-01   4.96972E-01   1.26496E+00
 4.55250E+01   2.54534E+00   9.17140E-01   4.96972E-01   1.26496E+00
 4.55750E+01   2.54534E+00   9.17138E-01   4.96971E-01   1.26496E+00
 4.56250E+01   2.54534E+00   9.17137E-01   4.96970E-01   1.26496E+00
 4.56750E+01   2.54535E+00   9.17135E-01   4.96970E-01   1.26496E+00
 4.57250E+01   2.54535E+00   9.17134E-01   4.96969E-01   1.26496E+00
 4.57750E+01   2.54535E+00   9.17132E-01   4.96968E-01   1.26496E+00
 4.58250E+01   2.54536E+00   9.17131E-01   4.96967E-01   1.26496E+00
 4.58750E+01   2.54536E+00   9.17129E-01   4.96967E-01   1.26496E+00
 4.59250E+01   2.54537E+00   9.17128E-01   4.96966E-01   1.26496E+00
 4.59750E+01   2.54537E+00   9.17126E-01   4.96965E-01   1.26496E+00
 4.60250E+01   2.54537E+00   9.17125E-01   4.96965E-01   1.26496E+00
 4.60750E+01   2.54538E+00   9.17124E-01   4.96964E-01   1.26496E+00
 4.61250E+01   2.54538E+00   9.17122E-01   4.96963E-01   1.26496E+00
 4.61750E+01   2.54539E+00   9.17121E-01   4.96962E-01   1.26496E+00
 4.62250E+01   2.54539E+00   9.17119E-01   4.96962E-01   1.26496E+00
 4.62750E+01   2.54539E+00   9.17118E-01   4.96961E-01   1.26496E+00
 4.63250E+01   2.54540E+00   9.17117E-01   4.96961E-01   1.26496E+00
 4.63750E+01   2.54540E+00   9.17116E-01   4.96960E-01   1.26496E+00
 4.64250E+01   2.54541E+00   9.17114E-01   4.96960E-01   1.26496E+00
 4.64750E+01   2.54541E+00   9.17114E-01   4.96959E-01   1.26496E+00
 4.65250E+01   2.54541E+00   9.17113E-01   4.96958E-01   1.26496E+00
 4.65750E+01   2.54542E+00   9.17112E-01   4.96958E-01   1.26496E+00
 4.66250E+01   2.54542E+00   9.17111E-01   4.96957E-01   1.26497E+00
 4.66750E+01   2.54542E+00   9.17109E-01   4.96957E-01   1.26497E+00
 4.67250E+01   2.54543E+00   9.17108E-01   4.96956E-01   1.26497E+00
 4.67750E+01   2.54543E+00   9.17107E-01   4.96956E-01   1.26497E+00
 4.68250E+01   2.54543E+00   9.17105E-01   4.96955E-01   1.26497E+00
 4.68750E+01   2.54544E+00   9.17104E-01   4.96955E-01   1.26497E+00
 4.69250E+01   2.54544E+00   9.17103E-01   4.96954E-01   1.26497E+00
 4.69750E+01   2.54545E+00   9.17102E-01   4.96954E-01   1.26497E+00
 4.70250E+01   2.54545E+00   9.17100E-01   4.96953E-01   1.26497E+00
 4.70750E+01   2.54546E+00   9.17099E-01   4.96952E-01   1.26497E+00
 4.71250E+01   2.54546E+00   9.17097E-01   4.96952E-01   1.26497E+00
 4.71750E+01   2.54547E+00   9.17096E-01   4.96951E-01   1.26497E+00
 4.72250E+01   2.54547E+00   9.17094E-01   4.96950E-01   1.26497E+00
 4.72750E+01   2.54548E+00   9.17093E-01   4.96950E-01   1.26497E+00
 4.73250E+01   2.54548E+00   9.17091E-01   4.96949E-01   1.26498E+00
 4.73750E+01   2.54549E+00   9.17089E-01   4.96949E-01   1.26498E+00
 4.74250E+01   2.54549E+00   9.17088E-01   4.96948E-01   1.26498E+00
 4.74750E+01   2.54550E+00   9.17086E-01   4.96948E-01   1.26498E+00
 4.75250E+01   2.54550E+00   9.17084E-01   4.96947E-01   1.26498E+00
 4.75750E+01   2.54551E+00   9.17082E-01   4.96947E-01   1.26498E+00
 4.76250E+01   2.54551E+00   9.17080E-01   4.96946E-01   1.26498E+00
 4.76750E+01   2.54552E+00   9.17079E-01   4.96945E-01   1.26498E+00
 4.77250E+01   2.54553E+00   9.17076E-01   4.96945E-01   1.26499E+00
 4.77750E+01   2.54553E+00   9.17075E-01   4.96944E-01   1.26499E+00
 4.78250E+01   2.54554E+00   9.17073E-01   4.96944E-01   1.26499E+00
 4.78750E+01   2.54554E+00   9.17071E-01   4.96943E-01   1.26499E+00
 4.79250E+01   2.54555E+00   9.17069E-01   4.96942E-01   1.26499E+00
 4.79750E+01   2.54556E+00   9.17067E-01   4.96942E-01   1.26499E+00
 4.80250E+01   2.54557E+00   9.17064E-01   4.96941E-01   1.26500E+00
 4.80750E+01   2.54557E+00   9.17062E-01   4.96941E-01   1.26500E+00
 4.81250E+01   2.54558E+00   9.17060E-01   4.96940E-01   1.26500E+00
 4.81750E+01   2.54559E+00   9.17058E-01   4.96940E-01   1.26500E+00
 4.82250E+01   2.54559E+00   9.17056E-01   4.96939E-01   1.26500E+00
 4.82750E+01   2.54560E+00   9.17053E-01   4.96938E-01   1.26501E+00
 4.83250E+01   2.54561E+00   9.17051E-01   4.96938E-01   1.26501E+00
 4.83750E+01   2.54561E+00   9.17049E-01   4.96937E-01   1.26501E+00
 4.84250E+01   2.54562E+00   9.17047E-01   4.96937E-01   1.26501E+00
 4.84750E+01   2.54563E+00   9.17044E-01   4.96936E-01   1.26501E+00
 4.85250E+01   2.54564E+00   9.17042E-01   4.96935E-01   1.26502E+00
 4.85750E+01   2.54565E+00   9.17039E-01   4.96935E-01   1.26502E+00
 4.86250E+01   2.54565E+00   9.17037E-01   4.96934E-01   1.26502E+00
 4.86750E+01   2.54566E+00   9.17033E-01   4.96933E-01   1.26502E+00
 4.87250E+01   2.54567E+00   9.17030E-01   4.96932E-01   1.26503E+00
 4.87750E+01   2.54568E+00   9.17027E-01   4.96931E-01   1.26503E+00
 4.88250E+01   2.54570E+00   9.17023E-01   4.96931E-01   1.26503E+00
 4.88750E+01   2.54571E+00   9.17019E-01   4.96930E-01   1.26504E+00
 4.89250E+01   2.54575E+00   9.17015E-01   4.96934E-01   1.26507E+00
 4.89750E+01   2.54588E+00   9.17011E-01   4.96956E-01   1.26519E+00
