      xx/10.          rhoa          temp           vel      vel*rhoa
         [-]           [-]           [-]           [-]           [-]
 1.02500E+00   2.24980E+00   8.72553E-01   6.18988E-01   1.39260E+00
 1.07500E+00   2.24981E+00   8.72553E-01   6.18986E-01   1.39260E+00
 1.12500E+00   2.24981E+00   8.72552E-01   6.18985E-01   1.39260E+00
 1.17500E+00   2.24981E+00   8.72551E-01   6.18984E-01   1.39260E+00
 1.22500E+00   2.24982E+00   8.72551E-01   6.18983E-01   1.39260E+00
 1.27500E+00   2.24982E+00   8.72550E-01   6.18982E-01   1.39260E+00
 1.32500E+00   2.24982E+00   8.72549E-01   6.18982E-01   1.39260E+00
 1.37500E+00   2.24982E+00   8.72549E-01   6.18982E-01   1.39260E+00
 1.42500E+00   2.24982E+00   8.72548E-01   6.18982E-01   1.39260E+00
 1.47500E+00   2.24982E+00   8.72547E-01   6.18981E-01   1.39260E+00
 1.52500E+00   2.24982E+00   8.72547E-01   6.18981E-01   1.39260E+00
 1.57500E+00   2.24982E+00   8.72546E-01   6.18981E-01   1.39260E+00
 1.62500E+00   2.24983E+00   8.72545E-01   6.18981E-01   1.39260E+00
 1.67500E+00   2.24983E+00   8.72545E-01   6.18981E-01   1.39260E+00
 1.72500E+00   2.24983E+00   8.72544E-01   6.18980E-01   1.39260E+00
 1.77500E+00   2.24983E+00   8.72543E-01   6.18980E-01   1.39260E+00
 1.82500E+00   2.24983E+00   8.72542E-01   6.18979E-01   1.39260E+00
 1.87500E+00   2.24983E+00   8.72542E-01   6.18979E-01   1.39260E+00
 1.92500E+00   2.24983E+00   8.72541E-01   6.18979E-01   1.39260E+00
 1.97500E+00   2.24984E+00   8.72541E-01   6.18978E-01   1.39260E+00
 2.02500E+00   2.24984E+00   8.72540E-01   6.18978E-01   1.39260E+00
 2.07500E+00   2.24984E+00   8.72539E-01   6.18978E-01   1.39260E+00
 2.12500E+00   2.24984E+00   8.72539E-01   6.18978E-01   1.39260E+00
 2.17500E+00   2.24984E+00   8.72538E-01   6.18977E-01   1.39260E+00
 2.22500E+00   2.24984E+00   8.72538E-01   6.18977E-01   1.39260E+00
 2.27500E+00   2.24984E+00   8.72537E-01   6.18977E-01   1.39260E+00
 2.32500E+00   2.24984E+00   8.72536E-01   6.18977E-01   1.39260E+00
 2.37500E+00   2.24984E+00   8.72536E-01   6.18977E-01   1.39260E+00
 2.42500E+00   2.24984E+00   8.72535E-01   6.18976E-01   1.39260E+00
 2.47500E+00   2.24985E+00   8.72534E-01   6.18976E-01   1.39260E+00
 2.52500E+00   2.24985E+00   8.72533E-01   6.18976E-01   1.39260E+00
 2.57500E+00   2.24985E+00   8.72533E-01   6.18976E-01   1.39260E+00
 2.62500E+00   2.24985E+00   8.72532E-01   6.18975E-01   1.39260E+00
 2.67500E+00   2.24985E+00   8.72531E-01   6.18975E-01   1.39260E+00
 2.72500E+00   2.24985E+00   8.72530E-01   6.18975E-01   1.39260E+00
 2.77500E+00   2.24985E+00   8.72530E-01   6.18974E-01   1.39260E+00
 2.82500E+00   2.24985E+00   8.72529E-01   6.18974E-01   1.39260E+00
 2.87500E+00   2.24985E+00   8.72529E-01   6.18974E-01   1.39260E+00
 2.92500E+00   2.24985E+00   8.72528E-01   6.18974E-01   1.39260E+00
 2.97500E+00   2.24986E+00   8.72528E-01   6.18974E-01   1.39260E+00
 3.02500E+00   2.24986E+00   8.72527E-01   6.18973E-01   1.39260E+00
 3.07500E+00   2.24986E+00   8.72526E-01   6.18973E-01   1.39260E+00
 3.12500E+00   2.24986E+00   8.72526E-01   6.18973E-01   1.39260E+00
 3.17500E+00   2.24986E+00   8.72525E-01   6.18973E-01   1.39260E+00
 3.22500E+00   2.24986E+00   8.72524E-01   6.18973E-01   1.39260E+00
 3.27500E+00   2.24986E+00   8.72524E-01   6.18972E-01   1.39260E+00
 3.32500E+00   2.24986E+00   8.72523E-01   6.18972E-01   1.39260E+00
 3.37500E+00   2.24987E+00   8.72522E-01   6.18971E-01   1.39260E+00
 3.42500E+00   2.24987E+00   8.72522E-01   6.18971E-01   1.39260E+00
 3.47500E+00   2.24987E+00   8.72521E-01   6.18971E-01   1.39260E+00
 3.52500E+00   2.24987E+00   8.72521E-01   6.18971E-01   1.39260E+00
 3.57500E+00   2.24987E+00   8.72520E-01   6.18970E-01   1.39260E+00
 3.62500E+00   2.24987E+00   8.72519E-01   6.18970E-01   1.39260E+00
 3.67500E+00   2.24987E+00   8.72519E-01   6.18970E-01   1.39260E+00
 3.72500E+00   2.24987E+00   8.72518E-01   6.18969E-01   1.39260E+00
 3.77500E+00   2.24987E+00   8.72518E-01   6.18969E-01   1.39260E+00
 3.82500E+00   2.24988E+00   8.72517E-01   6.18969E-01   1.39260E+00
 3.87500E+00   2.24988E+00   8.72517E-01   6.18969E-01   1.39260E+00
 3.92500E+00   2.24988E+00   8.72516E-01   6.18968E-01   1.39260E+00
 3.97500E+00   2.24988E+00   8.72516E-01   6.18968E-01   1.39260E+00
 4.02500E+00   2.24988E+00   8.72515E-01   6.18968E-01   1.39260E+00
 4.07500E+00   2.24988E+00   8.72514E-01   6.18968E-01   1.39260E+00
 4.12500E+00   2.24988E+00   8.72513E-01   6.18968E-01   1.39260E+00
 4.17500E+00   2.24988E+00   8.72513E-01   6.18967E-01   1.39260E+00
 4.22500E+00   2.24988E+00   8.72512E-01   6.18967E-01   1.39260E+00
 4.27500E+00   2.24988E+00   8.72511E-01   6.18967E-01   1.39260E+00
 4.32500E+00   2.24988E+00   8.72511E-01   6.18967E-01   1.39260E+00
 4.37500E+00   2.24988E+00   8.72510E-01   6.18966E-01   1.39260E+00
 4.42500E+00   2.24988E+00   8.72509E-01   6.18966E-01   1.39260E+00
 4.47500E+00   2.24989E+00   8.72509E-01   6.18966E-01   1.39260E+00
 4.52500E+00   2.24989E+00   8.72508E-01   6.18965E-01   1.39260E+00
 4.57500E+00   2.24989E+00   8.72507E-01   6.18965E-01   1.39260E+00
 4.62500E+00   2.24989E+00   8.72507E-01   6.18965E-01   1.39260E+00
 4.67500E+00   2.24989E+00   8.72506E-01   6.18965E-01   1.39260E+00
 4.72500E+00   2.24989E+00   8.72506E-01   6.18964E-01   1.39260E+00
 4.77500E+00   2.24989E+00   8.72505E-01   6.18964E-01   1.39260E+00
 4.82500E+00   2.24989E+00   8.72504E-01   6.18964E-01   1.39260E+00
 4.87500E+00   2.24989E+00   8.72504E-01   6.18963E-01   1.39260E+00
 4.92500E+00   2.24989E+00   8.72503E-01   6.18963E-01   1.39260E+00
 4.97500E+00   2.24990E+00   8.72503E-01   6.18963E-01   1.39260E+00
 5.02500E+00   2.24990E+00   8.72502E-01   6.18963E-01   1.39260E+00
 5.07500E+00   2.24990E+00   8.72501E-01   6.18963E-01   1.39260E+00
 5.12500E+00   2.24990E+00   8.72500E-01   6.18963E-01   1.39260E+00
 5.17500E+00   2.24990E+00   8.72500E-01   6.18962E-01   1.39260E+00
 5.22500E+00   2.24990E+00   8.72499E-01   6.18962E-01   1.39261E+00
 5.27500E+00   2.24991E+00   8.72498E-01   6.18962E-01   1.39261E+00
 5.32500E+00   2.24991E+00   8.72497E-01   6.18962E-01   1.39261E+00
 5.37500E+00   2.24991E+00   8.72496E-01   6.18962E-01   1.39261E+00
 5.42500E+00   2.24991E+00   8.72496E-01   6.18961E-01   1.39261E+00
 5.47500E+00   2.24991E+00   8.72495E-01   6.18961E-01   1.39261E+00
 5.52500E+00   2.24992E+00   8.72494E-01   6.18961E-01   1.39261E+00
 5.57500E+00   2.24992E+00   8.72493E-01   6.18960E-01   1.39261E+00
 5.62500E+00   2.24992E+00   8.72492E-01   6.18960E-01   1.39261E+00
 5.67500E+00   2.24992E+00   8.72491E-01   6.18959E-01   1.39261E+00
 5.72500E+00   2.24992E+00   8.72490E-01   6.18959E-01   1.39261E+00
 5.77500E+00   2.24993E+00   8.72489E-01   6.18958E-01   1.39261E+00
 5.82500E+00   2.24993E+00   8.72489E-01   6.18958E-01   1.39261E+00
 5.87500E+00   2.24993E+00   8.72488E-01   6.18957E-01   1.39261E+00
 5.92500E+00   2.24993E+00   8.72487E-01   6.18957E-01   1.39261E+00
 5.97500E+00   2.24994E+00   8.72486E-01   6.18957E-01   1.39261E+00
 6.02500E+00   2.24994E+00   8.72485E-01   6.18956E-01   1.39261E+00
 6.07500E+00   2.24994E+00   8.72484E-01   6.18956E-01   1.39261E+00
 6.12500E+00   2.24994E+00   8.72483E-01   6.18956E-01   1.39261E+00
 6.17500E+00   2.24994E+00   8.72482E-01   6.18955E-01   1.39261E+00
 6.22500E+00   2.24995E+00   8.72481E-01   6.18955E-01   1.39261E+00
 6.27500E+00   2.24995E+00   8.72480E-01   6.18954E-01   1.39262E+00
 6.32500E+00   2.24995E+00   8.72479E-01   6.18954E-01   1.39262E+00
 6.37500E+00   2.24995E+00   8.72478E-01   6.18954E-01   1.39262E+00
 6.42500E+00   2.24996E+00   8.72477E-01   6.18953E-01   1.39262E+00
 6.47500E+00   2.24996E+00   8.72476E-01   6.18953E-01   1.39262E+00
 6.52500E+00   2.24996E+00   8.72474E-01   6.18953E-01   1.39262E+00
 6.57500E+00   2.24997E+00   8.72473E-01   6.18952E-01   1.39262E+00
 6.62500E+00   2.24997E+00   8.72472E-01   6.18952E-01   1.39262E+00
 6.67500E+00   2.24997E+00   8.72470E-01   6.18951E-01   1.39262E+00
 6.72500E+00   2.24997E+00   8.72469E-01   6.18951E-01   1.39262E+00
 6.77500E+00   2.24998E+00   8.72467E-01   6.18950E-01   1.39263E+00
 6.82500E+00   2.24998E+00   8.72466E-01   6.18950E-01   1.39263E+00
 6.87500E+00   2.24999E+00   8.72465E-01   6.18949E-01   1.39263E+00
 6.92500E+00   2.24999E+00   8.72463E-01   6.18948E-01   1.39263E+00
 6.97500E+00   2.25000E+00   8.72461E-01   6.18948E-01   1.39263E+00
 7.02500E+00   2.25000E+00   8.72460E-01   6.18947E-01   1.39263E+00
 7.07500E+00   2.25000E+00   8.72458E-01   6.18947E-01   1.39263E+00
 7.12500E+00   2.25001E+00   8.72456E-01   6.18946E-01   1.39263E+00
 7.17500E+00   2.25001E+00   8.72454E-01   6.18945E-01   1.39263E+00
 7.22500E+00   2.25002E+00   8.72453E-01   6.18945E-01   1.39264E+00
 7.27500E+00   2.25002E+00   8.72451E-01   6.18944E-01   1.39264E+00
 7.32500E+00   2.25002E+00   8.72449E-01   6.18943E-01   1.39264E+00
 7.37500E+00   2.25003E+00   8.72447E-01   6.18943E-01   1.39264E+00
 7.42500E+00   2.25003E+00   8.72446E-01   6.18942E-01   1.39264E+00
 7.47500E+00   2.25003E+00   8.72444E-01   6.18942E-01   1.39264E+00
 7.52500E+00   2.25004E+00   8.72443E-01   6.18941E-01   1.39264E+00
 7.57500E+00   2.25004E+00   8.72441E-01   6.18941E-01   1.39264E+00
 7.62500E+00   2.25005E+00   8.72440E-01   6.18940E-01   1.39264E+00
 7.67500E+00   2.25005E+00   8.72438E-01   6.18940E-01   1.39265E+00
 7.72500E+00   2.25005E+00   8.72437E-01   6.18939E-01   1.39265E+00
 7.77500E+00   2.25006E+00   8.72435E-01   6.18939E-01   1.39265E+00
 7.82500E+00   2.25006E+00   8.72434E-01   6.18938E-01   1.39265E+00
 7.87500E+00   2.25006E+00   8.72432E-01   6.18938E-01   1.39265E+00
 7.92500E+00   2.25006E+00   8.72431E-01   6.18937E-01   1.39265E+00
 7.97500E+00   2.25007E+00   8.72430E-01   6.18937E-01   1.39265E+00
 8.02500E+00   2.25007E+00   8.72429E-01   6.18936E-01   1.39265E+00
 8.07500E+00   2.25007E+00   8.72427E-01   6.18936E-01   1.39265E+00
 8.12500E+00   2.25007E+00   8.72426E-01   6.18935E-01   1.39265E+00
 8.17500E+00   2.25007E+00   8.72425E-01   6.18935E-01   1.39265E+00
 8.22500E+00   2.25008E+00   8.72424E-01   6.18935E-01   1.39265E+00
 8.27500E+00   2.25008E+00   8.72423E-01   6.18934E-01   1.39265E+00
 8.32500E+00   2.25008E+00   8.72422E-01   6.18934E-01   1.39265E+00
 8.37500E+00   2.25008E+00   8.72421E-01   6.18933E-01   1.39265E+00
 8.42500E+00   2.25008E+00   8.72420E-01   6.18933E-01   1.39265E+00
 8.47500E+00   2.25009E+00   8.72419E-01   6.18933E-01   1.39265E+00
 8.52500E+00   2.25009E+00   8.72418E-01   6.18933E-01   1.39265E+00
 8.57500E+00   2.25009E+00   8.72417E-01   6.18932E-01   1.39265E+00
 8.62500E+00   2.25009E+00   8.72416E-01   6.18932E-01   1.39265E+00
 8.67500E+00   2.25009E+00   8.72415E-01   6.18932E-01   1.39265E+00
 8.72500E+00   2.25009E+00   8.72414E-01   6.18931E-01   1.39265E+00
 8.77500E+00   2.25009E+00   8.72414E-01   6.18931E-01   1.39265E+00
 8.82500E+00   2.25009E+00   8.72413E-01   6.18931E-01   1.39265E+00
 8.87500E+00   2.25009E+00   8.72412E-01   6.18931E-01   1.39265E+00
 8.92500E+00   2.25009E+00   8.72411E-01   6.18930E-01   1.39265E+00
 8.97500E+00   2.25010E+00   8.72410E-01   6.18930E-01   1.39265E+00
 9.02500E+00   2.25010E+00   8.72410E-01   6.18930E-01   1.39265E+00
 9.07500E+00   2.25010E+00   8.72409E-01   6.18929E-01   1.39265E+00
 9.12500E+00   2.25010E+00   8.72409E-01   6.18929E-01   1.39265E+00
 9.17500E+00   2.25010E+00   8.72409E-01   6.18928E-01   1.39265E+00
 9.22500E+00   2.25010E+00   8.72408E-01   6.18928E-01   1.39265E+00
 9.27500E+00   2.25010E+00   8.72408E-01   6.18927E-01   1.39265E+00
 9.32500E+00   2.25010E+00   8.72407E-01   6.18927E-01   1.39265E+00
 9.37500E+00   2.25010E+00   8.72406E-01   6.18927E-01   1.39265E+00
 9.42500E+00   2.25010E+00   8.72406E-01   6.18926E-01   1.39265E+00
 9.47500E+00   2.25010E+00   8.72405E-01   6.18926E-01   1.39265E+00
 9.52500E+00   2.25010E+00   8.72405E-01   6.18926E-01   1.39265E+00
 9.57500E+00   2.25010E+00   8.72404E-01   6.18925E-01   1.39264E+00
 9.62500E+00   2.25010E+00   8.72404E-01   6.18925E-01   1.39264E+00
 9.67500E+00   2.25010E+00   8.72404E-01   6.18925E-01   1.39264E+00
 9.72500E+00   2.25010E+00   8.72404E-01   6.18925E-01   1.39264E+00
 9.77500E+00   2.25010E+00   8.72403E-01   6.18924E-01   1.39264E+00
 9.82500E+00   2.25010E+00   8.72403E-01   6.18924E-01   1.39264E+00
 9.87500E+00   2.25010E+00   8.72402E-01   6.18924E-01   1.39264E+00
 9.92500E+00   2.25010E+00   8.72402E-01   6.18924E-01   1.39264E+00
 9.97500E+00   2.25010E+00   8.72402E-01   6.18924E-01   1.39264E+00
 1.00250E+01   2.25010E+00   8.72401E-01   6.18923E-01   1.39264E+00
 1.00750E+01   2.25010E+00   8.72401E-01   6.18923E-01   1.39264E+00
 1.01250E+01   2.25010E+00   8.72401E-01   6.18922E-01   1.39264E+00
 1.01750E+01   2.25010E+00   8.72401E-01   6.18922E-01   1.39264E+00
 1.02250E+01   2.25010E+00   8.72401E-01   6.18922E-01   1.39263E+00
 1.02750E+01   2.25010E+00   8.72400E-01   6.18921E-01   1.39263E+00
 1.03250E+01   2.25010E+00   8.72400E-01   6.18921E-01   1.39263E+00
 1.03750E+01   2.25010E+00   8.72399E-01   6.18920E-01   1.39263E+00
 1.04250E+01   2.25010E+00   8.72399E-01   6.18920E-01   1.39263E+00
 1.04750E+01   2.25010E+00   8.72399E-01   6.18920E-01   1.39263E+00
 1.05250E+01   2.25010E+00   8.72399E-01   6.18919E-01   1.39263E+00
 1.05750E+01   2.25010E+00   8.72399E-01   6.18919E-01   1.39263E+00
 1.06250E+01   2.25010E+00   8.72398E-01   6.18919E-01   1.39263E+00
 1.06750E+01   2.25010E+00   8.72398E-01   6.18918E-01   1.39263E+00
 1.07250E+01   2.25010E+00   8.72398E-01   6.18918E-01   1.39263E+00
 1.07750E+01   2.25010E+00   8.72398E-01   6.18917E-01   1.39263E+00
 1.08250E+01   2.25010E+00   8.72398E-01   6.18917E-01   1.39262E+00
 1.08750E+01   2.25010E+00   8.72398E-01   6.18917E-01   1.39262E+00
 1.09250E+01   2.25010E+00   8.72398E-01   6.18917E-01   1.39262E+00
 1.09750E+01   2.25010E+00   8.72398E-01   6.18916E-01   1.39262E+00
 1.10250E+01   2.25010E+00   8.72398E-01   6.18916E-01   1.39262E+00
 1.10750E+01   2.25010E+00   8.72398E-01   6.18916E-01   1.39262E+00
 1.11250E+01   2.25010E+00   8.72398E-01   6.18915E-01   1.39262E+00
 1.11750E+01   2.25009E+00   8.72398E-01   6.18915E-01   1.39262E+00
 1.12250E+01   2.25009E+00   8.72398E-01   6.18915E-01   1.39262E+00
 1.12750E+01   2.25009E+00   8.72398E-01   6.18914E-01   1.39262E+00
 1.13250E+01   2.25009E+00   8.72397E-01   6.18914E-01   1.39261E+00
 1.13750E+01   2.25009E+00   8.72397E-01   6.18914E-01   1.39261E+00
 1.14250E+01   2.25009E+00   8.72397E-01   6.18913E-01   1.39261E+00
 1.14750E+01   2.25009E+00   8.72397E-01   6.18913E-01   1.39261E+00
 1.15250E+01   2.25009E+00   8.72397E-01   6.18913E-01   1.39261E+00
 1.15750E+01   2.25009E+00   8.72397E-01   6.18912E-01   1.39261E+00
 1.16250E+01   2.25009E+00   8.72397E-01   6.18912E-01   1.39261E+00
 1.16750E+01   2.25009E+00   8.72397E-01   6.18912E-01   1.39261E+00
 1.17250E+01   2.25008E+00   8.72397E-01   6.18912E-01   1.39260E+00
 1.17750E+01   2.25008E+00   8.72398E-01   6.18912E-01   1.39260E+00
 1.18250E+01   2.25008E+00   8.72398E-01   6.18911E-01   1.39260E+00
 1.18750E+01   2.25008E+00   8.72398E-01   6.18911E-01   1.39260E+00
 1.19250E+01   2.25008E+00   8.72399E-01   6.18910E-01   1.39259E+00
 1.19750E+01   2.25007E+00   8.72400E-01   6.18910E-01   1.39259E+00
 1.20250E+01   2.25007E+00   8.72401E-01   6.18910E-01   1.39259E+00
 1.20750E+01   2.25007E+00   8.72402E-01   6.18910E-01   1.39259E+00
 1.21250E+01   2.25006E+00   8.72403E-01   6.18909E-01   1.39258E+00
 1.21750E+01   2.25006E+00   8.72404E-01   6.18909E-01   1.39258E+00
 1.22250E+01   2.25005E+00   8.72405E-01   6.18909E-01   1.39258E+00
 1.22750E+01   2.25005E+00   8.72407E-01   6.18909E-01   1.39258E+00
 1.23250E+01   2.25004E+00   8.72409E-01   6.18909E-01   1.39257E+00
 1.23750E+01   2.25004E+00   8.72411E-01   6.18909E-01   1.39257E+00
 1.24250E+01   2.25003E+00   8.72413E-01   6.18909E-01   1.39256E+00
 1.24750E+01   2.25002E+00   8.72415E-01   6.18909E-01   1.39256E+00
 1.25250E+01   2.25001E+00   8.72418E-01   6.18909E-01   1.39255E+00
 1.25750E+01   2.25001E+00   8.72421E-01   6.18909E-01   1.39255E+00
 1.26250E+01   2.25000E+00   8.72425E-01   6.18909E-01   1.39254E+00
 1.26750E+01   2.24999E+00   8.72428E-01   6.18909E-01   1.39254E+00
 1.27250E+01   2.24998E+00   8.72432E-01   6.18910E-01   1.39253E+00
 1.27750E+01   2.24996E+00   8.72437E-01   6.18910E-01   1.39252E+00
 1.28250E+01   2.24995E+00   8.72441E-01   6.18910E-01   1.39252E+00
 1.28750E+01   2.24994E+00   8.72446E-01   6.18910E-01   1.39251E+00
 1.29250E+01   2.24992E+00   8.72451E-01   6.18911E-01   1.39250E+00
 1.29750E+01   2.24991E+00   8.72456E-01   6.18911E-01   1.39249E+00
 1.30250E+01   2.24989E+00   8.72461E-01   6.18911E-01   1.39249E+00
 1.30750E+01   2.24988E+00   8.72467E-01   6.18911E-01   1.39248E+00
 1.31250E+01   2.24986E+00   8.72474E-01   6.18912E-01   1.39247E+00
 1.31750E+01   2.24985E+00   8.72480E-01   6.18912E-01   1.39246E+00
 1.32250E+01   2.24983E+00   8.72487E-01   6.18912E-01   1.39245E+00
 1.32750E+01   2.24981E+00   8.72494E-01   6.18913E-01   1.39243E+00
 1.33250E+01   2.24979E+00   8.72502E-01   6.18913E-01   1.39242E+00
 1.33750E+01   2.24976E+00   8.72510E-01   6.18914E-01   1.39241E+00
 1.34250E+01   2.24974E+00   8.72519E-01   6.18914E-01   1.39240E+00
 1.34750E+01   2.24972E+00   8.72528E-01   6.18915E-01   1.39238E+00
 1.35250E+01   2.24969E+00   8.72538E-01   6.18916E-01   1.39237E+00
 1.35750E+01   2.24966E+00   8.72549E-01   6.18917E-01   1.39235E+00
 1.36250E+01   2.24963E+00   8.72560E-01   6.18918E-01   1.39234E+00
 1.36750E+01   2.24960E+00   8.72573E-01   6.18919E-01   1.39232E+00
 1.37250E+01   2.24956E+00   8.72586E-01   6.18919E-01   1.39230E+00
 1.37750E+01   2.24953E+00   8.72600E-01   6.18920E-01   1.39228E+00
 1.38250E+01   2.24949E+00   8.72614E-01   6.18922E-01   1.39226E+00
 1.38750E+01   2.24945E+00   8.72630E-01   6.18923E-01   1.39223E+00
 1.39250E+01   2.24940E+00   8.72647E-01   6.18924E-01   1.39221E+00
 1.39750E+01   2.24936E+00   8.72665E-01   6.18925E-01   1.39218E+00
 1.40250E+01   2.24931E+00   8.72684E-01   6.18927E-01   1.39216E+00
 1.40750E+01   2.24926E+00   8.72704E-01   6.18929E-01   1.39213E+00
 1.41250E+01   2.24920E+00   8.72726E-01   6.18930E-01   1.39210E+00
 1.41750E+01   2.24914E+00   8.72748E-01   6.18932E-01   1.39207E+00
 1.42250E+01   2.24908E+00   8.72772E-01   6.18934E-01   1.39203E+00
 1.42750E+01   2.24901E+00   8.72797E-01   6.18936E-01   1.39200E+00
 1.43250E+01   2.24894E+00   8.72824E-01   6.18939E-01   1.39196E+00
 1.43750E+01   2.24887E+00   8.72852E-01   6.18941E-01   1.39192E+00
 1.44250E+01   2.24879E+00   8.72882E-01   6.18943E-01   1.39187E+00
 1.44750E+01   2.24871E+00   8.72914E-01   6.18946E-01   1.39183E+00
 1.45250E+01   2.24862E+00   8.72947E-01   6.18948E-01   1.39178E+00
 1.45750E+01   2.24853E+00   8.72983E-01   6.18951E-01   1.39173E+00
 1.46250E+01   2.24843E+00   8.73020E-01   6.18954E-01   1.39168E+00
 1.46750E+01   2.24833E+00   8.73060E-01   6.18957E-01   1.39162E+00
 1.47250E+01   2.24822E+00   8.73102E-01   6.18960E-01   1.39156E+00
 1.47750E+01   2.24810E+00   8.73146E-01   6.18963E-01   1.39149E+00
 1.48250E+01   2.24798E+00   8.73192E-01   6.18967E-01   1.39143E+00
 1.48750E+01   2.24786E+00   8.73241E-01   6.18970E-01   1.39136E+00
 1.49250E+01   2.24772E+00   8.73293E-01   6.18974E-01   1.39128E+00
 1.49750E+01   2.24758E+00   8.73347E-01   6.18977E-01   1.39120E+00
 1.50250E+01   2.24743E+00   8.73405E-01   6.18981E-01   1.39112E+00
 1.50750E+01   2.24728E+00   8.73465E-01   6.18985E-01   1.39103E+00
 1.51250E+01   2.24711E+00   8.73528E-01   6.18990E-01   1.39094E+00
 1.51750E+01   2.24694E+00   8.73595E-01   6.18995E-01   1.39084E+00
 1.52250E+01   2.24676E+00   8.73666E-01   6.19000E-01   1.39074E+00
 1.52750E+01   2.24657E+00   8.73739E-01   6.19005E-01   1.39064E+00
 1.53250E+01   2.24637E+00   8.73817E-01   6.19011E-01   1.39053E+00
 1.53750E+01   2.24616E+00   8.73899E-01   6.19016E-01   1.39041E+00
 1.54250E+01   2.24594E+00   8.73985E-01   6.19022E-01   1.39028E+00
 1.54750E+01   2.24570E+00   8.74075E-01   6.19028E-01   1.39015E+00
 1.55250E+01   2.24546E+00   8.74169E-01   6.19035E-01   1.39002E+00
 1.55750E+01   2.24520E+00   8.74268E-01   6.19041E-01   1.38987E+00
 1.56250E+01   2.24494E+00   8.74372E-01   6.19048E-01   1.38972E+00
 1.56750E+01   2.24466E+00   8.74481E-01   6.19056E-01   1.38957E+00
 1.57250E+01   2.24436E+00   8.74595E-01   6.19064E-01   1.38940E+00
 1.57750E+01   2.24405E+00   8.74715E-01   6.19072E-01   1.38923E+00
 1.58250E+01   2.24373E+00   8.74840E-01   6.19080E-01   1.38905E+00
 1.58750E+01   2.24339E+00   8.74971E-01   6.19089E-01   1.38886E+00
 1.59250E+01   2.24304E+00   8.75108E-01   6.19098E-01   1.38866E+00
 1.59750E+01   2.24267E+00   8.75252E-01   6.19107E-01   1.38845E+00
 1.60250E+01   2.24228E+00   8.75402E-01   6.19116E-01   1.38823E+00
 1.60750E+01   2.24188E+00   8.75559E-01   6.19126E-01   1.38801E+00
 1.61250E+01   2.24146E+00   8.75723E-01   6.19137E-01   1.38777E+00
 1.61750E+01   2.24102E+00   8.75895E-01   6.19148E-01   1.38752E+00
 1.62250E+01   2.24056E+00   8.76074E-01   6.19159E-01   1.38726E+00
 1.62750E+01   2.24008E+00   8.76260E-01   6.19170E-01   1.38699E+00
 1.63250E+01   2.23958E+00   8.76455E-01   6.19182E-01   1.38671E+00
 1.63750E+01   2.23906E+00   8.76658E-01   6.19195E-01   1.38641E+00
 1.64250E+01   2.23852E+00   8.76870E-01   6.19207E-01   1.38611E+00
 1.64750E+01   2.23795E+00   8.77091E-01   6.19220E-01   1.38579E+00
 1.65250E+01   2.23737E+00   8.77321E-01   6.19234E-01   1.38545E+00
 1.65750E+01   2.23675E+00   8.77560E-01   6.19248E-01   1.38511E+00
 1.66250E+01   2.23612E+00   8.77809E-01   6.19263E-01   1.38474E+00
 1.66750E+01   2.23546E+00   8.78068E-01   6.19278E-01   1.38437E+00
 1.67250E+01   2.23477E+00   8.78338E-01   6.19293E-01   1.38398E+00
 1.67750E+01   2.23405E+00   8.78618E-01   6.19309E-01   1.38357E+00
 1.68250E+01   2.23331E+00   8.78910E-01   6.19325E-01   1.38315E+00
 1.68750E+01   2.23254E+00   8.79213E-01   6.19342E-01   1.38271E+00
 1.69250E+01   2.23174E+00   8.79528E-01   6.19360E-01   1.38225E+00
 1.69750E+01   2.23091E+00   8.79854E-01   6.19377E-01   1.38178E+00
 1.70250E+01   2.23005E+00   8.80193E-01   6.19395E-01   1.38128E+00
 1.70750E+01   2.22916E+00   8.80545E-01   6.19414E-01   1.38077E+00
 1.71250E+01   2.22824E+00   8.80909E-01   6.19433E-01   1.38024E+00
 1.71750E+01   2.22728E+00   8.81287E-01   6.19453E-01   1.37969E+00
 1.72250E+01   2.22629E+00   8.81679E-01   6.19473E-01   1.37913E+00
 1.72750E+01   2.22526E+00   8.82085E-01   6.19494E-01   1.37854E+00
 1.73250E+01   2.22420E+00   8.82506E-01   6.19516E-01   1.37793E+00
 1.73750E+01   2.22310E+00   8.82941E-01   6.19538E-01   1.37730E+00
 1.74250E+01   2.22197E+00   8.83391E-01   6.19560E-01   1.37664E+00
 1.74750E+01   2.22080E+00   8.83857E-01   6.19583E-01   1.37597E+00
 1.75250E+01   2.21959E+00   8.84338E-01   6.19606E-01   1.37527E+00
 1.75750E+01   2.21834E+00   8.84836E-01   6.19630E-01   1.37455E+00
 1.76250E+01   2.21705E+00   8.85351E-01   6.19655E-01   1.37380E+00
 1.76750E+01   2.21572E+00   8.85882E-01   6.19680E-01   1.37303E+00
 1.77250E+01   2.21434E+00   8.86431E-01   6.19705E-01   1.37224E+00
 1.77750E+01   2.21293E+00   8.86997E-01   6.19732E-01   1.37142E+00
 1.78250E+01   2.21147E+00   8.87581E-01   6.19758E-01   1.37058E+00
 1.78750E+01   2.20997E+00   8.88184E-01   6.19785E-01   1.36971E+00
 1.79250E+01   2.20842E+00   8.88805E-01   6.19813E-01   1.36881E+00
 1.79750E+01   2.20683E+00   8.89445E-01   6.19842E-01   1.36789E+00
 1.80250E+01   2.20520E+00   8.90105E-01   6.19871E-01   1.36694E+00
 1.80750E+01   2.20351E+00   8.90784E-01   6.19900E-01   1.36596E+00
 1.81250E+01   2.20178E+00   8.91483E-01   6.19930E-01   1.36495E+00
 1.81750E+01   2.20000E+00   8.92203E-01   6.19960E-01   1.36391E+00
 1.82250E+01   2.19818E+00   8.92943E-01   6.19991E-01   1.36285E+00
 1.82750E+01   2.19630E+00   8.93705E-01   6.20023E-01   1.36176E+00
 1.83250E+01   2.19438E+00   8.94487E-01   6.20055E-01   1.36064E+00
 1.83750E+01   2.19241E+00   8.95292E-01   6.20087E-01   1.35948E+00
 1.84250E+01   2.19039E+00   8.96118E-01   6.20120E-01   1.35830E+00
 1.84750E+01   2.18831E+00   8.96966E-01   6.20153E-01   1.35709E+00
 1.85250E+01   2.18619E+00   8.97837E-01   6.20187E-01   1.35585E+00
 1.85750E+01   2.18401E+00   8.98730E-01   6.20222E-01   1.35457E+00
 1.86250E+01   2.18179E+00   8.99647E-01   6.20256E-01   1.35327E+00
 1.86750E+01   2.17951E+00   9.00586E-01   6.20291E-01   1.35193E+00
 1.87250E+01   2.17718E+00   9.01550E-01   6.20327E-01   1.35056E+00
 1.87750E+01   2.17480E+00   9.02536E-01   6.20362E-01   1.34916E+00
 1.88250E+01   2.17237E+00   9.03547E-01   6.20398E-01   1.34773E+00
 1.88750E+01   2.16988E+00   9.04582E-01   6.20434E-01   1.34627E+00
 1.89250E+01   2.16734E+00   9.05641E-01   6.20471E-01   1.34477E+00
 1.89750E+01   2.16475E+00   9.06725E-01   6.20508E-01   1.34325E+00
 1.90250E+01   2.16211E+00   9.07833E-01   6.20545E-01   1.34169E+00
 1.90750E+01   2.15941E+00   9.08966E-01   6.20583E-01   1.34009E+00
 1.91250E+01   2.15666E+00   9.10124E-01   6.20621E-01   1.33847E+00
 1.91750E+01   2.15386E+00   9.11307E-01   6.20659E-01   1.33681E+00
 1.92250E+01   2.15101E+00   9.12515E-01   6.20697E-01   1.33513E+00
 1.92750E+01   2.14811E+00   9.13748E-01   6.20736E-01   1.33341E+00
 1.93250E+01   2.14515E+00   9.15007E-01   6.20775E-01   1.33166E+00
 1.93750E+01   2.14215E+00   9.16291E-01   6.20813E-01   1.32987E+00
 1.94250E+01   2.13909E+00   9.17600E-01   6.20852E-01   1.32806E+00
 1.94750E+01   2.13598E+00   9.18935E-01   6.20891E-01   1.32621E+00
 1.95250E+01   2.13283E+00   9.20296E-01   6.20930E-01   1.32434E+00
 1.95750E+01   2.12962E+00   9.21681E-01   6.20969E-01   1.32243E+00
 1.96250E+01   2.12636E+00   9.23093E-01   6.21008E-01   1.32049E+00
 1.96750E+01   2.12306E+00   9.24529E-01   6.21047E-01   1.31852E+00
 1.97250E+01   2.11971E+00   9.25991E-01   6.21086E-01   1.31652E+00
 1.97750E+01   2.11631E+00   9.27478E-01   6.21125E-01   1.31449E+00
 1.98250E+01   2.11287E+00   9.28990E-01   6.21164E-01   1.31244E+00
 1.98750E+01   2.10938E+00   9.30527E-01   6.21203E-01   1.31035E+00
 1.99250E+01   2.10584E+00   9.32089E-01   6.21242E-01   1.30824E+00
 1.99750E+01   2.10226E+00   9.33675E-01   6.21280E-01   1.30609E+00
 2.00250E+01   2.09864E+00   9.35286E-01   6.21318E-01   1.30393E+00
 2.00750E+01   2.09498E+00   9.36921E-01   6.21356E-01   1.30173E+00
 2.01250E+01   2.09128E+00   9.38580E-01   6.21394E-01   1.29951E+00
 2.01750E+01   2.08753E+00   9.40263E-01   6.21432E-01   1.29726E+00
 2.02250E+01   2.08375E+00   9.41970E-01   6.21469E-01   1.29499E+00
 2.02750E+01   2.07993E+00   9.43700E-01   6.21506E-01   1.29269E+00
 2.03250E+01   2.07608E+00   9.45452E-01   6.21542E-01   1.29037E+00
 2.03750E+01   2.07219E+00   9.47227E-01   6.21578E-01   1.28803E+00
 2.04250E+01   2.06827E+00   9.49025E-01   6.21613E-01   1.28566E+00
 2.04750E+01   2.06431E+00   9.50844E-01   6.21648E-01   1.28327E+00
 2.05250E+01   2.06032E+00   9.52685E-01   6.21683E-01   1.28087E+00
 2.05750E+01   2.05630E+00   9.54547E-01   6.21717E-01   1.27844E+00
 2.06250E+01   2.05226E+00   9.56430E-01   6.21750E-01   1.27599E+00
 2.06750E+01   2.04818E+00   9.58333E-01   6.21783E-01   1.27353E+00
 2.07250E+01   2.04408E+00   9.60256E-01   6.21816E-01   1.27104E+00
 2.07750E+01   2.03996E+00   9.62198E-01   6.21847E-01   1.26854E+00
 2.08250E+01   2.03581E+00   9.64159E-01   6.21878E-01   1.26602E+00
 2.08750E+01   2.03164E+00   9.66138E-01   6.21908E-01   1.26349E+00
 2.09250E+01   2.02745E+00   9.68136E-01   6.21937E-01   1.26095E+00
 2.09750E+01   2.02324E+00   9.70151E-01   6.21966E-01   1.25839E+00
 2.10250E+01   2.01901E+00   9.72182E-01   6.21994E-01   1.25581E+00
 2.10750E+01   2.01477E+00   9.74230E-01   6.22021E-01   1.25323E+00
 2.11250E+01   2.01051E+00   9.76294E-01   6.22047E-01   1.25063E+00
 2.11750E+01   2.00624E+00   9.78372E-01   6.22073E-01   1.24803E+00
 2.12250E+01   2.00196E+00   9.80465E-01   6.22097E-01   1.24541E+00
 2.12750E+01   1.99767E+00   9.82572E-01   6.22121E-01   1.24279E+00
 2.13250E+01   1.99337E+00   9.84692E-01   6.22144E-01   1.24016E+00
 2.13750E+01   1.98907E+00   9.86824E-01   6.22166E-01   1.23753E+00
 2.14250E+01   1.98475E+00   9.88969E-01   6.22186E-01   1.23489E+00
 2.14750E+01   1.98044E+00   9.91124E-01   6.22206E-01   1.23224E+00
 2.15250E+01   1.97612E+00   9.93290E-01   6.22225E-01   1.22959E+00
 2.15750E+01   1.97180E+00   9.95467E-01   6.22243E-01   1.22694E+00
 2.16250E+01   1.96749E+00   9.97652E-01   6.22260E-01   1.22429E+00
 2.16750E+01   1.96317E+00   9.99845E-01   6.22276E-01   1.22163E+00
 2.17250E+01   1.95886E+00   1.00205E+00   6.22290E-01   1.21898E+00
 2.17750E+01   1.95455E+00   1.00426E+00   6.22304E-01   1.21633E+00
 2.18250E+01   1.95025E+00   1.00647E+00   6.22317E-01   1.21367E+00
 2.18750E+01   1.94596E+00   1.00869E+00   6.22328E-01   1.21103E+00
 2.19250E+01   1.94168E+00   1.01092E+00   6.22338E-01   1.20838E+00
 2.19750E+01   1.93741E+00   1.01315E+00   6.22348E-01   1.20574E+00
 2.20250E+01   1.93315E+00   1.01538E+00   6.22356E-01   1.20311E+00
 2.20750E+01   1.92890E+00   1.01761E+00   6.22363E-01   1.20048E+00
 2.21250E+01   1.92467E+00   1.01985E+00   6.22368E-01   1.19785E+00
 2.21750E+01   1.92046E+00   1.02209E+00   6.22373E-01   1.19524E+00
 2.22250E+01   1.91626E+00   1.02433E+00   6.22376E-01   1.19263E+00
 2.22750E+01   1.91208E+00   1.02657E+00   6.22379E-01   1.19004E+00
 2.23250E+01   1.90792E+00   1.02881E+00   6.22380E-01   1.18745E+00
 2.23750E+01   1.90379E+00   1.03104E+00   6.22380E-01   1.18488E+00
 2.24250E+01   1.89967E+00   1.03328E+00   6.22379E-01   1.18232E+00
 2.24750E+01   1.89558E+00   1.03551E+00   6.22377E-01   1.17977E+00
 2.25250E+01   1.89151E+00   1.03774E+00   6.22374E-01   1.17723E+00
 2.25750E+01   1.88747E+00   1.03996E+00   6.22370E-01   1.17471E+00
 2.26250E+01   1.88346E+00   1.04218E+00   6.22364E-01   1.17220E+00
 2.26750E+01   1.87947E+00   1.04439E+00   6.22358E-01   1.16970E+00
 2.27250E+01   1.87551E+00   1.04659E+00   6.22350E-01   1.16723E+00
 2.27750E+01   1.87159E+00   1.04879E+00   6.22341E-01   1.16476E+00
 2.28250E+01   1.86769E+00   1.05098E+00   6.22331E-01   1.16232E+00
 2.28750E+01   1.86382E+00   1.05316E+00   6.22320E-01   1.15989E+00
 2.29250E+01   1.85999E+00   1.05533E+00   6.22308E-01   1.15748E+00
 2.29750E+01   1.85619E+00   1.05749E+00   6.22294E-01   1.15509E+00
 2.30250E+01   1.85242E+00   1.05965E+00   6.22280E-01   1.15272E+00
 2.30750E+01   1.84869E+00   1.06179E+00   6.22265E-01   1.15037E+00
 2.31250E+01   1.84499E+00   1.06391E+00   6.22249E-01   1.14804E+00
 2.31750E+01   1.84133E+00   1.06603E+00   6.22231E-01   1.14573E+00
 2.32250E+01   1.83771E+00   1.06813E+00   6.22213E-01   1.14344E+00
 2.32750E+01   1.83412E+00   1.07022E+00   6.22193E-01   1.14118E+00
 2.33250E+01   1.83057E+00   1.07230E+00   6.22173E-01   1.13893E+00
 2.33750E+01   1.82706E+00   1.07436E+00   6.22152E-01   1.13671E+00
 2.34250E+01   1.82359E+00   1.07640E+00   6.22130E-01   1.13451E+00
 2.34750E+01   1.82016E+00   1.07843E+00   6.22107E-01   1.13233E+00
 2.35250E+01   1.81677E+00   1.08045E+00   6.22083E-01   1.13018E+00
 2.35750E+01   1.81342E+00   1.08244E+00   6.22058E-01   1.12805E+00
 2.36250E+01   1.81011E+00   1.08442E+00   6.22033E-01   1.12595E+00
 2.36750E+01   1.80684E+00   1.08638E+00   6.22006E-01   1.12387E+00
 2.37250E+01   1.80362E+00   1.08833E+00   6.21979E-01   1.12181E+00
 2.37750E+01   1.80043E+00   1.09025E+00   6.21951E-01   1.11978E+00
 2.38250E+01   1.79729E+00   1.09216E+00   6.21923E-01   1.11778E+00
 2.38750E+01   1.79419E+00   1.09404E+00   6.21893E-01   1.11580E+00
 2.39250E+01   1.79114E+00   1.09591E+00   6.21863E-01   1.11384E+00
 2.39750E+01   1.78812E+00   1.09776E+00   6.21833E-01   1.11191E+00
 2.40250E+01   1.78515E+00   1.09959E+00   6.21802E-01   1.11001E+00
 2.40750E+01   1.78223E+00   1.10139E+00   6.21770E-01   1.10813E+00
 2.41250E+01   1.77934E+00   1.10318E+00   6.21737E-01   1.10628E+00
 2.41750E+01   1.77650E+00   1.10494E+00   6.21704E-01   1.10446E+00
 2.42250E+01   1.77371E+00   1.10668E+00   6.21671E-01   1.10266E+00
 2.42750E+01   1.77095E+00   1.10841E+00   6.21637E-01   1.10089E+00
 2.43250E+01   1.76824E+00   1.11010E+00   6.21602E-01   1.09914E+00
 2.43750E+01   1.76558E+00   1.11178E+00   6.21567E-01   1.09742E+00
 2.44250E+01   1.76296E+00   1.11344E+00   6.21532E-01   1.09573E+00
 2.44750E+01   1.76038E+00   1.11507E+00   6.21496E-01   1.09407E+00
 2.45250E+01   1.75784E+00   1.11668E+00   6.21460E-01   1.09243E+00
 2.45750E+01   1.75535E+00   1.11826E+00   6.21424E-01   1.09082E+00
 2.46250E+01   1.75290E+00   1.11982E+00   6.21387E-01   1.08923E+00
 2.46750E+01   1.75050E+00   1.12136E+00   6.21350E-01   1.08767E+00
 2.47250E+01   1.74813E+00   1.12288E+00   6.21313E-01   1.08614E+00
 2.47750E+01   1.74581E+00   1.12437E+00   6.21275E-01   1.08463E+00
 2.48250E+01   1.74353E+00   1.12584E+00   6.21238E-01   1.08315E+00
 2.48750E+01   1.74130E+00   1.12729E+00   6.21200E-01   1.08169E+00
 2.49250E+01   1.73911E+00   1.12871E+00   6.21162E-01   1.08027E+00
 2.49750E+01   1.73695E+00   1.13011E+00   6.21124E-01   1.07886E+00
 2.50250E+01   1.73485E+00   1.13148E+00   6.21086E-01   1.07749E+00
 2.50750E+01   1.73278E+00   1.13283E+00   6.21048E-01   1.07614E+00
 2.51250E+01   1.73075E+00   1.13416E+00   6.21010E-01   1.07481E+00
 2.51750E+01   1.72876E+00   1.13546E+00   6.20972E-01   1.07351E+00
 2.52250E+01   1.72682E+00   1.13674E+00   6.20934E-01   1.07224E+00
 2.52750E+01   1.72491E+00   1.13800E+00   6.20896E-01   1.07099E+00
 2.53250E+01   1.72304E+00   1.13923E+00   6.20858E-01   1.06976E+00
 2.53750E+01   1.72122E+00   1.14044E+00   6.20820E-01   1.06856E+00
 2.54250E+01   1.71943E+00   1.14163E+00   6.20782E-01   1.06739E+00
 2.54750E+01   1.71768E+00   1.14279E+00   6.20744E-01   1.06624E+00
 2.55250E+01   1.71597E+00   1.14393E+00   6.20706E-01   1.06511E+00
 2.55750E+01   1.71429E+00   1.14505E+00   6.20668E-01   1.06401E+00
 2.56250E+01   1.71266E+00   1.14614E+00   6.20631E-01   1.06293E+00
 2.56750E+01   1.71106E+00   1.14722E+00   6.20594E-01   1.06187E+00
 2.57250E+01   1.70949E+00   1.14826E+00   6.20557E-01   1.06084E+00
 2.57750E+01   1.70796E+00   1.14929E+00   6.20520E-01   1.05983E+00
 2.58250E+01   1.70647E+00   1.15030E+00   6.20484E-01   1.05884E+00
 2.58750E+01   1.70502E+00   1.15128E+00   6.20448E-01   1.05787E+00
 2.59250E+01   1.70359E+00   1.15224E+00   6.20412E-01   1.05693E+00
 2.59750E+01   1.70220E+00   1.15318E+00   6.20377E-01   1.05601E+00
 2.60250E+01   1.70085E+00   1.15410E+00   6.20342E-01   1.05511E+00
 2.60750E+01   1.69953E+00   1.15500E+00   6.20307E-01   1.05423E+00
 2.61250E+01   1.69824E+00   1.15587E+00   6.20272E-01   1.05337E+00
 2.61750E+01   1.69698E+00   1.15673E+00   6.20238E-01   1.05253E+00
 2.62250E+01   1.69576E+00   1.15756E+00   6.20204E-01   1.05172E+00
 2.62750E+01   1.69457E+00   1.15838E+00   6.20170E-01   1.05092E+00
 2.63250E+01   1.69340E+00   1.15917E+00   6.20137E-01   1.05014E+00
 2.63750E+01   1.69227E+00   1.15995E+00   6.20105E-01   1.04939E+00
 2.64250E+01   1.69117E+00   1.16071E+00   6.20073E-01   1.04865E+00
 2.64750E+01   1.69009E+00   1.16144E+00   6.20041E-01   1.04793E+00
 2.65250E+01   1.68905E+00   1.16216E+00   6.20009E-01   1.04723E+00
 2.65750E+01   1.68803E+00   1.16286E+00   6.19978E-01   1.04654E+00
 2.66250E+01   1.68705E+00   1.16354E+00   6.19948E-01   1.04588E+00
 2.66750E+01   1.68608E+00   1.16421E+00   6.19918E-01   1.04523E+00
 2.67250E+01   1.68515E+00   1.16485E+00   6.19888E-01   1.04460E+00
 2.67750E+01   1.68424E+00   1.16548E+00   6.19859E-01   1.04399E+00
 2.68250E+01   1.68336E+00   1.16609E+00   6.19830E-01   1.04340E+00
 2.68750E+01   1.68250E+00   1.16668E+00   6.19802E-01   1.04282E+00
 2.69250E+01   1.68167E+00   1.16726E+00   6.19774E-01   1.04226E+00
 2.69750E+01   1.68086E+00   1.16782E+00   6.19747E-01   1.04171E+00
 2.70250E+01   1.68008E+00   1.16837E+00   6.19720E-01   1.04118E+00
 2.70750E+01   1.67932E+00   1.16890E+00   6.19694E-01   1.04066E+00
 2.71250E+01   1.67858E+00   1.16941E+00   6.19668E-01   1.04016E+00
 2.71750E+01   1.67786E+00   1.16991E+00   6.19643E-01   1.03967E+00
 2.72250E+01   1.67717E+00   1.17040E+00   6.19618E-01   1.03920E+00
 2.72750E+01   1.67649E+00   1.17086E+00   6.19593E-01   1.03875E+00
 2.73250E+01   1.67584E+00   1.17132E+00   6.19570E-01   1.03830E+00
 2.73750E+01   1.67521E+00   1.17176E+00   6.19546E-01   1.03787E+00
 2.74250E+01   1.67460E+00   1.17219E+00   6.19523E-01   1.03745E+00
 2.74750E+01   1.67401E+00   1.17260E+00   6.19501E-01   1.03705E+00
 2.75250E+01   1.67343E+00   1.17301E+00   6.19478E-01   1.03666E+00
 2.75750E+01   1.67288E+00   1.17339E+00   6.19457E-01   1.03628E+00
 2.76250E+01   1.67235E+00   1.17377E+00   6.19436E-01   1.03591E+00
 2.76750E+01   1.67183E+00   1.17413E+00   6.19415E-01   1.03556E+00
 2.77250E+01   1.67133E+00   1.17449E+00   6.19395E-01   1.03521E+00
 2.77750E+01   1.67084E+00   1.17483E+00   6.19376E-01   1.03488E+00
 2.78250E+01   1.67037E+00   1.17516E+00   6.19357E-01   1.03456E+00
 2.78750E+01   1.66992E+00   1.17547E+00   6.19338E-01   1.03425E+00
 2.79250E+01   1.66949E+00   1.17578E+00   6.19320E-01   1.03395E+00
 2.79750E+01   1.66906E+00   1.17608E+00   6.19302E-01   1.03366E+00
 2.80250E+01   1.66866E+00   1.17637E+00   6.19285E-01   1.03337E+00
 2.80750E+01   1.66826E+00   1.17664E+00   6.19268E-01   1.03310E+00
 2.81250E+01   1.66789E+00   1.17691E+00   6.19252E-01   1.03284E+00
 2.81750E+01   1.66752E+00   1.17717E+00   6.19236E-01   1.03259E+00
 2.82250E+01   1.66717E+00   1.17742E+00   6.19220E-01   1.03235E+00
 2.82750E+01   1.66683E+00   1.17766E+00   6.19205E-01   1.03211E+00
 2.83250E+01   1.66651E+00   1.17789E+00   6.19190E-01   1.03188E+00
 2.83750E+01   1.66619E+00   1.17811E+00   6.19176E-01   1.03167E+00
 2.84250E+01   1.66589E+00   1.17832E+00   6.19161E-01   1.03145E+00
 2.84750E+01   1.66560E+00   1.17853E+00   6.19148E-01   1.03125E+00
 2.85250E+01   1.66532E+00   1.17873E+00   6.19134E-01   1.03106E+00
 2.85750E+01   1.66505E+00   1.17892E+00   6.19122E-01   1.03087E+00
 2.86250E+01   1.66479E+00   1.17910E+00   6.19109E-01   1.03069E+00
 2.86750E+01   1.66454E+00   1.17928E+00   6.19097E-01   1.03051E+00
 2.87250E+01   1.66430E+00   1.17945E+00   6.19085E-01   1.03034E+00
 2.87750E+01   1.66407E+00   1.17961E+00   6.19074E-01   1.03018E+00
 2.88250E+01   1.66385E+00   1.17977E+00   6.19063E-01   1.03003E+00
 2.88750E+01   1.66364E+00   1.17992E+00   6.19052E-01   1.02988E+00
 2.89250E+01   1.66344E+00   1.18006E+00   6.19042E-01   1.02974E+00
 2.89750E+01   1.66324E+00   1.18020E+00   6.19032E-01   1.02960E+00
 2.90250E+01   1.66306E+00   1.18033E+00   6.19022E-01   1.02947E+00
 2.90750E+01   1.66288E+00   1.18046E+00   6.19013E-01   1.02934E+00
 2.91250E+01   1.66271E+00   1.18058E+00   6.19003E-01   1.02922E+00
 2.91750E+01   1.66254E+00   1.18070E+00   6.18995E-01   1.02910E+00
 2.92250E+01   1.66238E+00   1.18081E+00   6.18986E-01   1.02899E+00
 2.92750E+01   1.66223E+00   1.18092E+00   6.18978E-01   1.02889E+00
 2.93250E+01   1.66209E+00   1.18102E+00   6.18970E-01   1.02878E+00
 2.93750E+01   1.66195E+00   1.18112E+00   6.18963E-01   1.02869E+00
 2.94250E+01   1.66182E+00   1.18121E+00   6.18955E-01   1.02859E+00
 2.94750E+01   1.66169E+00   1.18130E+00   6.18948E-01   1.02850E+00
 2.95250E+01   1.66157E+00   1.18139E+00   6.18941E-01   1.02842E+00
 2.95750E+01   1.66146E+00   1.18147E+00   6.18934E-01   1.02833E+00
 2.96250E+01   1.66135E+00   1.18155E+00   6.18928E-01   1.02826E+00
 2.96750E+01   1.66124E+00   1.18162E+00   6.18921E-01   1.02818E+00
 2.97250E+01   1.66114E+00   1.18169E+00   6.18915E-01   1.02811E+00
 2.97750E+01   1.66105E+00   1.18176E+00   6.18909E-01   1.02804E+00
 2.98250E+01   1.66096E+00   1.18183E+00   6.18904E-01   1.02797E+00
 2.98750E+01   1.66087E+00   1.18189E+00   6.18898E-01   1.02791E+00
 2.99250E+01   1.66079E+00   1.18195E+00   6.18893E-01   1.02785E+00
 2.99750E+01   1.66071E+00   1.18200E+00   6.18888E-01   1.02780E+00
 3.00250E+01   1.66064E+00   1.18206E+00   6.18883E-01   1.02774E+00
 3.00750E+01   1.66057E+00   1.18211E+00   6.18879E-01   1.02769E+00
 3.01250E+01   1.66050E+00   1.18216E+00   6.18874E-01   1.02764E+00
 3.01750E+01   1.66043E+00   1.18220E+00   6.18870E-01   1.02759E+00
 3.02250E+01   1.66037E+00   1.18225E+00   6.18865E-01   1.02755E+00
 3.02750E+01   1.66032E+00   1.18229E+00   6.18861E-01   1.02750E+00
 3.03250E+01   1.66026E+00   1.18233E+00   6.18857E-01   1.02746E+00
 3.03750E+01   1.66021E+00   1.18236E+00   6.18853E-01   1.02743E+00
 3.04250E+01   1.66016E+00   1.18240E+00   6.18850E-01   1.02739E+00
 3.04750E+01   1.66011E+00   1.18243E+00   6.18846E-01   1.02735E+00
 3.05250E+01   1.66007E+00   1.18247E+00   6.18843E-01   1.02732E+00
 3.05750E+01   1.66003E+00   1.18250E+00   6.18840E-01   1.02729E+00
 3.06250E+01   1.65999E+00   1.18253E+00   6.18836E-01   1.02726E+00
 3.06750E+01   1.65995E+00   1.18255E+00   6.18833E-01   1.02723E+00
 3.07250E+01   1.65991E+00   1.18258E+00   6.18830E-01   1.02721E+00
 3.07750E+01   1.65988E+00   1.18260E+00   6.18828E-01   1.02718E+00
 3.08250E+01   1.65985E+00   1.18263E+00   6.18825E-01   1.02716E+00
 3.08750E+01   1.65982E+00   1.18265E+00   6.18823E-01   1.02713E+00
 3.09250E+01   1.65979E+00   1.18267E+00   6.18821E-01   1.02711E+00
 3.09750E+01   1.65976E+00   1.18269E+00   6.18818E-01   1.02709E+00
 3.10250E+01   1.65974E+00   1.18270E+00   6.18816E-01   1.02707E+00
 3.10750E+01   1.65971E+00   1.18272E+00   6.18815E-01   1.02706E+00
 3.11250E+01   1.65969E+00   1.18274E+00   6.18813E-01   1.02704E+00
 3.11750E+01   1.65967E+00   1.18275E+00   6.18811E-01   1.02702E+00
 3.12250E+01   1.65965E+00   1.18277E+00   6.18809E-01   1.02701E+00
 3.12750E+01   1.65963E+00   1.18278E+00   6.18807E-01   1.02699E+00
 3.13250E+01   1.65961E+00   1.18280E+00   6.18805E-01   1.02698E+00
 3.13750E+01   1.65960E+00   1.18281E+00   6.18803E-01   1.02696E+00
 3.14250E+01   1.65958E+00   1.18282E+00   6.18802E-01   1.02695E+00
 3.14750E+01   1.65957E+00   1.18283E+00   6.18800E-01   1.02694E+00
 3.15250E+01   1.65955E+00   1.18284E+00   6.18798E-01   1.02693E+00
 3.15750E+01   1.65954E+00   1.18285E+00   6.18796E-01   1.02692E+00
 3.16250E+01   1.65953E+00   1.18286E+00   6.18795E-01   1.02691E+00
 3.16750E+01   1.65952E+00   1.18287E+00   6.18793E-01   1.02690E+00
 3.17250E+01   1.65951E+00   1.18287E+00   6.18791E-01   1.02689E+00
 3.17750E+01   1.65950E+00   1.18288E+00   6.18790E-01   1.02688E+00
 3.18250E+01   1.65949E+00   1.18289E+00   6.18788E-01   1.02687E+00
 3.18750E+01   1.65948E+00   1.18290E+00   6.18787E-01   1.02687E+00
 3.19250E+01   1.65947E+00   1.18290E+00   6.18786E-01   1.02686E+00
 3.19750E+01   1.65947E+00   1.18291E+00   6.18785E-01   1.02685E+00
 3.20250E+01   1.65946E+00   1.18291E+00   6.18784E-01   1.02685E+00
 3.20750E+01   1.65945E+00   1.18292E+00   6.18783E-01   1.02684E+00
 3.21250E+01   1.65945E+00   1.18292E+00   6.18782E-01   1.02684E+00
 3.21750E+01   1.65944E+00   1.18293E+00   6.18781E-01   1.02683E+00
 3.22250E+01   1.65944E+00   1.18293E+00   6.18780E-01   1.02683E+00
 3.22750E+01   1.65943E+00   1.18293E+00   6.18779E-01   1.02682E+00
 3.23250E+01   1.65943E+00   1.18294E+00   6.18779E-01   1.02682E+00
 3.23750E+01   1.65942E+00   1.18294E+00   6.18778E-01   1.02682E+00
 3.24250E+01   1.65942E+00   1.18294E+00   6.18777E-01   1.02681E+00
 3.24750E+01   1.65942E+00   1.18295E+00   6.18776E-01   1.02681E+00
 3.25250E+01   1.65941E+00   1.18295E+00   6.18775E-01   1.02680E+00
 3.25750E+01   1.65941E+00   1.18295E+00   6.18775E-01   1.02680E+00
 3.26250E+01   1.65941E+00   1.18295E+00   6.18774E-01   1.02680E+00
 3.26750E+01   1.65941E+00   1.18295E+00   6.18773E-01   1.02680E+00
 3.27250E+01   1.65941E+00   1.18296E+00   6.18773E-01   1.02679E+00
 3.27750E+01   1.65940E+00   1.18296E+00   6.18772E-01   1.02679E+00
 3.28250E+01   1.65940E+00   1.18296E+00   6.18771E-01   1.02679E+00
 3.28750E+01   1.65940E+00   1.18296E+00   6.18770E-01   1.02679E+00
 3.29250E+01   1.65940E+00   1.18296E+00   6.18770E-01   1.02679E+00
 3.29750E+01   1.65940E+00   1.18296E+00   6.18769E-01   1.02678E+00
 3.30250E+01   1.65940E+00   1.18296E+00   6.18768E-01   1.02678E+00
 3.30750E+01   1.65940E+00   1.18297E+00   6.18768E-01   1.02678E+00
 3.31250E+01   1.65939E+00   1.18297E+00   6.18767E-01   1.02678E+00
 3.31750E+01   1.65939E+00   1.18297E+00   6.18766E-01   1.02678E+00
 3.32250E+01   1.65939E+00   1.18297E+00   6.18766E-01   1.02678E+00
 3.32750E+01   1.65939E+00   1.18297E+00   6.18765E-01   1.02677E+00
 3.33250E+01   1.65939E+00   1.18297E+00   6.18765E-01   1.02677E+00
 3.33750E+01   1.65939E+00   1.18297E+00   6.18764E-01   1.02677E+00
 3.34250E+01   1.65939E+00   1.18297E+00   6.18763E-01   1.02677E+00
 3.34750E+01   1.65939E+00   1.18297E+00   6.18763E-01   1.02677E+00
 3.35250E+01   1.65939E+00   1.18297E+00   6.18762E-01   1.02677E+00
 3.35750E+01   1.65939E+00   1.18297E+00   6.18762E-01   1.02677E+00
 3.36250E+01   1.65939E+00   1.18297E+00   6.18761E-01   1.02677E+00
 3.36750E+01   1.65939E+00   1.18297E+00   6.18760E-01   1.02676E+00
 3.37250E+01   1.65939E+00   1.18298E+00   6.18760E-01   1.02676E+00
 3.37750E+01   1.65939E+00   1.18298E+00   6.18759E-01   1.02676E+00
 3.38250E+01   1.65939E+00   1.18298E+00   6.18759E-01   1.02676E+00
 3.38750E+01   1.65939E+00   1.18298E+00   6.18758E-01   1.02676E+00
 3.39250E+01   1.65939E+00   1.18298E+00   6.18757E-01   1.02676E+00
 3.39750E+01   1.65939E+00   1.18298E+00   6.18757E-01   1.02676E+00
 3.40250E+01   1.65939E+00   1.18298E+00   6.18756E-01   1.02676E+00
 3.40750E+01   1.65939E+00   1.18298E+00   6.18756E-01   1.02676E+00
 3.41250E+01   1.65939E+00   1.18298E+00   6.18755E-01   1.02675E+00
 3.41750E+01   1.65939E+00   1.18298E+00   6.18755E-01   1.02675E+00
 3.42250E+01   1.65939E+00   1.18298E+00   6.18754E-01   1.02675E+00
 3.42750E+01   1.65939E+00   1.18298E+00   6.18753E-01   1.02675E+00
 3.43250E+01   1.65939E+00   1.18298E+00   6.18753E-01   1.02675E+00
 3.43750E+01   1.65939E+00   1.18298E+00   6.18752E-01   1.02675E+00
 3.44250E+01   1.65939E+00   1.18298E+00   6.18751E-01   1.02675E+00
 3.44750E+01   1.65939E+00   1.18298E+00   6.18751E-01   1.02675E+00
 3.45250E+01   1.65939E+00   1.18298E+00   6.18750E-01   1.02675E+00
 3.45750E+01   1.65939E+00   1.18298E+00   6.18750E-01   1.02675E+00
 3.46250E+01   1.65939E+00   1.18298E+00   6.18749E-01   1.02675E+00
 3.46750E+01   1.65939E+00   1.18298E+00   6.18749E-01   1.02675E+00
 3.47250E+01   1.65939E+00   1.18298E+00   6.18749E-01   1.02675E+00
 3.47750E+01   1.65939E+00   1.18298E+00   6.18748E-01   1.02675E+00
 3.48250E+01   1.65939E+00   1.18298E+00   6.18747E-01   1.02675E+00
 3.48750E+01   1.65939E+00   1.18299E+00   6.18747E-01   1.02675E+00
 3.49250E+01   1.65939E+00   1.18299E+00   6.18746E-01   1.02674E+00
 3.49750E+01   1.65939E+00   1.18299E+00   6.18746E-01   1.02674E+00
 3.50250E+01   1.65940E+00   1.18299E+00   6.18745E-01   1.02674E+00
 3.50750E+01   1.65940E+00   1.18299E+00   6.18744E-01   1.02674E+00
 3.51250E+01   1.65940E+00   1.18299E+00   6.18743E-01   1.02674E+00
 3.51750E+01   1.65940E+00   1.18299E+00   6.18743E-01   1.02674E+00
 3.52250E+01   1.65940E+00   1.18299E+00   6.18742E-01   1.02674E+00
 3.52750E+01   1.65940E+00   1.18299E+00   6.18742E-01   1.02674E+00
 3.53250E+01   1.65940E+00   1.18299E+00   6.18741E-01   1.02674E+00
 3.53750E+01   1.65940E+00   1.18299E+00   6.18740E-01   1.02674E+00
 3.54250E+01   1.65940E+00   1.18299E+00   6.18739E-01   1.02674E+00
 3.54750E+01   1.65940E+00   1.18299E+00   6.18739E-01   1.02674E+00
 3.55250E+01   1.65940E+00   1.18299E+00   6.18738E-01   1.02674E+00
 3.55750E+01   1.65940E+00   1.18299E+00   6.18737E-01   1.02674E+00
 3.56250E+01   1.65940E+00   1.18299E+00   6.18737E-01   1.02673E+00
 3.56750E+01   1.65941E+00   1.18299E+00   6.18736E-01   1.02673E+00
 3.57250E+01   1.65941E+00   1.18299E+00   6.18735E-01   1.02673E+00
 3.57750E+01   1.65941E+00   1.18299E+00   6.18735E-01   1.02673E+00
 3.58250E+01   1.65941E+00   1.18299E+00   6.18734E-01   1.02673E+00
 3.58750E+01   1.65941E+00   1.18299E+00   6.18734E-01   1.02673E+00
 3.59250E+01   1.65941E+00   1.18299E+00   6.18733E-01   1.02673E+00
 3.59750E+01   1.65941E+00   1.18299E+00   6.18732E-01   1.02673E+00
 3.60250E+01   1.65941E+00   1.18299E+00   6.18732E-01   1.02673E+00
 3.60750E+01   1.65941E+00   1.18299E+00   6.18731E-01   1.02673E+00
 3.61250E+01   1.65941E+00   1.18299E+00   6.18731E-01   1.02673E+00
 3.61750E+01   1.65941E+00   1.18299E+00   6.18730E-01   1.02673E+00
 3.62250E+01   1.65941E+00   1.18299E+00   6.18729E-01   1.02673E+00
 3.62750E+01   1.65942E+00   1.18299E+00   6.18729E-01   1.02673E+00
 3.63250E+01   1.65942E+00   1.18299E+00   6.18728E-01   1.02673E+00
 3.63750E+01   1.65942E+00   1.18299E+00   6.18728E-01   1.02673E+00
 3.64250E+01   1.65942E+00   1.18299E+00   6.18727E-01   1.02673E+00
 3.64750E+01   1.65942E+00   1.18299E+00   6.18726E-01   1.02673E+00
 3.65250E+01   1.65942E+00   1.18299E+00   6.18726E-01   1.02673E+00
 3.65750E+01   1.65942E+00   1.18299E+00   6.18725E-01   1.02673E+00
 3.66250E+01   1.65942E+00   1.18299E+00   6.18724E-01   1.02672E+00
 3.66750E+01   1.65942E+00   1.18299E+00   6.18724E-01   1.02672E+00
 3.67250E+01   1.65942E+00   1.18299E+00   6.18723E-01   1.02672E+00
 3.67750E+01   1.65943E+00   1.18299E+00   6.18722E-01   1.02672E+00
 3.68250E+01   1.65943E+00   1.18299E+00   6.18722E-01   1.02672E+00
 3.68750E+01   1.65943E+00   1.18299E+00   6.18721E-01   1.02672E+00
 3.69250E+01   1.65943E+00   1.18299E+00   6.18720E-01   1.02672E+00
 3.69750E+01   1.65943E+00   1.18299E+00   6.18720E-01   1.02672E+00
 3.70250E+01   1.65943E+00   1.18300E+00   6.18719E-01   1.02672E+00
 3.70750E+01   1.65943E+00   1.18300E+00   6.18718E-01   1.02672E+00
 3.71250E+01   1.65943E+00   1.18300E+00   6.18718E-01   1.02672E+00
 3.71750E+01   1.65943E+00   1.18300E+00   6.18717E-01   1.02672E+00
 3.72250E+01   1.65943E+00   1.18300E+00   6.18716E-01   1.02672E+00
 3.72750E+01   1.65943E+00   1.18300E+00   6.18716E-01   1.02672E+00
 3.73250E+01   1.65943E+00   1.18300E+00   6.18715E-01   1.02672E+00
 3.73750E+01   1.65943E+00   1.18300E+00   6.18715E-01   1.02672E+00
 3.74250E+01   1.65943E+00   1.18300E+00   6.18714E-01   1.02672E+00
 3.74750E+01   1.65943E+00   1.18300E+00   6.18713E-01   1.02671E+00
 3.75250E+01   1.65944E+00   1.18300E+00   6.18712E-01   1.02671E+00
 3.75750E+01   1.65944E+00   1.18300E+00   6.18712E-01   1.02671E+00
 3.76250E+01   1.65944E+00   1.18300E+00   6.18711E-01   1.02671E+00
 3.76750E+01   1.65944E+00   1.18300E+00   6.18710E-01   1.02671E+00
 3.77250E+01   1.65944E+00   1.18300E+00   6.18710E-01   1.02671E+00
 3.77750E+01   1.65944E+00   1.18300E+00   6.18709E-01   1.02671E+00
 3.78250E+01   1.65944E+00   1.18300E+00   6.18709E-01   1.02671E+00
 3.78750E+01   1.65944E+00   1.18300E+00   6.18708E-01   1.02671E+00
 3.79250E+01   1.65944E+00   1.18301E+00   6.18707E-01   1.02671E+00
 3.79750E+01   1.65944E+00   1.18301E+00   6.18707E-01   1.02670E+00
 3.80250E+01   1.65944E+00   1.18301E+00   6.18706E-01   1.02670E+00
 3.80750E+01   1.65944E+00   1.18301E+00   6.18706E-01   1.02670E+00
 3.81250E+01   1.65944E+00   1.18301E+00   6.18705E-01   1.02670E+00
 3.81750E+01   1.65943E+00   1.18301E+00   6.18704E-01   1.02670E+00
 3.82250E+01   1.65943E+00   1.18301E+00   6.18703E-01   1.02670E+00
 3.82750E+01   1.65943E+00   1.18301E+00   6.18703E-01   1.02670E+00
 3.83250E+01   1.65943E+00   1.18301E+00   6.18702E-01   1.02669E+00
 3.83750E+01   1.65943E+00   1.18301E+00   6.18701E-01   1.02669E+00
 3.84250E+01   1.65943E+00   1.18302E+00   6.18700E-01   1.02669E+00
 3.84750E+01   1.65943E+00   1.18302E+00   6.18700E-01   1.02669E+00
 3.85250E+01   1.65943E+00   1.18302E+00   6.18699E-01   1.02669E+00
 3.85750E+01   1.65943E+00   1.18302E+00   6.18698E-01   1.02669E+00
 3.86250E+01   1.65943E+00   1.18302E+00   6.18698E-01   1.02668E+00
 3.86750E+01   1.65943E+00   1.18302E+00   6.18697E-01   1.02668E+00
 3.87250E+01   1.65943E+00   1.18302E+00   6.18696E-01   1.02668E+00
 3.87750E+01   1.65943E+00   1.18302E+00   6.18696E-01   1.02668E+00
 3.88250E+01   1.65943E+00   1.18303E+00   6.18695E-01   1.02668E+00
 3.88750E+01   1.65943E+00   1.18303E+00   6.18694E-01   1.02668E+00
 3.89250E+01   1.65942E+00   1.18303E+00   6.18694E-01   1.02668E+00
 3.89750E+01   1.65942E+00   1.18303E+00   6.18693E-01   1.02667E+00
 3.90250E+01   1.65942E+00   1.18303E+00   6.18693E-01   1.02667E+00
 3.90750E+01   1.65942E+00   1.18303E+00   6.18692E-01   1.02667E+00
 3.91250E+01   1.65942E+00   1.18303E+00   6.18691E-01   1.02667E+00
 3.91750E+01   1.65942E+00   1.18303E+00   6.18691E-01   1.02667E+00
 3.92250E+01   1.65942E+00   1.18304E+00   6.18690E-01   1.02667E+00
 3.92750E+01   1.65942E+00   1.18304E+00   6.18689E-01   1.02666E+00
 3.93250E+01   1.65942E+00   1.18304E+00   6.18688E-01   1.02666E+00
 3.93750E+01   1.65942E+00   1.18304E+00   6.18688E-01   1.02666E+00
 3.94250E+01   1.65942E+00   1.18304E+00   6.18687E-01   1.02666E+00
 3.94750E+01   1.65942E+00   1.18304E+00   6.18687E-01   1.02666E+00
 3.95250E+01   1.65942E+00   1.18304E+00   6.18686E-01   1.02666E+00
 3.95750E+01   1.65942E+00   1.18304E+00   6.18685E-01   1.02666E+00
 3.96250E+01   1.65941E+00   1.18305E+00   6.18685E-01   1.02665E+00
 3.96750E+01   1.65941E+00   1.18305E+00   6.18684E-01   1.02665E+00
 3.97250E+01   1.65941E+00   1.18305E+00   6.18684E-01   1.02665E+00
 3.97750E+01   1.65941E+00   1.18305E+00   6.18683E-01   1.02665E+00
 3.98250E+01   1.65941E+00   1.18305E+00   6.18682E-01   1.02665E+00
 3.98750E+01   1.65941E+00   1.18305E+00   6.18681E-01   1.02665E+00
 3.99250E+01   1.65941E+00   1.18305E+00   6.18681E-01   1.02665E+00
 3.99750E+01   1.65941E+00   1.18305E+00   6.18680E-01   1.02664E+00
 4.00250E+01   1.65941E+00   1.18306E+00   6.18679E-01   1.02664E+00
 4.00750E+01   1.65941E+00   1.18306E+00   6.18679E-01   1.02664E+00
 4.01250E+01   1.65941E+00   1.18306E+00   6.18678E-01   1.02664E+00
 4.01750E+01   1.65941E+00   1.18306E+00   6.18677E-01   1.02664E+00
 4.02250E+01   1.65941E+00   1.18306E+00   6.18677E-01   1.02664E+00
 4.02750E+01   1.65941E+00   1.18306E+00   6.18676E-01   1.02664E+00
 4.03250E+01   1.65941E+00   1.18306E+00   6.18675E-01   1.02663E+00
 4.03750E+01   1.65941E+00   1.18306E+00   6.18675E-01   1.02663E+00
 4.04250E+01   1.65940E+00   1.18307E+00   6.18674E-01   1.02663E+00
 4.04750E+01   1.65940E+00   1.18307E+00   6.18673E-01   1.02663E+00
 4.05250E+01   1.65940E+00   1.18307E+00   6.18672E-01   1.02663E+00
 4.05750E+01   1.65940E+00   1.18307E+00   6.18671E-01   1.02663E+00
 4.06250E+01   1.65940E+00   1.18307E+00   6.18671E-01   1.02662E+00
 4.06750E+01   1.65940E+00   1.18307E+00   6.18670E-01   1.02662E+00
 4.07250E+01   1.65940E+00   1.18307E+00   6.18669E-01   1.02662E+00
 4.07750E+01   1.65940E+00   1.18307E+00   6.18669E-01   1.02662E+00
 4.08250E+01   1.65940E+00   1.18307E+00   6.18668E-01   1.02662E+00
 4.08750E+01   1.65940E+00   1.18308E+00   6.18667E-01   1.02662E+00
 4.09250E+01   1.65940E+00   1.18308E+00   6.18667E-01   1.02662E+00
 4.09750E+01   1.65940E+00   1.18308E+00   6.18666E-01   1.02661E+00
 4.10250E+01   1.65940E+00   1.18308E+00   6.18665E-01   1.02661E+00
 4.10750E+01   1.65940E+00   1.18308E+00   6.18664E-01   1.02661E+00
 4.11250E+01   1.65940E+00   1.18308E+00   6.18663E-01   1.02661E+00
 4.11750E+01   1.65940E+00   1.18308E+00   6.18662E-01   1.02661E+00
 4.12250E+01   1.65940E+00   1.18308E+00   6.18662E-01   1.02661E+00
 4.12750E+01   1.65940E+00   1.18308E+00   6.18661E-01   1.02660E+00
 4.13250E+01   1.65940E+00   1.18309E+00   6.18660E-01   1.02660E+00
 4.13750E+01   1.65940E+00   1.18309E+00   6.18659E-01   1.02660E+00
 4.14250E+01   1.65940E+00   1.18309E+00   6.18658E-01   1.02660E+00
 4.14750E+01   1.65940E+00   1.18309E+00   6.18657E-01   1.02660E+00
 4.15250E+01   1.65940E+00   1.18309E+00   6.18657E-01   1.02660E+00
 4.15750E+01   1.65939E+00   1.18309E+00   6.18656E-01   1.02659E+00
 4.16250E+01   1.65939E+00   1.18309E+00   6.18655E-01   1.02659E+00
 4.16750E+01   1.65939E+00   1.18309E+00   6.18654E-01   1.02659E+00
 4.17250E+01   1.65939E+00   1.18309E+00   6.18653E-01   1.02659E+00
 4.17750E+01   1.65939E+00   1.18309E+00   6.18652E-01   1.02659E+00
 4.18250E+01   1.65939E+00   1.18310E+00   6.18652E-01   1.02659E+00
 4.18750E+01   1.65939E+00   1.18310E+00   6.18651E-01   1.02659E+00
 4.19250E+01   1.65939E+00   1.18310E+00   6.18650E-01   1.02658E+00
 4.19750E+01   1.65939E+00   1.18310E+00   6.18649E-01   1.02658E+00
 4.20250E+01   1.65939E+00   1.18310E+00   6.18648E-01   1.02658E+00
 4.20750E+01   1.65939E+00   1.18310E+00   6.18648E-01   1.02658E+00
 4.21250E+01   1.65939E+00   1.18310E+00   6.18647E-01   1.02658E+00
 4.21750E+01   1.65939E+00   1.18310E+00   6.18646E-01   1.02658E+00
 4.22250E+01   1.65939E+00   1.18310E+00   6.18645E-01   1.02658E+00
 4.22750E+01   1.65939E+00   1.18310E+00   6.18644E-01   1.02657E+00
 4.23250E+01   1.65939E+00   1.18310E+00   6.18643E-01   1.02657E+00
 4.23750E+01   1.65939E+00   1.18310E+00   6.18642E-01   1.02657E+00
 4.24250E+01   1.65939E+00   1.18311E+00   6.18641E-01   1.02657E+00
 4.24750E+01   1.65939E+00   1.18311E+00   6.18641E-01   1.02657E+00
 4.25250E+01   1.65939E+00   1.18311E+00   6.18640E-01   1.02657E+00
 4.25750E+01   1.65939E+00   1.18311E+00   6.18639E-01   1.02657E+00
 4.26250E+01   1.65939E+00   1.18311E+00   6.18638E-01   1.02656E+00
 4.26750E+01   1.65939E+00   1.18311E+00   6.18636E-01   1.02656E+00
 4.27250E+01   1.65940E+00   1.18311E+00   6.18635E-01   1.02656E+00
 4.27750E+01   1.65940E+00   1.18311E+00   6.18635E-01   1.02656E+00
 4.28250E+01   1.65940E+00   1.18311E+00   6.18633E-01   1.02656E+00
 4.28750E+01   1.65940E+00   1.18311E+00   6.18632E-01   1.02656E+00
 4.29250E+01   1.65940E+00   1.18311E+00   6.18631E-01   1.02655E+00
 4.29750E+01   1.65940E+00   1.18311E+00   6.18629E-01   1.02655E+00
 4.30250E+01   1.65940E+00   1.18311E+00   6.18627E-01   1.02655E+00
 4.30750E+01   1.65940E+00   1.18312E+00   6.18625E-01   1.02655E+00
 4.31250E+01   1.65940E+00   1.18312E+00   6.18622E-01   1.02654E+00
 4.31750E+01   1.65941E+00   1.18312E+00   6.18620E-01   1.02654E+00
 4.32250E+01   1.65941E+00   1.18312E+00   6.18617E-01   1.02654E+00
 4.32750E+01   1.65941E+00   1.18312E+00   6.18614E-01   1.02654E+00
 4.33250E+01   1.65942E+00   1.18312E+00   6.18610E-01   1.02653E+00
 4.33750E+01   1.65942E+00   1.18312E+00   6.18606E-01   1.02653E+00
 4.34250E+01   1.65943E+00   1.18313E+00   6.18601E-01   1.02652E+00
 4.34750E+01   1.65943E+00   1.18313E+00   6.18596E-01   1.02652E+00
 4.35250E+01   1.65944E+00   1.18313E+00   6.18589E-01   1.02651E+00
 4.35750E+01   1.65945E+00   1.18313E+00   6.18582E-01   1.02650E+00
 4.36250E+01   1.65946E+00   1.18314E+00   6.18573E-01   1.02650E+00
 4.36750E+01   1.65947E+00   1.18314E+00   6.18564E-01   1.02649E+00
 4.37250E+01   1.65948E+00   1.18314E+00   6.18552E-01   1.02647E+00
 4.37750E+01   1.65949E+00   1.18315E+00   6.18539E-01   1.02646E+00
 4.38250E+01   1.65951E+00   1.18315E+00   6.18524E-01   1.02645E+00
 4.38750E+01   1.65953E+00   1.18316E+00   6.18507E-01   1.02643E+00
 4.39250E+01   1.65955E+00   1.18317E+00   6.18487E-01   1.02641E+00
 4.39750E+01   1.65958E+00   1.18317E+00   6.18463E-01   1.02639E+00
 4.40250E+01   1.65961E+00   1.18318E+00   6.18437E-01   1.02636E+00
 4.40750E+01   1.65965E+00   1.18319E+00   6.18406E-01   1.02634E+00
 4.41250E+01   1.65969E+00   1.18320E+00   6.18371E-01   1.02630E+00
 4.41750E+01   1.65974E+00   1.18322E+00   6.18331E-01   1.02627E+00
 4.42250E+01   1.65979E+00   1.18323E+00   6.18285E-01   1.02622E+00
 4.42750E+01   1.65985E+00   1.18325E+00   6.18233E-01   1.02618E+00
 4.43250E+01   1.65992E+00   1.18327E+00   6.18173E-01   1.02612E+00
 4.43750E+01   1.66000E+00   1.18329E+00   6.18106E-01   1.02606E+00
 4.44250E+01   1.66010E+00   1.18332E+00   6.18029E-01   1.02599E+00
 4.44750E+01   1.66020E+00   1.18334E+00   6.17942E-01   1.02591E+00
 4.45250E+01   1.66032E+00   1.18337E+00   6.17845E-01   1.02582E+00
 4.45750E+01   1.66045E+00   1.18341E+00   6.17735E-01   1.02572E+00
 4.46250E+01   1.66061E+00   1.18345E+00   6.17612E-01   1.02561E+00
 4.46750E+01   1.66077E+00   1.18349E+00   6.17474E-01   1.02549E+00
 4.47250E+01   1.66096E+00   1.18354E+00   6.17320E-01   1.02535E+00
 4.47750E+01   1.66117E+00   1.18359E+00   6.17149E-01   1.02519E+00
 4.48250E+01   1.66141E+00   1.18365E+00   6.16958E-01   1.02502E+00
 4.48750E+01   1.66167E+00   1.18372E+00   6.16748E-01   1.02483E+00
 4.49250E+01   1.66196E+00   1.18379E+00   6.16516E-01   1.02462E+00
 4.49750E+01   1.66228E+00   1.18387E+00   6.16260E-01   1.02440E+00
 4.50250E+01   1.66263E+00   1.18396E+00   6.15979E-01   1.02414E+00
 4.50750E+01   1.66301E+00   1.18405E+00   6.15671E-01   1.02387E+00
 4.51250E+01   1.66344E+00   1.18415E+00   6.15335E-01   1.02357E+00
 4.51750E+01   1.66390E+00   1.18427E+00   6.14970E-01   1.02325E+00
 4.52250E+01   1.66440E+00   1.18439E+00   6.14573E-01   1.02289E+00
 4.52750E+01   1.66494E+00   1.18452E+00   6.14143E-01   1.02251E+00
 4.53250E+01   1.66553E+00   1.18466E+00   6.13680E-01   1.02210E+00
 4.53750E+01   1.66616E+00   1.18481E+00   6.13181E-01   1.02166E+00
 4.54250E+01   1.66685E+00   1.18497E+00   6.12645E-01   1.02119E+00
 4.54750E+01   1.66758E+00   1.18514E+00   6.12072E-01   1.02068E+00
 4.55250E+01   1.66837E+00   1.18532E+00   6.11459E-01   1.02014E+00
 4.55750E+01   1.66920E+00   1.18551E+00   6.10807E-01   1.01956E+00
 4.56250E+01   1.67010E+00   1.18572E+00   6.10115E-01   1.01895E+00
 4.56750E+01   1.67104E+00   1.18594E+00   6.09382E-01   1.01830E+00
 4.57250E+01   1.67205E+00   1.18616E+00   6.08608E-01   1.01762E+00
 4.57750E+01   1.67311E+00   1.18640E+00   6.07791E-01   1.01690E+00
 4.58250E+01   1.67423E+00   1.18665E+00   6.06933E-01   1.01614E+00
 4.58750E+01   1.67540E+00   1.18692E+00   6.06032E-01   1.01535E+00
 4.59250E+01   1.67664E+00   1.18719E+00   6.05089E-01   1.01451E+00
 4.59750E+01   1.67793E+00   1.18748E+00   6.04103E-01   1.01364E+00
 4.60250E+01   1.67928E+00   1.18778E+00   6.03075E-01   1.01273E+00
 4.60750E+01   1.68069E+00   1.18809E+00   6.02004E-01   1.01178E+00
 4.61250E+01   1.68216E+00   1.18841E+00   6.00891E-01   1.01080E+00
 4.61750E+01   1.68369E+00   1.18874E+00   5.99735E-01   1.00977E+00
 4.62250E+01   1.68528E+00   1.18909E+00   5.98536E-01   1.00870E+00
 4.62750E+01   1.68692E+00   1.18945E+00   5.97295E-01   1.00759E+00
 4.63250E+01   1.68863E+00   1.18982E+00   5.96011E-01   1.00644E+00
 4.63750E+01   1.69039E+00   1.19020E+00   5.94684E-01   1.00525E+00
 4.64250E+01   1.69222E+00   1.19059E+00   5.93314E-01   1.00402E+00
 4.64750E+01   1.69411E+00   1.19100E+00   5.91900E-01   1.00274E+00
 4.65250E+01   1.69606E+00   1.19142E+00   5.90443E-01   1.00143E+00
 4.65750E+01   1.69807E+00   1.19185E+00   5.88942E-01   1.00006E+00
 4.66250E+01   1.70014E+00   1.19229E+00   5.87398E-01   9.98659E-01
 4.66750E+01   1.70228E+00   1.19274E+00   5.85810E-01   9.97210E-01
 4.67250E+01   1.70447E+00   1.19321E+00   5.84179E-01   9.95717E-01
 4.67750E+01   1.70673E+00   1.19369E+00   5.82506E-01   9.94181E-01
 4.68250E+01   1.70905E+00   1.19418E+00   5.80792E-01   9.92602E-01
 4.68750E+01   1.71143E+00   1.19468E+00   5.79038E-01   9.90981E-01
 4.69250E+01   1.71386E+00   1.19518E+00   5.77247E-01   9.89321E-01
 4.69750E+01   1.71635E+00   1.19570E+00   5.75420E-01   9.87624E-01
 4.70250E+01   1.71889E+00   1.19623E+00   5.73562E-01   9.85892E-01
 4.70750E+01   1.72148E+00   1.19676E+00   5.71676E-01   9.84128E-01
 4.71250E+01   1.72411E+00   1.19729E+00   5.69765E-01   9.82337E-01
 4.71750E+01   1.72677E+00   1.19783E+00   5.67837E-01   9.80524E-01
 4.72250E+01   1.72946E+00   1.19837E+00   5.65895E-01   9.78693E-01
 4.72750E+01   1.73217E+00   1.19891E+00   5.63946E-01   9.76852E-01
 4.73250E+01   1.73489E+00   1.19945E+00   5.61998E-01   9.75007E-01
 4.73750E+01   1.73761E+00   1.19999E+00   5.60057E-01   9.73163E-01
 4.74250E+01   1.74033E+00   1.20051E+00   5.58130E-01   9.71329E-01
 4.74750E+01   1.74302E+00   1.20103E+00   5.56225E-01   9.69512E-01
 4.75250E+01   1.74569E+00   1.20154E+00   5.54349E-01   9.67719E-01
 4.75750E+01   1.74831E+00   1.20204E+00   5.52510E-01   9.65958E-01
 4.76250E+01   1.75088E+00   1.20252E+00   5.50716E-01   9.64236E-01
 4.76750E+01   1.75339E+00   1.20299E+00   5.48972E-01   9.62560E-01
 4.77250E+01   1.75582E+00   1.20344E+00   5.47286E-01   9.60937E-01
 4.77750E+01   1.75818E+00   1.20388E+00   5.45662E-01   9.59371E-01
 4.78250E+01   1.76044E+00   1.20429E+00   5.44107E-01   9.57868E-01
 4.78750E+01   1.76261E+00   1.20468E+00   5.42623E-01   9.56433E-01
 4.79250E+01   1.76467E+00   1.20506E+00   5.41215E-01   9.55068E-01
 4.79750E+01   1.76663E+00   1.20541E+00   5.39884E-01   9.53776E-01
 4.80250E+01   1.76848E+00   1.20575E+00   5.38632E-01   9.52559E-01
 4.80750E+01   1.77021E+00   1.20606E+00   5.37461E-01   9.51417E-01
 4.81250E+01   1.77182E+00   1.20636E+00   5.36369E-01   9.50350E-01
 4.81750E+01   1.77332E+00   1.20663E+00   5.35355E-01   9.49358E-01
 4.82250E+01   1.77471E+00   1.20689E+00   5.34419E-01   9.48438E-01
 4.82750E+01   1.77598E+00   1.20713E+00   5.33557E-01   9.47588E-01
 4.83250E+01   1.77714E+00   1.20736E+00   5.32767E-01   9.46805E-01
 4.83750E+01   1.77820E+00   1.20757E+00   5.32046E-01   9.46085E-01
 4.84250E+01   1.77916E+00   1.20777E+00   5.31388E-01   9.45425E-01
 4.84750E+01   1.78002E+00   1.20796E+00   5.30790E-01   9.44819E-01
 4.85250E+01   1.78080E+00   1.20814E+00   5.30248E-01   9.44265E-01
 4.85750E+01   1.78149E+00   1.20830E+00   5.29756E-01   9.43756E-01
 4.86250E+01   1.78211E+00   1.20845E+00   5.29310E-01   9.43289E-01
 4.86750E+01   1.78267E+00   1.20859E+00   5.28904E-01   9.42860E-01
 4.87250E+01   1.78317E+00   1.20872E+00   5.28532E-01   9.42463E-01
 4.87750E+01   1.78363E+00   1.20883E+00   5.28189E-01   9.42096E-01
 4.88250E+01   1.78408E+00   1.20892E+00   5.27871E-01   9.41761E-01
 4.88750E+01   1.78454E+00   1.20898E+00   5.27578E-01   9.41483E-01
 4.89250E+01   1.78518E+00   1.20902E+00   5.27343E-01   9.41400E-01
 4.89750E+01   1.78669E+00   1.20902E+00   5.27349E-01   9.42208E-01
