      xx/10.      ss_ratio
         [-]           [-]
 1.02500E+00   2.88381E+01
 1.07500E+00   2.88387E+01
 1.12500E+00   2.88392E+01
 1.17500E+00   2.88397E+01
 1.22500E+00   2.88402E+01
 1.27500E+00   2.88405E+01
 1.32500E+00   2.88408E+01
 1.37500E+00   2.88410E+01
 1.42500E+00   2.88413E+01
 1.47500E+00   2.88416E+01
 1.52500E+00   2.88422E+01
 1.57500E+00   2.88426E+01
 1.62500E+00   2.88431E+01
 1.67500E+00   2.88437E+01
 1.72500E+00   2.88443E+01
 1.77500E+00   2.88447E+01
 1.82500E+00   2.88453E+01
 1.87500E+00   2.88459E+01
 1.92500E+00   2.88463E+01
 1.97500E+00   2.88467E+01
 2.02500E+00   2.88470E+01
 2.07500E+00   2.88475E+01
 2.12500E+00   2.88480E+01
 2.17500E+00   2.88483E+01
 2.22500E+00   2.88488E+01
 2.27500E+00   2.88492E+01
 2.32500E+00   2.88496E+01
 2.37500E+00   2.88499E+01
 2.42500E+00   2.88504E+01
 2.47500E+00   2.88507E+01
 2.52500E+00   2.88512E+01
 2.57500E+00   2.88516E+01
 2.62500E+00   2.88520E+01
 2.67500E+00   2.88523E+01
 2.72500E+00   2.88528E+01
 2.77500E+00   2.88531E+01
 2.82500E+00   2.88535E+01
 2.87500E+00   2.88540E+01
 2.92500E+00   2.88546E+01
 2.97500E+00   2.88552E+01
 3.02500E+00   2.88557E+01
 3.07500E+00   2.88563E+01
 3.12500E+00   2.88571E+01
 3.17500E+00   2.88577E+01
 3.22500E+00   2.88581E+01
 3.27500E+00   2.88587E+01
 3.32500E+00   2.88592E+01
 3.37500E+00   2.88600E+01
 3.42500E+00   2.88605E+01
 3.47500E+00   2.88612E+01
 3.52500E+00   2.88616E+01
 3.57500E+00   2.88621E+01
 3.62500E+00   2.88626E+01
 3.67500E+00   2.88629E+01
 3.72500E+00   2.88634E+01
 3.77500E+00   2.88640E+01
 3.82500E+00   2.88644E+01
 3.87500E+00   2.88649E+01
 3.92500E+00   2.88654E+01
 3.97500E+00   2.88658E+01
 4.02500E+00   2.88663E+01
 4.07500E+00   2.88668E+01
 4.12500E+00   2.88673E+01
 4.17500E+00   2.88680E+01
 4.22500E+00   2.88687E+01
 4.27500E+00   2.88693E+01
 4.32500E+00   2.88699E+01
 4.37500E+00   2.88706E+01
 4.42500E+00   2.88714E+01
 4.47500E+00   2.88720E+01
 4.52500E+00   2.88728E+01
 4.57500E+00   2.88734E+01
 4.62500E+00   2.88742E+01
 4.67500E+00   2.88749E+01
 4.72500E+00   2.88754E+01
 4.77500E+00   2.88761E+01
 4.82500E+00   2.88766E+01
 4.87500E+00   2.88771E+01
 4.92500E+00   2.88776E+01
 4.97500E+00   2.88782E+01
 5.02500E+00   2.88789E+01
 5.07500E+00   2.88795E+01
 5.12500E+00   2.88800E+01
 5.17500E+00   2.88806E+01
 5.22500E+00   2.88810E+01
 5.27500E+00   2.88812E+01
 5.32500E+00   2.88815E+01
 5.37500E+00   2.88818E+01
 5.42500E+00   2.88822E+01
 5.47500E+00   2.88825E+01
 5.52500E+00   2.88829E+01
 5.57500E+00   2.88832E+01
 5.62500E+00   2.88835E+01
 5.67500E+00   2.88839E+01
 5.72500E+00   2.88842E+01
 5.77500E+00   2.88846E+01
 5.82500E+00   2.88850E+01
 5.87500E+00   2.88854E+01
 5.92500E+00   2.88858E+01
 5.97500E+00   2.88860E+01
 6.02500E+00   2.88863E+01
 6.07500E+00   2.88867E+01
 6.12500E+00   2.88872E+01
 6.17500E+00   2.88875E+01
 6.22500E+00   2.88879E+01
 6.27500E+00   2.88883E+01
 6.32500E+00   2.88887E+01
 6.37500E+00   2.88890E+01
 6.42500E+00   2.88892E+01
 6.47500E+00   2.88896E+01
 6.52500E+00   2.88900E+01
 6.57500E+00   2.88904E+01
 6.62500E+00   2.88906E+01
 6.67500E+00   2.88910E+01
 6.72500E+00   2.88913E+01
 6.77500E+00   2.88915E+01
 6.82500E+00   2.88919E+01
 6.87500E+00   2.88923E+01
 6.92500E+00   2.88925E+01
 6.97500E+00   2.88927E+01
 7.02500E+00   2.88929E+01
 7.07500E+00   2.88931E+01
 7.12500E+00   2.88934E+01
 7.17500E+00   2.88937E+01
 7.22500E+00   2.88940E+01
 7.27500E+00   2.88942E+01
 7.32500E+00   2.88945E+01
 7.37500E+00   2.88948E+01
 7.42500E+00   2.88950E+01
 7.47500E+00   2.88953E+01
 7.52500E+00   2.88955E+01
 7.57500E+00   2.88958E+01
 7.62500E+00   2.88959E+01
 7.67500E+00   2.88962E+01
 7.72500E+00   2.88965E+01
 7.77500E+00   2.88966E+01
 7.82500E+00   2.88969E+01
 7.87500E+00   2.88972E+01
 7.92500E+00   2.88973E+01
 7.97500E+00   2.88976E+01
 8.02500E+00   2.88979E+01
 8.07500E+00   2.88982E+01
 8.12500E+00   2.88985E+01
 8.17500E+00   2.88986E+01
 8.22500E+00   2.88988E+01
 8.27500E+00   2.88992E+01
 8.32500E+00   2.88996E+01
 8.37500E+00   2.88999E+01
 8.42500E+00   2.89002E+01
 8.47500E+00   2.89006E+01
 8.52500E+00   2.89009E+01
 8.57500E+00   2.89013E+01
 8.62500E+00   2.89015E+01
 8.67500E+00   2.89017E+01
 8.72500E+00   2.89020E+01
 8.77500E+00   2.89024E+01
 8.82500E+00   2.89027E+01
 8.87500E+00   2.89029E+01
 8.92500E+00   2.89032E+01
 8.97500E+00   2.89035E+01
 9.02500E+00   2.89038E+01
 9.07500E+00   2.89039E+01
 9.12500E+00   2.89042E+01
 9.17500E+00   2.89045E+01
 9.22500E+00   2.89046E+01
 9.27500E+00   2.89048E+01
 9.32500E+00   2.89051E+01
 9.37500E+00   2.89053E+01
 9.42500E+00   2.89056E+01
 9.47500E+00   2.89057E+01
 9.52500E+00   2.89060E+01
 9.57500E+00   2.89062E+01
 9.62500E+00   2.89063E+01
 9.67500E+00   2.89064E+01
 9.72500E+00   2.89067E+01
 9.77500E+00   2.89067E+01
 9.82500E+00   2.89069E+01
 9.87500E+00   2.89069E+01
 9.92500E+00   2.89072E+01
 9.97500E+00   2.89073E+01
 1.00250E+01   2.89074E+01
 1.00750E+01   2.89075E+01
 1.01250E+01   2.89076E+01
 1.01750E+01   2.89077E+01
 1.02250E+01   2.89079E+01
 1.02750E+01   2.89081E+01
 1.03250E+01   2.89083E+01
 1.03750E+01   2.89083E+01
 1.04250E+01   2.89084E+01
 1.04750E+01   2.89086E+01
 1.05250E+01   2.89088E+01
 1.05750E+01   2.89090E+01
 1.06250E+01   2.89092E+01
 1.06750E+01   2.89090E+01
 1.07250E+01   2.89089E+01
 1.07750E+01   2.89090E+01
 1.08250E+01   2.89089E+01
 1.08750E+01   2.89088E+01
 1.09250E+01   2.89088E+01
 1.09750E+01   2.89087E+01
 1.10250E+01   2.89085E+01
 1.10750E+01   2.89083E+01
 1.11250E+01   2.89079E+01
 1.11750E+01   2.89074E+01
 1.12250E+01   2.89071E+01
 1.12750E+01   2.89067E+01
 1.13250E+01   2.89062E+01
 1.13750E+01   2.89056E+01
 1.14250E+01   2.89049E+01
 1.14750E+01   2.89044E+01
 1.15250E+01   2.89036E+01
 1.15750E+01   2.89029E+01
 1.16250E+01   2.89022E+01
 1.16750E+01   2.89012E+01
 1.17250E+01   2.89001E+01
 1.17750E+01   2.88991E+01
 1.18250E+01   2.88980E+01
 1.18750E+01   2.88966E+01
 1.19250E+01   2.88950E+01
 1.19750E+01   2.88934E+01
 1.20250E+01   2.88916E+01
 1.20750E+01   2.88897E+01
 1.21250E+01   2.88876E+01
 1.21750E+01   2.88854E+01
 1.22250E+01   2.88830E+01
 1.22750E+01   2.88804E+01
 1.23250E+01   2.88778E+01
 1.23750E+01   2.88751E+01
 1.24250E+01   2.88719E+01
 1.24750E+01   2.88685E+01
 1.25250E+01   2.88649E+01
 1.25750E+01   2.88611E+01
 1.26250E+01   2.88571E+01
 1.26750E+01   2.88527E+01
 1.27250E+01   2.88483E+01
 1.27750E+01   2.88435E+01
 1.28250E+01   2.88384E+01
 1.28750E+01   2.88328E+01
 1.29250E+01   2.88270E+01
 1.29750E+01   2.88206E+01
 1.30250E+01   2.88140E+01
 1.30750E+01   2.88070E+01
 1.31250E+01   2.87993E+01
 1.31750E+01   2.87912E+01
 1.32250E+01   2.87829E+01
 1.32750E+01   2.87739E+01
 1.33250E+01   2.87645E+01
 1.33750E+01   2.87545E+01
 1.34250E+01   2.87440E+01
 1.34750E+01   2.87329E+01
 1.35250E+01   2.87212E+01
 1.35750E+01   2.87088E+01
 1.36250E+01   2.86956E+01
 1.36750E+01   2.86816E+01
 1.37250E+01   2.86670E+01
 1.37750E+01   2.86516E+01
 1.38250E+01   2.86354E+01
 1.38750E+01   2.86183E+01
 1.39250E+01   2.86004E+01
 1.39750E+01   2.85814E+01
 1.40250E+01   2.85615E+01
 1.40750E+01   2.85406E+01
 1.41250E+01   2.85185E+01
 1.41750E+01   2.84952E+01
 1.42250E+01   2.84709E+01
 1.42750E+01   2.84453E+01
 1.43250E+01   2.84184E+01
 1.43750E+01   2.83903E+01
 1.44250E+01   2.83608E+01
 1.44750E+01   2.83298E+01
 1.45250E+01   2.82972E+01
 1.45750E+01   2.82632E+01
 1.46250E+01   2.82278E+01
 1.46750E+01   2.81906E+01
 1.47250E+01   2.81516E+01
 1.47750E+01   2.81110E+01
 1.48250E+01   2.80686E+01
 1.48750E+01   2.80243E+01
 1.49250E+01   2.79782E+01
 1.49750E+01   2.79301E+01
 1.50250E+01   2.78799E+01
 1.50750E+01   2.78279E+01
 1.51250E+01   2.77737E+01
 1.51750E+01   2.77175E+01
 1.52250E+01   2.76591E+01
 1.52750E+01   2.75985E+01
 1.53250E+01   2.75357E+01
 1.53750E+01   2.74704E+01
 1.54250E+01   2.74029E+01
 1.54750E+01   2.73330E+01
 1.55250E+01   2.72608E+01
 1.55750E+01   2.71862E+01
 1.56250E+01   2.71092E+01
 1.56750E+01   2.70300E+01
 1.57250E+01   2.69483E+01
 1.57750E+01   2.68640E+01
 1.58250E+01   2.67774E+01
 1.58750E+01   2.66886E+01
 1.59250E+01   2.65974E+01
 1.59750E+01   2.65040E+01
 1.60250E+01   2.64082E+01
 1.60750E+01   2.63102E+01
 1.61250E+01   2.62099E+01
 1.61750E+01   2.61077E+01
 1.62250E+01   2.60034E+01
 1.62750E+01   2.58972E+01
 1.63250E+01   2.57890E+01
 1.63750E+01   2.56790E+01
 1.64250E+01   2.55673E+01
 1.64750E+01   2.54541E+01
 1.65250E+01   2.53395E+01
 1.65750E+01   2.52233E+01
 1.66250E+01   2.51060E+01
 1.66750E+01   2.49876E+01
 1.67250E+01   2.48682E+01
 1.67750E+01   2.47480E+01
 1.68250E+01   2.46271E+01
 1.68750E+01   2.45054E+01
 1.69250E+01   2.43836E+01
 1.69750E+01   2.42615E+01
 1.70250E+01   2.41394E+01
 1.70750E+01   2.40174E+01
 1.71250E+01   2.38955E+01
 1.71750E+01   2.37739E+01
 1.72250E+01   2.36531E+01
 1.72750E+01   2.35328E+01
 1.73250E+01   2.34133E+01
 1.73750E+01   2.32946E+01
 1.74250E+01   2.31772E+01
 1.74750E+01   2.30608E+01
 1.75250E+01   2.29458E+01
 1.75750E+01   2.28322E+01
 1.76250E+01   2.27202E+01
 1.76750E+01   2.26099E+01
 1.77250E+01   2.25012E+01
 1.77750E+01   2.23943E+01
 1.78250E+01   2.22895E+01
 1.78750E+01   2.21867E+01
 1.79250E+01   2.20859E+01
 1.79750E+01   2.19873E+01
 1.80250E+01   2.18908E+01
 1.80750E+01   2.17967E+01
 1.81250E+01   2.17047E+01
 1.81750E+01   2.16149E+01
 1.82250E+01   2.15275E+01
 1.82750E+01   2.14425E+01
 1.83250E+01   2.13599E+01
 1.83750E+01   2.12796E+01
 1.84250E+01   2.12017E+01
 1.84750E+01   2.11261E+01
 1.85250E+01   2.10527E+01
 1.85750E+01   2.09818E+01
 1.86250E+01   2.09132E+01
 1.86750E+01   2.08470E+01
 1.87250E+01   2.07830E+01
 1.87750E+01   2.07212E+01
 1.88250E+01   2.06615E+01
 1.88750E+01   2.06040E+01
 1.89250E+01   2.05487E+01
 1.89750E+01   2.04953E+01
 1.90250E+01   2.04439E+01
 1.90750E+01   2.03945E+01
 1.91250E+01   2.03471E+01
 1.91750E+01   2.03014E+01
 1.92250E+01   2.02578E+01
 1.92750E+01   2.02159E+01
 1.93250E+01   2.01756E+01
 1.93750E+01   2.01370E+01
 1.94250E+01   2.01001E+01
 1.94750E+01   2.00648E+01
 1.95250E+01   2.00309E+01
 1.95750E+01   1.99984E+01
 1.96250E+01   1.99675E+01
 1.96750E+01   1.99379E+01
 1.97250E+01   1.99097E+01
 1.97750E+01   1.98828E+01
 1.98250E+01   1.98571E+01
 1.98750E+01   1.98326E+01
 1.99250E+01   1.98093E+01
 1.99750E+01   1.97871E+01
 2.00250E+01   1.97660E+01
 2.00750E+01   1.97459E+01
 2.01250E+01   1.97267E+01
 2.01750E+01   1.97085E+01
 2.02250E+01   1.96911E+01
 2.02750E+01   1.96746E+01
 2.03250E+01   1.96589E+01
 2.03750E+01   1.96441E+01
 2.04250E+01   1.96300E+01
 2.04750E+01   1.96166E+01
 2.05250E+01   1.96039E+01
 2.05750E+01   1.95919E+01
 2.06250E+01   1.95805E+01
 2.06750E+01   1.95696E+01
 2.07250E+01   1.95594E+01
 2.07750E+01   1.95497E+01
 2.08250E+01   1.95405E+01
 2.08750E+01   1.95319E+01
 2.09250E+01   1.95237E+01
 2.09750E+01   1.95159E+01
 2.10250E+01   1.95087E+01
 2.10750E+01   1.95017E+01
 2.11250E+01   1.94953E+01
 2.11750E+01   1.94892E+01
 2.12250E+01   1.94834E+01
 2.12750E+01   1.94780E+01
 2.13250E+01   1.94728E+01
 2.13750E+01   1.94680E+01
 2.14250E+01   1.94636E+01
 2.14750E+01   1.94593E+01
 2.15250E+01   1.94553E+01
 2.15750E+01   1.94515E+01
 2.16250E+01   1.94480E+01
 2.16750E+01   1.94447E+01
 2.17250E+01   1.94416E+01
 2.17750E+01   1.94386E+01
 2.18250E+01   1.94360E+01
 2.18750E+01   1.94335E+01
 2.19250E+01   1.94313E+01
 2.19750E+01   1.94292E+01
 2.20250E+01   1.94272E+01
 2.20750E+01   1.94252E+01
 2.21250E+01   1.94235E+01
 2.21750E+01   1.94219E+01
 2.22250E+01   1.94204E+01
 2.22750E+01   1.94191E+01
 2.23250E+01   1.94178E+01
 2.23750E+01   1.94167E+01
 2.24250E+01   1.94157E+01
 2.24750E+01   1.94146E+01
 2.25250E+01   1.94138E+01
 2.25750E+01   1.94130E+01
 2.26250E+01   1.94122E+01
 2.26750E+01   1.94116E+01
 2.27250E+01   1.94110E+01
 2.27750E+01   1.94105E+01
 2.28250E+01   1.94101E+01
 2.28750E+01   1.94099E+01
 2.29250E+01   1.94095E+01
 2.29750E+01   1.94092E+01
 2.30250E+01   1.94090E+01
 2.30750E+01   1.94089E+01
 2.31250E+01   1.94089E+01
 2.31750E+01   1.94089E+01
 2.32250E+01   1.94089E+01
 2.32750E+01   1.94089E+01
 2.33250E+01   1.94090E+01
 2.33750E+01   1.94091E+01
 2.34250E+01   1.94092E+01
 2.34750E+01   1.94093E+01
 2.35250E+01   1.94094E+01
 2.35750E+01   1.94097E+01
 2.36250E+01   1.94099E+01
 2.36750E+01   1.94101E+01
 2.37250E+01   1.94104E+01
 2.37750E+01   1.94107E+01
 2.38250E+01   1.94110E+01
 2.38750E+01   1.94113E+01
 2.39250E+01   1.94116E+01
 2.39750E+01   1.94121E+01
 2.40250E+01   1.94125E+01
 2.40750E+01   1.94128E+01
 2.41250E+01   1.94132E+01
 2.41750E+01   1.94135E+01
 2.42250E+01   1.94136E+01
 2.42750E+01   1.94139E+01
 2.43250E+01   1.94142E+01
 2.43750E+01   1.94146E+01
 2.44250E+01   1.94148E+01
 2.44750E+01   1.94152E+01
 2.45250E+01   1.94155E+01
 2.45750E+01   1.94159E+01
 2.46250E+01   1.94162E+01
 2.46750E+01   1.94165E+01
 2.47250E+01   1.94168E+01
 2.47750E+01   1.94171E+01
 2.48250E+01   1.94174E+01
 2.48750E+01   1.94178E+01
 2.49250E+01   1.94182E+01
 2.49750E+01   1.94187E+01
 2.50250E+01   1.94191E+01
 2.50750E+01   1.94194E+01
 2.51250E+01   1.94199E+01
 2.51750E+01   1.94202E+01
 2.52250E+01   1.94207E+01
 2.52750E+01   1.94210E+01
 2.53250E+01   1.94214E+01
 2.53750E+01   1.94217E+01
 2.54250E+01   1.94221E+01
 2.54750E+01   1.94226E+01
 2.55250E+01   1.94230E+01
 2.55750E+01   1.94233E+01
 2.56250E+01   1.94237E+01
 2.56750E+01   1.94241E+01
 2.57250E+01   1.94244E+01
 2.57750E+01   1.94247E+01
 2.58250E+01   1.94251E+01
 2.58750E+01   1.94253E+01
 2.59250E+01   1.94256E+01
 2.59750E+01   1.94257E+01
 2.60250E+01   1.94260E+01
 2.60750E+01   1.94262E+01
 2.61250E+01   1.94265E+01
 2.61750E+01   1.94268E+01
 2.62250E+01   1.94271E+01
 2.62750E+01   1.94274E+01
 2.63250E+01   1.94277E+01
 2.63750E+01   1.94280E+01
 2.64250E+01   1.94283E+01
 2.64750E+01   1.94287E+01
 2.65250E+01   1.94290E+01
 2.65750E+01   1.94293E+01
 2.66250E+01   1.94296E+01
 2.66750E+01   1.94299E+01
 2.67250E+01   1.94302E+01
 2.67750E+01   1.94305E+01
 2.68250E+01   1.94308E+01
 2.68750E+01   1.94312E+01
 2.69250E+01   1.94315E+01
 2.69750E+01   1.94318E+01
 2.70250E+01   1.94321E+01
 2.70750E+01   1.94325E+01
 2.71250E+01   1.94328E+01
 2.71750E+01   1.94331E+01
 2.72250E+01   1.94334E+01
 2.72750E+01   1.94338E+01
 2.73250E+01   1.94341E+01
 2.73750E+01   1.94344E+01
 2.74250E+01   1.94347E+01
 2.74750E+01   1.94350E+01
 2.75250E+01   1.94352E+01
 2.75750E+01   1.94355E+01
 2.76250E+01   1.94357E+01
 2.76750E+01   1.94359E+01
 2.77250E+01   1.94361E+01
 2.77750E+01   1.94362E+01
 2.78250E+01   1.94363E+01
 2.78750E+01   1.94365E+01
 2.79250E+01   1.94367E+01
 2.79750E+01   1.94369E+01
 2.80250E+01   1.94371E+01
 2.80750E+01   1.94373E+01
 2.81250E+01   1.94375E+01
 2.81750E+01   1.94377E+01
 2.82250E+01   1.94378E+01
 2.82750E+01   1.94379E+01
 2.83250E+01   1.94381E+01
 2.83750E+01   1.94383E+01
 2.84250E+01   1.94385E+01
 2.84750E+01   1.94386E+01
 2.85250E+01   1.94389E+01
 2.85750E+01   1.94391E+01
 2.86250E+01   1.94393E+01
 2.86750E+01   1.94394E+01
 2.87250E+01   1.94396E+01
 2.87750E+01   1.94397E+01
 2.88250E+01   1.94399E+01
 2.88750E+01   1.94402E+01
 2.89250E+01   1.94403E+01
 2.89750E+01   1.94404E+01
 2.90250E+01   1.94405E+01
 2.90750E+01   1.94407E+01
 2.91250E+01   1.94408E+01
 2.91750E+01   1.94411E+01
 2.92250E+01   1.94412E+01
 2.92750E+01   1.94413E+01
 2.93250E+01   1.94415E+01
 2.93750E+01   1.94416E+01
 2.94250E+01   1.94417E+01
 2.94750E+01   1.94417E+01
 2.95250E+01   1.94418E+01
 2.95750E+01   1.94419E+01
 2.96250E+01   1.94421E+01
 2.96750E+01   1.94422E+01
 2.97250E+01   1.94424E+01
 2.97750E+01   1.94425E+01
 2.98250E+01   1.94425E+01
 2.98750E+01   1.94426E+01
 2.99250E+01   1.94427E+01
 2.99750E+01   1.94427E+01
 3.00250E+01   1.94428E+01
 3.00750E+01   1.94429E+01
 3.01250E+01   1.94429E+01
 3.01750E+01   1.94430E+01
 3.02250E+01   1.94430E+01
 3.02750E+01   1.94429E+01
 3.03250E+01   1.94429E+01
 3.03750E+01   1.94429E+01
 3.04250E+01   1.94429E+01
 3.04750E+01   1.94429E+01
 3.05250E+01   1.94429E+01
 3.05750E+01   1.94428E+01
 3.06250E+01   1.94428E+01
 3.06750E+01   1.94426E+01
 3.07250E+01   1.94424E+01
 3.07750E+01   1.94423E+01
 3.08250E+01   1.94422E+01
 3.08750E+01   1.94421E+01
 3.09250E+01   1.94419E+01
 3.09750E+01   1.94418E+01
 3.10250E+01   1.94418E+01
 3.10750E+01   1.94416E+01
 3.11250E+01   1.94415E+01
 3.11750E+01   1.94414E+01
 3.12250E+01   1.94412E+01
 3.12750E+01   1.94410E+01
 3.13250E+01   1.94408E+01
 3.13750E+01   1.94406E+01
 3.14250E+01   1.94404E+01
 3.14750E+01   1.94401E+01
 3.15250E+01   1.94398E+01
 3.15750E+01   1.94395E+01
 3.16250E+01   1.94393E+01
 3.16750E+01   1.94390E+01
 3.17250E+01   1.94387E+01
 3.17750E+01   1.94384E+01
 3.18250E+01   1.94381E+01
 3.18750E+01   1.94378E+01
 3.19250E+01   1.94375E+01
 3.19750E+01   1.94372E+01
 3.20250E+01   1.94368E+01
 3.20750E+01   1.94364E+01
 3.21250E+01   1.94361E+01
 3.21750E+01   1.94357E+01
 3.22250E+01   1.94354E+01
 3.22750E+01   1.94349E+01
 3.23250E+01   1.94345E+01
 3.23750E+01   1.94341E+01
 3.24250E+01   1.94337E+01
 3.24750E+01   1.94331E+01
 3.25250E+01   1.94325E+01
 3.25750E+01   1.94320E+01
 3.26250E+01   1.94315E+01
 3.26750E+01   1.94309E+01
 3.27250E+01   1.94304E+01
 3.27750E+01   1.94298E+01
 3.28250E+01   1.94292E+01
 3.28750E+01   1.94287E+01
 3.29250E+01   1.94281E+01
 3.29750E+01   1.94276E+01
 3.30250E+01   1.94270E+01
 3.30750E+01   1.94265E+01
 3.31250E+01   1.94259E+01
 3.31750E+01   1.94253E+01
 3.32250E+01   1.94247E+01
 3.32750E+01   1.94241E+01
 3.33250E+01   1.94236E+01
 3.33750E+01   1.94229E+01
 3.34250E+01   1.94222E+01
 3.34750E+01   1.94216E+01
 3.35250E+01   1.94208E+01
 3.35750E+01   1.94201E+01
 3.36250E+01   1.94193E+01
 3.36750E+01   1.94184E+01
 3.37250E+01   1.94176E+01
 3.37750E+01   1.94166E+01
 3.38250E+01   1.94158E+01
 3.38750E+01   1.94148E+01
 3.39250E+01   1.94138E+01
 3.39750E+01   1.94128E+01
 3.40250E+01   1.94117E+01
 3.40750E+01   1.94108E+01
 3.41250E+01   1.94099E+01
 3.41750E+01   1.94088E+01
 3.42250E+01   1.94078E+01
 3.42750E+01   1.94066E+01
 3.43250E+01   1.94056E+01
 3.43750E+01   1.94046E+01
 3.44250E+01   1.94035E+01
 3.44750E+01   1.94024E+01
 3.45250E+01   1.94013E+01
 3.45750E+01   1.94001E+01
 3.46250E+01   1.93990E+01
 3.46750E+01   1.93978E+01
 3.47250E+01   1.93966E+01
 3.47750E+01   1.93955E+01
 3.48250E+01   1.93943E+01
 3.48750E+01   1.93931E+01
 3.49250E+01   1.93919E+01
 3.49750E+01   1.93906E+01
 3.50250E+01   1.93893E+01
 3.50750E+01   1.93880E+01
 3.51250E+01   1.93866E+01
 3.51750E+01   1.93853E+01
 3.52250E+01   1.93839E+01
 3.52750E+01   1.93825E+01
 3.53250E+01   1.93811E+01
 3.53750E+01   1.93796E+01
 3.54250E+01   1.93781E+01
 3.54750E+01   1.93766E+01
 3.55250E+01   1.93750E+01
 3.55750E+01   1.93735E+01
 3.56250E+01   1.93719E+01
 3.56750E+01   1.93703E+01
 3.57250E+01   1.93686E+01
 3.57750E+01   1.93670E+01
 3.58250E+01   1.93654E+01
 3.58750E+01   1.93636E+01
 3.59250E+01   1.93618E+01
 3.59750E+01   1.93600E+01
 3.60250E+01   1.93582E+01
 3.60750E+01   1.93564E+01
 3.61250E+01   1.93544E+01
 3.61750E+01   1.93525E+01
 3.62250E+01   1.93506E+01
 3.62750E+01   1.93486E+01
 3.63250E+01   1.93465E+01
 3.63750E+01   1.93444E+01
 3.64250E+01   1.93423E+01
 3.64750E+01   1.93401E+01
 3.65250E+01   1.93379E+01
 3.65750E+01   1.93356E+01
 3.66250E+01   1.93332E+01
 3.66750E+01   1.93309E+01
 3.67250E+01   1.93286E+01
 3.67750E+01   1.93262E+01
 3.68250E+01   1.93237E+01
 3.68750E+01   1.93212E+01
 3.69250E+01   1.93186E+01
 3.69750E+01   1.93160E+01
 3.70250E+01   1.93134E+01
 3.70750E+01   1.93107E+01
 3.71250E+01   1.93080E+01
 3.71750E+01   1.93051E+01
 3.72250E+01   1.93022E+01
 3.72750E+01   1.92991E+01
 3.73250E+01   1.92961E+01
 3.73750E+01   1.92930E+01
 3.74250E+01   1.92898E+01
 3.74750E+01   1.92865E+01
 3.75250E+01   1.92831E+01
 3.75750E+01   1.92796E+01
 3.76250E+01   1.92762E+01
 3.76750E+01   1.92726E+01
 3.77250E+01   1.92690E+01
 3.77750E+01   1.92653E+01
 3.78250E+01   1.92614E+01
 3.78750E+01   1.92575E+01
 3.79250E+01   1.92535E+01
 3.79750E+01   1.92494E+01
 3.80250E+01   1.92453E+01
 3.80750E+01   1.92411E+01
 3.81250E+01   1.92366E+01
 3.81750E+01   1.92321E+01
 3.82250E+01   1.92275E+01
 3.82750E+01   1.92228E+01
 3.83250E+01   1.92180E+01
 3.83750E+01   1.92130E+01
 3.84250E+01   1.92078E+01
 3.84750E+01   1.92026E+01
 3.85250E+01   1.91972E+01
 3.85750E+01   1.91917E+01
 3.86250E+01   1.91860E+01
 3.86750E+01   1.91804E+01
 3.87250E+01   1.91745E+01
 3.87750E+01   1.91684E+01
 3.88250E+01   1.91622E+01
 3.88750E+01   1.91559E+01
 3.89250E+01   1.91493E+01
 3.89750E+01   1.91426E+01
 3.90250E+01   1.91356E+01
 3.90750E+01   1.91285E+01
 3.91250E+01   1.91213E+01
 3.91750E+01   1.91139E+01
 3.92250E+01   1.91063E+01
 3.92750E+01   1.90984E+01
 3.93250E+01   1.90904E+01
 3.93750E+01   1.90821E+01
 3.94250E+01   1.90735E+01
 3.94750E+01   1.90648E+01
 3.95250E+01   1.90558E+01
 3.95750E+01   1.90466E+01
 3.96250E+01   1.90373E+01
 3.96750E+01   1.90276E+01
 3.97250E+01   1.90177E+01
 3.97750E+01   1.90075E+01
 3.98250E+01   1.89970E+01
 3.98750E+01   1.89862E+01
 3.99250E+01   1.89751E+01
 3.99750E+01   1.89637E+01
 4.00250E+01   1.89521E+01
 4.00750E+01   1.89401E+01
 4.01250E+01   1.89279E+01
 4.01750E+01   1.89152E+01
 4.02250E+01   1.89022E+01
 4.02750E+01   1.88889E+01
 4.03250E+01   1.88753E+01
 4.03750E+01   1.88612E+01
 4.04250E+01   1.88468E+01
 4.04750E+01   1.88320E+01
 4.05250E+01   1.88168E+01
 4.05750E+01   1.88011E+01
 4.06250E+01   1.87850E+01
 4.06750E+01   1.87686E+01
 4.07250E+01   1.87516E+01
 4.07750E+01   1.87342E+01
 4.08250E+01   1.87165E+01
 4.08750E+01   1.86981E+01
 4.09250E+01   1.86794E+01
 4.09750E+01   1.86601E+01
 4.10250E+01   1.86403E+01
 4.10750E+01   1.86199E+01
 4.11250E+01   1.85991E+01
 4.11750E+01   1.85777E+01
 4.12250E+01   1.85558E+01
 4.12750E+01   1.85332E+01
 4.13250E+01   1.85101E+01
 4.13750E+01   1.84864E+01
 4.14250E+01   1.84620E+01
 4.14750E+01   1.84370E+01
 4.15250E+01   1.84113E+01
 4.15750E+01   1.83851E+01
 4.16250E+01   1.83582E+01
 4.16750E+01   1.83305E+01
 4.17250E+01   1.83022E+01
 4.17750E+01   1.82732E+01
 4.18250E+01   1.82434E+01
 4.18750E+01   1.82129E+01
 4.19250E+01   1.81817E+01
 4.19750E+01   1.81496E+01
 4.20250E+01   1.81168E+01
 4.20750E+01   1.80830E+01
 4.21250E+01   1.80485E+01
 4.21750E+01   1.80130E+01
 4.22250E+01   1.79767E+01
 4.22750E+01   1.79395E+01
 4.23250E+01   1.79015E+01
 4.23750E+01   1.78626E+01
 4.24250E+01   1.78226E+01
 4.24750E+01   1.77817E+01
 4.25250E+01   1.77399E+01
 4.25750E+01   1.76971E+01
 4.26250E+01   1.76532E+01
 4.26750E+01   1.76083E+01
 4.27250E+01   1.75625E+01
 4.27750E+01   1.75156E+01
 4.28250E+01   1.74675E+01
 4.28750E+01   1.74184E+01
 4.29250E+01   1.73681E+01
 4.29750E+01   1.73167E+01
 4.30250E+01   1.72642E+01
 4.30750E+01   1.72104E+01
 4.31250E+01   1.71555E+01
 4.31750E+01   1.70994E+01
 4.32250E+01   1.70421E+01
 4.32750E+01   1.69835E+01
 4.33250E+01   1.69238E+01
 4.33750E+01   1.68627E+01
 4.34250E+01   1.68004E+01
 4.34750E+01   1.67367E+01
 4.35250E+01   1.66718E+01
 4.35750E+01   1.66055E+01
 4.36250E+01   1.65378E+01
 4.36750E+01   1.64688E+01
 4.37250E+01   1.63985E+01
 4.37750E+01   1.63268E+01
 4.38250E+01   1.62537E+01
 4.38750E+01   1.61793E+01
 4.39250E+01   1.61033E+01
 4.39750E+01   1.60260E+01
 4.40250E+01   1.59473E+01
 4.40750E+01   1.58672E+01
 4.41250E+01   1.57855E+01
 4.41750E+01   1.57025E+01
 4.42250E+01   1.56181E+01
 4.42750E+01   1.55323E+01
 4.43250E+01   1.54449E+01
 4.43750E+01   1.53561E+01
 4.44250E+01   1.52658E+01
 4.44750E+01   1.51741E+01
 4.45250E+01   1.50809E+01
 4.45750E+01   1.49863E+01
 4.46250E+01   1.48902E+01
 4.46750E+01   1.47928E+01
 4.47250E+01   1.46938E+01
 4.47750E+01   1.45935E+01
 4.48250E+01   1.44916E+01
 4.48750E+01   1.43885E+01
 4.49250E+01   1.42839E+01
 4.49750E+01   1.41779E+01
 4.50250E+01   1.40705E+01
 4.50750E+01   1.39618E+01
 4.51250E+01   1.38517E+01
 4.51750E+01   1.37403E+01
 4.52250E+01   1.36277E+01
 4.52750E+01   1.35137E+01
 4.53250E+01   1.33985E+01
 4.53750E+01   1.32819E+01
 4.54250E+01   1.31642E+01
 4.54750E+01   1.30453E+01
 4.55250E+01   1.29251E+01
 4.55750E+01   1.28039E+01
 4.56250E+01   1.26816E+01
 4.56750E+01   1.25582E+01
 4.57250E+01   1.24337E+01
 4.57750E+01   1.23082E+01
 4.58250E+01   1.21818E+01
 4.58750E+01   1.20544E+01
 4.59250E+01   1.19261E+01
 4.59750E+01   1.17969E+01
 4.60250E+01   1.16669E+01
 4.60750E+01   1.15361E+01
 4.61250E+01   1.14046E+01
 4.61750E+01   1.12724E+01
 4.62250E+01   1.11395E+01
 4.62750E+01   1.10060E+01
 4.63250E+01   1.08720E+01
 4.63750E+01   1.07374E+01
 4.64250E+01   1.06025E+01
 4.64750E+01   1.04671E+01
 4.65250E+01   1.03313E+01
 4.65750E+01   1.01953E+01
 4.66250E+01   1.00589E+01
 4.66750E+01   9.92232E+00
 4.67250E+01   9.78559E+00
 4.67750E+01   9.64875E+00
 4.68250E+01   9.51185E+00
 4.68750E+01   9.37496E+00
 4.69250E+01   9.23811E+00
 4.69750E+01   9.10133E+00
 4.70250E+01   8.96474E+00
 4.70750E+01   8.82836E+00
 4.71250E+01   8.69218E+00
 4.71750E+01   8.55637E+00
 4.72250E+01   8.42091E+00
 4.72750E+01   8.28585E+00
 4.73250E+01   8.15130E+00
 4.73750E+01   8.01724E+00
 4.74250E+01   7.88377E+00
 4.74750E+01   7.75092E+00
 4.75250E+01   7.61871E+00
 4.75750E+01   7.48723E+00
 4.76250E+01   7.35652E+00
 4.76750E+01   7.22660E+00
 4.77250E+01   7.09758E+00
 4.77750E+01   6.96946E+00
 4.78250E+01   6.84231E+00
 4.78750E+01   6.71614E+00
 4.79250E+01   6.59105E+00
 4.79750E+01   6.46703E+00
 4.80250E+01   6.34417E+00
 4.80750E+01   6.22251E+00
 4.81250E+01   6.10214E+00
 4.81750E+01   5.98308E+00
 4.82250E+01   5.86535E+00
 4.82750E+01   5.74907E+00
 4.83250E+01   5.63428E+00
 4.83750E+01   5.52111E+00
 4.84250E+01   5.40959E+00
 4.84750E+01   5.29989E+00
 4.85250E+01   5.19211E+00
 4.85750E+01   5.08640E+00
 4.86250E+01   4.98295E+00
 4.86750E+01   4.88201E+00
 4.87250E+01   4.78381E+00
 4.87750E+01   4.68872E+00
 4.88250E+01   4.59719E+00
 4.88750E+01   4.50975E+00
 4.89250E+01   4.42710E+00
 4.89750E+01   4.35023E+00
