      xx/10.      ss_ratio
         [-]           [-]
 1.02500E+00   1.17898E+01
 1.07500E+00   1.17900E+01
 1.12500E+00   1.17902E+01
 1.17500E+00   1.17904E+01
 1.22500E+00   1.17906E+01
 1.27500E+00   1.17908E+01
 1.32500E+00   1.17909E+01
 1.37500E+00   1.17911E+01
 1.42500E+00   1.17912E+01
 1.47500E+00   1.17914E+01
 1.52500E+00   1.17916E+01
 1.57500E+00   1.17918E+01
 1.62500E+00   1.17919E+01
 1.67500E+00   1.17920E+01
 1.72500E+00   1.17922E+01
 1.77500E+00   1.17924E+01
 1.82500E+00   1.17926E+01
 1.87500E+00   1.17928E+01
 1.92500E+00   1.17930E+01
 1.97500E+00   1.17931E+01
 2.02500E+00   1.17933E+01
 2.07500E+00   1.17935E+01
 2.12500E+00   1.17936E+01
 2.17500E+00   1.17938E+01
 2.22500E+00   1.17940E+01
 2.27500E+00   1.17942E+01
 2.32500E+00   1.17944E+01
 2.37500E+00   1.17946E+01
 2.42500E+00   1.17948E+01
 2.47500E+00   1.17950E+01
 2.52500E+00   1.17951E+01
 2.57500E+00   1.17953E+01
 2.62500E+00   1.17955E+01
 2.67500E+00   1.17957E+01
 2.72500E+00   1.17959E+01
 2.77500E+00   1.17961E+01
 2.82500E+00   1.17963E+01
 2.87500E+00   1.17964E+01
 2.92500E+00   1.17966E+01
 2.97500E+00   1.17968E+01
 3.02500E+00   1.17970E+01
 3.07500E+00   1.17971E+01
 3.12500E+00   1.17973E+01
 3.17500E+00   1.17975E+01
 3.22500E+00   1.17977E+01
 3.27500E+00   1.17979E+01
 3.32500E+00   1.17981E+01
 3.37500E+00   1.17983E+01
 3.42500E+00   1.17984E+01
 3.47500E+00   1.17986E+01
 3.52500E+00   1.17988E+01
 3.57500E+00   1.17990E+01
 3.62500E+00   1.17992E+01
 3.67500E+00   1.17994E+01
 3.72500E+00   1.17996E+01
 3.77500E+00   1.17998E+01
 3.82500E+00   1.18000E+01
 3.87500E+00   1.18002E+01
 3.92500E+00   1.18004E+01
 3.97500E+00   1.18007E+01
 4.02500E+00   1.18009E+01
 4.07500E+00   1.18010E+01
 4.12500E+00   1.18012E+01
 4.17500E+00   1.18014E+01
 4.22500E+00   1.18016E+01
 4.27500E+00   1.18017E+01
 4.32500E+00   1.18018E+01
 4.37500E+00   1.18020E+01
 4.42500E+00   1.18022E+01
 4.47500E+00   1.18024E+01
 4.52500E+00   1.18026E+01
 4.57500E+00   1.18028E+01
 4.62500E+00   1.18030E+01
 4.67500E+00   1.18032E+01
 4.72500E+00   1.18034E+01
 4.77500E+00   1.18036E+01
 4.82500E+00   1.18038E+01
 4.87500E+00   1.18040E+01
 4.92500E+00   1.18042E+01
 4.97500E+00   1.18044E+01
 5.02500E+00   1.18047E+01
 5.07500E+00   1.18049E+01
 5.12500E+00   1.18051E+01
 5.17500E+00   1.18053E+01
 5.22500E+00   1.18055E+01
 5.27500E+00   1.18057E+01
 5.32500E+00   1.18059E+01
 5.37500E+00   1.18060E+01
 5.42500E+00   1.18062E+01
 5.47500E+00   1.18064E+01
 5.52500E+00   1.18067E+01
 5.57500E+00   1.18069E+01
 5.62500E+00   1.18071E+01
 5.67500E+00   1.18073E+01
 5.72500E+00   1.18074E+01
 5.77500E+00   1.18077E+01
 5.82500E+00   1.18079E+01
 5.87500E+00   1.18081E+01
 5.92500E+00   1.18082E+01
 5.97500E+00   1.18085E+01
 6.02500E+00   1.18086E+01
 6.07500E+00   1.18088E+01
 6.12500E+00   1.18091E+01
 6.17500E+00   1.18093E+01
 6.22500E+00   1.18095E+01
 6.27500E+00   1.18097E+01
 6.32500E+00   1.18099E+01
 6.37500E+00   1.18100E+01
 6.42500E+00   1.18102E+01
 6.47500E+00   1.18104E+01
 6.52500E+00   1.18106E+01
 6.57500E+00   1.18108E+01
 6.62500E+00   1.18110E+01
 6.67500E+00   1.18112E+01
 6.72500E+00   1.18113E+01
 6.77500E+00   1.18116E+01
 6.82500E+00   1.18118E+01
 6.87500E+00   1.18120E+01
 6.92500E+00   1.18122E+01
 6.97500E+00   1.18123E+01
 7.02500E+00   1.18125E+01
 7.07500E+00   1.18126E+01
 7.12500E+00   1.18128E+01
 7.17500E+00   1.18129E+01
 7.22500E+00   1.18131E+01
 7.27500E+00   1.18133E+01
 7.32500E+00   1.18135E+01
 7.37500E+00   1.18137E+01
 7.42500E+00   1.18138E+01
 7.47500E+00   1.18140E+01
 7.52500E+00   1.18141E+01
 7.57500E+00   1.18143E+01
 7.62500E+00   1.18145E+01
 7.67500E+00   1.18146E+01
 7.72500E+00   1.18147E+01
 7.77500E+00   1.18148E+01
 7.82500E+00   1.18148E+01
 7.87500E+00   1.18150E+01
 7.92500E+00   1.18150E+01
 7.97500E+00   1.18152E+01
 8.02500E+00   1.18153E+01
 8.07500E+00   1.18155E+01
 8.12500E+00   1.18156E+01
 8.17500E+00   1.18157E+01
 8.22500E+00   1.18158E+01
 8.27500E+00   1.18159E+01
 8.32500E+00   1.18160E+01
 8.37500E+00   1.18161E+01
 8.42500E+00   1.18162E+01
 8.47500E+00   1.18163E+01
 8.52500E+00   1.18164E+01
 8.57500E+00   1.18165E+01
 8.62500E+00   1.18166E+01
 8.67500E+00   1.18166E+01
 8.72500E+00   1.18167E+01
 8.77500E+00   1.18168E+01
 8.82500E+00   1.18168E+01
 8.87500E+00   1.18168E+01
 8.92500E+00   1.18170E+01
 8.97500E+00   1.18171E+01
 9.02500E+00   1.18172E+01
 9.07500E+00   1.18173E+01
 9.12500E+00   1.18174E+01
 9.17500E+00   1.18175E+01
 9.22500E+00   1.18177E+01
 9.27500E+00   1.18178E+01
 9.32500E+00   1.18179E+01
 9.37500E+00   1.18180E+01
 9.42500E+00   1.18181E+01
 9.47500E+00   1.18182E+01
 9.52500E+00   1.18183E+01
 9.57500E+00   1.18184E+01
 9.62500E+00   1.18185E+01
 9.67500E+00   1.18186E+01
 9.72500E+00   1.18187E+01
 9.77500E+00   1.18188E+01
 9.82500E+00   1.18189E+01
 9.87500E+00   1.18190E+01
 9.92500E+00   1.18191E+01
 9.97500E+00   1.18192E+01
 1.00250E+01   1.18194E+01
 1.00750E+01   1.18194E+01
 1.01250E+01   1.18195E+01
 1.01750E+01   1.18196E+01
 1.02250E+01   1.18197E+01
 1.02750E+01   1.18197E+01
 1.03250E+01   1.18197E+01
 1.03750E+01   1.18198E+01
 1.04250E+01   1.18198E+01
 1.04750E+01   1.18199E+01
 1.05250E+01   1.18200E+01
 1.05750E+01   1.18200E+01
 1.06250E+01   1.18201E+01
 1.06750E+01   1.18202E+01
 1.07250E+01   1.18203E+01
 1.07750E+01   1.18204E+01
 1.08250E+01   1.18205E+01
 1.08750E+01   1.18206E+01
 1.09250E+01   1.18208E+01
 1.09750E+01   1.18208E+01
 1.10250E+01   1.18209E+01
 1.10750E+01   1.18210E+01
 1.11250E+01   1.18211E+01
 1.11750E+01   1.18212E+01
 1.12250E+01   1.18214E+01
 1.12750E+01   1.18215E+01
 1.13250E+01   1.18216E+01
 1.13750E+01   1.18217E+01
 1.14250E+01   1.18217E+01
 1.14750E+01   1.18219E+01
 1.15250E+01   1.18220E+01
 1.15750E+01   1.18222E+01
 1.16250E+01   1.18223E+01
 1.16750E+01   1.18224E+01
 1.17250E+01   1.18225E+01
 1.17750E+01   1.18226E+01
 1.18250E+01   1.18228E+01
 1.18750E+01   1.18228E+01
 1.19250E+01   1.18228E+01
 1.19750E+01   1.18229E+01
 1.20250E+01   1.18230E+01
 1.20750E+01   1.18232E+01
 1.21250E+01   1.18232E+01
 1.21750E+01   1.18233E+01
 1.22250E+01   1.18234E+01
 1.22750E+01   1.18236E+01
 1.23250E+01   1.18237E+01
 1.23750E+01   1.18238E+01
 1.24250E+01   1.18239E+01
 1.24750E+01   1.18239E+01
 1.25250E+01   1.18241E+01
 1.25750E+01   1.18242E+01
 1.26250E+01   1.18243E+01
 1.26750E+01   1.18243E+01
 1.27250E+01   1.18244E+01
 1.27750E+01   1.18245E+01
 1.28250E+01   1.18245E+01
 1.28750E+01   1.18245E+01
 1.29250E+01   1.18246E+01
 1.29750E+01   1.18247E+01
 1.30250E+01   1.18248E+01
 1.30750E+01   1.18248E+01
 1.31250E+01   1.18248E+01
 1.31750E+01   1.18248E+01
 1.32250E+01   1.18249E+01
 1.32750E+01   1.18249E+01
 1.33250E+01   1.18250E+01
 1.33750E+01   1.18250E+01
 1.34250E+01   1.18251E+01
 1.34750E+01   1.18251E+01
 1.35250E+01   1.18252E+01
 1.35750E+01   1.18252E+01
 1.36250E+01   1.18252E+01
 1.36750E+01   1.18253E+01
 1.37250E+01   1.18254E+01
 1.37750E+01   1.18253E+01
 1.38250E+01   1.18254E+01
 1.38750E+01   1.18254E+01
 1.39250E+01   1.18254E+01
 1.39750E+01   1.18254E+01
 1.40250E+01   1.18254E+01
 1.40750E+01   1.18254E+01
 1.41250E+01   1.18254E+01
 1.41750E+01   1.18254E+01
 1.42250E+01   1.18255E+01
 1.42750E+01   1.18255E+01
 1.43250E+01   1.18255E+01
 1.43750E+01   1.18256E+01
 1.44250E+01   1.18257E+01
 1.44750E+01   1.18258E+01
 1.45250E+01   1.18258E+01
 1.45750E+01   1.18259E+01
 1.46250E+01   1.18259E+01
 1.46750E+01   1.18259E+01
 1.47250E+01   1.18260E+01
 1.47750E+01   1.18261E+01
 1.48250E+01   1.18261E+01
 1.48750E+01   1.18262E+01
 1.49250E+01   1.18263E+01
 1.49750E+01   1.18264E+01
 1.50250E+01   1.18265E+01
 1.50750E+01   1.18266E+01
 1.51250E+01   1.18266E+01
 1.51750E+01   1.18267E+01
 1.52250E+01   1.18268E+01
 1.52750E+01   1.18269E+01
 1.53250E+01   1.18270E+01
 1.53750E+01   1.18270E+01
 1.54250E+01   1.18270E+01
 1.54750E+01   1.18271E+01
 1.55250E+01   1.18271E+01
 1.55750E+01   1.18271E+01
 1.56250E+01   1.18272E+01
 1.56750E+01   1.18272E+01
 1.57250E+01   1.18273E+01
 1.57750E+01   1.18275E+01
 1.58250E+01   1.18276E+01
 1.58750E+01   1.18277E+01
 1.59250E+01   1.18279E+01
 1.59750E+01   1.18280E+01
 1.60250E+01   1.18281E+01
 1.60750E+01   1.18282E+01
 1.61250E+01   1.18283E+01
 1.61750E+01   1.18284E+01
 1.62250E+01   1.18284E+01
 1.62750E+01   1.18285E+01
 1.63250E+01   1.18285E+01
 1.63750E+01   1.18285E+01
 1.64250E+01   1.18285E+01
 1.64750E+01   1.18285E+01
 1.65250E+01   1.18286E+01
 1.65750E+01   1.18287E+01
 1.66250E+01   1.18288E+01
 1.66750E+01   1.18289E+01
 1.67250E+01   1.18290E+01
 1.67750E+01   1.18292E+01
 1.68250E+01   1.18292E+01
 1.68750E+01   1.18294E+01
 1.69250E+01   1.18295E+01
 1.69750E+01   1.18297E+01
 1.70250E+01   1.18298E+01
 1.70750E+01   1.18300E+01
 1.71250E+01   1.18302E+01
 1.71750E+01   1.18303E+01
 1.72250E+01   1.18304E+01
 1.72750E+01   1.18306E+01
 1.73250E+01   1.18307E+01
 1.73750E+01   1.18309E+01
 1.74250E+01   1.18311E+01
 1.74750E+01   1.18311E+01
 1.75250E+01   1.18313E+01
 1.75750E+01   1.18315E+01
 1.76250E+01   1.18316E+01
 1.76750E+01   1.18317E+01
 1.77250E+01   1.18318E+01
 1.77750E+01   1.18319E+01
 1.78250E+01   1.18320E+01
 1.78750E+01   1.18321E+01
 1.79250E+01   1.18322E+01
 1.79750E+01   1.18323E+01
 1.80250E+01   1.18324E+01
 1.80750E+01   1.18325E+01
 1.81250E+01   1.18325E+01
 1.81750E+01   1.18326E+01
 1.82250E+01   1.18326E+01
 1.82750E+01   1.18327E+01
 1.83250E+01   1.18328E+01
 1.83750E+01   1.18328E+01
 1.84250E+01   1.18329E+01
 1.84750E+01   1.18330E+01
 1.85250E+01   1.18332E+01
 1.85750E+01   1.18333E+01
 1.86250E+01   1.18334E+01
 1.86750E+01   1.18335E+01
 1.87250E+01   1.18336E+01
 1.87750E+01   1.18338E+01
 1.88250E+01   1.18339E+01
 1.88750E+01   1.18340E+01
 1.89250E+01   1.18341E+01
 1.89750E+01   1.18342E+01
 1.90250E+01   1.18343E+01
 1.90750E+01   1.18344E+01
 1.91250E+01   1.18345E+01
 1.91750E+01   1.18346E+01
 1.92250E+01   1.18348E+01
 1.92750E+01   1.18350E+01
 1.93250E+01   1.18352E+01
 1.93750E+01   1.18355E+01
 1.94250E+01   1.18357E+01
 1.94750E+01   1.18360E+01
 1.95250E+01   1.18363E+01
 1.95750E+01   1.18365E+01
 1.96250E+01   1.18366E+01
 1.96750E+01   1.18368E+01
 1.97250E+01   1.18368E+01
 1.97750E+01   1.18370E+01
 1.98250E+01   1.18371E+01
 1.98750E+01   1.18373E+01
 1.99250E+01   1.18375E+01
 1.99750E+01   1.18376E+01
 2.00250E+01   1.18377E+01
 2.00750E+01   1.18379E+01
 2.01250E+01   1.18380E+01
 2.01750E+01   1.18382E+01
 2.02250E+01   1.18382E+01
 2.02750E+01   1.18383E+01
 2.03250E+01   1.18384E+01
 2.03750E+01   1.18385E+01
 2.04250E+01   1.18387E+01
 2.04750E+01   1.18388E+01
 2.05250E+01   1.18390E+01
 2.05750E+01   1.18392E+01
 2.06250E+01   1.18394E+01
 2.06750E+01   1.18395E+01
 2.07250E+01   1.18397E+01
 2.07750E+01   1.18399E+01
 2.08250E+01   1.18400E+01
 2.08750E+01   1.18401E+01
 2.09250E+01   1.18403E+01
 2.09750E+01   1.18405E+01
 2.10250E+01   1.18406E+01
 2.10750E+01   1.18408E+01
 2.11250E+01   1.18410E+01
 2.11750E+01   1.18412E+01
 2.12250E+01   1.18413E+01
 2.12750E+01   1.18414E+01
 2.13250E+01   1.18416E+01
 2.13750E+01   1.18417E+01
 2.14250E+01   1.18418E+01
 2.14750E+01   1.18418E+01
 2.15250E+01   1.18419E+01
 2.15750E+01   1.18419E+01
 2.16250E+01   1.18421E+01
 2.16750E+01   1.18422E+01
 2.17250E+01   1.18424E+01
 2.17750E+01   1.18425E+01
 2.18250E+01   1.18427E+01
 2.18750E+01   1.18428E+01
 2.19250E+01   1.18429E+01
 2.19750E+01   1.18430E+01
 2.20250E+01   1.18432E+01
 2.20750E+01   1.18433E+01
 2.21250E+01   1.18434E+01
 2.21750E+01   1.18436E+01
 2.22250E+01   1.18437E+01
 2.22750E+01   1.18438E+01
 2.23250E+01   1.18439E+01
 2.23750E+01   1.18440E+01
 2.24250E+01   1.18441E+01
 2.24750E+01   1.18442E+01
 2.25250E+01   1.18443E+01
 2.25750E+01   1.18444E+01
 2.26250E+01   1.18445E+01
 2.26750E+01   1.18446E+01
 2.27250E+01   1.18446E+01
 2.27750E+01   1.18447E+01
 2.28250E+01   1.18448E+01
 2.28750E+01   1.18450E+01
 2.29250E+01   1.18450E+01
 2.29750E+01   1.18451E+01
 2.30250E+01   1.18452E+01
 2.30750E+01   1.18453E+01
 2.31250E+01   1.18453E+01
 2.31750E+01   1.18453E+01
 2.32250E+01   1.18454E+01
 2.32750E+01   1.18454E+01
 2.33250E+01   1.18455E+01
 2.33750E+01   1.18456E+01
 2.34250E+01   1.18456E+01
 2.34750E+01   1.18456E+01
 2.35250E+01   1.18457E+01
 2.35750E+01   1.18457E+01
 2.36250E+01   1.18458E+01
 2.36750E+01   1.18459E+01
 2.37250E+01   1.18461E+01
 2.37750E+01   1.18461E+01
 2.38250E+01   1.18461E+01
 2.38750E+01   1.18462E+01
 2.39250E+01   1.18463E+01
 2.39750E+01   1.18464E+01
 2.40250E+01   1.18464E+01
 2.40750E+01   1.18464E+01
 2.41250E+01   1.18465E+01
 2.41750E+01   1.18465E+01
 2.42250E+01   1.18465E+01
 2.42750E+01   1.18466E+01
 2.43250E+01   1.18466E+01
 2.43750E+01   1.18467E+01
 2.44250E+01   1.18467E+01
 2.44750E+01   1.18467E+01
 2.45250E+01   1.18468E+01
 2.45750E+01   1.18468E+01
 2.46250E+01   1.18468E+01
 2.46750E+01   1.18468E+01
 2.47250E+01   1.18469E+01
 2.47750E+01   1.18469E+01
 2.48250E+01   1.18469E+01
 2.48750E+01   1.18469E+01
 2.49250E+01   1.18469E+01
 2.49750E+01   1.18469E+01
 2.50250E+01   1.18470E+01
 2.50750E+01   1.18469E+01
 2.51250E+01   1.18470E+01
 2.51750E+01   1.18470E+01
 2.52250E+01   1.18470E+01
 2.52750E+01   1.18470E+01
 2.53250E+01   1.18470E+01
 2.53750E+01   1.18470E+01
 2.54250E+01   1.18470E+01
 2.54750E+01   1.18471E+01
 2.55250E+01   1.18471E+01
 2.55750E+01   1.18471E+01
 2.56250E+01   1.18470E+01
 2.56750E+01   1.18471E+01
 2.57250E+01   1.18471E+01
 2.57750E+01   1.18471E+01
 2.58250E+01   1.18472E+01
 2.58750E+01   1.18472E+01
 2.59250E+01   1.18473E+01
 2.59750E+01   1.18474E+01
 2.60250E+01   1.18474E+01
 2.60750E+01   1.18475E+01
 2.61250E+01   1.18476E+01
 2.61750E+01   1.18476E+01
 2.62250E+01   1.18477E+01
 2.62750E+01   1.18478E+01
 2.63250E+01   1.18479E+01
 2.63750E+01   1.18480E+01
 2.64250E+01   1.18480E+01
 2.64750E+01   1.18481E+01
 2.65250E+01   1.18482E+01
 2.65750E+01   1.18483E+01
 2.66250E+01   1.18484E+01
 2.66750E+01   1.18485E+01
 2.67250E+01   1.18485E+01
 2.67750E+01   1.18487E+01
 2.68250E+01   1.18488E+01
 2.68750E+01   1.18488E+01
 2.69250E+01   1.18489E+01
 2.69750E+01   1.18490E+01
 2.70250E+01   1.18491E+01
 2.70750E+01   1.18492E+01
 2.71250E+01   1.18493E+01
 2.71750E+01   1.18494E+01
 2.72250E+01   1.18495E+01
 2.72750E+01   1.18496E+01
 2.73250E+01   1.18497E+01
 2.73750E+01   1.18498E+01
 2.74250E+01   1.18499E+01
 2.74750E+01   1.18500E+01
 2.75250E+01   1.18501E+01
 2.75750E+01   1.18502E+01
 2.76250E+01   1.18503E+01
 2.76750E+01   1.18504E+01
 2.77250E+01   1.18505E+01
 2.77750E+01   1.18506E+01
 2.78250E+01   1.18507E+01
 2.78750E+01   1.18509E+01
 2.79250E+01   1.18510E+01
 2.79750E+01   1.18512E+01
 2.80250E+01   1.18513E+01
 2.80750E+01   1.18514E+01
 2.81250E+01   1.18515E+01
 2.81750E+01   1.18516E+01
 2.82250E+01   1.18518E+01
 2.82750E+01   1.18519E+01
 2.83250E+01   1.18521E+01
 2.83750E+01   1.18522E+01
 2.84250E+01   1.18523E+01
 2.84750E+01   1.18525E+01
 2.85250E+01   1.18527E+01
 2.85750E+01   1.18528E+01
 2.86250E+01   1.18530E+01
 2.86750E+01   1.18531E+01
 2.87250E+01   1.18534E+01
 2.87750E+01   1.18536E+01
 2.88250E+01   1.18538E+01
 2.88750E+01   1.18540E+01
 2.89250E+01   1.18542E+01
 2.89750E+01   1.18543E+01
 2.90250E+01   1.18545E+01
 2.90750E+01   1.18547E+01
 2.91250E+01   1.18549E+01
 2.91750E+01   1.18551E+01
 2.92250E+01   1.18552E+01
 2.92750E+01   1.18554E+01
 2.93250E+01   1.18557E+01
 2.93750E+01   1.18558E+01
 2.94250E+01   1.18560E+01
 2.94750E+01   1.18561E+01
 2.95250E+01   1.18562E+01
 2.95750E+01   1.18564E+01
 2.96250E+01   1.18566E+01
 2.96750E+01   1.18567E+01
 2.97250E+01   1.18569E+01
 2.97750E+01   1.18571E+01
 2.98250E+01   1.18573E+01
 2.98750E+01   1.18575E+01
 2.99250E+01   1.18577E+01
 2.99750E+01   1.18579E+01
 3.00250E+01   1.18581E+01
 3.00750E+01   1.18582E+01
 3.01250E+01   1.18585E+01
 3.01750E+01   1.18587E+01
 3.02250E+01   1.18589E+01
 3.02750E+01   1.18591E+01
 3.03250E+01   1.18594E+01
 3.03750E+01   1.18596E+01
 3.04250E+01   1.18598E+01
 3.04750E+01   1.18600E+01
 3.05250E+01   1.18603E+01
 3.05750E+01   1.18605E+01
 3.06250E+01   1.18607E+01
 3.06750E+01   1.18609E+01
 3.07250E+01   1.18611E+01
 3.07750E+01   1.18613E+01
 3.08250E+01   1.18615E+01
 3.08750E+01   1.18618E+01
 3.09250E+01   1.18621E+01
 3.09750E+01   1.18623E+01
 3.10250E+01   1.18626E+01
 3.10750E+01   1.18628E+01
 3.11250E+01   1.18631E+01
 3.11750E+01   1.18634E+01
 3.12250E+01   1.18636E+01
 3.12750E+01   1.18639E+01
 3.13250E+01   1.18641E+01
 3.13750E+01   1.18644E+01
 3.14250E+01   1.18646E+01
 3.14750E+01   1.18649E+01
 3.15250E+01   1.18652E+01
 3.15750E+01   1.18656E+01
 3.16250E+01   1.18659E+01
 3.16750E+01   1.18662E+01
 3.17250E+01   1.18664E+01
 3.17750E+01   1.18667E+01
 3.18250E+01   1.18670E+01
 3.18750E+01   1.18673E+01
 3.19250E+01   1.18676E+01
 3.19750E+01   1.18679E+01
 3.20250E+01   1.18682E+01
 3.20750E+01   1.18685E+01
 3.21250E+01   1.18688E+01
 3.21750E+01   1.18691E+01
 3.22250E+01   1.18695E+01
 3.22750E+01   1.18697E+01
 3.23250E+01   1.18700E+01
 3.23750E+01   1.18703E+01
 3.24250E+01   1.18706E+01
 3.24750E+01   1.18709E+01
 3.25250E+01   1.18712E+01
 3.25750E+01   1.18714E+01
 3.26250E+01   1.18716E+01
 3.26750E+01   1.18719E+01
 3.27250E+01   1.18721E+01
 3.27750E+01   1.18724E+01
 3.28250E+01   1.18726E+01
 3.28750E+01   1.18729E+01
 3.29250E+01   1.18731E+01
 3.29750E+01   1.18734E+01
 3.30250E+01   1.18737E+01
 3.30750E+01   1.18740E+01
 3.31250E+01   1.18743E+01
 3.31750E+01   1.18746E+01
 3.32250E+01   1.18749E+01
 3.32750E+01   1.18752E+01
 3.33250E+01   1.18754E+01
 3.33750E+01   1.18757E+01
 3.34250E+01   1.18760E+01
 3.34750E+01   1.18764E+01
 3.35250E+01   1.18767E+01
 3.35750E+01   1.18770E+01
 3.36250E+01   1.18773E+01
 3.36750E+01   1.18776E+01
 3.37250E+01   1.18779E+01
 3.37750E+01   1.18782E+01
 3.38250E+01   1.18786E+01
 3.38750E+01   1.18789E+01
 3.39250E+01   1.18792E+01
 3.39750E+01   1.18795E+01
 3.40250E+01   1.18798E+01
 3.40750E+01   1.18801E+01
 3.41250E+01   1.18804E+01
 3.41750E+01   1.18807E+01
 3.42250E+01   1.18810E+01
 3.42750E+01   1.18814E+01
 3.43250E+01   1.18817E+01
 3.43750E+01   1.18820E+01
 3.44250E+01   1.18823E+01
 3.44750E+01   1.18826E+01
 3.45250E+01   1.18829E+01
 3.45750E+01   1.18833E+01
 3.46250E+01   1.18836E+01
 3.46750E+01   1.18839E+01
 3.47250E+01   1.18842E+01
 3.47750E+01   1.18846E+01
 3.48250E+01   1.18848E+01
 3.48750E+01   1.18851E+01
 3.49250E+01   1.18855E+01
 3.49750E+01   1.18858E+01
 3.50250E+01   1.18861E+01
 3.50750E+01   1.18864E+01
 3.51250E+01   1.18867E+01
 3.51750E+01   1.18870E+01
 3.52250E+01   1.18873E+01
 3.52750E+01   1.18876E+01
 3.53250E+01   1.18879E+01
 3.53750E+01   1.18882E+01
 3.54250E+01   1.18885E+01
 3.54750E+01   1.18888E+01
 3.55250E+01   1.18892E+01
 3.55750E+01   1.18896E+01
 3.56250E+01   1.18899E+01
 3.56750E+01   1.18902E+01
 3.57250E+01   1.18905E+01
 3.57750E+01   1.18909E+01
 3.58250E+01   1.18912E+01
 3.58750E+01   1.18916E+01
 3.59250E+01   1.18919E+01
 3.59750E+01   1.18922E+01
 3.60250E+01   1.18926E+01
 3.60750E+01   1.18930E+01
 3.61250E+01   1.18933E+01
 3.61750E+01   1.18936E+01
 3.62250E+01   1.18940E+01
 3.62750E+01   1.18943E+01
 3.63250E+01   1.18947E+01
 3.63750E+01   1.18950E+01
 3.64250E+01   1.18954E+01
 3.64750E+01   1.18957E+01
 3.65250E+01   1.18961E+01
 3.65750E+01   1.18964E+01
 3.66250E+01   1.18969E+01
 3.66750E+01   1.18973E+01
 3.67250E+01   1.18977E+01
 3.67750E+01   1.18980E+01
 3.68250E+01   1.18984E+01
 3.68750E+01   1.18988E+01
 3.69250E+01   1.18992E+01
 3.69750E+01   1.18996E+01
 3.70250E+01   1.18999E+01
 3.70750E+01   1.19003E+01
 3.71250E+01   1.19007E+01
 3.71750E+01   1.19012E+01
 3.72250E+01   1.19016E+01
 3.72750E+01   1.19020E+01
 3.73250E+01   1.19024E+01
 3.73750E+01   1.19028E+01
 3.74250E+01   1.19031E+01
 3.74750E+01   1.19035E+01
 3.75250E+01   1.19038E+01
 3.75750E+01   1.19042E+01
 3.76250E+01   1.19046E+01
 3.76750E+01   1.19049E+01
 3.77250E+01   1.19053E+01
 3.77750E+01   1.19057E+01
 3.78250E+01   1.19060E+01
 3.78750E+01   1.19064E+01
 3.79250E+01   1.19068E+01
 3.79750E+01   1.19072E+01
 3.80250E+01   1.19075E+01
 3.80750E+01   1.19078E+01
 3.81250E+01   1.19082E+01
 3.81750E+01   1.19085E+01
 3.82250E+01   1.19088E+01
 3.82750E+01   1.19092E+01
 3.83250E+01   1.19096E+01
 3.83750E+01   1.19100E+01
 3.84250E+01   1.19104E+01
 3.84750E+01   1.19107E+01
 3.85250E+01   1.19111E+01
 3.85750E+01   1.19114E+01
 3.86250E+01   1.19117E+01
 3.86750E+01   1.19120E+01
 3.87250E+01   1.19124E+01
 3.87750E+01   1.19127E+01
 3.88250E+01   1.19130E+01
 3.88750E+01   1.19133E+01
 3.89250E+01   1.19136E+01
 3.89750E+01   1.19140E+01
 3.90250E+01   1.19143E+01
 3.90750E+01   1.19147E+01
 3.91250E+01   1.19150E+01
 3.91750E+01   1.19154E+01
 3.92250E+01   1.19158E+01
 3.92750E+01   1.19162E+01
 3.93250E+01   1.19165E+01
 3.93750E+01   1.19169E+01
 3.94250E+01   1.19173E+01
 3.94750E+01   1.19177E+01
 3.95250E+01   1.19180E+01
 3.95750E+01   1.19184E+01
 3.96250E+01   1.19188E+01
 3.96750E+01   1.19192E+01
 3.97250E+01   1.19195E+01
 3.97750E+01   1.19199E+01
 3.98250E+01   1.19203E+01
 3.98750E+01   1.19206E+01
 3.99250E+01   1.19210E+01
 3.99750E+01   1.19213E+01
 4.00250E+01   1.19217E+01
 4.00750E+01   1.19220E+01
 4.01250E+01   1.19224E+01
 4.01750E+01   1.19228E+01
 4.02250E+01   1.19232E+01
 4.02750E+01   1.19236E+01
 4.03250E+01   1.19239E+01
 4.03750E+01   1.19243E+01
 4.04250E+01   1.19246E+01
 4.04750E+01   1.19250E+01
 4.05250E+01   1.19254E+01
 4.05750E+01   1.19258E+01
 4.06250E+01   1.19263E+01
 4.06750E+01   1.19267E+01
 4.07250E+01   1.19271E+01
 4.07750E+01   1.19275E+01
 4.08250E+01   1.19280E+01
 4.08750E+01   1.19284E+01
 4.09250E+01   1.19288E+01
 4.09750E+01   1.19293E+01
 4.10250E+01   1.19298E+01
 4.10750E+01   1.19303E+01
 4.11250E+01   1.19307E+01
 4.11750E+01   1.19311E+01
 4.12250E+01   1.19316E+01
 4.12750E+01   1.19321E+01
 4.13250E+01   1.19327E+01
 4.13750E+01   1.19331E+01
 4.14250E+01   1.19337E+01
 4.14750E+01   1.19342E+01
 4.15250E+01   1.19347E+01
 4.15750E+01   1.19352E+01
 4.16250E+01   1.19357E+01
 4.16750E+01   1.19363E+01
 4.17250E+01   1.19368E+01
 4.17750E+01   1.19373E+01
 4.18250E+01   1.19377E+01
 4.18750E+01   1.19382E+01
 4.19250E+01   1.19387E+01
 4.19750E+01   1.19391E+01
 4.20250E+01   1.19395E+01
 4.20750E+01   1.19399E+01
 4.21250E+01   1.19404E+01
 4.21750E+01   1.19407E+01
 4.22250E+01   1.19411E+01
 4.22750E+01   1.19414E+01
 4.23250E+01   1.19418E+01
 4.23750E+01   1.19421E+01
 4.24250E+01   1.19424E+01
 4.24750E+01   1.19428E+01
 4.25250E+01   1.19432E+01
 4.25750E+01   1.19436E+01
 4.26250E+01   1.19439E+01
 4.26750E+01   1.19443E+01
 4.27250E+01   1.19446E+01
 4.27750E+01   1.19450E+01
 4.28250E+01   1.19455E+01
 4.28750E+01   1.19458E+01
 4.29250E+01   1.19462E+01
 4.29750E+01   1.19466E+01
 4.30250E+01   1.19470E+01
 4.30750E+01   1.19474E+01
 4.31250E+01   1.19478E+01
 4.31750E+01   1.19482E+01
 4.32250E+01   1.19487E+01
 4.32750E+01   1.19492E+01
 4.33250E+01   1.19496E+01
 4.33750E+01   1.19502E+01
 4.34250E+01   1.19506E+01
 4.34750E+01   1.19510E+01
 4.35250E+01   1.19515E+01
 4.35750E+01   1.19519E+01
 4.36250E+01   1.19523E+01
 4.36750E+01   1.19528E+01
 4.37250E+01   1.19533E+01
 4.37750E+01   1.19538E+01
 4.38250E+01   1.19541E+01
 4.38750E+01   1.19546E+01
 4.39250E+01   1.19551E+01
 4.39750E+01   1.19556E+01
 4.40250E+01   1.19561E+01
 4.40750E+01   1.19565E+01
 4.41250E+01   1.19569E+01
 4.41750E+01   1.19575E+01
 4.42250E+01   1.19580E+01
 4.42750E+01   1.19584E+01
 4.43250E+01   1.19589E+01
 4.43750E+01   1.19594E+01
 4.44250E+01   1.19599E+01
 4.44750E+01   1.19604E+01
 4.45250E+01   1.19610E+01
 4.45750E+01   1.19615E+01
 4.46250E+01   1.19620E+01
 4.46750E+01   1.19625E+01
 4.47250E+01   1.19629E+01
 4.47750E+01   1.19635E+01
 4.48250E+01   1.19639E+01
 4.48750E+01   1.19644E+01
 4.49250E+01   1.19650E+01
 4.49750E+01   1.19655E+01
 4.50250E+01   1.19660E+01
 4.50750E+01   1.19665E+01
 4.51250E+01   1.19670E+01
 4.51750E+01   1.19675E+01
 4.52250E+01   1.19680E+01
 4.52750E+01   1.19685E+01
 4.53250E+01   1.19691E+01
 4.53750E+01   1.19697E+01
 4.54250E+01   1.19703E+01
 4.54750E+01   1.19709E+01
 4.55250E+01   1.19714E+01
 4.55750E+01   1.19720E+01
 4.56250E+01   1.19726E+01
 4.56750E+01   1.19731E+01
 4.57250E+01   1.19737E+01
 4.57750E+01   1.19743E+01
 4.58250E+01   1.19747E+01
 4.58750E+01   1.19752E+01
 4.59250E+01   1.19757E+01
 4.59750E+01   1.19762E+01
 4.60250E+01   1.19767E+01
 4.60750E+01   1.19771E+01
 4.61250E+01   1.19776E+01
 4.61750E+01   1.19780E+01
 4.62250E+01   1.19784E+01
 4.62750E+01   1.19788E+01
 4.63250E+01   1.19792E+01
 4.63750E+01   1.19796E+01
 4.64250E+01   1.19800E+01
 4.64750E+01   1.19805E+01
 4.65250E+01   1.19809E+01
 4.65750E+01   1.19813E+01
 4.66250E+01   1.19817E+01
 4.66750E+01   1.19820E+01
 4.67250E+01   1.19824E+01
 4.67750E+01   1.19828E+01
 4.68250E+01   1.19832E+01
 4.68750E+01   1.19836E+01
 4.69250E+01   1.19840E+01
 4.69750E+01   1.19844E+01
 4.70250E+01   1.19848E+01
 4.70750E+01   1.19851E+01
 4.71250E+01   1.19854E+01
 4.71750E+01   1.19858E+01
 4.72250E+01   1.19861E+01
 4.72750E+01   1.19865E+01
 4.73250E+01   1.19869E+01
 4.73750E+01   1.19872E+01
 4.74250E+01   1.19875E+01
 4.74750E+01   1.19878E+01
 4.75250E+01   1.19882E+01
 4.75750E+01   1.19885E+01
 4.76250E+01   1.19888E+01
 4.76750E+01   1.19892E+01
 4.77250E+01   1.19895E+01
 4.77750E+01   1.19899E+01
 4.78250E+01   1.19902E+01
 4.78750E+01   1.19905E+01
 4.79250E+01   1.19908E+01
 4.79750E+01   1.19911E+01
 4.80250E+01   1.19914E+01
 4.80750E+01   1.19917E+01
 4.81250E+01   1.19920E+01
 4.81750E+01   1.19923E+01
 4.82250E+01   1.19926E+01
 4.82750E+01   1.19929E+01
 4.83250E+01   1.19932E+01
 4.83750E+01   1.19936E+01
 4.84250E+01   1.19939E+01
 4.84750E+01   1.19942E+01
 4.85250E+01   1.19946E+01
 4.85750E+01   1.19950E+01
 4.86250E+01   1.19955E+01
 4.86750E+01   1.19960E+01
 4.87250E+01   1.19966E+01
 4.87750E+01   1.19972E+01
 4.88250E+01   1.19980E+01
 4.88750E+01   1.19988E+01
 4.89250E+01   1.19998E+01
 4.89750E+01   1.20011E+01
