      xx/10.      ss_ratio
         [-]           [-]
 1.02500E+00   1.17311E+01
 1.07500E+00   1.17313E+01
 1.12500E+00   1.17315E+01
 1.17500E+00   1.17316E+01
 1.22500E+00   1.17318E+01
 1.27500E+00   1.17319E+01
 1.32500E+00   1.17321E+01
 1.37500E+00   1.17323E+01
 1.42500E+00   1.17325E+01
 1.47500E+00   1.17327E+01
 1.52500E+00   1.17328E+01
 1.57500E+00   1.17330E+01
 1.62500E+00   1.17332E+01
 1.67500E+00   1.17335E+01
 1.72500E+00   1.17337E+01
 1.77500E+00   1.17339E+01
 1.82500E+00   1.17342E+01
 1.87500E+00   1.17344E+01
 1.92500E+00   1.17346E+01
 1.97500E+00   1.17349E+01
 2.02500E+00   1.17351E+01
 2.07500E+00   1.17353E+01
 2.12500E+00   1.17356E+01
 2.17500E+00   1.17358E+01
 2.22500E+00   1.17361E+01
 2.27500E+00   1.17363E+01
 2.32500E+00   1.17365E+01
 2.37500E+00   1.17367E+01
 2.42500E+00   1.17369E+01
 2.47500E+00   1.17372E+01
 2.52500E+00   1.17374E+01
 2.57500E+00   1.17376E+01
 2.62500E+00   1.17378E+01
 2.67500E+00   1.17379E+01
 2.72500E+00   1.17382E+01
 2.77500E+00   1.17384E+01
 2.82500E+00   1.17386E+01
 2.87500E+00   1.17388E+01
 2.92500E+00   1.17390E+01
 2.97500E+00   1.17392E+01
 3.02500E+00   1.17394E+01
 3.07500E+00   1.17395E+01
 3.12500E+00   1.17398E+01
 3.17500E+00   1.17400E+01
 3.22500E+00   1.17401E+01
 3.27500E+00   1.17404E+01
 3.32500E+00   1.17407E+01
 3.37500E+00   1.17409E+01
 3.42500E+00   1.17411E+01
 3.47500E+00   1.17413E+01
 3.52500E+00   1.17415E+01
 3.57500E+00   1.17418E+01
 3.62500E+00   1.17420E+01
 3.67500E+00   1.17423E+01
 3.72500E+00   1.17425E+01
 3.77500E+00   1.17427E+01
 3.82500E+00   1.17429E+01
 3.87500E+00   1.17431E+01
 3.92500E+00   1.17433E+01
 3.97500E+00   1.17436E+01
 4.02500E+00   1.17438E+01
 4.07500E+00   1.17440E+01
 4.12500E+00   1.17442E+01
 4.17500E+00   1.17444E+01
 4.22500E+00   1.17446E+01
 4.27500E+00   1.17448E+01
 4.32500E+00   1.17449E+01
 4.37500E+00   1.17451E+01
 4.42500E+00   1.17452E+01
 4.47500E+00   1.17454E+01
 4.52500E+00   1.17456E+01
 4.57500E+00   1.17458E+01
 4.62500E+00   1.17460E+01
 4.67500E+00   1.17461E+01
 4.72500E+00   1.17463E+01
 4.77500E+00   1.17465E+01
 4.82500E+00   1.17467E+01
 4.87500E+00   1.17468E+01
 4.92500E+00   1.17470E+01
 4.97500E+00   1.17472E+01
 5.02500E+00   1.17474E+01
 5.07500E+00   1.17476E+01
 5.12500E+00   1.17478E+01
 5.17500E+00   1.17479E+01
 5.22500E+00   1.17481E+01
 5.27500E+00   1.17483E+01
 5.32500E+00   1.17484E+01
 5.37500E+00   1.17486E+01
 5.42500E+00   1.17487E+01
 5.47500E+00   1.17489E+01
 5.52500E+00   1.17491E+01
 5.57500E+00   1.17492E+01
 5.62500E+00   1.17494E+01
 5.67500E+00   1.17497E+01
 5.72500E+00   1.17498E+01
 5.77500E+00   1.17500E+01
 5.82500E+00   1.17501E+01
 5.87500E+00   1.17502E+01
 5.92500E+00   1.17503E+01
 5.97500E+00   1.17505E+01
 6.02500E+00   1.17506E+01
 6.07500E+00   1.17508E+01
 6.12500E+00   1.17509E+01
 6.17500E+00   1.17511E+01
 6.22500E+00   1.17512E+01
 6.27500E+00   1.17514E+01
 6.32500E+00   1.17516E+01
 6.37500E+00   1.17518E+01
 6.42500E+00   1.17519E+01
 6.47500E+00   1.17521E+01
 6.52500E+00   1.17523E+01
 6.57500E+00   1.17524E+01
 6.62500E+00   1.17526E+01
 6.67500E+00   1.17528E+01
 6.72500E+00   1.17529E+01
 6.77500E+00   1.17531E+01
 6.82500E+00   1.17533E+01
 6.87500E+00   1.17535E+01
 6.92500E+00   1.17537E+01
 6.97500E+00   1.17539E+01
 7.02500E+00   1.17541E+01
 7.07500E+00   1.17543E+01
 7.12500E+00   1.17544E+01
 7.17500E+00   1.17546E+01
 7.22500E+00   1.17547E+01
 7.27500E+00   1.17548E+01
 7.32500E+00   1.17550E+01
 7.37500E+00   1.17552E+01
 7.42500E+00   1.17553E+01
 7.47500E+00   1.17555E+01
 7.52500E+00   1.17557E+01
 7.57500E+00   1.17559E+01
 7.62500E+00   1.17561E+01
 7.67500E+00   1.17563E+01
 7.72500E+00   1.17565E+01
 7.77500E+00   1.17567E+01
 7.82500E+00   1.17569E+01
 7.87500E+00   1.17571E+01
 7.92500E+00   1.17573E+01
 7.97500E+00   1.17574E+01
 8.02500E+00   1.17577E+01
 8.07500E+00   1.17579E+01
 8.12500E+00   1.17581E+01
 8.17500E+00   1.17583E+01
 8.22500E+00   1.17585E+01
 8.27500E+00   1.17587E+01
 8.32500E+00   1.17589E+01
 8.37500E+00   1.17592E+01
 8.42500E+00   1.17594E+01
 8.47500E+00   1.17596E+01
 8.52500E+00   1.17599E+01
 8.57500E+00   1.17600E+01
 8.62500E+00   1.17603E+01
 8.67500E+00   1.17604E+01
 8.72500E+00   1.17606E+01
 8.77500E+00   1.17608E+01
 8.82500E+00   1.17610E+01
 8.87500E+00   1.17612E+01
 8.92500E+00   1.17614E+01
 8.97500E+00   1.17616E+01
 9.02500E+00   1.17618E+01
 9.07500E+00   1.17620E+01
 9.12500E+00   1.17622E+01
 9.17500E+00   1.17624E+01
 9.22500E+00   1.17627E+01
 9.27500E+00   1.17629E+01
 9.32500E+00   1.17630E+01
 9.37500E+00   1.17632E+01
 9.42500E+00   1.17634E+01
 9.47500E+00   1.17636E+01
 9.52500E+00   1.17638E+01
 9.57500E+00   1.17639E+01
 9.62500E+00   1.17641E+01
 9.67500E+00   1.17643E+01
 9.72500E+00   1.17645E+01
 9.77500E+00   1.17647E+01
 9.82500E+00   1.17648E+01
 9.87500E+00   1.17651E+01
 9.92500E+00   1.17653E+01
 9.97500E+00   1.17655E+01
 1.00250E+01   1.17657E+01
 1.00750E+01   1.17659E+01
 1.01250E+01   1.17661E+01
 1.01750E+01   1.17663E+01
 1.02250E+01   1.17664E+01
 1.02750E+01   1.17666E+01
 1.03250E+01   1.17668E+01
 1.03750E+01   1.17670E+01
 1.04250E+01   1.17672E+01
 1.04750E+01   1.17673E+01
 1.05250E+01   1.17675E+01
 1.05750E+01   1.17677E+01
 1.06250E+01   1.17679E+01
 1.06750E+01   1.17680E+01
 1.07250E+01   1.17682E+01
 1.07750E+01   1.17684E+01
 1.08250E+01   1.17686E+01
 1.08750E+01   1.17687E+01
 1.09250E+01   1.17689E+01
 1.09750E+01   1.17691E+01
 1.10250E+01   1.17694E+01
 1.10750E+01   1.17696E+01
 1.11250E+01   1.17698E+01
 1.11750E+01   1.17699E+01
 1.12250E+01   1.17702E+01
 1.12750E+01   1.17704E+01
 1.13250E+01   1.17706E+01
 1.13750E+01   1.17708E+01
 1.14250E+01   1.17710E+01
 1.14750E+01   1.17712E+01
 1.15250E+01   1.17714E+01
 1.15750E+01   1.17716E+01
 1.16250E+01   1.17717E+01
 1.16750E+01   1.17720E+01
 1.17250E+01   1.17721E+01
 1.17750E+01   1.17723E+01
 1.18250E+01   1.17726E+01
 1.18750E+01   1.17727E+01
 1.19250E+01   1.17729E+01
 1.19750E+01   1.17731E+01
 1.20250E+01   1.17733E+01
 1.20750E+01   1.17736E+01
 1.21250E+01   1.17738E+01
 1.21750E+01   1.17740E+01
 1.22250E+01   1.17741E+01
 1.22750E+01   1.17743E+01
 1.23250E+01   1.17744E+01
 1.23750E+01   1.17746E+01
 1.24250E+01   1.17748E+01
 1.24750E+01   1.17750E+01
 1.25250E+01   1.17752E+01
 1.25750E+01   1.17754E+01
 1.26250E+01   1.17755E+01
 1.26750E+01   1.17756E+01
 1.27250E+01   1.17758E+01
 1.27750E+01   1.17759E+01
 1.28250E+01   1.17762E+01
 1.28750E+01   1.17763E+01
 1.29250E+01   1.17765E+01
 1.29750E+01   1.17766E+01
 1.30250E+01   1.17768E+01
 1.30750E+01   1.17770E+01
 1.31250E+01   1.17772E+01
 1.31750E+01   1.17774E+01
 1.32250E+01   1.17775E+01
 1.32750E+01   1.17777E+01
 1.33250E+01   1.17779E+01
 1.33750E+01   1.17781E+01
 1.34250E+01   1.17782E+01
 1.34750E+01   1.17785E+01
 1.35250E+01   1.17786E+01
 1.35750E+01   1.17788E+01
 1.36250E+01   1.17790E+01
 1.36750E+01   1.17791E+01
 1.37250E+01   1.17793E+01
 1.37750E+01   1.17795E+01
 1.38250E+01   1.17796E+01
 1.38750E+01   1.17798E+01
 1.39250E+01   1.17800E+01
 1.39750E+01   1.17802E+01
 1.40250E+01   1.17803E+01
 1.40750E+01   1.17806E+01
 1.41250E+01   1.17807E+01
 1.41750E+01   1.17809E+01
 1.42250E+01   1.17810E+01
 1.42750E+01   1.17812E+01
 1.43250E+01   1.17813E+01
 1.43750E+01   1.17815E+01
 1.44250E+01   1.17816E+01
 1.44750E+01   1.17819E+01
 1.45250E+01   1.17820E+01
 1.45750E+01   1.17823E+01
 1.46250E+01   1.17825E+01
 1.46750E+01   1.17826E+01
 1.47250E+01   1.17829E+01
 1.47750E+01   1.17830E+01
 1.48250E+01   1.17832E+01
 1.48750E+01   1.17834E+01
 1.49250E+01   1.17835E+01
 1.49750E+01   1.17838E+01
 1.50250E+01   1.17840E+01
 1.50750E+01   1.17842E+01
 1.51250E+01   1.17843E+01
 1.51750E+01   1.17845E+01
 1.52250E+01   1.17846E+01
 1.52750E+01   1.17848E+01
 1.53250E+01   1.17849E+01
 1.53750E+01   1.17851E+01
 1.54250E+01   1.17853E+01
 1.54750E+01   1.17855E+01
 1.55250E+01   1.17856E+01
 1.55750E+01   1.17858E+01
 1.56250E+01   1.17860E+01
 1.56750E+01   1.17861E+01
 1.57250E+01   1.17862E+01
 1.57750E+01   1.17864E+01
 1.58250E+01   1.17866E+01
 1.58750E+01   1.17868E+01
 1.59250E+01   1.17870E+01
 1.59750E+01   1.17872E+01
 1.60250E+01   1.17874E+01
 1.60750E+01   1.17876E+01
 1.61250E+01   1.17878E+01
 1.61750E+01   1.17879E+01
 1.62250E+01   1.17881E+01
 1.62750E+01   1.17882E+01
 1.63250E+01   1.17884E+01
 1.63750E+01   1.17886E+01
 1.64250E+01   1.17888E+01
 1.64750E+01   1.17889E+01
 1.65250E+01   1.17892E+01
 1.65750E+01   1.17893E+01
 1.66250E+01   1.17896E+01
 1.66750E+01   1.17898E+01
 1.67250E+01   1.17900E+01
 1.67750E+01   1.17902E+01
 1.68250E+01   1.17904E+01
 1.68750E+01   1.17906E+01
 1.69250E+01   1.17910E+01
 1.69750E+01   1.17912E+01
 1.70250E+01   1.17914E+01
 1.70750E+01   1.17917E+01
 1.71250E+01   1.17919E+01
 1.71750E+01   1.17922E+01
 1.72250E+01   1.17925E+01
 1.72750E+01   1.17928E+01
 1.73250E+01   1.17930E+01
 1.73750E+01   1.17934E+01
 1.74250E+01   1.17936E+01
 1.74750E+01   1.17940E+01
 1.75250E+01   1.17943E+01
 1.75750E+01   1.17946E+01
 1.76250E+01   1.17949E+01
 1.76750E+01   1.17952E+01
 1.77250E+01   1.17955E+01
 1.77750E+01   1.17959E+01
 1.78250E+01   1.17962E+01
 1.78750E+01   1.17966E+01
 1.79250E+01   1.17969E+01
 1.79750E+01   1.17972E+01
 1.80250E+01   1.17975E+01
 1.80750E+01   1.17979E+01
 1.81250E+01   1.17981E+01
 1.81750E+01   1.17985E+01
 1.82250E+01   1.17988E+01
 1.82750E+01   1.17991E+01
 1.83250E+01   1.17994E+01
 1.83750E+01   1.17998E+01
 1.84250E+01   1.18001E+01
 1.84750E+01   1.18004E+01
 1.85250E+01   1.18008E+01
 1.85750E+01   1.18012E+01
 1.86250E+01   1.18015E+01
 1.86750E+01   1.18018E+01
 1.87250E+01   1.18022E+01
 1.87750E+01   1.18025E+01
 1.88250E+01   1.18029E+01
 1.88750E+01   1.18032E+01
 1.89250E+01   1.18036E+01
 1.89750E+01   1.18040E+01
 1.90250E+01   1.18044E+01
 1.90750E+01   1.18047E+01
 1.91250E+01   1.18051E+01
 1.91750E+01   1.18054E+01
 1.92250E+01   1.18057E+01
 1.92750E+01   1.18061E+01
 1.93250E+01   1.18064E+01
 1.93750E+01   1.18068E+01
 1.94250E+01   1.18072E+01
 1.94750E+01   1.18075E+01
 1.95250E+01   1.18079E+01
 1.95750E+01   1.18083E+01
 1.96250E+01   1.18086E+01
 1.96750E+01   1.18089E+01
 1.97250E+01   1.18093E+01
 1.97750E+01   1.18096E+01
 1.98250E+01   1.18100E+01
 1.98750E+01   1.18104E+01
 1.99250E+01   1.18107E+01
 1.99750E+01   1.18111E+01
 2.00250E+01   1.18115E+01
 2.00750E+01   1.18120E+01
 2.01250E+01   1.18124E+01
 2.01750E+01   1.18128E+01
 2.02250E+01   1.18132E+01
 2.02750E+01   1.18135E+01
 2.03250E+01   1.18139E+01
 2.03750E+01   1.18142E+01
 2.04250E+01   1.18146E+01
 2.04750E+01   1.18150E+01
 2.05250E+01   1.18153E+01
 2.05750E+01   1.18157E+01
 2.06250E+01   1.18161E+01
 2.06750E+01   1.18165E+01
 2.07250E+01   1.18168E+01
 2.07750E+01   1.18173E+01
 2.08250E+01   1.18176E+01
 2.08750E+01   1.18181E+01
 2.09250E+01   1.18185E+01
 2.09750E+01   1.18189E+01
 2.10250E+01   1.18194E+01
 2.10750E+01   1.18197E+01
 2.11250E+01   1.18202E+01
 2.11750E+01   1.18206E+01
 2.12250E+01   1.18210E+01
 2.12750E+01   1.18214E+01
 2.13250E+01   1.18218E+01
 2.13750E+01   1.18222E+01
 2.14250E+01   1.18226E+01
 2.14750E+01   1.18231E+01
 2.15250E+01   1.18235E+01
 2.15750E+01   1.18240E+01
 2.16250E+01   1.18243E+01
 2.16750E+01   1.18247E+01
 2.17250E+01   1.18251E+01
 2.17750E+01   1.18255E+01
 2.18250E+01   1.18258E+01
 2.18750E+01   1.18262E+01
 2.19250E+01   1.18267E+01
 2.19750E+01   1.18270E+01
 2.20250E+01   1.18274E+01
 2.20750E+01   1.18278E+01
 2.21250E+01   1.18282E+01
 2.21750E+01   1.18286E+01
 2.22250E+01   1.18290E+01
 2.22750E+01   1.18294E+01
 2.23250E+01   1.18299E+01
 2.23750E+01   1.18302E+01
 2.24250E+01   1.18307E+01
 2.24750E+01   1.18311E+01
 2.25250E+01   1.18315E+01
 2.25750E+01   1.18319E+01
 2.26250E+01   1.18323E+01
 2.26750E+01   1.18327E+01
 2.27250E+01   1.18331E+01
 2.27750E+01   1.18335E+01
 2.28250E+01   1.18339E+01
 2.28750E+01   1.18344E+01
 2.29250E+01   1.18348E+01
 2.29750E+01   1.18353E+01
 2.30250E+01   1.18357E+01
 2.30750E+01   1.18362E+01
 2.31250E+01   1.18366E+01
 2.31750E+01   1.18371E+01
 2.32250E+01   1.18375E+01
 2.32750E+01   1.18380E+01
 2.33250E+01   1.18385E+01
 2.33750E+01   1.18390E+01
 2.34250E+01   1.18394E+01
 2.34750E+01   1.18399E+01
 2.35250E+01   1.18404E+01
 2.35750E+01   1.18408E+01
 2.36250E+01   1.18412E+01
 2.36750E+01   1.18416E+01
 2.37250E+01   1.18421E+01
 2.37750E+01   1.18425E+01
 2.38250E+01   1.18430E+01
 2.38750E+01   1.18434E+01
 2.39250E+01   1.18439E+01
 2.39750E+01   1.18444E+01
 2.40250E+01   1.18448E+01
 2.40750E+01   1.18452E+01
 2.41250E+01   1.18456E+01
 2.41750E+01   1.18461E+01
 2.42250E+01   1.18465E+01
 2.42750E+01   1.18469E+01
 2.43250E+01   1.18473E+01
 2.43750E+01   1.18477E+01
 2.44250E+01   1.18481E+01
 2.44750E+01   1.18485E+01
 2.45250E+01   1.18490E+01
 2.45750E+01   1.18494E+01
 2.46250E+01   1.18498E+01
 2.46750E+01   1.18502E+01
 2.47250E+01   1.18507E+01
 2.47750E+01   1.18510E+01
 2.48250E+01   1.18514E+01
 2.48750E+01   1.18518E+01
 2.49250E+01   1.18522E+01
 2.49750E+01   1.18525E+01
 2.50250E+01   1.18528E+01
 2.50750E+01   1.18532E+01
 2.51250E+01   1.18536E+01
 2.51750E+01   1.18539E+01
 2.52250E+01   1.18543E+01
 2.52750E+01   1.18546E+01
 2.53250E+01   1.18549E+01
 2.53750E+01   1.18553E+01
 2.54250E+01   1.18556E+01
 2.54750E+01   1.18559E+01
 2.55250E+01   1.18563E+01
 2.55750E+01   1.18566E+01
 2.56250E+01   1.18570E+01
 2.56750E+01   1.18572E+01
 2.57250E+01   1.18575E+01
 2.57750E+01   1.18578E+01
 2.58250E+01   1.18581E+01
 2.58750E+01   1.18584E+01
 2.59250E+01   1.18587E+01
 2.59750E+01   1.18590E+01
 2.60250E+01   1.18593E+01
 2.60750E+01   1.18595E+01
 2.61250E+01   1.18599E+01
 2.61750E+01   1.18601E+01
 2.62250E+01   1.18604E+01
 2.62750E+01   1.18607E+01
 2.63250E+01   1.18610E+01
 2.63750E+01   1.18613E+01
 2.64250E+01   1.18616E+01
 2.64750E+01   1.18619E+01
 2.65250E+01   1.18622E+01
 2.65750E+01   1.18624E+01
 2.66250E+01   1.18627E+01
 2.66750E+01   1.18629E+01
 2.67250E+01   1.18632E+01
 2.67750E+01   1.18635E+01
 2.68250E+01   1.18638E+01
 2.68750E+01   1.18641E+01
 2.69250E+01   1.18644E+01
 2.69750E+01   1.18647E+01
 2.70250E+01   1.18650E+01
 2.70750E+01   1.18654E+01
 2.71250E+01   1.18657E+01
 2.71750E+01   1.18660E+01
 2.72250E+01   1.18663E+01
 2.72750E+01   1.18667E+01
 2.73250E+01   1.18671E+01
 2.73750E+01   1.18674E+01
 2.74250E+01   1.18678E+01
 2.74750E+01   1.18681E+01
 2.75250E+01   1.18685E+01
 2.75750E+01   1.18689E+01
 2.76250E+01   1.18692E+01
 2.76750E+01   1.18696E+01
 2.77250E+01   1.18700E+01
 2.77750E+01   1.18704E+01
 2.78250E+01   1.18708E+01
 2.78750E+01   1.18711E+01
 2.79250E+01   1.18716E+01
 2.79750E+01   1.18719E+01
 2.80250E+01   1.18723E+01
 2.80750E+01   1.18726E+01
 2.81250E+01   1.18730E+01
 2.81750E+01   1.18734E+01
 2.82250E+01   1.18737E+01
 2.82750E+01   1.18741E+01
 2.83250E+01   1.18745E+01
 2.83750E+01   1.18748E+01
 2.84250E+01   1.18752E+01
 2.84750E+01   1.18756E+01
 2.85250E+01   1.18760E+01
 2.85750E+01   1.18764E+01
 2.86250E+01   1.18768E+01
 2.86750E+01   1.18772E+01
 2.87250E+01   1.18776E+01
 2.87750E+01   1.18780E+01
 2.88250E+01   1.18784E+01
 2.88750E+01   1.18788E+01
 2.89250E+01   1.18792E+01
 2.89750E+01   1.18796E+01
 2.90250E+01   1.18800E+01
 2.90750E+01   1.18804E+01
 2.91250E+01   1.18808E+01
 2.91750E+01   1.18812E+01
 2.92250E+01   1.18816E+01
 2.92750E+01   1.18820E+01
 2.93250E+01   1.18823E+01
 2.93750E+01   1.18827E+01
 2.94250E+01   1.18830E+01
 2.94750E+01   1.18835E+01
 2.95250E+01   1.18839E+01
 2.95750E+01   1.18843E+01
 2.96250E+01   1.18846E+01
 2.96750E+01   1.18850E+01
 2.97250E+01   1.18855E+01
 2.97750E+01   1.18859E+01
 2.98250E+01   1.18863E+01
 2.98750E+01   1.18866E+01
 2.99250E+01   1.18870E+01
 2.99750E+01   1.18874E+01
 3.00250E+01   1.18878E+01
 3.00750E+01   1.18882E+01
 3.01250E+01   1.18887E+01
 3.01750E+01   1.18890E+01
 3.02250E+01   1.18895E+01
 3.02750E+01   1.18899E+01
 3.03250E+01   1.18903E+01
 3.03750E+01   1.18907E+01
 3.04250E+01   1.18911E+01
 3.04750E+01   1.18915E+01
 3.05250E+01   1.18919E+01
 3.05750E+01   1.18924E+01
 3.06250E+01   1.18927E+01
 3.06750E+01   1.18932E+01
 3.07250E+01   1.18936E+01
 3.07750E+01   1.18940E+01
 3.08250E+01   1.18943E+01
 3.08750E+01   1.18947E+01
 3.09250E+01   1.18950E+01
 3.09750E+01   1.18954E+01
 3.10250E+01   1.18957E+01
 3.10750E+01   1.18960E+01
 3.11250E+01   1.18964E+01
 3.11750E+01   1.18968E+01
 3.12250E+01   1.18971E+01
 3.12750E+01   1.18974E+01
 3.13250E+01   1.18978E+01
 3.13750E+01   1.18982E+01
 3.14250E+01   1.18986E+01
 3.14750E+01   1.18990E+01
 3.15250E+01   1.18993E+01
 3.15750E+01   1.18997E+01
 3.16250E+01   1.19001E+01
 3.16750E+01   1.19005E+01
 3.17250E+01   1.19009E+01
 3.17750E+01   1.19013E+01
 3.18250E+01   1.19017E+01
 3.18750E+01   1.19020E+01
 3.19250E+01   1.19024E+01
 3.19750E+01   1.19028E+01
 3.20250E+01   1.19032E+01
 3.20750E+01   1.19036E+01
 3.21250E+01   1.19039E+01
 3.21750E+01   1.19043E+01
 3.22250E+01   1.19047E+01
 3.22750E+01   1.19051E+01
 3.23250E+01   1.19054E+01
 3.23750E+01   1.19059E+01
 3.24250E+01   1.19063E+01
 3.24750E+01   1.19067E+01
 3.25250E+01   1.19070E+01
 3.25750E+01   1.19074E+01
 3.26250E+01   1.19078E+01
 3.26750E+01   1.19082E+01
 3.27250E+01   1.19085E+01
 3.27750E+01   1.19089E+01
 3.28250E+01   1.19092E+01
 3.28750E+01   1.19095E+01
 3.29250E+01   1.19099E+01
 3.29750E+01   1.19102E+01
 3.30250E+01   1.19106E+01
 3.30750E+01   1.19109E+01
 3.31250E+01   1.19112E+01
 3.31750E+01   1.19115E+01
 3.32250E+01   1.19118E+01
 3.32750E+01   1.19121E+01
 3.33250E+01   1.19125E+01
 3.33750E+01   1.19128E+01
 3.34250E+01   1.19131E+01
 3.34750E+01   1.19135E+01
 3.35250E+01   1.19138E+01
 3.35750E+01   1.19141E+01
 3.36250E+01   1.19144E+01
 3.36750E+01   1.19146E+01
 3.37250E+01   1.19149E+01
 3.37750E+01   1.19152E+01
 3.38250E+01   1.19156E+01
 3.38750E+01   1.19159E+01
 3.39250E+01   1.19161E+01
 3.39750E+01   1.19164E+01
 3.40250E+01   1.19167E+01
 3.40750E+01   1.19170E+01
 3.41250E+01   1.19172E+01
 3.41750E+01   1.19175E+01
 3.42250E+01   1.19178E+01
 3.42750E+01   1.19181E+01
 3.43250E+01   1.19184E+01
 3.43750E+01   1.19187E+01
 3.44250E+01   1.19189E+01
 3.44750E+01   1.19192E+01
 3.45250E+01   1.19194E+01
 3.45750E+01   1.19197E+01
 3.46250E+01   1.19200E+01
 3.46750E+01   1.19203E+01
 3.47250E+01   1.19206E+01
 3.47750E+01   1.19208E+01
 3.48250E+01   1.19210E+01
 3.48750E+01   1.19213E+01
 3.49250E+01   1.19216E+01
 3.49750E+01   1.19218E+01
 3.50250E+01   1.19221E+01
 3.50750E+01   1.19224E+01
 3.51250E+01   1.19226E+01
 3.51750E+01   1.19228E+01
 3.52250E+01   1.19230E+01
 3.52750E+01   1.19232E+01
 3.53250E+01   1.19235E+01
 3.53750E+01   1.19238E+01
 3.54250E+01   1.19240E+01
 3.54750E+01   1.19242E+01
 3.55250E+01   1.19244E+01
 3.55750E+01   1.19247E+01
 3.56250E+01   1.19249E+01
 3.56750E+01   1.19251E+01
 3.57250E+01   1.19253E+01
 3.57750E+01   1.19255E+01
 3.58250E+01   1.19258E+01
 3.58750E+01   1.19260E+01
 3.59250E+01   1.19263E+01
 3.59750E+01   1.19265E+01
 3.60250E+01   1.19267E+01
 3.60750E+01   1.19270E+01
 3.61250E+01   1.19272E+01
 3.61750E+01   1.19274E+01
 3.62250E+01   1.19276E+01
 3.62750E+01   1.19278E+01
 3.63250E+01   1.19280E+01
 3.63750E+01   1.19282E+01
 3.64250E+01   1.19284E+01
 3.64750E+01   1.19286E+01
 3.65250E+01   1.19288E+01
 3.65750E+01   1.19289E+01
 3.66250E+01   1.19291E+01
 3.66750E+01   1.19293E+01
 3.67250E+01   1.19295E+01
 3.67750E+01   1.19297E+01
 3.68250E+01   1.19299E+01
 3.68750E+01   1.19301E+01
 3.69250E+01   1.19303E+01
 3.69750E+01   1.19305E+01
 3.70250E+01   1.19307E+01
 3.70750E+01   1.19308E+01
 3.71250E+01   1.19310E+01
 3.71750E+01   1.19312E+01
 3.72250E+01   1.19315E+01
 3.72750E+01   1.19317E+01
 3.73250E+01   1.19318E+01
 3.73750E+01   1.19320E+01
 3.74250E+01   1.19322E+01
 3.74750E+01   1.19324E+01
 3.75250E+01   1.19326E+01
 3.75750E+01   1.19328E+01
 3.76250E+01   1.19329E+01
 3.76750E+01   1.19331E+01
 3.77250E+01   1.19333E+01
 3.77750E+01   1.19335E+01
 3.78250E+01   1.19336E+01
 3.78750E+01   1.19338E+01
 3.79250E+01   1.19341E+01
 3.79750E+01   1.19343E+01
 3.80250E+01   1.19344E+01
 3.80750E+01   1.19346E+01
 3.81250E+01   1.19347E+01
 3.81750E+01   1.19349E+01
 3.82250E+01   1.19352E+01
 3.82750E+01   1.19354E+01
 3.83250E+01   1.19356E+01
 3.83750E+01   1.19357E+01
 3.84250E+01   1.19359E+01
 3.84750E+01   1.19361E+01
 3.85250E+01   1.19363E+01
 3.85750E+01   1.19365E+01
 3.86250E+01   1.19366E+01
 3.86750E+01   1.19368E+01
 3.87250E+01   1.19370E+01
 3.87750E+01   1.19372E+01
 3.88250E+01   1.19374E+01
 3.88750E+01   1.19376E+01
 3.89250E+01   1.19378E+01
 3.89750E+01   1.19380E+01
 3.90250E+01   1.19382E+01
 3.90750E+01   1.19384E+01
 3.91250E+01   1.19386E+01
 3.91750E+01   1.19387E+01
 3.92250E+01   1.19389E+01
 3.92750E+01   1.19391E+01
 3.93250E+01   1.19393E+01
 3.93750E+01   1.19395E+01
 3.94250E+01   1.19398E+01
 3.94750E+01   1.19399E+01
 3.95250E+01   1.19401E+01
 3.95750E+01   1.19404E+01
 3.96250E+01   1.19405E+01
 3.96750E+01   1.19407E+01
 3.97250E+01   1.19409E+01
 3.97750E+01   1.19412E+01
 3.98250E+01   1.19414E+01
 3.98750E+01   1.19416E+01
 3.99250E+01   1.19418E+01
 3.99750E+01   1.19420E+01
 4.00250E+01   1.19422E+01
 4.00750E+01   1.19424E+01
 4.01250E+01   1.19426E+01
 4.01750E+01   1.19427E+01
 4.02250E+01   1.19430E+01
 4.02750E+01   1.19432E+01
 4.03250E+01   1.19434E+01
 4.03750E+01   1.19436E+01
 4.04250E+01   1.19438E+01
 4.04750E+01   1.19440E+01
 4.05250E+01   1.19442E+01
 4.05750E+01   1.19444E+01
 4.06250E+01   1.19446E+01
 4.06750E+01   1.19448E+01
 4.07250E+01   1.19450E+01
 4.07750E+01   1.19452E+01
 4.08250E+01   1.19454E+01
 4.08750E+01   1.19457E+01
 4.09250E+01   1.19459E+01
 4.09750E+01   1.19461E+01
 4.10250E+01   1.19464E+01
 4.10750E+01   1.19466E+01
 4.11250E+01   1.19468E+01
 4.11750E+01   1.19471E+01
 4.12250E+01   1.19475E+01
 4.12750E+01   1.19477E+01
 4.13250E+01   1.19480E+01
 4.13750E+01   1.19482E+01
 4.14250E+01   1.19484E+01
 4.14750E+01   1.19487E+01
 4.15250E+01   1.19489E+01
 4.15750E+01   1.19492E+01
 4.16250E+01   1.19495E+01
 4.16750E+01   1.19498E+01
 4.17250E+01   1.19501E+01
 4.17750E+01   1.19504E+01
 4.18250E+01   1.19508E+01
 4.18750E+01   1.19511E+01
 4.19250E+01   1.19514E+01
 4.19750E+01   1.19518E+01
 4.20250E+01   1.19520E+01
 4.20750E+01   1.19523E+01
 4.21250E+01   1.19526E+01
 4.21750E+01   1.19529E+01
 4.22250E+01   1.19533E+01
 4.22750E+01   1.19536E+01
 4.23250E+01   1.19539E+01
 4.23750E+01   1.19542E+01
 4.24250E+01   1.19545E+01
 4.24750E+01   1.19549E+01
 4.25250E+01   1.19552E+01
 4.25750E+01   1.19555E+01
 4.26250E+01   1.19559E+01
 4.26750E+01   1.19563E+01
 4.27250E+01   1.19566E+01
 4.27750E+01   1.19570E+01
 4.28250E+01   1.19574E+01
 4.28750E+01   1.19578E+01
 4.29250E+01   1.19582E+01
 4.29750E+01   1.19586E+01
 4.30250E+01   1.19590E+01
 4.30750E+01   1.19594E+01
 4.31250E+01   1.19597E+01
 4.31750E+01   1.19601E+01
 4.32250E+01   1.19605E+01
 4.32750E+01   1.19608E+01
 4.33250E+01   1.19612E+01
 4.33750E+01   1.19617E+01
 4.34250E+01   1.19621E+01
 4.34750E+01   1.19625E+01
 4.35250E+01   1.19629E+01
 4.35750E+01   1.19633E+01
 4.36250E+01   1.19637E+01
 4.36750E+01   1.19640E+01
 4.37250E+01   1.19644E+01
 4.37750E+01   1.19648E+01
 4.38250E+01   1.19652E+01
 4.38750E+01   1.19656E+01
 4.39250E+01   1.19661E+01
 4.39750E+01   1.19665E+01
 4.40250E+01   1.19669E+01
 4.40750E+01   1.19673E+01
 4.41250E+01   1.19676E+01
 4.41750E+01   1.19680E+01
 4.42250E+01   1.19684E+01
 4.42750E+01   1.19688E+01
 4.43250E+01   1.19691E+01
 4.43750E+01   1.19695E+01
 4.44250E+01   1.19699E+01
 4.44750E+01   1.19703E+01
 4.45250E+01   1.19707E+01
 4.45750E+01   1.19710E+01
 4.46250E+01   1.19713E+01
 4.46750E+01   1.19717E+01
 4.47250E+01   1.19721E+01
 4.47750E+01   1.19725E+01
 4.48250E+01   1.19729E+01
 4.48750E+01   1.19733E+01
 4.49250E+01   1.19737E+01
 4.49750E+01   1.19741E+01
 4.50250E+01   1.19745E+01
 4.50750E+01   1.19749E+01
 4.51250E+01   1.19753E+01
 4.51750E+01   1.19757E+01
 4.52250E+01   1.19761E+01
 4.52750E+01   1.19765E+01
 4.53250E+01   1.19769E+01
 4.53750E+01   1.19773E+01
 4.54250E+01   1.19777E+01
 4.54750E+01   1.19781E+01
 4.55250E+01   1.19785E+01
 4.55750E+01   1.19789E+01
 4.56250E+01   1.19793E+01
 4.56750E+01   1.19796E+01
 4.57250E+01   1.19801E+01
 4.57750E+01   1.19804E+01
 4.58250E+01   1.19809E+01
 4.58750E+01   1.19813E+01
 4.59250E+01   1.19817E+01
 4.59750E+01   1.19821E+01
 4.60250E+01   1.19824E+01
 4.60750E+01   1.19828E+01
 4.61250E+01   1.19832E+01
 4.61750E+01   1.19836E+01
 4.62250E+01   1.19839E+01
 4.62750E+01   1.19842E+01
 4.63250E+01   1.19846E+01
 4.63750E+01   1.19849E+01
 4.64250E+01   1.19852E+01
 4.64750E+01   1.19854E+01
 4.65250E+01   1.19857E+01
 4.65750E+01   1.19859E+01
 4.66250E+01   1.19862E+01
 4.66750E+01   1.19865E+01
 4.67250E+01   1.19869E+01
 4.67750E+01   1.19873E+01
 4.68250E+01   1.19876E+01
 4.68750E+01   1.19879E+01
 4.69250E+01   1.19882E+01
 4.69750E+01   1.19886E+01
 4.70250E+01   1.19890E+01
 4.70750E+01   1.19894E+01
 4.71250E+01   1.19898E+01
 4.71750E+01   1.19902E+01
 4.72250E+01   1.19905E+01
 4.72750E+01   1.19910E+01
 4.73250E+01   1.19914E+01
 4.73750E+01   1.19919E+01
 4.74250E+01   1.19923E+01
 4.74750E+01   1.19929E+01
 4.75250E+01   1.19933E+01
 4.75750E+01   1.19938E+01
 4.76250E+01   1.19943E+01
 4.76750E+01   1.19948E+01
 4.77250E+01   1.19953E+01
 4.77750E+01   1.19958E+01
 4.78250E+01   1.19964E+01
 4.78750E+01   1.19968E+01
 4.79250E+01   1.19974E+01
 4.79750E+01   1.19979E+01
 4.80250E+01   1.19986E+01
 4.80750E+01   1.19991E+01
 4.81250E+01   1.19997E+01
 4.81750E+01   1.20002E+01
 4.82250E+01   1.20008E+01
 4.82750E+01   1.20015E+01
 4.83250E+01   1.20021E+01
 4.83750E+01   1.20026E+01
 4.84250E+01   1.20033E+01
 4.84750E+01   1.20039E+01
 4.85250E+01   1.20045E+01
 4.85750E+01   1.20052E+01
 4.86250E+01   1.20060E+01
 4.86750E+01   1.20068E+01
 4.87250E+01   1.20076E+01
 4.87750E+01   1.20085E+01
 4.88250E+01   1.20095E+01
 4.88750E+01   1.20106E+01
 4.89250E+01   1.20119E+01
 4.89750E+01   1.20135E+01
