      xx/10.      ss_ratio
         [-]           [-]
 1.02500E+00   2.87721E+01
 1.07500E+00   2.87727E+01
 1.12500E+00   2.87735E+01
 1.17500E+00   2.87742E+01
 1.22500E+00   2.87747E+01
 1.27500E+00   2.87755E+01
 1.32500E+00   2.87760E+01
 1.37500E+00   2.87765E+01
 1.42500E+00   2.87771E+01
 1.47500E+00   2.87776E+01
 1.52500E+00   2.87782E+01
 1.57500E+00   2.87787E+01
 1.62500E+00   2.87794E+01
 1.67500E+00   2.87801E+01
 1.72500E+00   2.87806E+01
 1.77500E+00   2.87812E+01
 1.82500E+00   2.87817E+01
 1.87500E+00   2.87823E+01
 1.92500E+00   2.87828E+01
 1.97500E+00   2.87834E+01
 2.02500E+00   2.87837E+01
 2.07500E+00   2.87841E+01
 2.12500E+00   2.87847E+01
 2.17500E+00   2.87850E+01
 2.22500E+00   2.87855E+01
 2.27500E+00   2.87858E+01
 2.32500E+00   2.87862E+01
 2.37500E+00   2.87867E+01
 2.42500E+00   2.87870E+01
 2.47500E+00   2.87874E+01
 2.52500E+00   2.87877E+01
 2.57500E+00   2.87880E+01
 2.62500E+00   2.87884E+01
 2.67500E+00   2.87886E+01
 2.72500E+00   2.87889E+01
 2.77500E+00   2.87891E+01
 2.82500E+00   2.87894E+01
 2.87500E+00   2.87899E+01
 2.92500E+00   2.87900E+01
 2.97500E+00   2.87902E+01
 3.02500E+00   2.87904E+01
 3.07500E+00   2.87905E+01
 3.12500E+00   2.87906E+01
 3.17500E+00   2.87906E+01
 3.22500E+00   2.87906E+01
 3.27500E+00   2.87908E+01
 3.32500E+00   2.87908E+01
 3.37500E+00   2.87910E+01
 3.42500E+00   2.87910E+01
 3.47500E+00   2.87908E+01
 3.52500E+00   2.87908E+01
 3.57500E+00   2.87907E+01
 3.62500E+00   2.87905E+01
 3.67500E+00   2.87902E+01
 3.72500E+00   2.87899E+01
 3.77500E+00   2.87898E+01
 3.82500E+00   2.87894E+01
 3.87500E+00   2.87887E+01
 3.92500E+00   2.87880E+01
 3.97500E+00   2.87872E+01
 4.02500E+00   2.87862E+01
 4.07500E+00   2.87851E+01
 4.12500E+00   2.87838E+01
 4.17500E+00   2.87821E+01
 4.22500E+00   2.87802E+01
 4.27500E+00   2.87781E+01
 4.32500E+00   2.87757E+01
 4.37500E+00   2.87731E+01
 4.42500E+00   2.87703E+01
 4.47500E+00   2.87670E+01
 4.52500E+00   2.87635E+01
 4.57500E+00   2.87597E+01
 4.62500E+00   2.87555E+01
 4.67500E+00   2.87509E+01
 4.72500E+00   2.87458E+01
 4.77500E+00   2.87404E+01
 4.82500E+00   2.87344E+01
 4.87500E+00   2.87278E+01
 4.92500E+00   2.87205E+01
 4.97500E+00   2.87124E+01
 5.02500E+00   2.87036E+01
 5.07500E+00   2.86940E+01
 5.12500E+00   2.86835E+01
 5.17500E+00   2.86719E+01
 5.22500E+00   2.86592E+01
 5.27500E+00   2.86452E+01
 5.32500E+00   2.86300E+01
 5.37500E+00   2.86133E+01
 5.42500E+00   2.85951E+01
 5.47500E+00   2.85755E+01
 5.52500E+00   2.85541E+01
 5.57500E+00   2.85309E+01
 5.62500E+00   2.85058E+01
 5.67500E+00   2.84784E+01
 5.72500E+00   2.84488E+01
 5.77500E+00   2.84167E+01
 5.82500E+00   2.83821E+01
 5.87500E+00   2.83446E+01
 5.92500E+00   2.83042E+01
 5.97500E+00   2.82606E+01
 6.02500E+00   2.82137E+01
 6.07500E+00   2.81631E+01
 6.12500E+00   2.81084E+01
 6.17500E+00   2.80495E+01
 6.22500E+00   2.79864E+01
 6.27500E+00   2.79188E+01
 6.32500E+00   2.78462E+01
 6.37500E+00   2.77684E+01
 6.42500E+00   2.76850E+01
 6.47500E+00   2.75960E+01
 6.52500E+00   2.75008E+01
 6.57500E+00   2.73992E+01
 6.62500E+00   2.72909E+01
 6.67500E+00   2.71756E+01
 6.72500E+00   2.70530E+01
 6.77500E+00   2.69226E+01
 6.82500E+00   2.67843E+01
 6.87500E+00   2.66376E+01
 6.92500E+00   2.64821E+01
 6.97500E+00   2.63177E+01
 7.02500E+00   2.61442E+01
 7.07500E+00   2.59610E+01
 7.12500E+00   2.57680E+01
 7.17500E+00   2.55646E+01
 7.22500E+00   2.53508E+01
 7.27500E+00   2.51263E+01
 7.32500E+00   2.48910E+01
 7.37500E+00   2.46446E+01
 7.42500E+00   2.43869E+01
 7.47500E+00   2.41179E+01
 7.52500E+00   2.38374E+01
 7.57500E+00   2.35452E+01
 7.62500E+00   2.32416E+01
 7.67500E+00   2.29263E+01
 7.72500E+00   2.25996E+01
 7.77500E+00   2.22615E+01
 7.82500E+00   2.19121E+01
 7.87500E+00   2.15518E+01
 7.92500E+00   2.11806E+01
 7.97500E+00   2.07990E+01
 8.02500E+00   2.04075E+01
 8.07500E+00   2.00063E+01
 8.12500E+00   1.95959E+01
 8.17500E+00   1.91767E+01
 8.22500E+00   1.87497E+01
 8.27500E+00   1.83152E+01
 8.32500E+00   1.78740E+01
 8.37500E+00   1.74267E+01
 8.42500E+00   1.69742E+01
 8.47500E+00   1.65173E+01
 8.52500E+00   1.60566E+01
 8.57500E+00   1.55932E+01
 8.62500E+00   1.51279E+01
 8.67500E+00   1.46616E+01
 8.72500E+00   1.41951E+01
 8.77500E+00   1.37294E+01
 8.82500E+00   1.32655E+01
 8.87500E+00   1.28040E+01
 8.92500E+00   1.23460E+01
 8.97500E+00   1.18922E+01
 9.02500E+00   1.14435E+01
 9.07500E+00   1.10007E+01
 9.12500E+00   1.05646E+01
 9.17500E+00   1.01358E+01
 9.22500E+00   9.71496E+00
 9.27500E+00   9.30283E+00
 9.32500E+00   8.89988E+00
 9.37500E+00   8.50666E+00
 9.42500E+00   8.12360E+00
 9.47500E+00   7.75108E+00
 9.52500E+00   7.38945E+00
 9.57500E+00   7.03898E+00
 9.62500E+00   6.69992E+00
 9.67500E+00   6.37238E+00
 9.72500E+00   6.05655E+00
 9.77500E+00   5.75246E+00
 9.82500E+00   5.46010E+00
 9.87500E+00   5.17944E+00
 9.92500E+00   4.91043E+00
 9.97500E+00   4.65291E+00
 1.00250E+01   4.40672E+00
 1.00750E+01   4.17167E+00
 1.01250E+01   3.94756E+00
 1.01750E+01   3.73413E+00
 1.02250E+01   3.53109E+00
 1.02750E+01   3.33815E+00
 1.03250E+01   3.15499E+00
 1.03750E+01   2.98131E+00
 1.04250E+01   2.81678E+00
 1.04750E+01   2.66105E+00
 1.05250E+01   2.51377E+00
 1.05750E+01   2.37459E+00
 1.06250E+01   2.24317E+00
 1.06750E+01   2.11916E+00
 1.07250E+01   2.00222E+00
 1.07750E+01   1.89201E+00
 1.08250E+01   1.78821E+00
 1.08750E+01   1.69048E+00
 1.09250E+01   1.59852E+00
 1.09750E+01   1.51203E+00
 1.10250E+01   1.43069E+00
 1.10750E+01   1.35424E+00
 1.11250E+01   1.28240E+00
 1.11750E+01   1.21490E+00
 1.12250E+01   1.15150E+00
 1.12750E+01   1.09195E+00
 1.13250E+01   1.03604E+00
 1.13750E+01   9.83534E-01
 1.14250E+01   9.34241E-01
 1.14750E+01   8.87958E-01
 1.15250E+01   8.44504E-01
 1.15750E+01   8.03703E-01
 1.16250E+01   7.65393E-01
 1.16750E+01   7.29413E-01
 1.17250E+01   6.95621E-01
 1.17750E+01   6.63878E-01
 1.18250E+01   6.34058E-01
 1.18750E+01   6.06037E-01
 1.19250E+01   5.79703E-01
 1.19750E+01   5.54946E-01
 1.20250E+01   5.31668E-01
 1.20750E+01   5.09777E-01
 1.21250E+01   4.89184E-01
 1.21750E+01   4.69806E-01
 1.22250E+01   4.51566E-01
 1.22750E+01   4.34391E-01
 1.23250E+01   4.18219E-01
 1.23750E+01   4.02981E-01
 1.24250E+01   3.88621E-01
 1.24750E+01   3.75086E-01
 1.25250E+01   3.62323E-01
 1.25750E+01   3.50284E-01
 1.26250E+01   3.38925E-01
 1.26750E+01   3.28204E-01
 1.27250E+01   3.18084E-01
 1.27750E+01   3.08527E-01
 1.28250E+01   2.99496E-01
 1.28750E+01   2.90965E-01
 1.29250E+01   2.82901E-01
 1.29750E+01   2.75278E-01
 1.30250E+01   2.68068E-01
 1.30750E+01   2.61248E-01
 1.31250E+01   2.54797E-01
 1.31750E+01   2.48690E-01
 1.32250E+01   2.42910E-01
 1.32750E+01   2.37436E-01
 1.33250E+01   2.32254E-01
 1.33750E+01   2.27345E-01
 1.34250E+01   2.22695E-01
 1.34750E+01   2.18288E-01
 1.35250E+01   2.14113E-01
 1.35750E+01   2.10156E-01
 1.36250E+01   2.06405E-01
 1.36750E+01   2.02851E-01
 1.37250E+01   1.99479E-01
 1.37750E+01   1.96283E-01
 1.38250E+01   1.93253E-01
 1.38750E+01   1.90380E-01
 1.39250E+01   1.87656E-01
 1.39750E+01   1.85073E-01
 1.40250E+01   1.82625E-01
 1.40750E+01   1.80303E-01
 1.41250E+01   1.78103E-01
 1.41750E+01   1.76017E-01
 1.42250E+01   1.74039E-01
 1.42750E+01   1.72165E-01
 1.43250E+01   1.70389E-01
 1.43750E+01   1.68706E-01
 1.44250E+01   1.67113E-01
 1.44750E+01   1.65603E-01
 1.45250E+01   1.64173E-01
 1.45750E+01   1.62820E-01
 1.46250E+01   1.61540E-01
 1.46750E+01   1.60328E-01
 1.47250E+01   1.59181E-01
 1.47750E+01   1.58098E-01
 1.48250E+01   1.57073E-01
 1.48750E+01   1.56105E-01
 1.49250E+01   1.55191E-01
 1.49750E+01   1.54328E-01
 1.50250E+01   1.53513E-01
 1.50750E+01   1.52744E-01
 1.51250E+01   1.52020E-01
 1.51750E+01   1.51337E-01
 1.52250E+01   1.50694E-01
 1.52750E+01   1.50089E-01
 1.53250E+01   1.49519E-01
 1.53750E+01   1.48983E-01
 1.54250E+01   1.48480E-01
 1.54750E+01   1.48007E-01
 1.55250E+01   1.47563E-01
 1.55750E+01   1.47147E-01
 1.56250E+01   1.46757E-01
 1.56750E+01   1.46393E-01
 1.57250E+01   1.46051E-01
 1.57750E+01   1.45733E-01
 1.58250E+01   1.45435E-01
 1.58750E+01   1.45157E-01
 1.59250E+01   1.44898E-01
 1.59750E+01   1.44657E-01
 1.60250E+01   1.44433E-01
 1.60750E+01   1.44224E-01
 1.61250E+01   1.44030E-01
 1.61750E+01   1.43851E-01
 1.62250E+01   1.43686E-01
 1.62750E+01   1.43532E-01
 1.63250E+01   1.43391E-01
 1.63750E+01   1.43260E-01
 1.64250E+01   1.43140E-01
 1.64750E+01   1.43031E-01
 1.65250E+01   1.42930E-01
 1.65750E+01   1.42838E-01
 1.66250E+01   1.42754E-01
 1.66750E+01   1.42677E-01
 1.67250E+01   1.42608E-01
 1.67750E+01   1.42545E-01
 1.68250E+01   1.42489E-01
 1.68750E+01   1.42438E-01
 1.69250E+01   1.42392E-01
 1.69750E+01   1.42352E-01
 1.70250E+01   1.42316E-01
 1.70750E+01   1.42283E-01
 1.71250E+01   1.42255E-01
 1.71750E+01   1.42231E-01
 1.72250E+01   1.42210E-01
 1.72750E+01   1.42192E-01
 1.73250E+01   1.42177E-01
 1.73750E+01   1.42165E-01
 1.74250E+01   1.42155E-01
 1.74750E+01   1.42148E-01
 1.75250E+01   1.42142E-01
 1.75750E+01   1.42139E-01
 1.76250E+01   1.42137E-01
 1.76750E+01   1.42136E-01
 1.77250E+01   1.42136E-01
 1.77750E+01   1.42138E-01
 1.78250E+01   1.42140E-01
 1.78750E+01   1.42144E-01
 1.79250E+01   1.42149E-01
 1.79750E+01   1.42155E-01
 1.80250E+01   1.42162E-01
 1.80750E+01   1.42168E-01
 1.81250E+01   1.42176E-01
 1.81750E+01   1.42184E-01
 1.82250E+01   1.42193E-01
 1.82750E+01   1.42201E-01
 1.83250E+01   1.42211E-01
 1.83750E+01   1.42220E-01
 1.84250E+01   1.42230E-01
 1.84750E+01   1.42240E-01
 1.85250E+01   1.42250E-01
 1.85750E+01   1.42260E-01
 1.86250E+01   1.42271E-01
 1.86750E+01   1.42281E-01
 1.87250E+01   1.42292E-01
 1.87750E+01   1.42302E-01
 1.88250E+01   1.42311E-01
 1.88750E+01   1.42322E-01
 1.89250E+01   1.42331E-01
 1.89750E+01   1.42341E-01
 1.90250E+01   1.42350E-01
 1.90750E+01   1.42359E-01
 1.91250E+01   1.42369E-01
 1.91750E+01   1.42377E-01
 1.92250E+01   1.42386E-01
 1.92750E+01   1.42395E-01
 1.93250E+01   1.42403E-01
 1.93750E+01   1.42412E-01
 1.94250E+01   1.42419E-01
 1.94750E+01   1.42427E-01
 1.95250E+01   1.42435E-01
 1.95750E+01   1.42443E-01
 1.96250E+01   1.42450E-01
 1.96750E+01   1.42457E-01
 1.97250E+01   1.42465E-01
 1.97750E+01   1.42472E-01
 1.98250E+01   1.42479E-01
 1.98750E+01   1.42485E-01
 1.99250E+01   1.42491E-01
 1.99750E+01   1.42498E-01
 2.00250E+01   1.42504E-01
 2.00750E+01   1.42509E-01
 2.01250E+01   1.42515E-01
 2.01750E+01   1.42520E-01
 2.02250E+01   1.42525E-01
 2.02750E+01   1.42531E-01
 2.03250E+01   1.42536E-01
 2.03750E+01   1.42541E-01
 2.04250E+01   1.42546E-01
 2.04750E+01   1.42550E-01
 2.05250E+01   1.42554E-01
 2.05750E+01   1.42559E-01
 2.06250E+01   1.42562E-01
 2.06750E+01   1.42567E-01
 2.07250E+01   1.42570E-01
 2.07750E+01   1.42573E-01
 2.08250E+01   1.42577E-01
 2.08750E+01   1.42580E-01
 2.09250E+01   1.42583E-01
 2.09750E+01   1.42586E-01
 2.10250E+01   1.42589E-01
 2.10750E+01   1.42591E-01
 2.11250E+01   1.42594E-01
 2.11750E+01   1.42596E-01
 2.12250E+01   1.42598E-01
 2.12750E+01   1.42600E-01
 2.13250E+01   1.42602E-01
 2.13750E+01   1.42605E-01
 2.14250E+01   1.42607E-01
 2.14750E+01   1.42609E-01
 2.15250E+01   1.42612E-01
 2.15750E+01   1.42614E-01
 2.16250E+01   1.42616E-01
 2.16750E+01   1.42617E-01
 2.17250E+01   1.42619E-01
 2.17750E+01   1.42621E-01
 2.18250E+01   1.42623E-01
 2.18750E+01   1.42625E-01
 2.19250E+01   1.42626E-01
 2.19750E+01   1.42628E-01
 2.20250E+01   1.42629E-01
 2.20750E+01   1.42631E-01
 2.21250E+01   1.42632E-01
 2.21750E+01   1.42634E-01
 2.22250E+01   1.42636E-01
 2.22750E+01   1.42638E-01
 2.23250E+01   1.42639E-01
 2.23750E+01   1.42640E-01
 2.24250E+01   1.42642E-01
 2.24750E+01   1.42643E-01
 2.25250E+01   1.42645E-01
 2.25750E+01   1.42646E-01
 2.26250E+01   1.42647E-01
 2.26750E+01   1.42648E-01
 2.27250E+01   1.42650E-01
 2.27750E+01   1.42651E-01
 2.28250E+01   1.42653E-01
 2.28750E+01   1.42653E-01
 2.29250E+01   1.42654E-01
 2.29750E+01   1.42655E-01
 2.30250E+01   1.42656E-01
 2.30750E+01   1.42658E-01
 2.31250E+01   1.42659E-01
 2.31750E+01   1.42660E-01
 2.32250E+01   1.42661E-01
 2.32750E+01   1.42662E-01
 2.33250E+01   1.42663E-01
 2.33750E+01   1.42664E-01
 2.34250E+01   1.42666E-01
 2.34750E+01   1.42667E-01
 2.35250E+01   1.42668E-01
 2.35750E+01   1.42670E-01
 2.36250E+01   1.42671E-01
 2.36750E+01   1.42672E-01
 2.37250E+01   1.42674E-01
 2.37750E+01   1.42675E-01
 2.38250E+01   1.42676E-01
 2.38750E+01   1.42677E-01
 2.39250E+01   1.42679E-01
 2.39750E+01   1.42680E-01
 2.40250E+01   1.42682E-01
 2.40750E+01   1.42683E-01
 2.41250E+01   1.42684E-01
 2.41750E+01   1.42686E-01
 2.42250E+01   1.42687E-01
 2.42750E+01   1.42689E-01
 2.43250E+01   1.42691E-01
 2.43750E+01   1.42692E-01
 2.44250E+01   1.42694E-01
 2.44750E+01   1.42696E-01
 2.45250E+01   1.42698E-01
 2.45750E+01   1.42700E-01
 2.46250E+01   1.42702E-01
 2.46750E+01   1.42704E-01
 2.47250E+01   1.42706E-01
 2.47750E+01   1.42709E-01
 2.48250E+01   1.42711E-01
 2.48750E+01   1.42714E-01
 2.49250E+01   1.42716E-01
 2.49750E+01   1.42719E-01
 2.50250E+01   1.42722E-01
 2.50750E+01   1.42725E-01
 2.51250E+01   1.42728E-01
 2.51750E+01   1.42731E-01
 2.52250E+01   1.42734E-01
 2.52750E+01   1.42737E-01
 2.53250E+01   1.42742E-01
 2.53750E+01   1.42746E-01
 2.54250E+01   1.42750E-01
 2.54750E+01   1.42754E-01
 2.55250E+01   1.42759E-01
 2.55750E+01   1.42765E-01
 2.56250E+01   1.42770E-01
 2.56750E+01   1.42777E-01
 2.57250E+01   1.42784E-01
 2.57750E+01   1.42792E-01
 2.58250E+01   1.42801E-01
 2.58750E+01   1.42812E-01
 2.59250E+01   1.42824E-01
 2.59750E+01   1.42838E-01
 2.60250E+01   1.42855E-01
 2.60750E+01   1.42874E-01
 2.61250E+01   1.42897E-01
 2.61750E+01   1.42924E-01
 2.62250E+01   1.42956E-01
 2.62750E+01   1.42994E-01
 2.63250E+01   1.43041E-01
 2.63750E+01   1.43096E-01
 2.64250E+01   1.43164E-01
 2.64750E+01   1.43245E-01
 2.65250E+01   1.43344E-01
 2.65750E+01   1.43465E-01
 2.66250E+01   1.43612E-01
 2.66750E+01   1.43793E-01
 2.67250E+01   1.44013E-01
 2.67750E+01   1.44282E-01
 2.68250E+01   1.44613E-01
 2.68750E+01   1.45018E-01
 2.69250E+01   1.45515E-01
 2.69750E+01   1.46126E-01
 2.70250E+01   1.46877E-01
 2.70750E+01   1.47801E-01
 2.71250E+01   1.48938E-01
 2.71750E+01   1.50339E-01
 2.72250E+01   1.52066E-01
 2.72750E+01   1.54196E-01
 2.73250E+01   1.56823E-01
 2.73750E+01   1.60065E-01
 2.74250E+01   1.64065E-01
 2.74750E+01   1.68997E-01
 2.75250E+01   1.75070E-01
 2.75750E+01   1.82532E-01
 2.76250E+01   1.91669E-01
 2.76750E+01   2.02807E-01
 2.77250E+01   2.16295E-01
 2.77750E+01   2.32500E-01
 2.78250E+01   2.51772E-01
 2.78750E+01   2.74415E-01
 2.79250E+01   3.00639E-01
 2.79750E+01   3.30523E-01
 2.80250E+01   3.63968E-01
 2.80750E+01   4.00676E-01
 2.81250E+01   4.40146E-01
 2.81750E+01   4.81704E-01
 2.82250E+01   5.24539E-01
 2.82750E+01   5.67783E-01
 2.83250E+01   6.10567E-01
 2.83750E+01   6.52098E-01
 2.84250E+01   6.91702E-01
 2.84750E+01   7.28856E-01
 2.85250E+01   7.63197E-01
 2.85750E+01   7.94521E-01
 2.86250E+01   8.22750E-01
 2.86750E+01   8.47928E-01
 2.87250E+01   8.70185E-01
 2.87750E+01   8.89695E-01
 2.88250E+01   9.06690E-01
 2.88750E+01   9.21400E-01
 2.89250E+01   9.34068E-01
 2.89750E+01   9.44930E-01
 2.90250E+01   9.54214E-01
 2.90750E+01   9.62115E-01
 2.91250E+01   9.68829E-01
 2.91750E+01   9.74519E-01
 2.92250E+01   9.79328E-01
 2.92750E+01   9.83392E-01
 2.93250E+01   9.86817E-01
 2.93750E+01   9.89704E-01
 2.94250E+01   9.92134E-01
 2.94750E+01   9.94179E-01
 2.95250E+01   9.95895E-01
 2.95750E+01   9.97332E-01
 2.96250E+01   9.98542E-01
 2.96750E+01   9.99557E-01
 2.97250E+01   1.00041E+00
 2.97750E+01   1.00112E+00
 2.98250E+01   1.00172E+00
 2.98750E+01   1.00222E+00
 2.99250E+01   1.00264E+00
 2.99750E+01   1.00299E+00
 3.00250E+01   1.00328E+00
 3.00750E+01   1.00353E+00
 3.01250E+01   1.00373E+00
 3.01750E+01   1.00391E+00
 3.02250E+01   1.00405E+00
 3.02750E+01   1.00417E+00
 3.03250E+01   1.00427E+00
 3.03750E+01   1.00435E+00
 3.04250E+01   1.00442E+00
 3.04750E+01   1.00448E+00
 3.05250E+01   1.00453E+00
 3.05750E+01   1.00457E+00
 3.06250E+01   1.00460E+00
 3.06750E+01   1.00463E+00
 3.07250E+01   1.00466E+00
 3.07750E+01   1.00467E+00
 3.08250E+01   1.00469E+00
 3.08750E+01   1.00470E+00
 3.09250E+01   1.00471E+00
 3.09750E+01   1.00472E+00
 3.10250E+01   1.00473E+00
 3.10750E+01   1.00473E+00
 3.11250E+01   1.00474E+00
 3.11750E+01   1.00475E+00
 3.12250E+01   1.00475E+00
 3.12750E+01   1.00475E+00
 3.13250E+01   1.00476E+00
 3.13750E+01   1.00476E+00
 3.14250E+01   1.00476E+00
 3.14750E+01   1.00477E+00
 3.15250E+01   1.00477E+00
 3.15750E+01   1.00477E+00
 3.16250E+01   1.00477E+00
 3.16750E+01   1.00477E+00
 3.17250E+01   1.00477E+00
 3.17750E+01   1.00477E+00
 3.18250E+01   1.00477E+00
 3.18750E+01   1.00477E+00
 3.19250E+01   1.00477E+00
 3.19750E+01   1.00477E+00
 3.20250E+01   1.00477E+00
 3.20750E+01   1.00478E+00
 3.21250E+01   1.00478E+00
 3.21750E+01   1.00478E+00
 3.22250E+01   1.00478E+00
 3.22750E+01   1.00478E+00
 3.23250E+01   1.00478E+00
 3.23750E+01   1.00478E+00
 3.24250E+01   1.00478E+00
 3.24750E+01   1.00478E+00
 3.25250E+01   1.00478E+00
 3.25750E+01   1.00478E+00
 3.26250E+01   1.00478E+00
 3.26750E+01   1.00478E+00
 3.27250E+01   1.00478E+00
 3.27750E+01   1.00478E+00
 3.28250E+01   1.00478E+00
 3.28750E+01   1.00478E+00
 3.29250E+01   1.00478E+00
 3.29750E+01   1.00477E+00
 3.30250E+01   1.00477E+00
 3.30750E+01   1.00477E+00
 3.31250E+01   1.00477E+00
 3.31750E+01   1.00477E+00
 3.32250E+01   1.00477E+00
 3.32750E+01   1.00476E+00
 3.33250E+01   1.00476E+00
 3.33750E+01   1.00476E+00
 3.34250E+01   1.00476E+00
 3.34750E+01   1.00476E+00
 3.35250E+01   1.00476E+00
 3.35750E+01   1.00476E+00
 3.36250E+01   1.00476E+00
 3.36750E+01   1.00476E+00
 3.37250E+01   1.00476E+00
 3.37750E+01   1.00476E+00
 3.38250E+01   1.00476E+00
 3.38750E+01   1.00476E+00
 3.39250E+01   1.00476E+00
 3.39750E+01   1.00476E+00
 3.40250E+01   1.00476E+00
 3.40750E+01   1.00476E+00
 3.41250E+01   1.00476E+00
 3.41750E+01   1.00476E+00
 3.42250E+01   1.00476E+00
 3.42750E+01   1.00476E+00
 3.43250E+01   1.00476E+00
 3.43750E+01   1.00476E+00
 3.44250E+01   1.00476E+00
 3.44750E+01   1.00476E+00
 3.45250E+01   1.00476E+00
 3.45750E+01   1.00476E+00
 3.46250E+01   1.00476E+00
 3.46750E+01   1.00476E+00
 3.47250E+01   1.00476E+00
 3.47750E+01   1.00476E+00
 3.48250E+01   1.00476E+00
 3.48750E+01   1.00476E+00
 3.49250E+01   1.00476E+00
 3.49750E+01   1.00476E+00
 3.50250E+01   1.00476E+00
 3.50750E+01   1.00476E+00
 3.51250E+01   1.00476E+00
 3.51750E+01   1.00476E+00
 3.52250E+01   1.00476E+00
 3.52750E+01   1.00476E+00
 3.53250E+01   1.00476E+00
 3.53750E+01   1.00477E+00
 3.54250E+01   1.00477E+00
 3.54750E+01   1.00477E+00
 3.55250E+01   1.00476E+00
 3.55750E+01   1.00477E+00
 3.56250E+01   1.00476E+00
 3.56750E+01   1.00476E+00
 3.57250E+01   1.00476E+00
 3.57750E+01   1.00476E+00
 3.58250E+01   1.00476E+00
 3.58750E+01   1.00476E+00
 3.59250E+01   1.00476E+00
 3.59750E+01   1.00476E+00
 3.60250E+01   1.00476E+00
 3.60750E+01   1.00476E+00
 3.61250E+01   1.00476E+00
 3.61750E+01   1.00475E+00
 3.62250E+01   1.00475E+00
 3.62750E+01   1.00475E+00
 3.63250E+01   1.00474E+00
 3.63750E+01   1.00475E+00
 3.64250E+01   1.00475E+00
 3.64750E+01   1.00475E+00
 3.65250E+01   1.00475E+00
 3.65750E+01   1.00475E+00
 3.66250E+01   1.00475E+00
 3.66750E+01   1.00476E+00
 3.67250E+01   1.00476E+00
 3.67750E+01   1.00476E+00
 3.68250E+01   1.00476E+00
 3.68750E+01   1.00476E+00
 3.69250E+01   1.00476E+00
 3.69750E+01   1.00476E+00
 3.70250E+01   1.00476E+00
 3.70750E+01   1.00476E+00
 3.71250E+01   1.00476E+00
 3.71750E+01   1.00477E+00
 3.72250E+01   1.00477E+00
 3.72750E+01   1.00477E+00
 3.73250E+01   1.00478E+00
 3.73750E+01   1.00478E+00
 3.74250E+01   1.00478E+00
 3.74750E+01   1.00478E+00
 3.75250E+01   1.00478E+00
 3.75750E+01   1.00479E+00
 3.76250E+01   1.00479E+00
 3.76750E+01   1.00479E+00
 3.77250E+01   1.00479E+00
 3.77750E+01   1.00479E+00
 3.78250E+01   1.00480E+00
 3.78750E+01   1.00480E+00
 3.79250E+01   1.00480E+00
 3.79750E+01   1.00481E+00
 3.80250E+01   1.00481E+00
 3.80750E+01   1.00482E+00
 3.81250E+01   1.00482E+00
 3.81750E+01   1.00483E+00
 3.82250E+01   1.00483E+00
 3.82750E+01   1.00483E+00
 3.83250E+01   1.00484E+00
 3.83750E+01   1.00484E+00
 3.84250E+01   1.00484E+00
 3.84750E+01   1.00485E+00
 3.85250E+01   1.00485E+00
 3.85750E+01   1.00485E+00
 3.86250E+01   1.00485E+00
 3.86750E+01   1.00485E+00
 3.87250E+01   1.00486E+00
 3.87750E+01   1.00486E+00
 3.88250E+01   1.00487E+00
 3.88750E+01   1.00487E+00
 3.89250E+01   1.00487E+00
 3.89750E+01   1.00487E+00
 3.90250E+01   1.00488E+00
 3.90750E+01   1.00488E+00
 3.91250E+01   1.00488E+00
 3.91750E+01   1.00488E+00
 3.92250E+01   1.00488E+00
 3.92750E+01   1.00488E+00
 3.93250E+01   1.00488E+00
 3.93750E+01   1.00488E+00
 3.94250E+01   1.00488E+00
 3.94750E+01   1.00488E+00
 3.95250E+01   1.00488E+00
 3.95750E+01   1.00487E+00
 3.96250E+01   1.00487E+00
 3.96750E+01   1.00487E+00
 3.97250E+01   1.00487E+00
 3.97750E+01   1.00487E+00
 3.98250E+01   1.00487E+00
 3.98750E+01   1.00487E+00
 3.99250E+01   1.00487E+00
 3.99750E+01   1.00486E+00
 4.00250E+01   1.00486E+00
 4.00750E+01   1.00486E+00
 4.01250E+01   1.00486E+00
 4.01750E+01   1.00486E+00
 4.02250E+01   1.00486E+00
 4.02750E+01   1.00485E+00
 4.03250E+01   1.00485E+00
 4.03750E+01   1.00485E+00
 4.04250E+01   1.00485E+00
 4.04750E+01   1.00484E+00
 4.05250E+01   1.00484E+00
 4.05750E+01   1.00484E+00
 4.06250E+01   1.00484E+00
 4.06750E+01   1.00484E+00
 4.07250E+01   1.00484E+00
 4.07750E+01   1.00483E+00
 4.08250E+01   1.00482E+00
 4.08750E+01   1.00482E+00
 4.09250E+01   1.00482E+00
 4.09750E+01   1.00482E+00
 4.10250E+01   1.00482E+00
 4.10750E+01   1.00482E+00
 4.11250E+01   1.00481E+00
 4.11750E+01   1.00481E+00
 4.12250E+01   1.00481E+00
 4.12750E+01   1.00481E+00
 4.13250E+01   1.00481E+00
 4.13750E+01   1.00481E+00
 4.14250E+01   1.00480E+00
 4.14750E+01   1.00480E+00
 4.15250E+01   1.00480E+00
 4.15750E+01   1.00479E+00
 4.16250E+01   1.00479E+00
 4.16750E+01   1.00479E+00
 4.17250E+01   1.00478E+00
 4.17750E+01   1.00478E+00
 4.18250E+01   1.00477E+00
 4.18750E+01   1.00477E+00
 4.19250E+01   1.00477E+00
 4.19750E+01   1.00477E+00
 4.20250E+01   1.00477E+00
 4.20750E+01   1.00476E+00
 4.21250E+01   1.00476E+00
 4.21750E+01   1.00476E+00
 4.22250E+01   1.00476E+00
 4.22750E+01   1.00476E+00
 4.23250E+01   1.00477E+00
 4.23750E+01   1.00477E+00
 4.24250E+01   1.00477E+00
 4.24750E+01   1.00477E+00
 4.25250E+01   1.00478E+00
 4.25750E+01   1.00478E+00
 4.26250E+01   1.00478E+00
 4.26750E+01   1.00479E+00
 4.27250E+01   1.00479E+00
 4.27750E+01   1.00480E+00
 4.28250E+01   1.00481E+00
 4.28750E+01   1.00482E+00
 4.29250E+01   1.00482E+00
 4.29750E+01   1.00483E+00
 4.30250E+01   1.00484E+00
 4.30750E+01   1.00485E+00
 4.31250E+01   1.00486E+00
 4.31750E+01   1.00488E+00
 4.32250E+01   1.00489E+00
 4.32750E+01   1.00491E+00
 4.33250E+01   1.00492E+00
 4.33750E+01   1.00494E+00
 4.34250E+01   1.00495E+00
 4.34750E+01   1.00497E+00
 4.35250E+01   1.00499E+00
 4.35750E+01   1.00500E+00
 4.36250E+01   1.00502E+00
 4.36750E+01   1.00504E+00
 4.37250E+01   1.00506E+00
 4.37750E+01   1.00508E+00
 4.38250E+01   1.00510E+00
 4.38750E+01   1.00512E+00
 4.39250E+01   1.00514E+00
 4.39750E+01   1.00516E+00
 4.40250E+01   1.00519E+00
 4.40750E+01   1.00522E+00
 4.41250E+01   1.00524E+00
 4.41750E+01   1.00528E+00
 4.42250E+01   1.00531E+00
 4.42750E+01   1.00534E+00
 4.43250E+01   1.00537E+00
 4.43750E+01   1.00540E+00
 4.44250E+01   1.00543E+00
 4.44750E+01   1.00546E+00
 4.45250E+01   1.00549E+00
 4.45750E+01   1.00553E+00
 4.46250E+01   1.00557E+00
 4.46750E+01   1.00560E+00
 4.47250E+01   1.00564E+00
 4.47750E+01   1.00568E+00
 4.48250E+01   1.00572E+00
 4.48750E+01   1.00577E+00
 4.49250E+01   1.00581E+00
 4.49750E+01   1.00586E+00
 4.50250E+01   1.00591E+00
 4.50750E+01   1.00596E+00
 4.51250E+01   1.00601E+00
 4.51750E+01   1.00606E+00
 4.52250E+01   1.00611E+00
 4.52750E+01   1.00617E+00
 4.53250E+01   1.00623E+00
 4.53750E+01   1.00628E+00
 4.54250E+01   1.00633E+00
 4.54750E+01   1.00638E+00
 4.55250E+01   1.00643E+00
 4.55750E+01   1.00649E+00
 4.56250E+01   1.00654E+00
 4.56750E+01   1.00659E+00
 4.57250E+01   1.00665E+00
 4.57750E+01   1.00671E+00
 4.58250E+01   1.00677E+00
 4.58750E+01   1.00683E+00
 4.59250E+01   1.00688E+00
 4.59750E+01   1.00694E+00
 4.60250E+01   1.00699E+00
 4.60750E+01   1.00705E+00
 4.61250E+01   1.00711E+00
 4.61750E+01   1.00717E+00
 4.62250E+01   1.00724E+00
 4.62750E+01   1.00730E+00
 4.63250E+01   1.00736E+00
 4.63750E+01   1.00742E+00
 4.64250E+01   1.00749E+00
 4.64750E+01   1.00755E+00
 4.65250E+01   1.00761E+00
 4.65750E+01   1.00768E+00
 4.66250E+01   1.00774E+00
 4.66750E+01   1.00781E+00
 4.67250E+01   1.00787E+00
 4.67750E+01   1.00793E+00
 4.68250E+01   1.00800E+00
 4.68750E+01   1.00807E+00
 4.69250E+01   1.00814E+00
 4.69750E+01   1.00822E+00
 4.70250E+01   1.00829E+00
 4.70750E+01   1.00838E+00
 4.71250E+01   1.00846E+00
 4.71750E+01   1.00855E+00
 4.72250E+01   1.00864E+00
 4.72750E+01   1.00874E+00
 4.73250E+01   1.00884E+00
 4.73750E+01   1.00894E+00
 4.74250E+01   1.00904E+00
 4.74750E+01   1.00915E+00
 4.75250E+01   1.00925E+00
 4.75750E+01   1.00936E+00
 4.76250E+01   1.00947E+00
 4.76750E+01   1.00958E+00
 4.77250E+01   1.00970E+00
 4.77750E+01   1.00982E+00
 4.78250E+01   1.00994E+00
 4.78750E+01   1.01006E+00
 4.79250E+01   1.01018E+00
 4.79750E+01   1.01031E+00
 4.80250E+01   1.01044E+00
 4.80750E+01   1.01056E+00
 4.81250E+01   1.01069E+00
 4.81750E+01   1.01081E+00
 4.82250E+01   1.01094E+00
 4.82750E+01   1.01106E+00
 4.83250E+01   1.01118E+00
 4.83750E+01   1.01131E+00
 4.84250E+01   1.01144E+00
 4.84750E+01   1.01157E+00
 4.85250E+01   1.01171E+00
 4.85750E+01   1.01184E+00
 4.86250E+01   1.01198E+00
 4.86750E+01   1.01212E+00
 4.87250E+01   1.01226E+00
 4.87750E+01   1.01240E+00
 4.88250E+01   1.01254E+00
 4.88750E+01   1.01269E+00
 4.89250E+01   1.01284E+00
 4.89750E+01   1.01299E+00
