 1.0250  2.25001  0.87259  0.6188942  1.3925173
 1.0750  2.25002  0.87259  0.6188921  1.3925169
 1.1250  2.25002  0.87259  0.6188903  1.3925163
 1.1750  2.25003  0.87258  0.6188892  1.3925164
 1.2250  2.25003  0.87258  0.6188885  1.3925163
 1.2750  2.25003  0.87258  0.6188880  1.3925164
 1.3250  2.25003  0.87258  0.6188874  1.3925160
 1.3750  2.25003  0.87258  0.6188868  1.3925160
 1.4250  2.25003  0.87258  0.6188864  1.3925158
 1.4750  2.25004  0.87258  0.6188862  1.3925159
 1.5250  2.25004  0.87258  0.6188860  1.3925159
 1.5750  2.25004  0.87258  0.6188858  1.3925161
 1.6250  2.25004  0.87258  0.6188853  1.3925165
 1.6750  2.25004  0.87258  0.6188848  1.3925161
 1.7250  2.25004  0.87258  0.6188844  1.3925163
 1.7750  2.25004  0.87257  0.6188841  1.3925164
 1.8250  2.25005  0.87257  0.6188837  1.3925165
 1.8750  2.25005  0.87257  0.6188833  1.3925161
 1.9250  2.25005  0.87257  0.6188828  1.3925159
 1.9750  2.25005  0.87257  0.6188824  1.3925155
 2.0250  2.25005  0.87257  0.6188820  1.3925147
 2.0750  2.25005  0.87257  0.6188816  1.3925143
 2.1250  2.25005  0.87257  0.6188812  1.3925143
 2.1750  2.25005  0.87257  0.6188809  1.3925145
 2.2250  2.25005  0.87257  0.6188803  1.3925138
 2.2750  2.25005  0.87257  0.6188800  1.3925134
 2.3250  2.25005  0.87257  0.6188796  1.3925130
 2.3750  2.25006  0.87257  0.6188790  1.3925126
 2.4250  2.25006  0.87257  0.6188787  1.3925126
 2.4750  2.25006  0.87257  0.6188784  1.3925122
 2.5250  2.25006  0.87257  0.6188781  1.3925121
 2.5750  2.25006  0.87257  0.6188778  1.3925117
 2.6250  2.25006  0.87256  0.6188775  1.3925115
 2.6750  2.25006  0.87256  0.6188773  1.3925114
 2.7250  2.25006  0.87256  0.6188771  1.3925111
 2.7750  2.25006  0.87256  0.6188770  1.3925110
 2.8250  2.25006  0.87256  0.6188768  1.3925108
 2.8750  2.25006  0.87256  0.6188764  1.3925099
 2.9250  2.25006  0.87256  0.6188760  1.3925091
 2.9750  2.25006  0.87256  0.6188756  1.3925084
 3.0250  2.25006  0.87256  0.6188750  1.3925074
 3.0750  2.25006  0.87256  0.6188746  1.3925068
 3.1250  2.25006  0.87256  0.6188741  1.3925058
 3.1750  2.25006  0.87256  0.6188737  1.3925048
 3.2250  2.25006  0.87256  0.6188735  1.3925040
 3.2750  2.25006  0.87256  0.6188732  1.3925033
 3.3250  2.25006  0.87256  0.6188729  1.3925023
 3.3750  2.25006  0.87256  0.6188725  1.3925010
 3.4250  2.25006  0.87256  0.6188719  1.3924993
 3.4750  2.25006  0.87256  0.6188715  1.3924973
 3.5250  2.25006  0.87256  0.6188709  1.3924953
 3.5750  2.25006  0.87256  0.6188704  1.3924936
 3.6250  2.25006  0.87256  0.6188700  1.3924922
 3.6750  2.25006  0.87256  0.6188696  1.3924909
 3.7250  2.25005  0.87256  0.6188691  1.3924894
 3.7750  2.25005  0.87256  0.6188688  1.3924879
 3.8250  2.25005  0.87256  0.6188684  1.3924857
 3.8750  2.25005  0.87256  0.6188679  1.3924832
 3.9250  2.25005  0.87256  0.6188675  1.3924807
 3.9750  2.25004  0.87257  0.6188673  1.3924781
 4.0250  2.25004  0.87257  0.6188669  1.3924748
 4.0750  2.25003  0.87257  0.6188667  1.3924717
 4.1250  2.25003  0.87257  0.6188665  1.3924681
 4.1750  2.25002  0.87257  0.6188664  1.3924643
 4.2250  2.25002  0.87258  0.6188663  1.3924598
 4.2750  2.25001  0.87258  0.6188663  1.3924550
 4.3250  2.25000  0.87258  0.6188664  1.3924501
 4.3750  2.24999  0.87259  0.6188666  1.3924448
 4.4250  2.24998  0.87259  0.6188668  1.3924389
 4.4750  2.24997  0.87259  0.6188670  1.3924325
 4.5250  2.24996  0.87260  0.6188674  1.3924258
 4.5750  2.24994  0.87260  0.6188678  1.3924181
 4.6250  2.24993  0.87261  0.6188679  1.3924092
 4.6750  2.24991  0.87262  0.6188682  1.3923998
 4.7250  2.24990  0.87262  0.6188686  1.3923898
 4.7750  2.24988  0.87263  0.6188692  1.3923792
 4.8250  2.24986  0.87264  0.6188700  1.3923678
 4.8750  2.24983  0.87265  0.6188709  1.3923554
 4.9250  2.24981  0.87266  0.6188719  1.3923413
 4.9750  2.24978  0.87267  0.6188730  1.3923259
 5.0250  2.24975  0.87268  0.6188741  1.3923091
 5.0750  2.24971  0.87269  0.6188755  1.3922909
 5.1250  2.24967  0.87271  0.6188771  1.3922709
 5.1750  2.24963  0.87273  0.6188790  1.3922492
 5.2250  2.24959  0.87274  0.6188809  1.3922254
 5.2750  2.24954  0.87276  0.6188831  1.3921993
 5.3250  2.24948  0.87278  0.6188856  1.3921710
 5.3750  2.24942  0.87281  0.6188883  1.3921397
 5.4250  2.24935  0.87283  0.6188912  1.3921058
 5.4750  2.24928  0.87286  0.6188943  1.3920685
 5.5250  2.24921  0.87289  0.6188975  1.3920279
 5.5750  2.24912  0.87292  0.6189010  1.3919839
 5.6250  2.24903  0.87296  0.6189046  1.3919361
 5.6750  2.24893  0.87300  0.6189086  1.3918841
 5.7250  2.24883  0.87304  0.6189131  1.3918282
 5.7750  2.24871  0.87308  0.6189181  1.3917677
 5.8250  2.24858  0.87313  0.6189234  1.3917019
 5.8750  2.24845  0.87318  0.6189291  1.3916304
 5.9250  2.24830  0.87324  0.6189352  1.3915530
 5.9750  2.24814  0.87330  0.6189417  1.3914695
 6.0250  2.24797  0.87337  0.6189486  1.3913791
 6.0750  2.24779  0.87344  0.6189561  1.3912816
 6.1250  2.24759  0.87352  0.6189643  1.3911761
 6.1750  2.24737  0.87360  0.6189731  1.3910626
 6.2250  2.24714  0.87369  0.6189823  1.3909396
 6.2750  2.24689  0.87379  0.6189921  1.3908072
 6.3250  2.24662  0.87389  0.6190026  1.3906651
 6.3750  2.24633  0.87400  0.6190140  1.3905123
 6.4250  2.24602  0.87412  0.6190259  1.3903476
 6.4750  2.24569  0.87425  0.6190386  1.3901708
 6.5250  2.24534  0.87439  0.6190522  1.3899816
 6.5750  2.24496  0.87454  0.6190667  1.3897786
 6.6250  2.24455  0.87469  0.6190820  1.3895609
 6.6750  2.24412  0.87486  0.6190982  1.3893280
 6.7250  2.24365  0.87505  0.6191154  1.3890784
 6.7750  2.24315  0.87524  0.6191335  1.3888109
 6.8250  2.24262  0.87545  0.6191528  1.3885256
 6.8750  2.24206  0.87567  0.6191730  1.3882208
 6.9250  2.24145  0.87590  0.6191943  1.3878956
 6.9750  2.24081  0.87615  0.6192167  1.3875490
 7.0250  2.24013  0.87642  0.6192405  1.3871801
 7.0750  2.23941  0.87670  0.6192651  1.3867866
 7.1250  2.23864  0.87700  0.6192911  1.3863683
 7.1750  2.23782  0.87732  0.6193185  1.3859241
 7.2250  2.23696  0.87766  0.6193472  1.3854524
 7.2750  2.23604  0.87802  0.6193772  1.3849517
 7.3250  2.23507  0.87840  0.6194087  1.3844211
 7.3750  2.23404  0.87880  0.6194417  1.3838594
 7.4250  2.23296  0.87923  0.6194760  1.3832643
 7.4750  2.23181  0.87968  0.6195118  1.3826350
 7.5250  2.23061  0.88015  0.6195492  1.3819704
 7.5750  2.22933  0.88066  0.6195881  1.3812686
 7.6250  2.22799  0.88119  0.6196287  1.3805282
 7.6750  2.22658  0.88174  0.6196707  1.3797477
 7.7250  2.22510  0.88233  0.6197146  1.3789258
 7.7750  2.22354  0.88295  0.6197599  1.3780608
 7.8250  2.22190  0.88360  0.6198070  1.3771517
 7.8750  2.22019  0.88428  0.6198558  1.3761961
 7.9250  2.21839  0.88500  0.6199061  1.3751931
 7.9750  2.21651  0.88575  0.6199583  1.3741412
 8.0250  2.21454  0.88653  0.6200120  1.3730391
 8.0750  2.21248  0.88736  0.6200674  1.3718852
 8.1250  2.21033  0.88822  0.6201243  1.3706775
 8.1750  2.20808  0.88912  0.6201831  1.3694156
 8.2250  2.20574  0.89007  0.6202433  1.3680975
 8.2750  2.20331  0.89105  0.6203050  1.3667220
 8.3250  2.20077  0.89208  0.6203684  1.3652881
 8.3750  2.19813  0.89315  0.6204336  1.3637952
 8.4250  2.19539  0.89426  0.6205001  1.3622409
 8.4750  2.19255  0.89542  0.6205680  1.3606250
 8.5250  2.18960  0.89663  0.6206375  1.3589462
 8.5750  2.18654  0.89788  0.6207086  1.3572041
 8.6250  2.18337  0.89918  0.6207809  1.3553970
 8.6750  2.18010  0.90053  0.6208545  1.3535246
 8.7250  2.17671  0.90193  0.6209295  1.3515861
 8.7750  2.17322  0.90338  0.6210057  1.3495814
 8.8250  2.16961  0.90488  0.6210827  1.3475090
 8.8750  2.16590  0.90644  0.6211609  1.3453696
 8.9250  2.16207  0.90804  0.6212399  1.3431619
 8.9750  2.15813  0.90970  0.6213199  1.3408867
 9.0250  2.15407  0.91141  0.6214008  1.3385437
 9.0750  2.14991  0.91317  0.6214822  1.3361325
 9.1250  2.14564  0.91499  0.6215641  1.3336539
 9.1750  2.14126  0.91686  0.6216466  1.3311081
 9.2250  2.13677  0.91879  0.6217293  1.3284949
 9.2750  2.13218  0.92077  0.6218125  1.3258163
 9.3250  2.12748  0.92280  0.6218959  1.3230721
 9.3750  2.12268  0.92489  0.6219794  1.3202633
 9.4250  2.11778  0.92703  0.6220627  1.3173908
 9.4750  2.11278  0.92922  0.6221460  1.3144556
 9.5250  2.10768  0.93147  0.6222289  1.3114589
 9.5750  2.10249  0.93377  0.6223111  1.3084010
 9.6250  2.09720  0.93613  0.6223927  1.3052845
 9.6750  2.09183  0.93853  0.6224737  1.3021111
 9.7250  2.08638  0.94098  0.6225538  1.2988824
 9.7750  2.08084  0.94349  0.6226331  1.2956002
 9.8250  2.07523  0.94604  0.6227112  1.2922661
 9.8750  2.06954  0.94864  0.6227880  1.2888820
 9.9250  2.06378  0.95129  0.6228634  1.2854501
 9.9750  2.05795  0.95399  0.6229372  1.2819724
10.0250  2.05206  0.95673  0.6230095  1.2784517
10.0750  2.04611  0.95951  0.6230798  1.2748892
10.1250  2.04011  0.96233  0.6231483  1.2712889
10.1750  2.03405  0.96520  0.6232146  1.2676520
10.2250  2.02796  0.96810  0.6232787  1.2639816
10.2750  2.02182  0.97104  0.6233407  1.2602801
10.3250  2.01564  0.97402  0.6234003  1.2565507
10.3750  2.00943  0.97703  0.6234575  1.2527956
10.4250  2.00320  0.98007  0.6235121  1.2490177
10.4750  1.99694  0.98315  0.6235639  1.2452197
10.5250  1.99066  0.98625  0.6236128  1.2414042
10.5750  1.98438  0.98937  0.6236588  1.2375740
10.6250  1.97808  0.99252  0.6237017  1.2337319
10.6750  1.97178  0.99570  0.6237414  1.2298806
10.7250  1.96548  0.99889  0.6237781  1.2260232
10.7750  1.95919  1.00210  0.6238117  1.2221627
10.8250  1.95290  1.00533  0.6238418  1.2183014
10.8750  1.94663  1.00857  0.6238687  1.2144423
10.9250  1.94038  1.01182  0.6238922  1.2105879
10.9750  1.93415  1.01508  0.6239122  1.2067409
11.0250  1.92795  1.01834  0.6239287  1.2029039
11.0750  1.92178  1.02161  0.6239417  1.1990795
11.1250  1.91565  1.02489  0.6239513  1.1952705
11.1750  1.90955  1.02816  0.6239571  1.1914791
11.2250  1.90350  1.03143  0.6239595  1.1877078
11.2750  1.89750  1.03470  0.6239585  1.1839591
11.3250  1.89154  1.03795  0.6239539  1.1802351
11.3750  1.88564  1.04120  0.6239459  1.1765380
11.4250  1.87980  1.04444  0.6239342  1.1728696
11.4750  1.87401  1.04767  0.6239191  1.1692324
11.5250  1.86829  1.05088  0.6239007  1.1656284
11.5750  1.86264  1.05407  0.6238787  1.1620595
11.6250  1.85705  1.05724  0.6238535  1.1585274
11.6750  1.85154  1.06039  0.6238250  1.1550339
11.7250  1.84609  1.06352  0.6237931  1.1515806
11.7750  1.84073  1.06662  0.6237583  1.1481692
11.8250  1.83544  1.06969  0.6237200  1.1448008
11.8750  1.83023  1.07274  0.6236790  1.1414775
11.9250  1.82511  1.07575  0.6236349  1.1382000
11.9750  1.82006  1.07874  0.6235881  1.1349699
12.0250  1.81511  1.08168  0.6235386  1.1317883
12.0750  1.81023  1.08460  0.6234863  1.1286559
12.1250  1.80545  1.08747  0.6234314  1.1255739
12.1750  1.80075  1.09031  0.6233741  1.1225433
12.2250  1.79615  1.09310  0.6233147  1.1195651
12.2750  1.79163  1.09586  0.6232529  1.1166395
12.3250  1.78721  1.09857  0.6231890  1.1137676
12.3750  1.78287  1.10124  0.6231232  1.1109499
12.4250  1.77863  1.10387  0.6230556  1.1081870
12.4750  1.77448  1.10645  0.6229861  1.1054786
12.5250  1.77043  1.10899  0.6229150  1.1028258
12.5750  1.76646  1.11147  0.6228424  1.1002289
12.6250  1.76259  1.11392  0.6227685  1.0976881
12.6750  1.75882  1.11631  0.6226933  1.0952032
12.7250  1.75513  1.11865  0.6226171  1.0927745
12.7750  1.75154  1.12095  0.6225398  1.0904019
12.8250  1.74804  1.12319  0.6224616  1.0880855
12.8750  1.74463  1.12539  0.6223828  1.0858251
12.9250  1.74131  1.12753  0.6223033  1.0836210
12.9750  1.73808  1.12963  0.6222235  1.0814728
13.0250  1.73494  1.13167  0.6221434  1.0793798
13.0750  1.73189  1.13367  0.6220630  1.0773418
13.1250  1.72892  1.13561  0.6219824  1.0753585
13.1750  1.72604  1.13750  0.6219016  1.0734293
13.2250  1.72325  1.13935  0.6218210  1.0715541
13.2750  1.72054  1.14114  0.6217405  1.0697321
13.3250  1.71792  1.14288  0.6216604  1.0679629
13.3750  1.71538  1.14457  0.6215805  1.0662456
13.4250  1.71292  1.14622  0.6215009  1.0645794
13.4750  1.71054  1.14781  0.6214219  1.0629643
13.5250  1.70823  1.14936  0.6213436  1.0613996
13.5750  1.70601  1.15086  0.6212660  1.0598843
13.6250  1.70386  1.15231  0.6211892  1.0584178
13.6750  1.70178  1.15371  0.6211132  1.0569992
13.7250  1.69978  1.15507  0.6210382  1.0556276
13.7750  1.69785  1.15638  0.6209642  1.0543022
13.8250  1.69599  1.15765  0.6208911  1.0530224
13.8750  1.69419  1.15888  0.6208193  1.0517873
13.9250  1.69247  1.16006  0.6207485  1.0505958
13.9750  1.69081  1.16120  0.6206788  1.0494468
14.0250  1.68921  1.16229  0.6206107  1.0483406
14.0750  1.68767  1.16335  0.6205438  1.0472758
14.1250  1.68620  1.16436  0.6204784  1.0462506
14.1750  1.68479  1.16534  0.6204140  1.0452644
14.2250  1.68343  1.16628  0.6203511  1.0443165
14.2750  1.68213  1.16718  0.6202897  1.0434062
14.3250  1.68088  1.16804  0.6202298  1.0425323
14.3750  1.67969  1.16887  0.6201714  1.0416937
14.4250  1.67854  1.16967  0.6201145  1.0408900
14.4750  1.67745  1.17043  0.6200590  1.0401198
14.5250  1.67641  1.17116  0.6200051  1.0393822
14.5750  1.67541  1.17185  0.6199528  1.0386765
14.6250  1.67446  1.17252  0.6199019  1.0380017
14.6750  1.67355  1.17315  0.6198525  1.0373563
14.7250  1.67269  1.17376  0.6198044  1.0367397
14.7750  1.67186  1.17433  0.6197578  1.0361513
14.8250  1.67108  1.17488  0.6197128  1.0355902
14.8750  1.67033  1.17541  0.6196696  1.0350558
14.9250  1.66963  1.17590  0.6196275  1.0345464
14.9750  1.66895  1.17638  0.6195870  1.0340613
15.0250  1.66831  1.17683  0.6195478  1.0336001
15.0750  1.66771  1.17725  0.6195100  1.0331612
15.1250  1.66713  1.17766  0.6194736  1.0327445
15.1750  1.66659  1.17804  0.6194384  1.0323486
15.2250  1.66607  1.17840  0.6194046  1.0319735
15.2750  1.66559  1.17875  0.6193722  1.0316180
15.3250  1.66513  1.17907  0.6193413  1.0312815
15.3750  1.66469  1.17938  0.6193115  1.0309629
15.4250  1.66428  1.17967  0.6192830  1.0306616
15.4750  1.66390  1.17994  0.6192557  1.0303768
15.5250  1.66353  1.18020  0.6192294  1.0301081
15.5750  1.66319  1.18044  0.6192044  1.0298549
15.6250  1.66287  1.18067  0.6191804  1.0296159
15.6750  1.66257  1.18088  0.6191574  1.0293908
15.7250  1.66228  1.18108  0.6191355  1.0291792
15.7750  1.66202  1.18127  0.6191146  1.0289805
15.8250  1.66177  1.18144  0.6190949  1.0287941
15.8750  1.66154  1.18161  0.6190762  1.0286194
15.9250  1.66132  1.18176  0.6190583  1.0284553
15.9750  1.66112  1.18190  0.6190411  1.0283015
16.0250  1.66093  1.18204  0.6190249  1.0281576
16.0750  1.66076  1.18216  0.6190096  1.0280235
16.1250  1.66059  1.18228  0.6189949  1.0278982
16.1750  1.66044  1.18238  0.6189812  1.0277816
16.2250  1.66030  1.18248  0.6189680  1.0276729
16.2750  1.66017  1.18257  0.6189556  1.0275719
16.3250  1.66005  1.18266  0.6189438  1.0274782
16.3750  1.65994  1.18274  0.6189328  1.0273914
16.4250  1.65984  1.18281  0.6189226  1.0273111
16.4750  1.65974  1.18287  0.6189126  1.0272365
16.5250  1.65966  1.18293  0.6189030  1.0271674
16.5750  1.65958  1.18299  0.6188942  1.0271043
16.6250  1.65951  1.18304  0.6188859  1.0270463
16.6750  1.65944  1.18309  0.6188782  1.0269929
16.7250  1.65938  1.18313  0.6188710  1.0269437
16.7750  1.65933  1.18317  0.6188640  1.0268990
16.8250  1.65928  1.18320  0.6188577  1.0268583
16.8750  1.65924  1.18323  0.6188518  1.0268215
16.9250  1.65920  1.18326  0.6188461  1.0267879
16.9750  1.65916  1.18328  0.6188409  1.0267577
17.0250  1.65913  1.18331  0.6188360  1.0267303
17.0750  1.65910  1.18332  0.6188314  1.0267051
17.1250  1.65908  1.18334  0.6188269  1.0266824
17.1750  1.65906  1.18336  0.6188228  1.0266627
17.2250  1.65904  1.18337  0.6188191  1.0266452
17.2750  1.65902  1.18338  0.6188158  1.0266298
17.3250  1.65901  1.18339  0.6188126  1.0266160
17.3750  1.65900  1.18340  0.6188095  1.0266039
17.4250  1.65899  1.18340  0.6188068  1.0265942
17.4750  1.65898  1.18341  0.6188043  1.0265858
17.5250  1.65898  1.18341  0.6188019  1.0265784
17.5750  1.65897  1.18341  0.6187999  1.0265727
17.6250  1.65897  1.18341  0.6187979  1.0265673
17.6750  1.65897  1.18341  0.6187960  1.0265633
17.7250  1.65897  1.18341  0.6187941  1.0265599
17.7750  1.65897  1.18341  0.6187924  1.0265570
17.8250  1.65897  1.18341  0.6187907  1.0265551
17.8750  1.65897  1.18341  0.6187890  1.0265534
17.9250  1.65897  1.18340  0.6187873  1.0265526
17.9750  1.65898  1.18340  0.6187859  1.0265526
18.0250  1.65898  1.18340  0.6187844  1.0265530
18.0750  1.65899  1.18339  0.6187835  1.0265543
18.1250  1.65899  1.18339  0.6187826  1.0265560
18.1750  1.65900  1.18338  0.6187818  1.0265580
18.2250  1.65900  1.18338  0.6187810  1.0265603
18.2750  1.65901  1.18337  0.6187800  1.0265627
18.3250  1.65902  1.18337  0.6187791  1.0265652
18.3750  1.65902  1.18336  0.6187783  1.0265683
18.4250  1.65903  1.18336  0.6187776  1.0265712
18.4750  1.65904  1.18335  0.6187769  1.0265747
18.5250  1.65905  1.18334  0.6187762  1.0265782
18.5750  1.65905  1.18334  0.6187756  1.0265818
18.6250  1.65906  1.18333  0.6187748  1.0265850
18.6750  1.65907  1.18332  0.6187742  1.0265886
18.7250  1.65908  1.18332  0.6187735  1.0265920
18.7750  1.65908  1.18331  0.6187729  1.0265956
18.8250  1.65909  1.18331  0.6187721  1.0265988
18.8750  1.65910  1.18330  0.6187714  1.0266023
18.9250  1.65911  1.18329  0.6187708  1.0266057
18.9750  1.65911  1.18329  0.6187702  1.0266091
19.0250  1.65912  1.18328  0.6187698  1.0266124
19.0750  1.65913  1.18328  0.6187692  1.0266156
19.1250  1.65913  1.18327  0.6187686  1.0266187
19.1750  1.65914  1.18326  0.6187680  1.0266217
19.2250  1.65914  1.18326  0.6187674  1.0266243
19.2750  1.65915  1.18325  0.6187668  1.0266269
19.3250  1.65916  1.18325  0.6187662  1.0266296
19.3750  1.65916  1.18324  0.6187655  1.0266317
19.4250  1.65917  1.18324  0.6187648  1.0266339
19.4750  1.65917  1.18323  0.6187642  1.0266359
19.5250  1.65918  1.18323  0.6187634  1.0266378
19.5750  1.65918  1.18322  0.6187627  1.0266395
19.6250  1.65919  1.18322  0.6187620  1.0266410
19.6750  1.65919  1.18322  0.6187612  1.0266422
19.7250  1.65919  1.18321  0.6187602  1.0266429
19.7750  1.65920  1.18321  0.6187590  1.0266430
19.8250  1.65920  1.18320  0.6187579  1.0266429
19.8750  1.65920  1.18320  0.6187564  1.0266422
19.9250  1.65921  1.18319  0.6187549  1.0266415
19.9750  1.65921  1.18319  0.6187533  1.0266403
20.0250  1.65921  1.18319  0.6187516  1.0266390
20.0750  1.65921  1.18318  0.6187499  1.0266376
20.1250  1.65921  1.18318  0.6187481  1.0266360
20.1750  1.65922  1.18318  0.6187464  1.0266346
20.2250  1.65922  1.18317  0.6187450  1.0266334
20.2750  1.65922  1.18317  0.6187434  1.0266318
20.3250  1.65922  1.18317  0.6187419  1.0266304
20.3750  1.65922  1.18316  0.6187401  1.0266283
20.4250  1.65923  1.18316  0.6187384  1.0266263
20.4750  1.65923  1.18316  0.6187367  1.0266242
20.5250  1.65923  1.18315  0.6187350  1.0266218
20.5750  1.65923  1.18315  0.6187332  1.0266194
20.6250  1.65923  1.18315  0.6187313  1.0266167
20.6750  1.65923  1.18315  0.6187297  1.0266145
20.7250  1.65923  1.18314  0.6187279  1.0266119
20.7750  1.65923  1.18314  0.6187261  1.0266093
20.8250  1.65923  1.18314  0.6187242  1.0266061
20.8750  1.65923  1.18314  0.6187225  1.0266032
20.9250  1.65923  1.18314  0.6187208  1.0266005
20.9750  1.65923  1.18313  0.6187192  1.0265975
21.0250  1.65923  1.18313  0.6187173  1.0265939
21.0750  1.65923  1.18313  0.6187155  1.0265908
21.1250  1.65923  1.18313  0.6187138  1.0265876
21.1750  1.65923  1.18313  0.6187121  1.0265843
21.2250  1.65923  1.18313  0.6187101  1.0265801
21.2750  1.65922  1.18312  0.6187081  1.0265757
21.3250  1.65922  1.18312  0.6187058  1.0265703
21.3750  1.65922  1.18312  0.6187032  1.0265645
21.4250  1.65922  1.18312  0.6187004  1.0265583
21.4750  1.65921  1.18312  0.6186976  1.0265516
21.5250  1.65921  1.18312  0.6186945  1.0265449
21.5750  1.65921  1.18311  0.6186914  1.0265380
21.6250  1.65921  1.18311  0.6186884  1.0265310
21.6750  1.65920  1.18311  0.6186854  1.0265239
21.7250  1.65920  1.18311  0.6186824  1.0265172
21.7750  1.65920  1.18311  0.6186794  1.0265102
21.8250  1.65919  1.18311  0.6186763  1.0265028
21.8750  1.65919  1.18311  0.6186731  1.0264952
21.9250  1.65918  1.18311  0.6186698  1.0264872
21.9750  1.65918  1.18310  0.6186665  1.0264790
22.0250  1.65918  1.18310  0.6186630  1.0264703
22.0750  1.65917  1.18310  0.6186594  1.0264612
22.1250  1.65917  1.18310  0.6186556  1.0264517
22.1750  1.65916  1.18310  0.6186515  1.0264417
22.2250  1.65915  1.18310  0.6186475  1.0264317
22.2750  1.65915  1.18310  0.6186432  1.0264211
22.3250  1.65914  1.18309  0.6186391  1.0264109
22.3750  1.65914  1.18309  0.6186348  1.0264007
22.4250  1.65913  1.18309  0.6186306  1.0263901
22.4750  1.65913  1.18309  0.6186263  1.0263793
22.5250  1.65912  1.18309  0.6186221  1.0263690
22.5750  1.65912  1.18309  0.6186182  1.0263587
22.6250  1.65911  1.18309  0.6186141  1.0263481
22.6750  1.65910  1.18309  0.6186098  1.0263374
22.7250  1.65910  1.18309  0.6186054  1.0263265
22.7750  1.65909  1.18308  0.6186010  1.0263156
22.8250  1.65908  1.18308  0.6185963  1.0263036
22.8750  1.65908  1.18308  0.6185915  1.0262914
22.9250  1.65907  1.18308  0.6185865  1.0262783
22.9750  1.65906  1.18308  0.6185815  1.0262649
23.0250  1.65905  1.18308  0.6185759  1.0262505
23.0750  1.65905  1.18308  0.6185702  1.0262359
23.1250  1.65904  1.18308  0.6185644  1.0262213
23.1750  1.65903  1.18307  0.6185586  1.0262066
23.2250  1.65902  1.18307  0.6185529  1.0261914
23.2750  1.65901  1.18307  0.6185468  1.0261755
23.3250  1.65900  1.18307  0.6185405  1.0261592
23.3750  1.65899  1.18307  0.6185340  1.0261421
23.4250  1.65898  1.18307  0.6185274  1.0261248
23.4750  1.65897  1.18307  0.6185206  1.0261072
23.5250  1.65896  1.18307  0.6185136  1.0260892
23.5750  1.65895  1.18306  0.6185064  1.0260706
23.6250  1.65894  1.18306  0.6184991  1.0260515
23.6750  1.65893  1.18306  0.6184916  1.0260321
23.7250  1.65891  1.18306  0.6184840  1.0260119
23.7750  1.65890  1.18306  0.6184760  1.0259912
23.8250  1.65889  1.18306  0.6184680  1.0259699
23.8750  1.65888  1.18305  0.6184598  1.0259482
23.9250  1.65886  1.18305  0.6184514  1.0259264
23.9750  1.65885  1.18305  0.6184430  1.0259044
24.0250  1.65884  1.18305  0.6184344  1.0258821
24.0750  1.65882  1.18305  0.6184255  1.0258590
24.1250  1.65881  1.18305  0.6184164  1.0258350
24.1750  1.65880  1.18304  0.6184071  1.0258106
24.2250  1.65878  1.18304  0.6183974  1.0257856
24.2750  1.65877  1.18304  0.6183877  1.0257605
24.3250  1.65875  1.18304  0.6183779  1.0257353
24.3750  1.65874  1.18304  0.6183680  1.0257096
24.4250  1.65872  1.18304  0.6183578  1.0256832
24.4750  1.65870  1.18303  0.6183472  1.0256554
24.5250  1.65869  1.18303  0.6183365  1.0256273
24.5750  1.65867  1.18303  0.6183253  1.0255980
24.6250  1.65865  1.18303  0.6183138  1.0255680
24.6750  1.65864  1.18302  0.6183019  1.0255373
24.7250  1.65862  1.18302  0.6182895  1.0255052
24.7750  1.65860  1.18302  0.6182768  1.0254724
24.8250  1.65858  1.18302  0.6182637  1.0254387
24.8750  1.65856  1.18301  0.6182501  1.0254040
24.9250  1.65854  1.18301  0.6182364  1.0253688
24.9750  1.65852  1.18301  0.6182224  1.0253326
25.0250  1.65850  1.18300  0.6182079  1.0252951
25.0750  1.65847  1.18300  0.6181929  1.0252563
25.1250  1.65845  1.18300  0.6181772  1.0252160
25.1750  1.65843  1.18299  0.6181611  1.0251744
25.2250  1.65840  1.18299  0.6181444  1.0251313
25.2750  1.65837  1.18299  0.6181269  1.0250858
25.3250  1.65835  1.18298  0.6181086  1.0250381
25.3750  1.65832  1.18298  0.6180890  1.0249876
25.4250  1.65829  1.18297  0.6180681  1.0249336
25.4750  1.65825  1.18297  0.6180456  1.0248756
25.5250  1.65822  1.18296  0.6180214  1.0248134
25.5750  1.65818  1.18296  0.6179953  1.0247456
25.6250  1.65813  1.18295  0.6179667  1.0246714
25.6750  1.65809  1.18295  0.6179349  1.0245891
25.7250  1.65803  1.18294  0.6178995  1.0244973
25.7750  1.65797  1.18293  0.6178600  1.0243945
25.8250  1.65790  1.18292  0.6178150  1.0242778
25.8750  1.65783  1.18291  0.6177636  1.0241444
25.9250  1.65774  1.18290  0.6177044  1.0239904
25.9750  1.65763  1.18288  0.6176357  1.0238116
26.0250  1.65751  1.18286  0.6175555  1.0236026
26.0750  1.65736  1.18284  0.6174611  1.0233563
26.1250  1.65719  1.18282  0.6173495  1.0230649
26.1750  1.65698  1.18279  0.6172166  1.0227181
26.2250  1.65674  1.18275  0.6170575  1.0223027
26.2750  1.65644  1.18271  0.6168666  1.0218041
26.3250  1.65609  1.18266  0.6166366  1.0212034
26.3750  1.65566  1.18260  0.6163591  1.0204781
26.4250  1.65513  1.18253  0.6160229  1.0196003
26.4750  1.65450  1.18244  0.6156152  1.0185359
26.5250  1.65373  1.18233  0.6151201  1.0172435
26.5750  1.65280  1.18220  0.6145178  1.0156724
26.6250  1.65166  1.18204  0.6137842  1.0137609
26.6750  1.65027  1.18185  0.6128907  1.0114353
26.7250  1.64858  1.18161  0.6118017  1.0086051
26.7750  1.64653  1.18133  0.6104746  1.0051625
26.8250  1.64403  1.18097  0.6088576  1.0009781
26.8750  1.64099  1.18054  0.6068890  0.9958988
26.9250  1.63731  1.18002  0.6044946  0.9897427
26.9750  1.63285  1.17938  0.6015861  0.9822980
27.0250  1.62746  1.17861  0.5980599  0.9733198
27.0750  1.62098  1.17766  0.5937948  0.9625303
27.1250  1.61321  1.17652  0.5886508  0.9496191
27.1750  1.60395  1.17514  0.5824689  0.9342486
27.2250  1.59296  1.17347  0.5750721  0.9160647
27.2750  1.58001  1.17147  0.5662684  0.8947124
27.3250  1.56490  1.16908  0.5558554  0.8698584
27.3750  1.54742  1.16623  0.5436306  0.8412246
27.4250  1.52743  1.16287  0.5294030  0.8086246
27.4750  1.50486  1.15893  0.5130106  0.7720078
27.5250  1.47974  1.15436  0.4943420  0.7314997
27.5750  1.45225  1.14912  0.4733571  0.6874335
27.6250  1.42268  1.14318  0.4501098  0.6403629
27.6750  1.39147  1.13654  0.4247651  0.5910496
27.7250  1.35919  1.12924  0.3976049  0.5404198
27.7750  1.32646  1.12135  0.3690239  0.4894960
27.8250  1.29396  1.11298  0.3395093  0.4393122
27.8750  1.26233  1.10426  0.3096086  0.3908280
27.9250  1.23213  1.09538  0.2798879  0.3448574
27.9750  1.20380  1.08648  0.2508898  0.3020220
28.0250  1.17768  1.07775  0.2230947  0.2627333
28.0750  1.15393  1.06933  0.1968936  0.2272011
28.1250  1.13262  1.06135  0.1725729  0.1954600
28.1750  1.11372  1.05390  0.1503118  0.1674059
28.2250  1.09712  1.04706  0.1301909  0.1428354
28.2750  1.08266  1.04084  0.1122064  0.1214811
28.3250  1.07014  1.03526  0.0962879  0.1030418
28.3750  1.05938  1.03030  0.0823176  0.0872053
28.4250  1.05016  1.02593  0.0701468  0.0736653
28.4750  1.04230  1.02210  0.0596103  0.0621318
28.5250  1.03562  1.01878  0.0505374  0.0523377
28.5750  1.02996  1.01591  0.0427604  0.0440416
28.6250  1.02517  1.01344  0.0361198  0.0370290
28.6750  1.02113  1.01133  0.0304677  0.0311115
28.7250  1.01772  1.00952  0.0256701  0.0261250
28.7750  1.01485  1.00799  0.0216070  0.0219280
28.8250  1.01244  1.00668  0.0181726  0.0183987
28.8750  1.01041  1.00558  0.0152742  0.0154333
28.9250  1.00871  1.00464  0.0128314  0.0129431
28.9750  1.00728  1.00386  0.0107747  0.0108532
29.0250  1.00608  1.00319  0.0090449  0.0090999
29.0750  1.00508  1.00263  0.0075910  0.0076295
29.1250  1.00423  1.00216  0.0063699  0.0063968
29.1750  1.00352  1.00177  0.0053447  0.0053636
29.2250  1.00293  1.00143  0.0044845  0.0044976
29.2750  1.00243  1.00115  0.0037629  0.0037720
29.3250  1.00202  1.00092  0.0031578  0.0031642
29.3750  1.00167  1.00072  0.0026506  0.0026550
29.4250  1.00138  1.00056  0.0022255  0.0022285
29.4750  1.00113  1.00042  0.0018692  0.0018713
29.5250  1.00093  1.00030  0.0015706  0.0015721
29.5750  1.00075  1.00021  0.0013205  0.0013215
29.6250  1.00061  1.00012  0.0011110  0.0011117
29.6750  1.00049  1.00006  0.0009355  0.0009360
29.7250  1.00039  1.00000  0.0007885  0.0007888
29.7750  1.00030  0.99995  0.0006653  0.0006655
29.8250  1.00023  0.99991  0.0005622  0.0005623
29.8750  1.00017  0.99988  0.0004758  0.0004759
29.9250  1.00012  0.99985  0.0004035  0.0004035
29.9750  1.00008  0.99983  0.0003429  0.0003429
30.0250  1.00004  0.99981  0.0002921  0.0002921
30.0750  1.00001  0.99979  0.0002496  0.0002496
30.1250  0.99999  0.99978  0.0002141  0.0002141
30.1750  0.99997  0.99976  0.0001843  0.0001843
30.2250  0.99995  0.99975  0.0001593  0.0001593
30.2750  0.99994  0.99975  0.0001384  0.0001384
30.3250  0.99992  0.99974  0.0001208  0.0001208
30.3750  0.99991  0.99973  0.0001061  0.0001061
30.4250  0.99990  0.99973  0.0000937  0.0000937
30.4750  0.99990  0.99973  0.0000833  0.0000833
30.5250  0.99989  0.99972  0.0000746  0.0000746
30.5750  0.99988  0.99972  0.0000673  0.0000672
30.6250  0.99988  0.99972  0.0000611  0.0000611
30.6750  0.99987  0.99972  0.0000559  0.0000559
30.7250  0.99987  0.99971  0.0000516  0.0000516
30.7750  0.99987  0.99971  0.0000479  0.0000479
30.8250  0.99987  0.99971  0.0000448  0.0000448
30.8750  0.99986  0.99971  0.0000422  0.0000422
30.9250  0.99986  0.99971  0.0000400  0.0000400
30.9750  0.99986  0.99971  0.0000381  0.0000381
31.0250  0.99986  0.99971  0.0000366  0.0000366
31.0750  0.99986  0.99971  0.0000354  0.0000354
31.1250  0.99985  0.99971  0.0000343  0.0000343
31.1750  0.99985  0.99971  0.0000333  0.0000333
31.2250  0.99985  0.99971  0.0000323  0.0000323
31.2750  0.99985  0.99971  0.0000314  0.0000314
31.3250  0.99985  0.99971  0.0000307  0.0000307
31.3750  0.99985  0.99971  0.0000301  0.0000301
31.4250  0.99985  0.99971  0.0000295  0.0000295
31.4750  0.99985  0.99971  0.0000292  0.0000292
31.5250  0.99984  0.99971  0.0000289  0.0000289
31.5750  0.99984  0.99971  0.0000287  0.0000287
31.6250  0.99984  0.99971  0.0000287  0.0000287
31.6750  0.99984  0.99971  0.0000288  0.0000288
31.7250  0.99984  0.99971  0.0000289  0.0000289
31.7750  0.99984  0.99971  0.0000292  0.0000291
31.8250  0.99984  0.99971  0.0000294  0.0000294
31.8750  0.99984  0.99971  0.0000296  0.0000296
31.9250  0.99984  0.99970  0.0000299  0.0000299
31.9750  0.99984  0.99970  0.0000301  0.0000301
32.0250  0.99984  0.99970  0.0000302  0.0000302
32.0750  0.99984  0.99970  0.0000304  0.0000304
32.1250  0.99984  0.99970  0.0000305  0.0000305
32.1750  0.99984  0.99970  0.0000305  0.0000305
32.2250  0.99984  0.99970  0.0000304  0.0000304
32.2750  0.99984  0.99970  0.0000303  0.0000303
32.3250  0.99984  0.99970  0.0000301  0.0000301
32.3750  0.99984  0.99970  0.0000299  0.0000299
32.4250  0.99984  0.99970  0.0000298  0.0000298
32.4750  0.99984  0.99970  0.0000296  0.0000296
32.5250  0.99984  0.99970  0.0000295  0.0000295
32.5750  0.99984  0.99970  0.0000293  0.0000293
32.6250  0.99984  0.99970  0.0000291  0.0000291
32.6750  0.99984  0.99970  0.0000289  0.0000289
32.7250  0.99984  0.99970  0.0000286  0.0000286
32.7750  0.99984  0.99970  0.0000284  0.0000284
32.8250  0.99984  0.99970  0.0000280  0.0000280
32.8750  0.99984  0.99970  0.0000277  0.0000277
32.9250  0.99984  0.99970  0.0000274  0.0000274
32.9750  0.99984  0.99970  0.0000272  0.0000272
33.0250  0.99985  0.99970  0.0000269  0.0000269
33.0750  0.99985  0.99970  0.0000267  0.0000267
33.1250  0.99985  0.99971  0.0000265  0.0000265
33.1750  0.99985  0.99971  0.0000264  0.0000263
33.2250  0.99985  0.99971  0.0000261  0.0000261
33.2750  0.99985  0.99971  0.0000259  0.0000259
33.3250  0.99985  0.99971  0.0000257  0.0000257
33.3750  0.99985  0.99971  0.0000254  0.0000254
33.4250  0.99985  0.99971  0.0000252  0.0000252
33.4750  0.99985  0.99971  0.0000249  0.0000249
33.5250  0.99985  0.99971  0.0000247  0.0000247
33.5750  0.99985  0.99971  0.0000244  0.0000244
33.6250  0.99985  0.99971  0.0000242  0.0000242
33.6750  0.99985  0.99971  0.0000240  0.0000240
33.7250  0.99985  0.99971  0.0000238  0.0000238
33.7750  0.99985  0.99971  0.0000236  0.0000236
33.8250  0.99985  0.99971  0.0000233  0.0000233
33.8750  0.99985  0.99971  0.0000230  0.0000230
33.9250  0.99985  0.99971  0.0000227  0.0000227
33.9750  0.99985  0.99971  0.0000224  0.0000224
34.0250  0.99985  0.99971  0.0000221  0.0000221
34.0750  0.99985  0.99971  0.0000218  0.0000218
34.1250  0.99985  0.99971  0.0000216  0.0000216
34.1750  0.99985  0.99971  0.0000213  0.0000213
34.2250  0.99985  0.99971  0.0000212  0.0000212
34.2750  0.99985  0.99971  0.0000210  0.0000210
34.3250  0.99985  0.99971  0.0000208  0.0000208
34.3750  0.99985  0.99971  0.0000207  0.0000207
34.4250  0.99985  0.99971  0.0000205  0.0000205
34.4750  0.99985  0.99971  0.0000203  0.0000203
34.5250  0.99985  0.99971  0.0000201  0.0000201
34.5750  0.99985  0.99971  0.0000199  0.0000199
34.6250  0.99985  0.99971  0.0000197  0.0000197
34.6750  0.99985  0.99971  0.0000195  0.0000195
34.7250  0.99985  0.99971  0.0000193  0.0000193
34.7750  0.99985  0.99971  0.0000191  0.0000191
34.8250  0.99985  0.99971  0.0000189  0.0000189
34.8750  0.99985  0.99971  0.0000188  0.0000188
34.9250  0.99985  0.99971  0.0000186  0.0000186
34.9750  0.99986  0.99971  0.0000184  0.0000184
35.0250  0.99986  0.99971  0.0000181  0.0000181
35.0750  0.99986  0.99971  0.0000179  0.0000179
35.1250  0.99986  0.99971  0.0000177  0.0000177
35.1750  0.99986  0.99971  0.0000175  0.0000175
35.2250  0.99986  0.99971  0.0000172  0.0000172
35.2750  0.99986  0.99971  0.0000170  0.0000170
35.3250  0.99986  0.99971  0.0000167  0.0000167
35.3750  0.99986  0.99971  0.0000164  0.0000164
35.4250  0.99986  0.99971  0.0000162  0.0000161
35.4750  0.99986  0.99971  0.0000159  0.0000159
35.5250  0.99986  0.99971  0.0000156  0.0000156
35.5750  0.99986  0.99971  0.0000154  0.0000154
35.6250  0.99986  0.99971  0.0000151  0.0000151
35.6750  0.99986  0.99971  0.0000148  0.0000148
35.7250  0.99986  0.99971  0.0000145  0.0000145
35.7750  0.99986  0.99971  0.0000141  0.0000141
35.8250  0.99986  0.99971  0.0000137  0.0000137
35.8750  0.99986  0.99971  0.0000133  0.0000133
35.9250  0.99986  0.99971  0.0000128  0.0000128
35.9750  0.99986  0.99971  0.0000124  0.0000124
36.0250  0.99986  0.99971  0.0000119  0.0000119
36.0750  0.99986  0.99971  0.0000114  0.0000114
36.1250  0.99986  0.99971  0.0000109  0.0000109
36.1750  0.99986  0.99971  0.0000105  0.0000105
36.2250  0.99986  0.99971  0.0000100  0.0000100
36.2750  0.99986  0.99971  0.0000096  0.0000096
36.3250  0.99986  0.99971  0.0000092  0.0000092
36.3750  0.99986  0.99971  0.0000088  0.0000088
36.4250  0.99986  0.99971  0.0000083  0.0000083
36.4750  0.99986  0.99971  0.0000079  0.0000079
36.5250  0.99987  0.99971  0.0000075  0.0000075
36.5750  0.99987  0.99971  0.0000070  0.0000070
36.6250  0.99987  0.99971  0.0000066  0.0000066
36.6750  0.99987  0.99971  0.0000062  0.0000062
36.7250  0.99987  0.99971  0.0000057  0.0000057
36.7750  0.99987  0.99971  0.0000053  0.0000053
36.8250  0.99987  0.99971  0.0000049  0.0000049
36.8750  0.99987  0.99971  0.0000044  0.0000044
36.9250  0.99987  0.99971  0.0000040  0.0000040
36.9750  0.99987  0.99971  0.0000035  0.0000035
37.0250  0.99987  0.99971  0.0000030  0.0000030
37.0750  0.99987  0.99971  0.0000026  0.0000026
37.1250  0.99987  0.99971  0.0000022  0.0000022
37.1750  0.99987  0.99971  0.0000018  0.0000018
37.2250  0.99987  0.99971  0.0000013  0.0000013
37.2750  0.99987  0.99971  0.0000009  0.0000009
37.3250  0.99987  0.99971  0.0000004  0.0000004
37.3750  0.99987  0.99971 -0.0000000 -0.0000000
37.4250  0.99987  0.99971 -0.0000005 -0.0000005
37.4750  0.99988  0.99971 -0.0000010 -0.0000010
37.5250  0.99988  0.99971 -0.0000014 -0.0000014
37.5750  0.99988  0.99971 -0.0000019 -0.0000019
37.6250  0.99988  0.99971 -0.0000024 -0.0000024
37.6750  0.99988  0.99971 -0.0000028 -0.0000028
37.7250  0.99988  0.99971 -0.0000032 -0.0000032
37.7750  0.99988  0.99971 -0.0000035 -0.0000035
37.8250  0.99988  0.99971 -0.0000038 -0.0000038
37.8750  0.99988  0.99971 -0.0000042 -0.0000042
37.9250  0.99988  0.99971 -0.0000045 -0.0000045
37.9750  0.99988  0.99971 -0.0000049 -0.0000049
38.0250  0.99988  0.99970 -0.0000053 -0.0000053
38.0750  0.99988  0.99970 -0.0000057 -0.0000057
38.1250  0.99988  0.99970 -0.0000061 -0.0000061
38.1750  0.99988  0.99970 -0.0000065 -0.0000065
38.2250  0.99988  0.99970 -0.0000068 -0.0000068
38.2750  0.99989  0.99970 -0.0000072 -0.0000072
38.3250  0.99989  0.99970 -0.0000076 -0.0000076
38.3750  0.99989  0.99970 -0.0000080 -0.0000080
38.4250  0.99989  0.99970 -0.0000084 -0.0000084
38.4750  0.99989  0.99970 -0.0000089 -0.0000089
38.5250  0.99989  0.99970 -0.0000094 -0.0000094
38.5750  0.99989  0.99970 -0.0000098 -0.0000098
38.6250  0.99989  0.99970 -0.0000102 -0.0000102
38.6750  0.99989  0.99970 -0.0000107 -0.0000106
38.7250  0.99989  0.99970 -0.0000111 -0.0000111
38.7750  0.99989  0.99970 -0.0000115 -0.0000115
38.8250  0.99989  0.99970 -0.0000118 -0.0000118
38.8750  0.99989  0.99970 -0.0000122 -0.0000122
38.9250  0.99989  0.99970 -0.0000126 -0.0000126
38.9750  0.99989  0.99970 -0.0000130 -0.0000130
39.0250  0.99989  0.99970 -0.0000135 -0.0000135
39.0750  0.99989  0.99970 -0.0000140 -0.0000140
39.1250  0.99989  0.99970 -0.0000145 -0.0000145
39.1750  0.99989  0.99970 -0.0000150 -0.0000150
39.2250  0.99989  0.99970 -0.0000155 -0.0000155
39.2750  0.99990  0.99970 -0.0000160 -0.0000160
39.3250  0.99990  0.99970 -0.0000165 -0.0000165
39.3750  0.99990  0.99970 -0.0000170 -0.0000170
39.4250  0.99990  0.99970 -0.0000174 -0.0000174
39.4750  0.99990  0.99970 -0.0000179 -0.0000179
39.5250  0.99990  0.99970 -0.0000183 -0.0000183
39.5750  0.99990  0.99970 -0.0000188 -0.0000188
39.6250  0.99990  0.99970 -0.0000193 -0.0000193
39.6750  0.99990  0.99970 -0.0000198 -0.0000198
39.7250  0.99990  0.99970 -0.0000203 -0.0000203
39.7750  0.99990  0.99970 -0.0000208 -0.0000208
39.8250  0.99990  0.99970 -0.0000214 -0.0000214
39.8750  0.99990  0.99970 -0.0000219 -0.0000219
39.9250  0.99990  0.99970 -0.0000225 -0.0000225
39.9750  0.99990  0.99970 -0.0000230 -0.0000230
40.0250  0.99990  0.99970 -0.0000235 -0.0000235
40.0750  0.99990  0.99970 -0.0000240 -0.0000240
40.1250  0.99990  0.99970 -0.0000245 -0.0000245
40.1750  0.99990  0.99970 -0.0000250 -0.0000250
40.2250  0.99990  0.99970 -0.0000255 -0.0000255
40.2750  0.99990  0.99970 -0.0000260 -0.0000260
40.3250  0.99990  0.99970 -0.0000264 -0.0000264
40.3750  0.99990  0.99970 -0.0000268 -0.0000268
40.4250  0.99990  0.99970 -0.0000273 -0.0000273
40.4750  0.99990  0.99970 -0.0000277 -0.0000277
40.5250  0.99990  0.99970 -0.0000281 -0.0000281
40.5750  0.99990  0.99970 -0.0000285 -0.0000285
40.6250  0.99990  0.99970 -0.0000289 -0.0000289
40.6750  0.99990  0.99970 -0.0000293 -0.0000293
40.7250  0.99990  0.99970 -0.0000298 -0.0000297
40.7750  0.99990  0.99971 -0.0000302 -0.0000302
40.8250  0.99990  0.99971 -0.0000306 -0.0000306
40.8750  0.99990  0.99971 -0.0000309 -0.0000309
40.9250  0.99990  0.99971 -0.0000312 -0.0000312
40.9750  0.99990  0.99971 -0.0000316 -0.0000316
41.0250  0.99990  0.99971 -0.0000319 -0.0000319
41.0750  0.99990  0.99971 -0.0000323 -0.0000323
41.1250  0.99990  0.99971 -0.0000325 -0.0000325
41.1750  0.99990  0.99971 -0.0000328 -0.0000328
41.2250  0.99991  0.99971 -0.0000331 -0.0000331
41.2750  0.99991  0.99971 -0.0000333 -0.0000333
41.3250  0.99991  0.99971 -0.0000336 -0.0000336
41.3750  0.99991  0.99971 -0.0000339 -0.0000339
41.4250  0.99991  0.99971 -0.0000343 -0.0000343
41.4750  0.99991  0.99971 -0.0000346 -0.0000346
41.5250  0.99991  0.99971 -0.0000350 -0.0000350
41.5750  0.99991  0.99971 -0.0000353 -0.0000353
41.6250  0.99991  0.99971 -0.0000356 -0.0000356
41.6750  0.99991  0.99971 -0.0000359 -0.0000359
41.7250  0.99991  0.99971 -0.0000363 -0.0000363
41.7750  0.99991  0.99971 -0.0000366 -0.0000366
41.8250  0.99991  0.99971 -0.0000369 -0.0000369
41.8750  0.99991  0.99971 -0.0000373 -0.0000373
41.9250  0.99991  0.99971 -0.0000376 -0.0000376
41.9750  0.99991  0.99971 -0.0000379 -0.0000379
42.0250  0.99991  0.99971 -0.0000383 -0.0000383
42.0750  0.99991  0.99971 -0.0000387 -0.0000387
42.1250  0.99991  0.99971 -0.0000391 -0.0000391
42.1750  0.99991  0.99971 -0.0000394 -0.0000394
42.2250  0.99991  0.99971 -0.0000398 -0.0000398
42.2750  0.99991  0.99971 -0.0000402 -0.0000402
42.3250  0.99991  0.99971 -0.0000407 -0.0000407
42.3750  0.99991  0.99971 -0.0000412 -0.0000412
42.4250  0.99991  0.99971 -0.0000417 -0.0000417
42.4750  0.99991  0.99971 -0.0000422 -0.0000422
42.5250  0.99991  0.99971 -0.0000427 -0.0000427
42.5750  0.99991  0.99971 -0.0000432 -0.0000432
42.6250  0.99991  0.99971 -0.0000436 -0.0000436
42.6750  0.99991  0.99971 -0.0000441 -0.0000441
42.7250  0.99992  0.99971 -0.0000446 -0.0000446
42.7750  0.99992  0.99971 -0.0000450 -0.0000450
42.8250  0.99992  0.99971 -0.0000455 -0.0000455
42.8750  0.99992  0.99971 -0.0000460 -0.0000460
42.9250  0.99992  0.99971 -0.0000465 -0.0000465
42.9750  0.99992  0.99971 -0.0000470 -0.0000470
43.0250  0.99992  0.99971 -0.0000475 -0.0000475
43.0750  0.99992  0.99970 -0.0000479 -0.0000479
43.1250  0.99992  0.99970 -0.0000484 -0.0000484
43.1750  0.99992  0.99970 -0.0000488 -0.0000488
43.2250  0.99992  0.99970 -0.0000493 -0.0000493
43.2750  0.99993  0.99970 -0.0000498 -0.0000498
43.3250  0.99993  0.99970 -0.0000502 -0.0000502
43.3750  0.99993  0.99970 -0.0000507 -0.0000507
43.4250  0.99993  0.99970 -0.0000511 -0.0000511
43.4750  0.99993  0.99970 -0.0000515 -0.0000515
43.5250  0.99993  0.99970 -0.0000519 -0.0000519
43.5750  0.99993  0.99970 -0.0000523 -0.0000523
43.6250  0.99994  0.99970 -0.0000527 -0.0000527
43.6750  0.99994  0.99969 -0.0000531 -0.0000531
43.7250  0.99994  0.99969 -0.0000534 -0.0000534
43.7750  0.99994  0.99969 -0.0000538 -0.0000538
43.8250  0.99994  0.99969 -0.0000542 -0.0000542
43.8750  0.99994  0.99969 -0.0000546 -0.0000546
43.9250  0.99994  0.99969 -0.0000549 -0.0000549
43.9750  0.99995  0.99969 -0.0000553 -0.0000553
44.0250  0.99995  0.99969 -0.0000557 -0.0000557
44.0750  0.99995  0.99968 -0.0000561 -0.0000561
44.1250  0.99995  0.99968 -0.0000565 -0.0000565
44.1750  0.99995  0.99968 -0.0000569 -0.0000569
44.2250  0.99996  0.99968 -0.0000574 -0.0000574
44.2750  0.99996  0.99968 -0.0000579 -0.0000579
44.3250  0.99996  0.99968 -0.0000584 -0.0000584
44.3750  0.99996  0.99967 -0.0000589 -0.0000589
44.4250  0.99996  0.99967 -0.0000593 -0.0000593
44.4750  0.99997  0.99967 -0.0000598 -0.0000598
44.5250  0.99997  0.99967 -0.0000603 -0.0000603
44.5750  0.99997  0.99967 -0.0000608 -0.0000608
44.6250  0.99997  0.99967 -0.0000613 -0.0000613
44.6750  0.99997  0.99966 -0.0000618 -0.0000618
44.7250  0.99998  0.99966 -0.0000623 -0.0000623
44.7750  0.99998  0.99966 -0.0000628 -0.0000628
44.8250  0.99998  0.99966 -0.0000632 -0.0000632
44.8750  0.99999  0.99965 -0.0000637 -0.0000637
44.9250  0.99999  0.99965 -0.0000642 -0.0000642
44.9750  0.99999  0.99965 -0.0000647 -0.0000647
45.0250  0.99999  0.99965 -0.0000652 -0.0000652
45.0750  1.00000  0.99964 -0.0000657 -0.0000657
45.1250  1.00000  0.99964 -0.0000662 -0.0000662
45.1750  1.00000  0.99964 -0.0000667 -0.0000667
45.2250  1.00001  0.99963 -0.0000671 -0.0000671
45.2750  1.00001  0.99963 -0.0000676 -0.0000676
45.3250  1.00001  0.99963 -0.0000681 -0.0000681
45.3750  1.00002  0.99963 -0.0000685 -0.0000685
45.4250  1.00002  0.99962 -0.0000690 -0.0000690
45.4750  1.00002  0.99962 -0.0000695 -0.0000695
45.5250  1.00003  0.99962 -0.0000700 -0.0000700
45.5750  1.00003  0.99961 -0.0000705 -0.0000705
45.6250  1.00004  0.99961 -0.0000710 -0.0000710
45.6750  1.00004  0.99961 -0.0000715 -0.0000715
45.7250  1.00004  0.99960 -0.0000720 -0.0000720
45.7750  1.00005  0.99960 -0.0000725 -0.0000725
45.8250  1.00005  0.99960 -0.0000730 -0.0000730
45.8750  1.00005  0.99960 -0.0000735 -0.0000735
45.9250  1.00006  0.99959 -0.0000740 -0.0000740
45.9750  1.00006  0.99959 -0.0000745 -0.0000745
46.0250  1.00006  0.99959 -0.0000750 -0.0000750
46.0750  1.00007  0.99958 -0.0000755 -0.0000755
46.1250  1.00007  0.99958 -0.0000760 -0.0000760
46.1750  1.00008  0.99958 -0.0000766 -0.0000766
46.2250  1.00008  0.99957 -0.0000771 -0.0000771
46.2750  1.00008  0.99957 -0.0000777 -0.0000777
46.3250  1.00009  0.99957 -0.0000784 -0.0000784
46.3750  1.00009  0.99956 -0.0000790 -0.0000790
46.4250  1.00009  0.99956 -0.0000797 -0.0000797
46.4750  1.00010  0.99955 -0.0000803 -0.0000803
46.5250  1.00010  0.99955 -0.0000809 -0.0000809
46.5750  1.00011  0.99955 -0.0000814 -0.0000815
46.6250  1.00011  0.99954 -0.0000820 -0.0000820
46.6750  1.00011  0.99954 -0.0000825 -0.0000825
46.7250  1.00012  0.99954 -0.0000831 -0.0000831
46.7750  1.00012  0.99953 -0.0000836 -0.0000836
46.8250  1.00013  0.99953 -0.0000841 -0.0000841
46.8750  1.00013  0.99953 -0.0000846 -0.0000847
46.9250  1.00013  0.99952 -0.0000851 -0.0000852
46.9750  1.00014  0.99952 -0.0000856 -0.0000857
47.0250  1.00014  0.99951 -0.0000862 -0.0000862
47.0750  1.00015  0.99951 -0.0000867 -0.0000867
47.1250  1.00015  0.99950 -0.0000872 -0.0000872
47.1750  1.00016  0.99950 -0.0000877 -0.0000877
47.2250  1.00016  0.99949 -0.0000882 -0.0000882
47.2750  1.00017  0.99949 -0.0000888 -0.0000888
47.3250  1.00017  0.99948 -0.0000893 -0.0000893
47.3750  1.00018  0.99948 -0.0000898 -0.0000898
47.4250  1.00019  0.99947 -0.0000903 -0.0000903
47.4750  1.00019  0.99947 -0.0000908 -0.0000908
47.5250  1.00020  0.99946 -0.0000913 -0.0000913
47.5750  1.00021  0.99945 -0.0000918 -0.0000918
47.6250  1.00021  0.99945 -0.0000923 -0.0000923
47.6750  1.00022  0.99944 -0.0000928 -0.0000928
47.7250  1.00023  0.99943 -0.0000932 -0.0000932
47.7750  1.00023  0.99943 -0.0000936 -0.0000937
47.8250  1.00024  0.99942 -0.0000940 -0.0000940
47.8750  1.00025  0.99941 -0.0000944 -0.0000944
47.9250  1.00025  0.99941 -0.0000948 -0.0000949
47.9750  1.00026  0.99940 -0.0000953 -0.0000953
48.0250  1.00027  0.99939 -0.0000957 -0.0000958
48.0750  1.00028  0.99939 -0.0000962 -0.0000962
48.1250  1.00028  0.99938 -0.0000967 -0.0000967
48.1750  1.00029  0.99937 -0.0000972 -0.0000972
48.2250  1.00030  0.99937 -0.0000977 -0.0000977
48.2750  1.00031  0.99936 -0.0000981 -0.0000981
48.3250  1.00031  0.99935 -0.0000984 -0.0000985
48.3750  1.00032  0.99934 -0.0000988 -0.0000988
48.4250  1.00033  0.99934 -0.0000991 -0.0000992
48.4750  1.00034  0.99933 -0.0000995 -0.0000995
48.5250  1.00034  0.99932 -0.0000999 -0.0001000
48.5750  1.00035  0.99931 -0.0001004 -0.0001004
48.6250  1.00036  0.99931 -0.0001009 -0.0001009
48.6750  1.00037  0.99930 -0.0001014 -0.0001014
48.7250  1.00038  0.99929 -0.0001018 -0.0001018
48.7750  1.00039  0.99928 -0.0001020 -0.0001020
48.8250  1.00040  0.99928 -0.0001017 -0.0001018
48.8750  1.00041  0.99927 -0.0001005 -0.0001005
48.9250  1.00042  0.99926 -0.0000972 -0.0000973
48.9750  1.00045  0.99925 -0.0000897 -0.0000898
