 1.0250  2.24956  0.87251  0.6190963  1.3926916
 1.0750  2.24956  0.87251  0.6190943  1.3926914
 1.1250  2.24957  0.87251  0.6190930  1.3926914
 1.1750  2.24957  0.87251  0.6190922  1.3926917
 1.2250  2.24957  0.87251  0.6190916  1.3926920
 1.2750  2.24958  0.87251  0.6190912  1.3926922
 1.3250  2.24958  0.87251  0.6190909  1.3926920
 1.3750  2.24958  0.87250  0.6190905  1.3926917
 1.4250  2.24958  0.87250  0.6190901  1.3926919
 1.4750  2.24958  0.87250  0.6190896  1.3926914
 1.5250  2.24958  0.87250  0.6190894  1.3926917
 1.5750  2.24958  0.87250  0.6190893  1.3926922
 1.6250  2.24958  0.87250  0.6190889  1.3926923
 1.6750  2.24958  0.87250  0.6190886  1.3926922
 1.7250  2.24959  0.87250  0.6190882  1.3926920
 1.7750  2.24959  0.87250  0.6190879  1.3926917
 1.8250  2.24959  0.87250  0.6190873  1.3926917
 1.8750  2.24959  0.87250  0.6190869  1.3926917
 1.9250  2.24959  0.87250  0.6190867  1.3926921
 1.9750  2.24959  0.87250  0.6190867  1.3926923
 2.0250  2.24959  0.87250  0.6190865  1.3926920
 2.0750  2.24959  0.87249  0.6190861  1.3926914
 2.1250  2.24959  0.87249  0.6190860  1.3926917
 2.1750  2.24959  0.87249  0.6190859  1.3926921
 2.2250  2.24960  0.87249  0.6190857  1.3926924
 2.2750  2.24960  0.87249  0.6190856  1.3926926
 2.3250  2.24960  0.87249  0.6190854  1.3926928
 2.3750  2.24960  0.87249  0.6190853  1.3926933
 2.4250  2.24960  0.87249  0.6190851  1.3926939
 2.4750  2.24960  0.87249  0.6190852  1.3926946
 2.5250  2.24960  0.87249  0.6190850  1.3926950
 2.5750  2.24960  0.87249  0.6190849  1.3926954
 2.6250  2.24960  0.87249  0.6190847  1.3926955
 2.6750  2.24961  0.87249  0.6190845  1.3926959
 2.7250  2.24961  0.87249  0.6190842  1.3926963
 2.7750  2.24961  0.87248  0.6190838  1.3926961
 2.8250  2.24961  0.87248  0.6190836  1.3926961
 2.8750  2.24961  0.87248  0.6190835  1.3926963
 2.9250  2.24961  0.87248  0.6190833  1.3926965
 2.9750  2.24961  0.87248  0.6190830  1.3926967
 3.0250  2.24961  0.87248  0.6190825  1.3926964
 3.0750  2.24961  0.87248  0.6190822  1.3926964
 3.1250  2.24962  0.87248  0.6190817  1.3926963
 3.1750  2.24962  0.87248  0.6190816  1.3926967
 3.2250  2.24962  0.87248  0.6190811  1.3926965
 3.2750  2.24962  0.87248  0.6190809  1.3926963
 3.3250  2.24962  0.87248  0.6190806  1.3926960
 3.3750  2.24962  0.87248  0.6190805  1.3926963
 3.4250  2.24962  0.87248  0.6190803  1.3926961
 3.4750  2.24962  0.87248  0.6190799  1.3926958
 3.5250  2.24962  0.87247  0.6190796  1.3926959
 3.5750  2.24962  0.87247  0.6190793  1.3926958
 3.6250  2.24962  0.87247  0.6190790  1.3926955
 3.6750  2.24963  0.87247  0.6190790  1.3926959
 3.7250  2.24963  0.87247  0.6190789  1.3926959
 3.7750  2.24963  0.87247  0.6190786  1.3926961
 3.8250  2.24963  0.87247  0.6190784  1.3926961
 3.8750  2.24963  0.87247  0.6190783  1.3926961
 3.9250  2.24963  0.87247  0.6190782  1.3926961
 3.9750  2.24963  0.87247  0.6190779  1.3926963
 4.0250  2.24963  0.87247  0.6190779  1.3926965
 4.0750  2.24963  0.87247  0.6190778  1.3926966
 4.1250  2.24963  0.87247  0.6190777  1.3926967
 4.1750  2.24963  0.87247  0.6190774  1.3926963
 4.2250  2.24963  0.87247  0.6190771  1.3926957
 4.2750  2.24963  0.87247  0.6190769  1.3926954
 4.3250  2.24963  0.87246  0.6190767  1.3926953
 4.3750  2.24963  0.87246  0.6190766  1.3926954
 4.4250  2.24963  0.87246  0.6190763  1.3926955
 4.4750  2.24964  0.87246  0.6190762  1.3926959
 4.5250  2.24964  0.87246  0.6190760  1.3926964
 4.5750  2.24964  0.87246  0.6190758  1.3926964
 4.6250  2.24964  0.87246  0.6190758  1.3926966
 4.6750  2.24964  0.87246  0.6190756  1.3926966
 4.7250  2.24964  0.87246  0.6190755  1.3926970
 4.7750  2.24964  0.87246  0.6190755  1.3926976
 4.8250  2.24964  0.87246  0.6190754  1.3926982
 4.8750  2.24964  0.87246  0.6190751  1.3926980
 4.9250  2.24964  0.87246  0.6190748  1.3926978
 4.9750  2.24964  0.87246  0.6190748  1.3926984
 5.0250  2.24965  0.87246  0.6190745  1.3926983
 5.0750  2.24965  0.87245  0.6190745  1.3926986
 5.1250  2.24965  0.87245  0.6190743  1.3926989
 5.1750  2.24965  0.87245  0.6190739  1.3926986
 5.2250  2.24965  0.87245  0.6190737  1.3926990
 5.2750  2.24965  0.87245  0.6190736  1.3926997
 5.3250  2.24965  0.87245  0.6190736  1.3927003
 5.3750  2.24965  0.87245  0.6190735  1.3927009
 5.4250  2.24965  0.87245  0.6190735  1.3927014
 5.4750  2.24966  0.87245  0.6190734  1.3927020
 5.5250  2.24966  0.87245  0.6190732  1.3927021
 5.5750  2.24966  0.87245  0.6190732  1.3927023
 5.6250  2.24966  0.87245  0.6190728  1.3927025
 5.6750  2.24966  0.87245  0.6190727  1.3927025
 5.7250  2.24966  0.87245  0.6190727  1.3927023
 5.7750  2.24966  0.87244  0.6190725  1.3927023
 5.8250  2.24966  0.87244  0.6190724  1.3927022
 5.8750  2.24966  0.87244  0.6190723  1.3927020
 5.9250  2.24966  0.87244  0.6190721  1.3927019
 5.9750  2.24966  0.87244  0.6190718  1.3927016
 6.0250  2.24966  0.87244  0.6190717  1.3927016
 6.0750  2.24966  0.87244  0.6190717  1.3927016
 6.1250  2.24966  0.87244  0.6190715  1.3927013
 6.1750  2.24966  0.87244  0.6190713  1.3927013
 6.2250  2.24966  0.87244  0.6190712  1.3927011
 6.2750  2.24966  0.87244  0.6190711  1.3927009
 6.3250  2.24966  0.87244  0.6190708  1.3927009
 6.3750  2.24966  0.87244  0.6190708  1.3927011
 6.4250  2.24966  0.87244  0.6190706  1.3927011
 6.4750  2.24966  0.87244  0.6190704  1.3927009
 6.5250  2.24966  0.87244  0.6190704  1.3927008
 6.5750  2.24967  0.87244  0.6190703  1.3927009
 6.6250  2.24967  0.87244  0.6190702  1.3927013
 6.6750  2.24967  0.87243  0.6190702  1.3927014
 6.7250  2.24967  0.87243  0.6190700  1.3927014
 6.7750  2.24967  0.87243  0.6190698  1.3927010
 6.8250  2.24967  0.87243  0.6190696  1.3927007
 6.8750  2.24967  0.87243  0.6190695  1.3927007
 6.9250  2.24967  0.87243  0.6190693  1.3927006
 6.9750  2.24967  0.87243  0.6190690  1.3927002
 7.0250  2.24967  0.87243  0.6190687  1.3927000
 7.0750  2.24967  0.87243  0.6190684  1.3926997
 7.1250  2.24967  0.87243  0.6190680  1.3926995
 7.1750  2.24967  0.87243  0.6190674  1.3926988
 7.2250  2.24967  0.87243  0.6190670  1.3926983
 7.2750  2.24967  0.87243  0.6190667  1.3926976
 7.3250  2.24967  0.87243  0.6190665  1.3926973
 7.3750  2.24967  0.87243  0.6190663  1.3926972
 7.4250  2.24967  0.87243  0.6190662  1.3926975
 7.4750  2.24968  0.87242  0.6190660  1.3926973
 7.5250  2.24967  0.87242  0.6190659  1.3926967
 7.5750  2.24967  0.87242  0.6190659  1.3926966
 7.6250  2.24967  0.87242  0.6190658  1.3926966
 7.6750  2.24968  0.87242  0.6190656  1.3926966
 7.7250  2.24968  0.87242  0.6190656  1.3926967
 7.7750  2.24968  0.87242  0.6190656  1.3926970
 7.8250  2.24968  0.87242  0.6190653  1.3926969
 7.8750  2.24968  0.87242  0.6190652  1.3926969
 7.9250  2.24968  0.87242  0.6190650  1.3926964
 7.9750  2.24968  0.87242  0.6190649  1.3926964
 8.0250  2.24968  0.87242  0.6190647  1.3926963
 8.0750  2.24968  0.87242  0.6190645  1.3926965
 8.1250  2.24968  0.87242  0.6190642  1.3926964
 8.1750  2.24968  0.87242  0.6190639  1.3926966
 8.2250  2.24968  0.87242  0.6190637  1.3926964
 8.2750  2.24968  0.87242  0.6190636  1.3926967
 8.3250  2.24968  0.87241  0.6190633  1.3926966
 8.3750  2.24968  0.87241  0.6190631  1.3926965
 8.4250  2.24969  0.87241  0.6190630  1.3926970
 8.4750  2.24969  0.87241  0.6190629  1.3926979
 8.5250  2.24969  0.87241  0.6190625  1.3926979
 8.5750  2.24969  0.87241  0.6190624  1.3926983
 8.6250  2.24969  0.87241  0.6190622  1.3926985
 8.6750  2.24969  0.87241  0.6190621  1.3926988
 8.7250  2.24969  0.87241  0.6190621  1.3926992
 8.7750  2.24969  0.87241  0.6190618  1.3926994
 8.8250  2.24969  0.87241  0.6190615  1.3926991
 8.8750  2.24970  0.87241  0.6190612  1.3926991
 8.9250  2.24970  0.87241  0.6190611  1.3926989
 8.9750  2.24970  0.87241  0.6190608  1.3926988
 9.0250  2.24970  0.87241  0.6190606  1.3926990
 9.0750  2.24970  0.87241  0.6190603  1.3926988
 9.1250  2.24970  0.87240  0.6190599  1.3926986
 9.1750  2.24970  0.87240  0.6190596  1.3926986
 9.2250  2.24970  0.87240  0.6190590  1.3926983
 9.2750  2.24970  0.87240  0.6190585  1.3926979
 9.3250  2.24970  0.87240  0.6190583  1.3926980
 9.3750  2.24971  0.87240  0.6190577  1.3926976
 9.4250  2.24971  0.87240  0.6190574  1.3926979
 9.4750  2.24971  0.87240  0.6190571  1.3926984
 9.5250  2.24971  0.87240  0.6190570  1.3926988
 9.5750  2.24971  0.87240  0.6190568  1.3926990
 9.6250  2.24971  0.87240  0.6190563  1.3926988
 9.6750  2.24971  0.87240  0.6190558  1.3926988
 9.7250  2.24972  0.87240  0.6190552  1.3926982
 9.7750  2.24972  0.87240  0.6190546  1.3926977
 9.8250  2.24972  0.87240  0.6190541  1.3926972
 9.8750  2.24972  0.87240  0.6190536  1.3926972
 9.9250  2.24972  0.87240  0.6190531  1.3926973
 9.9750  2.24972  0.87240  0.6190523  1.3926969
10.0250  2.24973  0.87239  0.6190516  1.3926967
10.0750  2.24973  0.87239  0.6190510  1.3926966
10.1250  2.24973  0.87239  0.6190504  1.3926966
10.1750  2.24973  0.87239  0.6190497  1.3926963
10.2250  2.24973  0.87239  0.6190491  1.3926961
10.2750  2.24974  0.87239  0.6190486  1.3926958
10.3250  2.24974  0.87239  0.6190481  1.3926958
10.3750  2.24974  0.87239  0.6190475  1.3926960
10.4250  2.24974  0.87239  0.6190469  1.3926961
10.4750  2.24975  0.87239  0.6190462  1.3926961
10.5250  2.24975  0.87239  0.6190456  1.3926960
10.5750  2.24975  0.87239  0.6190449  1.3926960
10.6250  2.24975  0.87239  0.6190443  1.3926964
10.6750  2.24975  0.87239  0.6190437  1.3926964
10.7250  2.24976  0.87239  0.6190434  1.3926963
10.7750  2.24976  0.87239  0.6190429  1.3926964
10.8250  2.24976  0.87239  0.6190425  1.3926963
10.8750  2.24976  0.87239  0.6190418  1.3926961
10.9250  2.24976  0.87239  0.6190412  1.3926957
10.9750  2.24976  0.87239  0.6190405  1.3926951
11.0250  2.24977  0.87239  0.6190398  1.3926944
11.0750  2.24977  0.87238  0.6190395  1.3926945
11.1250  2.24977  0.87238  0.6190389  1.3926945
11.1750  2.24977  0.87238  0.6190384  1.3926946
11.2250  2.24977  0.87238  0.6190379  1.3926947
11.2750  2.24977  0.87238  0.6190373  1.3926944
11.3250  2.24978  0.87238  0.6190371  1.3926946
11.3750  2.24978  0.87238  0.6190368  1.3926946
11.4250  2.24978  0.87238  0.6190366  1.3926948
11.4750  2.24978  0.87238  0.6190363  1.3926950
11.5250  2.24978  0.87238  0.6190358  1.3926948
11.5750  2.24978  0.87238  0.6190353  1.3926951
11.6250  2.24978  0.87238  0.6190345  1.3926942
11.6750  2.24979  0.87238  0.6190341  1.3926939
11.7250  2.24979  0.87238  0.6190337  1.3926940
11.7750  2.24979  0.87238  0.6190331  1.3926940
11.8250  2.24979  0.87237  0.6190326  1.3926941
11.8750  2.24979  0.87237  0.6190320  1.3926935
11.9250  2.24979  0.87237  0.6190315  1.3926938
11.9750  2.24980  0.87237  0.6190310  1.3926940
12.0250  2.24980  0.87237  0.6190305  1.3926940
12.0750  2.24980  0.87237  0.6190298  1.3926940
12.1250  2.24980  0.87237  0.6190292  1.3926940
12.1750  2.24981  0.87237  0.6190286  1.3926941
12.2250  2.24981  0.87237  0.6190280  1.3926946
12.2750  2.24981  0.87237  0.6190273  1.3926946
12.3250  2.24981  0.87237  0.6190267  1.3926947
12.3750  2.24982  0.87237  0.6190261  1.3926948
12.4250  2.24982  0.87237  0.6190255  1.3926950
12.4750  2.24982  0.87237  0.6190248  1.3926950
12.5250  2.24982  0.87236  0.6190240  1.3926953
12.5750  2.24983  0.87236  0.6190234  1.3926954
12.6250  2.24983  0.87236  0.6190227  1.3926953
12.6750  2.24983  0.87236  0.6190223  1.3926960
12.7250  2.24983  0.87236  0.6190218  1.3926961
12.7750  2.24984  0.87236  0.6190211  1.3926958
12.8250  2.24984  0.87236  0.6190204  1.3926958
12.8750  2.24984  0.87236  0.6190197  1.3926961
12.9250  2.24984  0.87236  0.6190192  1.3926963
12.9750  2.24985  0.87236  0.6190186  1.3926965
13.0250  2.24985  0.87236  0.6190182  1.3926965
13.0750  2.24985  0.87235  0.6190179  1.3926971
13.1250  2.24985  0.87235  0.6190175  1.3926976
13.1750  2.24985  0.87235  0.6190171  1.3926978
13.2250  2.24986  0.87235  0.6190168  1.3926983
13.2750  2.24986  0.87235  0.6190163  1.3926985
13.3250  2.24986  0.87235  0.6190159  1.3926985
13.3750  2.24986  0.87235  0.6190155  1.3926988
13.4250  2.24986  0.87235  0.6190151  1.3926996
13.4750  2.24987  0.87235  0.6190144  1.3926994
13.5250  2.24987  0.87235  0.6190140  1.3926998
13.5750  2.24987  0.87235  0.6190135  1.3927003
13.6250  2.24987  0.87235  0.6190129  1.3927008
13.6750  2.24988  0.87234  0.6190124  1.3927014
13.7250  2.24988  0.87234  0.6190116  1.3927015
13.7750  2.24988  0.87234  0.6190107  1.3927011
13.8250  2.24989  0.87234  0.6190100  1.3927014
13.8750  2.24989  0.87234  0.6190094  1.3927019
13.9250  2.24989  0.87234  0.6190087  1.3927023
13.9750  2.24989  0.87234  0.6190082  1.3927027
14.0250  2.24990  0.87234  0.6190076  1.3927032
14.0750  2.24990  0.87234  0.6190069  1.3927033
14.1250  2.24990  0.87234  0.6190064  1.3927039
14.1750  2.24991  0.87234  0.6190059  1.3927047
14.2250  2.24991  0.87233  0.6190051  1.3927052
14.2750  2.24991  0.87233  0.6190045  1.3927059
14.3250  2.24992  0.87233  0.6190038  1.3927066
14.3750  2.24992  0.87233  0.6190031  1.3927076
14.4250  2.24992  0.87233  0.6190025  1.3927082
14.4750  2.24993  0.87233  0.6190016  1.3927085
14.5250  2.24993  0.87233  0.6190010  1.3927095
14.5750  2.24993  0.87233  0.6190004  1.3927104
14.6250  2.24994  0.87233  0.6189997  1.3927110
14.6750  2.24994  0.87233  0.6189991  1.3927118
14.7250  2.24994  0.87232  0.6189986  1.3927121
14.7750  2.24995  0.87232  0.6189981  1.3927127
14.8250  2.24995  0.87232  0.6189975  1.3927133
14.8750  2.24995  0.87232  0.6189969  1.3927135
14.9250  2.24996  0.87232  0.6189963  1.3927140
14.9750  2.24996  0.87232  0.6189957  1.3927143
15.0250  2.24996  0.87232  0.6189952  1.3927149
15.0750  2.24996  0.87232  0.6189945  1.3927156
15.1250  2.24997  0.87232  0.6189940  1.3927163
15.1750  2.24997  0.87232  0.6189933  1.3927168
15.2250  2.24997  0.87232  0.6189927  1.3927175
15.2750  2.24998  0.87231  0.6189922  1.3927183
15.3250  2.24998  0.87231  0.6189916  1.3927190
15.3750  2.24998  0.87231  0.6189910  1.3927199
15.4250  2.24999  0.87231  0.6189904  1.3927203
15.4750  2.24999  0.87231  0.6189898  1.3927208
15.5250  2.24999  0.87231  0.6189893  1.3927217
15.5750  2.25000  0.87231  0.6189885  1.3927221
15.6250  2.25000  0.87231  0.6189878  1.3927227
15.6750  2.25000  0.87230  0.6189872  1.3927236
15.7250  2.25001  0.87230  0.6189866  1.3927246
15.7750  2.25001  0.87230  0.6189859  1.3927255
15.8250  2.25002  0.87230  0.6189854  1.3927267
15.8750  2.25002  0.87230  0.6189849  1.3927277
15.9250  2.25002  0.87230  0.6189843  1.3927288
15.9750  2.25003  0.87230  0.6189836  1.3927295
16.0250  2.25003  0.87229  0.6189830  1.3927301
16.0750  2.25003  0.87229  0.6189827  1.3927311
16.1250  2.25004  0.87229  0.6189821  1.3927318
16.1750  2.25004  0.87229  0.6189814  1.3927321
16.2250  2.25004  0.87229  0.6189806  1.3927326
16.2750  2.25005  0.87229  0.6189800  1.3927335
16.3250  2.25005  0.87229  0.6189795  1.3927346
16.3750  2.25005  0.87229  0.6189790  1.3927362
16.4250  2.25006  0.87228  0.6189784  1.3927375
16.4750  2.25006  0.87228  0.6189780  1.3927389
16.5250  2.25007  0.87228  0.6189773  1.3927401
16.5750  2.25007  0.87228  0.6189767  1.3927413
16.6250  2.25007  0.87228  0.6189760  1.3927420
16.6750  2.25008  0.87228  0.6189753  1.3927428
16.7250  2.25008  0.87228  0.6189747  1.3927438
16.7750  2.25009  0.87227  0.6189743  1.3927453
16.8250  2.25009  0.87227  0.6189738  1.3927468
16.8750  2.25009  0.87227  0.6189733  1.3927480
16.9250  2.25010  0.87227  0.6189727  1.3927490
16.9750  2.25010  0.87227  0.6189723  1.3927507
17.0250  2.25011  0.87227  0.6189717  1.3927518
17.0750  2.25011  0.87227  0.6189711  1.3927530
17.1250  2.25011  0.87226  0.6189706  1.3927541
17.1750  2.25012  0.87226  0.6189699  1.3927548
17.2250  2.25012  0.87226  0.6189690  1.3927553
17.2750  2.25012  0.87226  0.6189685  1.3927565
17.3250  2.25013  0.87226  0.6189678  1.3927573
17.3750  2.25013  0.87226  0.6189672  1.3927580
17.4250  2.25014  0.87226  0.6189665  1.3927587
17.4750  2.25014  0.87225  0.6189660  1.3927598
17.5250  2.25014  0.87225  0.6189653  1.3927604
17.5750  2.25015  0.87225  0.6189644  1.3927603
17.6250  2.25015  0.87225  0.6189637  1.3927602
17.6750  2.25015  0.87225  0.6189631  1.3927602
17.7250  2.25015  0.87225  0.6189627  1.3927605
17.7750  2.25015  0.87225  0.6189621  1.3927600
17.8250  2.25016  0.87225  0.6189616  1.3927596
17.8750  2.25016  0.87225  0.6189611  1.3927596
17.9250  2.25016  0.87225  0.6189606  1.3927596
17.9750  2.25016  0.87225  0.6189601  1.3927588
18.0250  2.25016  0.87225  0.6189596  1.3927583
18.0750  2.25016  0.87225  0.6189590  1.3927577
18.1250  2.25016  0.87225  0.6189583  1.3927571
18.1750  2.25016  0.87225  0.6189579  1.3927569
18.2250  2.25017  0.87225  0.6189573  1.3927567
18.2750  2.25017  0.87225  0.6189569  1.3927566
18.3250  2.25017  0.87225  0.6189562  1.3927562
18.3750  2.25017  0.87225  0.6189558  1.3927562
18.4250  2.25017  0.87225  0.6189552  1.3927557
18.4750  2.25017  0.87224  0.6189545  1.3927547
18.5250  2.25017  0.87224  0.6189541  1.3927546
18.5750  2.25018  0.87224  0.6189538  1.3927546
18.6250  2.25018  0.87224  0.6189535  1.3927548
18.6750  2.25018  0.87224  0.6189529  1.3927544
18.7250  2.25018  0.87224  0.6189521  1.3927535
18.7750  2.25018  0.87224  0.6189514  1.3927528
18.8250  2.25018  0.87224  0.6189507  1.3927521
18.8750  2.25018  0.87224  0.6189500  1.3927511
18.9250  2.25018  0.87224  0.6189495  1.3927506
18.9750  2.25019  0.87224  0.6189490  1.3927500
19.0250  2.25019  0.87224  0.6189485  1.3927498
19.0750  2.25019  0.87224  0.6189480  1.3927494
19.1250  2.25019  0.87224  0.6189474  1.3927490
19.1750  2.25019  0.87224  0.6189468  1.3927484
19.2250  2.25019  0.87224  0.6189463  1.3927480
19.2750  2.25019  0.87224  0.6189457  1.3927479
19.3250  2.25019  0.87224  0.6189450  1.3927468
19.3750  2.25020  0.87224  0.6189445  1.3927464
19.4250  2.25020  0.87224  0.6189440  1.3927460
19.4750  2.25020  0.87224  0.6189433  1.3927453
19.5250  2.25020  0.87224  0.6189427  1.3927448
19.5750  2.25020  0.87224  0.6189420  1.3927441
19.6250  2.25020  0.87224  0.6189414  1.3927435
19.6750  2.25020  0.87224  0.6189408  1.3927429
19.7250  2.25020  0.87224  0.6189401  1.3927417
19.7750  2.25021  0.87224  0.6189395  1.3927407
19.8250  2.25021  0.87224  0.6189389  1.3927399
19.8750  2.25021  0.87224  0.6189384  1.3927394
19.9250  2.25021  0.87224  0.6189378  1.3927382
19.9750  2.25021  0.87224  0.6189371  1.3927368
20.0250  2.25021  0.87224  0.6189365  1.3927357
20.0750  2.25021  0.87224  0.6189360  1.3927350
20.1250  2.25021  0.87224  0.6189352  1.3927344
20.1750  2.25021  0.87224  0.6189345  1.3927337
20.2250  2.25021  0.87224  0.6189338  1.3927330
20.2750  2.25021  0.87224  0.6189332  1.3927325
20.3250  2.25022  0.87224  0.6189327  1.3927320
20.3750  2.25022  0.87224  0.6189322  1.3927314
20.4250  2.25022  0.87224  0.6189316  1.3927307
20.4750  2.25022  0.87224  0.6189311  1.3927304
20.5250  2.25022  0.87224  0.6189306  1.3927300
20.5750  2.25022  0.87224  0.6189300  1.3927293
20.6250  2.25022  0.87224  0.6189294  1.3927284
20.6750  2.25022  0.87224  0.6189288  1.3927276
20.7250  2.25022  0.87224  0.6189280  1.3927258
20.7750  2.25022  0.87224  0.6189274  1.3927244
20.8250  2.25022  0.87224  0.6189268  1.3927226
20.8750  2.25022  0.87224  0.6189260  1.3927206
20.9250  2.25022  0.87224  0.6189253  1.3927182
20.9750  2.25022  0.87224  0.6189244  1.3927159
21.0250  2.25022  0.87224  0.6189237  1.3927133
21.0750  2.25022  0.87224  0.6189229  1.3927104
21.1250  2.25021  0.87224  0.6189224  1.3927081
21.1750  2.25021  0.87224  0.6189219  1.3927054
21.2250  2.25021  0.87224  0.6189213  1.3927025
21.2750  2.25021  0.87224  0.6189209  1.3926995
21.3250  2.25020  0.87225  0.6189204  1.3926961
21.3750  2.25020  0.87225  0.6189199  1.3926928
21.4250  2.25019  0.87225  0.6189195  1.3926892
21.4750  2.25019  0.87225  0.6189192  1.3926857
21.5250  2.25018  0.87226  0.6189186  1.3926810
21.5750  2.25018  0.87226  0.6189180  1.3926760
21.6250  2.25017  0.87226  0.6189175  1.3926709
21.6750  2.25016  0.87226  0.6189170  1.3926654
21.7250  2.25016  0.87227  0.6189166  1.3926595
21.7750  2.25015  0.87227  0.6189161  1.3926529
21.8250  2.25014  0.87227  0.6189156  1.3926455
21.8750  2.25013  0.87228  0.6189150  1.3926375
21.9250  2.25012  0.87228  0.6189144  1.3926291
21.9750  2.25010  0.87229  0.6189140  1.3926210
22.0250  2.25009  0.87229  0.6189135  1.3926122
22.0750  2.25008  0.87230  0.6189130  1.3926022
22.1250  2.25006  0.87231  0.6189125  1.3925920
22.1750  2.25005  0.87231  0.6189121  1.3925811
22.2250  2.25003  0.87232  0.6189117  1.3925695
22.2750  2.25001  0.87233  0.6189113  1.3925574
22.3250  2.24999  0.87233  0.6189108  1.3925451
22.3750  2.24997  0.87234  0.6189106  1.3925323
22.4250  2.24995  0.87235  0.6189101  1.3925186
22.4750  2.24993  0.87236  0.6189097  1.3925043
22.5250  2.24991  0.87237  0.6189096  1.3924899
22.5750  2.24988  0.87238  0.6189094  1.3924747
22.6250  2.24986  0.87239  0.6189091  1.3924590
22.6750  2.24983  0.87240  0.6189089  1.3924426
22.7250  2.24981  0.87241  0.6189088  1.3924257
22.7750  2.24978  0.87242  0.6189086  1.3924077
22.8250  2.24975  0.87243  0.6189085  1.3923894
22.8750  2.24972  0.87244  0.6189083  1.3923696
22.9250  2.24969  0.87246  0.6189082  1.3923494
22.9750  2.24965  0.87247  0.6189080  1.3923278
23.0250  2.24962  0.87248  0.6189079  1.3923053
23.0750  2.24958  0.87250  0.6189077  1.3922814
23.1250  2.24954  0.87251  0.6189077  1.3922571
23.1750  2.24950  0.87253  0.6189080  1.3922322
23.2250  2.24945  0.87255  0.6189085  1.3922065
23.2750  2.24941  0.87257  0.6189086  1.3921795
23.3250  2.24936  0.87258  0.6189089  1.3921514
23.3750  2.24932  0.87260  0.6189090  1.3921214
23.4250  2.24926  0.87262  0.6189093  1.3920906
23.4750  2.24921  0.87264  0.6189096  1.3920581
23.5250  2.24916  0.87267  0.6189101  1.3920249
23.5750  2.24910  0.87269  0.6189106  1.3919905
23.6250  2.24904  0.87271  0.6189111  1.3919547
23.6750  2.24898  0.87274  0.6189118  1.3919173
23.7250  2.24891  0.87276  0.6189125  1.3918785
23.7750  2.24884  0.87279  0.6189135  1.3918378
23.8250  2.24877  0.87282  0.6189145  1.3917952
23.8750  2.24869  0.87285  0.6189154  1.3917502
23.9250  2.24861  0.87288  0.6189165  1.3917040
23.9750  2.24853  0.87291  0.6189176  1.3916551
24.0250  2.24844  0.87295  0.6189188  1.3916045
24.0750  2.24835  0.87298  0.6189203  1.3915524
24.1250  2.24826  0.87302  0.6189218  1.3914976
24.1750  2.24816  0.87306  0.6189234  1.3914403
24.2250  2.24806  0.87310  0.6189252  1.3913807
24.2750  2.24795  0.87314  0.6189269  1.3913187
24.3250  2.24784  0.87318  0.6189288  1.3912543
24.3750  2.24773  0.87323  0.6189309  1.3911874
24.4250  2.24761  0.87327  0.6189331  1.3911175
24.4750  2.24748  0.87332  0.6189353  1.3910440
24.5250  2.24735  0.87338  0.6189378  1.3909676
24.5750  2.24721  0.87343  0.6189401  1.3908877
24.6250  2.24707  0.87349  0.6189426  1.3908048
24.6750  2.24692  0.87354  0.6189451  1.3907185
24.7250  2.24676  0.87361  0.6189480  1.3906287
24.7750  2.24660  0.87367  0.6189510  1.3905349
24.8250  2.24643  0.87373  0.6189541  1.3904372
24.8750  2.24625  0.87380  0.6189571  1.3903353
24.9250  2.24607  0.87387  0.6189602  1.3902293
24.9750  2.24588  0.87395  0.6189632  1.3901190
25.0250  2.24569  0.87403  0.6189666  1.3900043
25.0750  2.24548  0.87411  0.6189699  1.3898853
25.1250  2.24527  0.87419  0.6189734  1.3897619
25.1750  2.24505  0.87428  0.6189771  1.3896329
25.2250  2.24482  0.87437  0.6189809  1.3894994
25.2750  2.24458  0.87446  0.6189849  1.3893605
25.3250  2.24433  0.87456  0.6189891  1.3892165
25.3750  2.24407  0.87466  0.6189933  1.3890669
25.4250  2.24381  0.87476  0.6189978  1.3889120
25.4750  2.24353  0.87487  0.6190025  1.3887517
25.5250  2.24324  0.87498  0.6190076  1.3885856
25.5750  2.24295  0.87510  0.6190128  1.3884131
25.6250  2.24264  0.87522  0.6190180  1.3882337
25.6750  2.24232  0.87534  0.6190236  1.3880481
25.7250  2.24199  0.87547  0.6190293  1.3878551
25.7750  2.24164  0.87561  0.6190352  1.3876553
25.8250  2.24129  0.87575  0.6190410  1.3874483
25.8750  2.24092  0.87589  0.6190472  1.3872346
25.9250  2.24054  0.87604  0.6190534  1.3870130
25.9750  2.24014  0.87620  0.6190599  1.3867835
26.0250  2.23974  0.87636  0.6190668  1.3865461
26.0750  2.23931  0.87652  0.6190739  1.3863008
26.1250  2.23888  0.87669  0.6190811  1.3860476
26.1750  2.23843  0.87687  0.6190886  1.3857857
26.2250  2.23796  0.87705  0.6190966  1.3855151
26.2750  2.23748  0.87724  0.6191045  1.3852352
26.3250  2.23699  0.87744  0.6191128  1.3849461
26.3750  2.23647  0.87764  0.6191214  1.3846478
26.4250  2.23594  0.87785  0.6191301  1.3843393
26.4750  2.23540  0.87806  0.6191390  1.3840207
26.5250  2.23483  0.87828  0.6191480  1.3836915
26.5750  2.23425  0.87851  0.6191573  1.3833522
26.6250  2.23365  0.87875  0.6191669  1.3830023
26.6750  2.23303  0.87899  0.6191768  1.3826416
26.7250  2.23239  0.87924  0.6191869  1.3822695
26.7750  2.23174  0.87950  0.6191974  1.3818860
26.8250  2.23106  0.87977  0.6192080  1.3814912
26.8750  2.23036  0.88005  0.6192189  1.3810840
26.9250  2.22965  0.88033  0.6192304  1.3806649
26.9750  2.22891  0.88062  0.6192419  1.3802333
27.0250  2.22815  0.88092  0.6192538  1.3797885
27.0750  2.22737  0.88123  0.6192657  1.3793308
27.1250  2.22656  0.88155  0.6192780  1.3788599
27.1750  2.22573  0.88188  0.6192906  1.3783756
27.2250  2.22488  0.88222  0.6193035  1.3778780
27.2750  2.22401  0.88256  0.6193166  1.3773663
27.3250  2.22311  0.88292  0.6193300  1.3768406
27.3750  2.22219  0.88329  0.6193438  1.3763003
27.4250  2.22124  0.88366  0.6193578  1.3757449
27.4750  2.22027  0.88405  0.6193721  1.3751748
27.5250  2.21927  0.88445  0.6193867  1.3745894
27.5750  2.21825  0.88486  0.6194017  1.3739885
27.6250  2.21720  0.88528  0.6194168  1.3733715
27.6750  2.21612  0.88571  0.6194321  1.3727385
27.7250  2.21502  0.88615  0.6194475  1.3720890
27.7750  2.21389  0.88660  0.6194634  1.3714237
27.8250  2.21273  0.88707  0.6194795  1.3707412
27.8750  2.21154  0.88755  0.6194959  1.3700416
27.9250  2.21033  0.88803  0.6195126  1.3693253
27.9750  2.20908  0.88853  0.6195298  1.3685915
28.0250  2.20781  0.88905  0.6195471  1.3678403
28.0750  2.20650  0.88957  0.6195647  1.3670709
28.1250  2.20517  0.89011  0.6195824  1.3662827
28.1750  2.20380  0.89067  0.6196002  1.3654760
28.2250  2.20241  0.89123  0.6196184  1.3646517
28.2750  2.20098  0.89181  0.6196371  1.3638089
28.3250  2.19952  0.89240  0.6196558  1.3629471
28.3750  2.19803  0.89301  0.6196748  1.3620659
28.4250  2.19651  0.89362  0.6196940  1.3611655
28.4750  2.19496  0.89426  0.6197135  1.3602459
28.5250  2.19337  0.89491  0.6197333  1.3593068
28.5750  2.19176  0.89557  0.6197532  1.3583480
28.6250  2.19011  0.89624  0.6197734  1.3573695
28.6750  2.18842  0.89693  0.6197939  1.3563710
28.7250  2.18671  0.89764  0.6198147  1.3553526
28.7750  2.18496  0.89836  0.6198355  1.3543135
28.8250  2.18317  0.89909  0.6198565  1.3532538
28.8750  2.18135  0.89984  0.6198778  1.3521733
28.9250  2.17950  0.90061  0.6198989  1.3510718
28.9750  2.17762  0.90139  0.6199201  1.3499495
29.0250  2.17570  0.90218  0.6199415  1.3488066
29.0750  2.17375  0.90300  0.6199633  1.3476431
29.1250  2.17176  0.90382  0.6199851  1.3464588
29.1750  2.16974  0.90467  0.6200072  1.3452538
29.2250  2.16768  0.90553  0.6200294  1.3440276
29.2750  2.16559  0.90640  0.6200516  1.3427805
29.3250  2.16347  0.90729  0.6200739  1.3415117
29.3750  2.16131  0.90820  0.6200963  1.3402220
29.4250  2.15912  0.90913  0.6201186  1.3389111
29.4750  2.15689  0.91007  0.6201411  1.3375793
29.5250  2.15464  0.91102  0.6201637  1.3362268
29.5750  2.15234  0.91200  0.6201861  1.3348529
29.6250  2.15002  0.91298  0.6202084  1.3334578
29.6750  2.14766  0.91399  0.6202306  1.3320419
29.7250  2.14526  0.91501  0.6202527  1.3306047
29.7750  2.14284  0.91605  0.6202745  1.3291464
29.8250  2.14038  0.91711  0.6202962  1.3276672
29.8750  2.13788  0.91818  0.6203176  1.3261676
29.9250  2.13536  0.91927  0.6203389  1.3246472
29.9750  2.13281  0.92038  0.6203597  1.3231065
30.0250  2.13022  0.92150  0.6203800  1.3215448
30.0750  2.12760  0.92264  0.6204002  1.3199631
30.1250  2.12495  0.92380  0.6204199  1.3183608
30.1750  2.12227  0.92497  0.6204392  1.3167387
30.2250  2.11956  0.92616  0.6204580  1.3150971
30.2750  2.11682  0.92737  0.6204760  1.3134352
30.3250  2.11405  0.92859  0.6204934  1.3117540
30.3750  2.11125  0.92983  0.6205100  1.3100531
30.4250  2.10843  0.93108  0.6205258  1.3083333
30.4750  2.10557  0.93236  0.6205406  1.3065941
30.5250  2.10269  0.93365  0.6205544  1.3048362
30.5750  2.09979  0.93495  0.6205674  1.3030599
30.6250  2.09686  0.93627  0.6205792  1.3012651
30.6750  2.09390  0.93761  0.6205894  1.2994522
30.7250  2.09092  0.93896  0.6205986  1.2976217
30.7750  2.08792  0.94033  0.6206062  1.2957737
30.8250  2.08489  0.94172  0.6206124  1.2939079
30.8750  2.08184  0.94312  0.6206169  1.2920252
30.9250  2.07877  0.94453  0.6206194  1.2901254
30.9750  2.07568  0.94596  0.6206198  1.2882082
31.0250  2.07257  0.94741  0.6206183  1.2862751
31.0750  2.06944  0.94887  0.6206146  1.2843260
31.1250  2.06630  0.95035  0.6206083  1.2823606
31.1750  2.06313  0.95184  0.6205997  1.2803797
31.2250  2.05995  0.95334  0.6205882  1.2783833
31.2750  2.05676  0.95486  0.6205737  1.2763712
31.3250  2.05355  0.95640  0.6205562  1.2743443
31.3750  2.05033  0.95795  0.6205354  1.2723030
31.4250  2.04710  0.95951  0.6205108  1.2702467
31.4750  2.04385  0.96109  0.6204823  1.2681758
31.5250  2.04060  0.96268  0.6204495  1.2660908
31.5750  2.03734  0.96428  0.6204123  1.2639912
31.6250  2.03407  0.96590  0.6203704  1.2618780
31.6750  2.03080  0.96753  0.6203236  1.2597513
31.7250  2.02752  0.96917  0.6202713  1.2576110
31.7750  2.02423  0.97083  0.6202133  1.2554573
31.8250  2.02095  0.97249  0.6201491  1.2532901
31.8750  2.01766  0.97417  0.6200787  1.2511104
31.9250  2.01438  0.97587  0.6200014  1.2489175
31.9750  2.01110  0.97757  0.6199168  1.2467117
32.0250  2.00782  0.97929  0.6198245  1.2444932
32.0750  2.00454  0.98102  0.6197242  1.2422619
32.1250  2.00127  0.98276  0.6196151  1.2400181
32.1750  1.99801  0.98451  0.6194971  1.2377617
32.2250  1.99476  0.98627  0.6193696  1.2354931
32.2750  1.99152  0.98804  0.6192319  1.2332115
32.3250  1.98829  0.98982  0.6190839  1.2309179
32.3750  1.98507  0.99162  0.6189247  1.2286117
32.4250  1.98188  0.99342  0.6187537  1.2262928
32.4750  1.97869  0.99524  0.6185704  1.2239615
32.5250  1.97553  0.99706  0.6183740  1.2216170
32.5750  1.97239  0.99890  0.6181642  1.2192599
32.6250  1.96927  1.00074  0.6179402  1.2168900
32.6750  1.96617  1.00259  0.6177012  1.2145064
32.7250  1.96310  1.00445  0.6174466  1.2121098
32.7750  1.96006  1.00633  0.6171757  1.2096997
32.8250  1.95704  1.00821  0.6168877  1.2072760
32.8750  1.95406  1.01010  0.6165823  1.2048385
32.9250  1.95111  1.01199  0.6162583  1.2023869
32.9750  1.94819  1.01390  0.6159153  1.1999211
33.0250  1.94531  1.01582  0.6155521  1.1974406
33.0750  1.94247  1.01774  0.6151685  1.1949456
33.1250  1.93967  1.01967  0.6147636  1.1924356
33.1750  1.93690  1.02161  0.6143370  1.1899111
33.2250  1.93418  1.02356  0.6138874  1.1873709
33.2750  1.93151  1.02551  0.6134146  1.1848149
33.3250  1.92888  1.02747  0.6129175  1.1822430
33.3750  1.92630  1.02944  0.6123955  1.1796548
33.4250  1.92376  1.03142  0.6118481  1.1770507
33.4750  1.92128  1.03340  0.6112746  1.1744300
33.5250  1.91885  1.03539  0.6106741  1.1717923
33.5750  1.91647  1.03739  0.6100461  1.1691369
33.6250  1.91415  1.03939  0.6093903  1.1664642
33.6750  1.91188  1.04140  0.6087062  1.1637747
33.7250  1.90967  1.04341  0.6079934  1.1610678
33.7750  1.90752  1.04543  0.6072513  1.1583432
33.8250  1.90542  1.04746  0.6064799  1.1556013
33.8750  1.90339  1.04949  0.6056788  1.1528418
33.9250  1.90141  1.05152  0.6048477  1.1500649
33.9750  1.89950  1.05356  0.6039865  1.1472708
34.0250  1.89764  1.05561  0.6030956  1.1444601
34.0750  1.89585  1.05765  0.6021747  1.1416326
34.1250  1.89412  1.05971  0.6012240  1.1387891
34.1750  1.89245  1.06176  0.6002440  1.1359301
34.2250  1.89084  1.06382  0.5992349  1.1330558
34.2750  1.88929  1.06587  0.5981972  1.1301669
34.3250  1.88780  1.06793  0.5971314  1.1272640
34.3750  1.88637  1.06999  0.5960384  1.1243483
34.4250  1.88500  1.07206  0.5949187  1.1214203
34.4750  1.88368  1.07412  0.5937732  1.1184809
34.5250  1.88243  1.07618  0.5926033  1.1155320
34.5750  1.88122  1.07824  0.5914098  1.1125741
34.6250  1.88007  1.08029  0.5901942  1.1096088
34.6750  1.87898  1.08235  0.5889574  1.1066370
34.7250  1.87793  1.08440  0.5877011  1.1036607
34.7750  1.87693  1.08644  0.5864266  1.1006812
34.8250  1.87598  1.08848  0.5851355  1.0977000
34.8750  1.87507  1.09052  0.5838300  1.0947193
34.9250  1.87420  1.09255  0.5825114  1.0917407
34.9750  1.87337  1.09457  0.5811814  1.0887659
35.0250  1.87257  1.09658  0.5798423  1.0857968
35.0750  1.87181  1.09859  0.5784957  1.0828353
35.1250  1.87108  1.10058  0.5771436  1.0798837
35.1750  1.87038  1.10256  0.5757878  1.0769434
35.2250  1.86971  1.10454  0.5744305  1.0740173
35.2750  1.86906  1.10650  0.5730739  1.0711074
35.3250  1.86842  1.10844  0.5717195  1.0682149
35.3750  1.86781  1.11038  0.5703697  1.0653427
35.4250  1.86721  1.11229  0.5690262  1.0624925
35.4750  1.86662  1.11420  0.5676908  1.0596658
35.5250  1.86605  1.11608  0.5663657  1.0568655
35.5750  1.86548  1.11795  0.5650526  1.0540930
35.6250  1.86491  1.11980  0.5637530  1.0513501
35.6750  1.86435  1.12164  0.5624688  1.0486388
35.7250  1.86379  1.12345  0.5612015  1.0459607
35.7750  1.86322  1.12525  0.5599526  1.0433173
35.8250  1.86266  1.12702  0.5587233  1.0407102
35.8750  1.86209  1.12878  0.5575150  1.0381403
35.9250  1.86151  1.13051  0.5563290  1.0356098
35.9750  1.86092  1.13222  0.5551662  1.0331191
36.0250  1.86032  1.13391  0.5540279  1.0306699
36.0750  1.85971  1.13557  0.5529146  1.0282630
36.1250  1.85909  1.13722  0.5518273  1.0258992
36.1750  1.85846  1.13884  0.5507666  1.0235791
36.2250  1.85782  1.14043  0.5497330  1.0213035
36.2750  1.85716  1.14201  0.5487269  1.0190728
36.3250  1.85648  1.14355  0.5477489  1.0168875
36.3750  1.85580  1.14508  0.5467991  1.0147481
36.4250  1.85509  1.14658  0.5458778  1.0126549
36.4750  1.85438  1.14806  0.5449851  1.0106076
36.5250  1.85364  1.14951  0.5441208  1.0086067
36.5750  1.85290  1.15093  0.5432848  1.0066518
36.6250  1.85214  1.15234  0.5424772  1.0047425
36.6750  1.85136  1.15371  0.5416976  1.0028789
36.7250  1.85057  1.15507  0.5409456  1.0010602
36.7750  1.84977  1.15640  0.5402212  0.9992869
36.8250  1.84896  1.15770  0.5395237  0.9975582
36.8750  1.84814  1.15898  0.5388529  0.9958736
36.9250  1.84730  1.16024  0.5382079  0.9942321
36.9750  1.84646  1.16147  0.5375883  0.9926333
37.0250  1.84560  1.16268  0.5369936  0.9910765
37.0750  1.84474  1.16386  0.5364231  0.9895612
37.1250  1.84387  1.16503  0.5358762  0.9880865
37.1750  1.84300  1.16616  0.5353523  0.9866517
37.2250  1.84211  1.16728  0.5348508  0.9852561
37.2750  1.84123  1.16837  0.5343710  0.9838988
37.3250  1.84034  1.16944  0.5339124  0.9825793
37.3750  1.83945  1.17049  0.5334740  0.9812963
37.4250  1.83855  1.17152  0.5330555  0.9800493
37.4750  1.83765  1.17252  0.5326557  0.9788372
37.5250  1.83676  1.17351  0.5322744  0.9776598
37.5750  1.83586  1.17447  0.5319105  0.9765156
37.6250  1.83497  1.17541  0.5315634  0.9754037
37.6750  1.83408  1.17633  0.5312326  0.9743235
37.7250  1.83319  1.17723  0.5309173  0.9732738
37.7750  1.83231  1.17811  0.5306169  0.9722542
37.8250  1.83143  1.17897  0.5303308  0.9712637
37.8750  1.83056  1.17982  0.5300583  0.9703013
37.9250  1.82969  1.18064  0.5297990  0.9693670
37.9750  1.82883  1.18144  0.5295523  0.9684598
38.0250  1.82797  1.18223  0.5293176  0.9675783
38.0750  1.82713  1.18300  0.5290943  0.9667224
38.1250  1.82629  1.18375  0.5288817  0.9658910
38.1750  1.82546  1.18448  0.5286796  0.9650836
38.2250  1.82464  1.18519  0.5284874  0.9642996
38.2750  1.82383  1.18589  0.5283048  0.9635383
38.3250  1.82303  1.18657  0.5281309  0.9627987
38.3750  1.82224  1.18724  0.5279655  0.9620804
38.4250  1.82146  1.18788  0.5278081  0.9613823
38.4750  1.82069  1.18852  0.5276584  0.9607047
38.5250  1.81994  1.18913  0.5275161  0.9600466
38.5750  1.81919  1.18974  0.5273804  0.9594070
38.6250  1.81846  1.19032  0.5272514  0.9587859
38.6750  1.81774  1.19089  0.5271284  0.9581822
38.7250  1.81703  1.19145  0.5270113  0.9575960
38.7750  1.81633  1.19200  0.5268999  0.9570267
38.8250  1.81565  1.19253  0.5267938  0.9564741
38.8750  1.81498  1.19304  0.5266927  0.9559370
38.9250  1.81432  1.19354  0.5265964  0.9554155
38.9750  1.81368  1.19403  0.5265046  0.9549091
39.0250  1.81304  1.19451  0.5264169  0.9544171
39.0750  1.81242  1.19498  0.5263331  0.9539391
39.1250  1.81182  1.19543  0.5262532  0.9534745
39.1750  1.81122  1.19587  0.5261769  0.9530237
39.2250  1.81064  1.19629  0.5261039  0.9525855
39.2750  1.81007  1.19671  0.5260342  0.9521601
39.3250  1.80952  1.19712  0.5259675  0.9517469
39.3750  1.80897  1.19751  0.5259036  0.9513453
39.4250  1.80844  1.19789  0.5258424  0.9509552
39.4750  1.80792  1.19827  0.5257839  0.9505767
39.5250  1.80742  1.19863  0.5257277  0.9502088
39.5750  1.80692  1.19898  0.5256737  0.9498516
39.6250  1.80644  1.19932  0.5256221  0.9495048
39.6750  1.80597  1.19965  0.5255724  0.9491677
39.7250  1.80551  1.19998  0.5255246  0.9488402
39.7750  1.80506  1.20029  0.5254785  0.9485222
39.8250  1.80463  1.20059  0.5254343  0.9482133
39.8750  1.80420  1.20089  0.5253917  0.9479136
39.9250  1.80379  1.20118  0.5253509  0.9476228
39.9750  1.80339  1.20145  0.5253115  0.9473403
40.0250  1.80300  1.20172  0.5252733  0.9470659
40.0750  1.80262  1.20198  0.5252365  0.9467995
40.1250  1.80224  1.20224  0.5252012  0.9465411
40.1750  1.80188  1.20248  0.5251671  0.9462904
40.2250  1.80153  1.20272  0.5251343  0.9460471
40.2750  1.80119  1.20295  0.5251023  0.9458107
40.3250  1.80086  1.20318  0.5250713  0.9455810
40.3750  1.80054  1.20340  0.5250412  0.9453583
40.4250  1.80023  1.20361  0.5250120  0.9451420
40.4750  1.79993  1.20381  0.5249839  0.9449322
40.5250  1.79963  1.20401  0.5249567  0.9447287
40.5750  1.79935  1.20420  0.5249304  0.9445316
40.6250  1.79907  1.20438  0.5249050  0.9443406
40.6750  1.79880  1.20456  0.5248802  0.9441553
40.7250  1.79854  1.20473  0.5248561  0.9439753
40.7750  1.79829  1.20490  0.5248328  0.9438009
40.8250  1.79804  1.20506  0.5248101  0.9436316
40.8750  1.79781  1.20522  0.5247881  0.9434677
40.9250  1.79758  1.20537  0.5247667  0.9433087
40.9750  1.79736  1.20551  0.5247459  0.9431548
41.0250  1.79714  1.20566  0.5247258  0.9430057
41.0750  1.79693  1.20579  0.5247063  0.9428611
41.1250  1.79673  1.20592  0.5246873  0.9427212
41.1750  1.79653  1.20605  0.5246688  0.9425856
41.2250  1.79635  1.20617  0.5246507  0.9424542
41.2750  1.79616  1.20629  0.5246332  0.9423271
41.3250  1.79599  1.20640  0.5246159  0.9422036
41.3750  1.79582  1.20651  0.5245992  0.9420840
41.4250  1.79565  1.20662  0.5245829  0.9419678
41.4750  1.79549  1.20672  0.5245667  0.9418552
41.5250  1.79534  1.20682  0.5245509  0.9417460
41.5750  1.79519  1.20692  0.5245357  0.9416404
41.6250  1.79504  1.20701  0.5245205  0.9415379
41.6750  1.79491  1.20709  0.5245059  0.9414389
41.7250  1.79477  1.20718  0.5244918  0.9413431
41.7750  1.79464  1.20726  0.5244781  0.9412507
41.8250  1.79452  1.20734  0.5244648  0.9411615
41.8750  1.79440  1.20741  0.5244518  0.9410748
41.9250  1.79428  1.20749  0.5244390  0.9409907
41.9750  1.79417  1.20756  0.5244263  0.9409090
42.0250  1.79406  1.20762  0.5244138  0.9408298
42.0750  1.79396  1.20769  0.5244017  0.9407535
42.1250  1.79386  1.20775  0.5243896  0.9406796
42.1750  1.79376  1.20781  0.5243780  0.9406080
42.2250  1.79367  1.20787  0.5243667  0.9405388
42.2750  1.79358  1.20792  0.5243556  0.9404718
42.3250  1.79349  1.20798  0.5243448  0.9404074
42.3750  1.79341  1.20803  0.5243343  0.9403449
42.4250  1.79333  1.20808  0.5243242  0.9402847
42.4750  1.79325  1.20812  0.5243142  0.9402264
42.5250  1.79318  1.20817  0.5243042  0.9401696
42.5750  1.79310  1.20821  0.5242945  0.9401150
42.6250  1.79304  1.20825  0.5242850  0.9400622
42.6750  1.79297  1.20829  0.5242759  0.9400116
42.7250  1.79291  1.20833  0.5242669  0.9399619
42.7750  1.79285  1.20837  0.5242580  0.9399136
42.8250  1.79279  1.20840  0.5242491  0.9398668
42.8750  1.79273  1.20844  0.5242403  0.9398209
42.9250  1.79267  1.20847  0.5242314  0.9397765
42.9750  1.79262  1.20850  0.5242229  0.9397339
43.0250  1.79257  1.20853  0.5242146  0.9396929
43.0750  1.79253  1.20856  0.5242067  0.9396538
43.1250  1.79248  1.20858  0.5241989  0.9396157
43.1750  1.79243  1.20861  0.5241914  0.9395790
43.2250  1.79239  1.20863  0.5241838  0.9395428
43.2750  1.79235  1.20866  0.5241764  0.9395077
43.3250  1.79231  1.20868  0.5241688  0.9394733
43.3750  1.79227  1.20870  0.5241615  0.9394401
43.4250  1.79224  1.20872  0.5241542  0.9394076
43.4750  1.79220  1.20874  0.5241471  0.9393768
43.5250  1.79217  1.20876  0.5241402  0.9393473
43.5750  1.79214  1.20878  0.5241336  0.9393190
43.6250  1.79211  1.20879  0.5241272  0.9392913
43.6750  1.79208  1.20881  0.5241210  0.9392645
43.7250  1.79205  1.20882  0.5241147  0.9392381
43.7750  1.79202  1.20884  0.5241085  0.9392126
43.8250  1.79199  1.20885  0.5241024  0.9391879
43.8750  1.79197  1.20887  0.5240965  0.9391640
43.9250  1.79194  1.20888  0.5240905  0.9391405
43.9750  1.79192  1.20889  0.5240846  0.9391175
44.0250  1.79190  1.20890  0.5240787  0.9390950
44.0750  1.79188  1.20891  0.5240728  0.9390731
44.1250  1.79185  1.20892  0.5240668  0.9390514
44.1750  1.79183  1.20893  0.5240611  0.9390306
44.2250  1.79182  1.20894  0.5240555  0.9390107
44.2750  1.79180  1.20895  0.5240501  0.9389918
44.3250  1.79178  1.20896  0.5240449  0.9389734
44.3750  1.79176  1.20897  0.5240399  0.9389554
44.4250  1.79175  1.20898  0.5240349  0.9389378
44.4750  1.79173  1.20898  0.5240300  0.9389209
44.5250  1.79172  1.20899  0.5240253  0.9389045
44.5750  1.79170  1.20900  0.5240204  0.9388886
44.6250  1.79169  1.20900  0.5240158  0.9388732
44.6750  1.79168  1.20901  0.5240113  0.9388583
44.7250  1.79166  1.20901  0.5240067  0.9388437
44.7750  1.79165  1.20902  0.5240021  0.9388292
44.8250  1.79164  1.20902  0.5239978  0.9388157
44.8750  1.79163  1.20903  0.5239937  0.9388029
44.9250  1.79162  1.20903  0.5239897  0.9387905
44.9750  1.79161  1.20904  0.5239860  0.9387785
45.0250  1.79160  1.20904  0.5239823  0.9387669
45.0750  1.79159  1.20905  0.5239788  0.9387556
45.1250  1.79158  1.20905  0.5239751  0.9387442
45.1750  1.79157  1.20905  0.5239714  0.9387330
45.2250  1.79156  1.20906  0.5239678  0.9387218
45.2750  1.79156  1.20906  0.5239642  0.9387108
45.3250  1.79155  1.20906  0.5239606  0.9387001
45.3750  1.79154  1.20906  0.5239570  0.9386893
45.4250  1.79153  1.20907  0.5239534  0.9386789
45.4750  1.79152  1.20907  0.5239497  0.9386686
45.5250  1.79152  1.20907  0.5239463  0.9386590
45.5750  1.79151  1.20907  0.5239429  0.9386497
45.6250  1.79151  1.20908  0.5239397  0.9386407
45.6750  1.79150  1.20908  0.5239366  0.9386322
45.7250  1.79149  1.20908  0.5239334  0.9386237
45.7750  1.79149  1.20908  0.5239305  0.9386159
45.8250  1.79148  1.20908  0.5239278  0.9386084
45.8750  1.79148  1.20908  0.5239251  0.9386012
45.9250  1.79148  1.20909  0.5239226  0.9385942
45.9750  1.79147  1.20909  0.5239199  0.9385871
46.0250  1.79147  1.20909  0.5239174  0.9385804
46.0750  1.79146  1.20909  0.5239151  0.9385740
46.1250  1.79146  1.20909  0.5239127  0.9385675
46.1750  1.79145  1.20909  0.5239103  0.9385612
46.2250  1.79145  1.20910  0.5239078  0.9385548
46.2750  1.79145  1.20910  0.5239053  0.9385483
46.3250  1.79144  1.20910  0.5239030  0.9385423
46.3750  1.79144  1.20910  0.5239006  0.9385363
46.4250  1.79144  1.20910  0.5238981  0.9385302
46.4750  1.79143  1.20910  0.5238956  0.9385242
46.5250  1.79143  1.20910  0.5238932  0.9385183
46.5750  1.79143  1.20910  0.5238910  0.9385127
46.6250  1.79142  1.20910  0.5238888  0.9385071
46.6750  1.79142  1.20910  0.5238867  0.9385014
46.7250  1.79142  1.20911  0.5238845  0.9384959
46.7750  1.79141  1.20911  0.5238824  0.9384905
46.8250  1.79141  1.20911  0.5238802  0.9384853
46.8750  1.79141  1.20911  0.5238782  0.9384802
46.9250  1.79141  1.20911  0.5238758  0.9384747
46.9750  1.79140  1.20911  0.5238736  0.9384694
47.0250  1.79140  1.20911  0.5238714  0.9384640
47.0750  1.79140  1.20911  0.5238693  0.9384586
47.1250  1.79140  1.20911  0.5238671  0.9384533
47.1750  1.79139  1.20911  0.5238650  0.9384483
47.2250  1.79139  1.20911  0.5238630  0.9384434
47.2750  1.79139  1.20911  0.5238609  0.9384385
47.3250  1.79139  1.20911  0.5238587  0.9384336
47.3750  1.79139  1.20911  0.5238567  0.9384294
47.4250  1.79138  1.20911  0.5238547  0.9384251
47.4750  1.79138  1.20911  0.5238526  0.9384207
47.5250  1.79138  1.20911  0.5238505  0.9384165
47.5750  1.79138  1.20911  0.5238484  0.9384127
47.6250  1.79138  1.20911  0.5238462  0.9384090
47.6750  1.79138  1.20911  0.5238440  0.9384055
47.7250  1.79139  1.20911  0.5238416  0.9384020
47.7750  1.79139  1.20910  0.5238390  0.9383984
47.8250  1.79139  1.20910  0.5238361  0.9383948
47.8750  1.79140  1.20910  0.5238328  0.9383916
47.9250  1.79140  1.20909  0.5238291  0.9383885
47.9750  1.79141  1.20908  0.5238250  0.9383854
48.0250  1.79142  1.20908  0.5238204  0.9383828
48.0750  1.79143  1.20907  0.5238151  0.9383806
48.1250  1.79145  1.20905  0.5238090  0.9383789
48.1750  1.79147  1.20904  0.5238020  0.9383781
48.2250  1.79150  1.20902  0.5237939  0.9383779
48.2750  1.79154  1.20900  0.5237842  0.9383786
48.3250  1.79158  1.20897  0.5237727  0.9383805
48.3750  1.79163  1.20893  0.5237589  0.9383835
48.4250  1.79170  1.20889  0.5237423  0.9383883
48.4750  1.79178  1.20884  0.5237227  0.9383956
48.5250  1.79188  1.20877  0.5236991  0.9384054
48.5750  1.79200  1.20869  0.5236706  0.9384186
48.6250  1.79215  1.20859  0.5236363  0.9384361
48.6750  1.79234  1.20847  0.5235947  0.9384583
48.7250  1.79257  1.20832  0.5235442  0.9384871
48.7750  1.79285  1.20814  0.5234831  0.9385242
48.8250  1.79319  1.20792  0.5234097  0.9385751
48.8750  1.79365  1.20765  0.5233269  0.9386628
48.9250  1.79432  1.20732  0.5232595  0.9388940
48.9750  1.79574  1.20693  0.5233452  0.9397894
