 1.0250  2.27339  0.87678  0.6083330  1.3829809
 1.0750  2.27311  0.87688  0.6083760  1.3829037
 1.1250  2.27277  0.87697  0.6084383  1.3828410
 1.1750  2.27240  0.87706  0.6085131  1.3827879
 1.2250  2.27202  0.87715  0.6085956  1.3827407
 1.2750  2.27162  0.87724  0.6086829  1.3826971
 1.3250  2.27122  0.87732  0.6087729  1.3826563
 1.3750  2.27081  0.87741  0.6088644  1.3826178
 1.4250  2.27041  0.87749  0.6089565  1.3825805
 1.4750  2.27001  0.87757  0.6090488  1.3825448
 1.5250  2.26961  0.87765  0.6091407  1.3825094
 1.5750  2.26921  0.87773  0.6092320  1.3824745
 1.6250  2.26881  0.87781  0.6093226  1.3824402
 1.6750  2.26842  0.87789  0.6094121  1.3824048
 1.7250  2.26804  0.87797  0.6095006  1.3823709
 1.7750  2.26766  0.87805  0.6095886  1.3823384
 1.8250  2.26728  0.87812  0.6096761  1.3823066
 1.8750  2.26691  0.87820  0.6097627  1.3822752
 1.9250  2.26654  0.87827  0.6098487  1.3822441
 1.9750  2.26617  0.87835  0.6099339  1.3822120
 2.0250  2.26580  0.87842  0.6100176  1.3821791
 2.0750  2.26544  0.87849  0.6101004  1.3821476
 2.1250  2.26509  0.87856  0.6101824  1.3821166
 2.1750  2.26473  0.87864  0.6102635  1.3820847
 2.2250  2.26439  0.87871  0.6103435  1.3820531
 2.2750  2.26404  0.87878  0.6104228  1.3820224
 2.3250  2.26370  0.87885  0.6105016  1.3819919
 2.3750  2.26336  0.87891  0.6105794  1.3819606
 2.4250  2.26302  0.87898  0.6106561  1.3819294
 2.4750  2.26269  0.87905  0.6107324  1.3819004
 2.5250  2.26236  0.87912  0.6108082  1.3818710
 2.5750  2.26204  0.87918  0.6108836  1.3818426
 2.6250  2.26171  0.87925  0.6109584  1.3818138
 2.6750  2.26139  0.87931  0.6110322  1.3817849
 2.7250  2.26108  0.87938  0.6111052  1.3817555
 2.7750  2.26076  0.87944  0.6111771  1.3817257
 2.8250  2.26045  0.87951  0.6112480  1.3816953
 2.8750  2.26014  0.87957  0.6113181  1.3816661
 2.9250  2.25984  0.87963  0.6113878  1.3816384
 2.9750  2.25954  0.87969  0.6114572  1.3816103
 3.0250  2.25924  0.87975  0.6115260  1.3815829
 3.0750  2.25894  0.87982  0.6115940  1.3815551
 3.1250  2.25865  0.87988  0.6116614  1.3815274
 3.1750  2.25836  0.87994  0.6117281  1.3814996
 3.2250  2.25807  0.87999  0.6117941  1.3814719
 3.2750  2.25778  0.88005  0.6118594  1.3814449
 3.3250  2.25750  0.88011  0.6119244  1.3814181
 3.3750  2.25722  0.88017  0.6119888  1.3813919
 3.4250  2.25694  0.88023  0.6120530  1.3813658
 3.4750  2.25666  0.88028  0.6121166  1.3813390
 3.5250  2.25638  0.88034  0.6121793  1.3813120
 3.5750  2.25611  0.88040  0.6122416  1.3812847
 3.6250  2.25584  0.88045  0.6123029  1.3812580
 3.6750  2.25557  0.88051  0.6123637  1.3812310
 3.7250  2.25531  0.88057  0.6124239  1.3812033
 3.7750  2.25504  0.88062  0.6124838  1.3811778
 3.8250  2.25478  0.88067  0.6125435  1.3811529
 3.8750  2.25452  0.88073  0.6126029  1.3811270
 3.9250  2.25426  0.88078  0.6126618  1.3811009
 3.9750  2.25401  0.88083  0.6127200  1.3810756
 4.0250  2.25375  0.88089  0.6127776  1.3810498
 4.0750  2.25350  0.88094  0.6128346  1.3810241
 4.1250  2.25325  0.88099  0.6128913  1.3810003
 4.1750  2.25301  0.88104  0.6129478  1.3809766
 4.2250  2.25276  0.88109  0.6130040  1.3809520
 4.2750  2.25252  0.88114  0.6130596  1.3809271
 4.3250  2.25227  0.88120  0.6131147  1.3809022
 4.3750  2.25203  0.88125  0.6131693  1.3808773
 4.4250  2.25179  0.88130  0.6132231  1.3808523
 4.4750  2.25156  0.88135  0.6132767  1.3808296
 4.5250  2.25133  0.88139  0.6133301  1.3808063
 4.5750  2.25109  0.88144  0.6133828  1.3807819
 4.6250  2.25086  0.88149  0.6134349  1.3807576
 4.6750  2.25063  0.88154  0.6134864  1.3807324
 4.7250  2.25040  0.88159  0.6135376  1.3807076
 4.7750  2.25018  0.88164  0.6135883  1.3806845
 4.8250  2.24996  0.88168  0.6136391  1.3806612
 4.8750  2.24973  0.88173  0.6136897  1.3806381
 4.9250  2.24951  0.88178  0.6137398  1.3806150
 4.9750  2.24929  0.88182  0.6137896  1.3805922
 5.0250  2.24907  0.88187  0.6138387  1.3805689
 5.0750  2.24886  0.88192  0.6138875  1.3805462
 5.1250  2.24864  0.88196  0.6139362  1.3805244
 5.1750  2.24843  0.88201  0.6139849  1.3805028
 5.2250  2.24822  0.88205  0.6140331  1.3804798
 5.2750  2.24800  0.88210  0.6140808  1.3804568
 5.3250  2.24779  0.88214  0.6141281  1.3804333
 5.3750  2.24758  0.88218  0.6141748  1.3804095
 5.4250  2.24738  0.88223  0.6142210  1.3803866
 5.4750  2.24717  0.88227  0.6142669  1.3803637
 5.5250  2.24697  0.88232  0.6143122  1.3803408
 5.5750  2.24677  0.88236  0.6143574  1.3803196
 5.6250  2.24657  0.88240  0.6144027  1.3802975
 5.6750  2.24637  0.88244  0.6144475  1.3802750
 5.7250  2.24617  0.88249  0.6144917  1.3802524
 5.7750  2.24597  0.88253  0.6145356  1.3802294
 5.8250  2.24577  0.88257  0.6145789  1.3802056
 5.8750  2.24558  0.88261  0.6146218  1.3801835
 5.9250  2.24539  0.88265  0.6146647  1.3801615
 5.9750  2.24520  0.88270  0.6147075  1.3801397
 6.0250  2.24501  0.88274  0.6147500  1.3801187
 6.0750  2.24482  0.88278  0.6147923  1.3800967
 6.1250  2.24463  0.88282  0.6148342  1.3800752
 6.1750  2.24445  0.88286  0.6148760  1.3800553
 6.2250  2.24426  0.88290  0.6149179  1.3800353
 6.2750  2.24407  0.88294  0.6149597  1.3800145
 6.3250  2.24389  0.88298  0.6150010  1.3799939
 6.3750  2.24370  0.88302  0.6150419  1.3799714
 6.4250  2.24352  0.88306  0.6150818  1.3799493
 6.4750  2.24334  0.88310  0.6151216  1.3799287
 6.5250  2.24316  0.88313  0.6151613  1.3799076
 6.5750  2.24299  0.88317  0.6152007  1.3798859
 6.6250  2.24281  0.88321  0.6152397  1.3798652
 6.6750  2.24263  0.88325  0.6152785  1.3798438
 6.7250  2.24246  0.88329  0.6153171  1.3798227
 6.7750  2.24229  0.88333  0.6153555  1.3798028
 6.8250  2.24211  0.88336  0.6153939  1.3797835
 6.8750  2.24194  0.88340  0.6154321  1.3797635
 6.9250  2.24177  0.88344  0.6154702  1.3797437
 6.9750  2.24160  0.88347  0.6155080  1.3797238
 7.0250  2.24143  0.88351  0.6155453  1.3797038
 7.0750  2.24127  0.88355  0.6155825  1.3796843
 7.1250  2.24110  0.88358  0.6156198  1.3796654
 7.1750  2.24093  0.88362  0.6156567  1.3796452
 7.2250  2.24077  0.88366  0.6156932  1.3796257
 7.2750  2.24061  0.88369  0.6157297  1.3796071
 7.3250  2.24044  0.88373  0.6157660  1.3795875
 7.3750  2.24028  0.88376  0.6158018  1.3795677
 7.4250  2.24012  0.88380  0.6158375  1.3795495
 7.4750  2.23996  0.88383  0.6158735  1.3795309
 7.5250  2.23980  0.88387  0.6159093  1.3795120
 7.5750  2.23964  0.88390  0.6159449  1.3794935
 7.6250  2.23948  0.88394  0.6159799  1.3794744
 7.6750  2.23932  0.88397  0.6160147  1.3794551
 7.7250  2.23917  0.88401  0.6160491  1.3794357
 7.7750  2.23901  0.88404  0.6160833  1.3794163
 7.8250  2.23885  0.88408  0.6161171  1.3793966
 7.8750  2.23870  0.88411  0.6161504  1.3793772
 7.9250  2.23855  0.88414  0.6161838  1.3793590
 7.9750  2.23840  0.88418  0.6162171  1.3793398
 8.0250  2.23825  0.88421  0.6162502  1.3793213
 8.0750  2.23810  0.88424  0.6162830  1.3793024
 8.1250  2.23795  0.88428  0.6163156  1.3792831
 8.1750  2.23780  0.88431  0.6163478  1.3792646
 8.2250  2.23766  0.88434  0.6163802  1.3792470
 8.2750  2.23751  0.88437  0.6164123  1.3792284
 8.3250  2.23736  0.88441  0.6164440  1.3792096
 8.3750  2.23722  0.88444  0.6164755  1.3791902
 8.4250  2.23707  0.88447  0.6165067  1.3791711
 8.4750  2.23693  0.88450  0.6165376  1.3791525
 8.5250  2.23679  0.88453  0.6165684  1.3791351
 8.5750  2.23665  0.88457  0.6165996  1.3791180
 8.6250  2.23651  0.88460  0.6166303  1.3790992
 8.6750  2.23637  0.88463  0.6166610  1.3790811
 8.7250  2.23623  0.88466  0.6166915  1.3790630
 8.7750  2.23609  0.88469  0.6167218  1.3790444
 8.8250  2.23595  0.88472  0.6167519  1.3790270
 8.8750  2.23581  0.88475  0.6167819  1.3790096
 8.9250  2.23568  0.88478  0.6168120  1.3789922
 8.9750  2.23554  0.88482  0.6168420  1.3789753
 9.0250  2.23540  0.88485  0.6168719  1.3789569
 9.0750  2.23527  0.88488  0.6169011  1.3789387
 9.1250  2.23513  0.88491  0.6169300  1.3789207
 9.1750  2.23500  0.88494  0.6169591  1.3789039
 9.2250  2.23487  0.88497  0.6169882  1.3788861
 9.2750  2.23473  0.88500  0.6170168  1.3788677
 9.3250  2.23460  0.88503  0.6170450  1.3788495
 9.3750  2.23447  0.88506  0.6170727  1.3788306
 9.4250  2.23434  0.88509  0.6170999  1.3788108
 9.4750  2.23421  0.88512  0.6171271  1.3787935
 9.5250  2.23409  0.88514  0.6171544  1.3787762
 9.5750  2.23396  0.88517  0.6171815  1.3787581
 9.6250  2.23383  0.88520  0.6172083  1.3787386
 9.6750  2.23371  0.88523  0.6172348  1.3787209
 9.7250  2.23358  0.88526  0.6172613  1.3787026
 9.7750  2.23346  0.88529  0.6172878  1.3786852
 9.8250  2.23333  0.88532  0.6173140  1.3786678
 9.8750  2.23321  0.88535  0.6173404  1.3786502
 9.9250  2.23309  0.88538  0.6173664  1.3786321
 9.9750  2.23296  0.88540  0.6173921  1.3786138
10.0250  2.23284  0.88543  0.6174172  1.3785952
10.0750  2.23272  0.88546  0.6174418  1.3785758
10.1250  2.23260  0.88549  0.6174661  1.3785573
10.1750  2.23249  0.88552  0.6174906  1.3785398
10.2250  2.23237  0.88554  0.6175148  1.3785213
10.2750  2.23225  0.88557  0.6175385  1.3785027
10.3250  2.23214  0.88560  0.6175622  1.3784851
10.3750  2.23203  0.88563  0.6175859  1.3784680
10.4250  2.23191  0.88566  0.6176094  1.3784502
10.4750  2.23180  0.88568  0.6176328  1.3784331
10.5250  2.23169  0.88571  0.6176560  1.3784150
10.5750  2.23158  0.88574  0.6176789  1.3783970
10.6250  2.23146  0.88577  0.6177015  1.3783790
10.6750  2.23135  0.88579  0.6177235  1.3783600
10.7250  2.23124  0.88582  0.6177450  1.3783398
10.7750  2.23114  0.88585  0.6177658  1.3783193
10.8250  2.23103  0.88588  0.6177859  1.3782984
10.8750  2.23092  0.88590  0.6178055  1.3782771
10.9250  2.23082  0.88593  0.6178247  1.3782558
10.9750  2.23072  0.88596  0.6178436  1.3782349
11.0250  2.23062  0.88598  0.6178622  1.3782132
11.0750  2.23051  0.88601  0.6178803  1.3781908
11.1250  2.23041  0.88604  0.6178979  1.3781685
11.1750  2.23032  0.88607  0.6179147  1.3781447
11.2250  2.23022  0.88609  0.6179309  1.3781204
11.2750  2.23012  0.88612  0.6179466  1.3780974
11.3250  2.23003  0.88615  0.6179620  1.3780743
11.3750  2.22994  0.88618  0.6179769  1.3780501
11.4250  2.22985  0.88620  0.6179913  1.3780257
11.4750  2.22976  0.88623  0.6180049  1.3779999
11.5250  2.22967  0.88626  0.6180176  1.3779739
11.5750  2.22958  0.88629  0.6180296  1.3779471
11.6250  2.22950  0.88631  0.6180407  1.3779205
11.6750  2.22942  0.88634  0.6180513  1.3778943
11.7250  2.22934  0.88637  0.6180611  1.3778663
11.7750  2.22926  0.88640  0.6180699  1.3778380
11.8250  2.22918  0.88642  0.6180778  1.3778094
11.8750  2.22911  0.88645  0.6180847  1.3777790
11.9250  2.22904  0.88648  0.6180905  1.3777477
11.9750  2.22897  0.88651  0.6180951  1.3777159
12.0250  2.22891  0.88654  0.6180986  1.3776836
12.0750  2.22884  0.88656  0.6181011  1.3776505
12.1250  2.22878  0.88659  0.6181023  1.3776152
12.1750  2.22872  0.88662  0.6181022  1.3775792
12.2250  2.22867  0.88665  0.6181005  1.3775420
12.2750  2.22862  0.88668  0.6180973  1.3775033
12.3250  2.22857  0.88671  0.6180928  1.3774647
12.3750  2.22853  0.88674  0.6180871  1.3774251
12.4250  2.22849  0.88677  0.6180799  1.3773836
12.4750  2.22845  0.88680  0.6180710  1.3773402
12.5250  2.22842  0.88683  0.6180604  1.3772954
12.5750  2.22838  0.88686  0.6180478  1.3772477
12.6250  2.22836  0.88690  0.6180327  1.3771975
12.6750  2.22834  0.88693  0.6180154  1.3771464
12.7250  2.22832  0.88696  0.6179961  1.3770933
12.7750  2.22831  0.88699  0.6179743  1.3770378
12.8250  2.22830  0.88703  0.6179501  1.3769798
12.8750  2.22830  0.88706  0.6179234  1.3769196
12.9250  2.22831  0.88710  0.6178941  1.3768569
12.9750  2.22832  0.88713  0.6178617  1.3767918
13.0250  2.22833  0.88717  0.6178265  1.3767242
13.0750  2.22836  0.88720  0.6177881  1.3766538
13.1250  2.22839  0.88724  0.6177469  1.3765805
13.1750  2.22843  0.88728  0.6177020  1.3765033
13.2250  2.22847  0.88732  0.6176534  1.3764225
13.2750  2.22852  0.88736  0.6176009  1.3763379
13.3250  2.22858  0.88740  0.6175442  1.3762492
13.3750  2.22866  0.88744  0.6174834  1.3761576
13.4250  2.22873  0.88748  0.6174185  1.3760623
13.4750  2.22882  0.88752  0.6173491  1.3759624
13.5250  2.22892  0.88757  0.6172749  1.3758570
13.5750  2.22903  0.88761  0.6171954  1.3757470
13.6250  2.22915  0.88766  0.6171105  1.3756320
13.6750  2.22928  0.88771  0.6170198  1.3755112
13.7250  2.22943  0.88776  0.6169236  1.3753855
13.7750  2.22958  0.88781  0.6168213  1.3752544
13.8250  2.22975  0.88786  0.6167128  1.3751169
13.8750  2.22994  0.88792  0.6165975  1.3749729
13.9250  2.23013  0.88797  0.6164753  1.3748220
13.9750  2.23035  0.88803  0.6163458  1.3746639
14.0250  2.23057  0.88809  0.6162085  1.3744987
14.0750  2.23082  0.88815  0.6160631  1.3743253
14.1250  2.23108  0.88821  0.6159095  1.3741454
14.1750  2.23137  0.88827  0.6157476  1.3739580
14.2250  2.23166  0.88834  0.6155769  1.3737607
14.2750  2.23198  0.88841  0.6153966  1.3735542
14.3250  2.23232  0.88848  0.6152062  1.3733368
14.3750  2.23268  0.88855  0.6150056  1.3731105
14.4250  2.23306  0.88863  0.6147943  1.3728734
14.4750  2.23347  0.88871  0.6145718  1.3726254
14.5250  2.23390  0.88879  0.6143380  1.3723671
14.5750  2.23435  0.88887  0.6140931  1.3720987
14.6250  2.23483  0.88896  0.6138360  1.3718175
14.6750  2.23533  0.88905  0.6135662  1.3715237
14.7250  2.23586  0.88914  0.6132832  1.3712168
14.7750  2.23642  0.88924  0.6129867  1.3708961
14.8250  2.23701  0.88934  0.6126761  1.3705608
14.8750  2.23762  0.88944  0.6123507  1.3702110
14.9250  2.23827  0.88955  0.6120102  1.3698456
14.9750  2.23895  0.88966  0.6116544  1.3694661
15.0250  2.23967  0.88977  0.6112827  1.3690703
15.0750  2.24042  0.88989  0.6108949  1.3686591
15.1250  2.24120  0.89001  0.6104906  1.3682314
15.1750  2.24202  0.89014  0.6100693  1.3677871
15.2250  2.24287  0.89027  0.6096308  1.3673252
15.2750  2.24377  0.89040  0.6091743  1.3668447
15.3250  2.24470  0.89054  0.6086993  1.3663456
15.3750  2.24567  0.89068  0.6082056  1.3658271
15.4250  2.24668  0.89083  0.6076929  1.3652898
15.4750  2.24773  0.89098  0.6071610  1.3647329
15.5250  2.24882  0.89113  0.6066092  1.3641560
15.5750  2.24996  0.89129  0.6060379  1.3635597
15.6250  2.25114  0.89146  0.6054468  1.3629433
15.6750  2.25236  0.89163  0.6048353  1.3623049
15.7250  2.25362  0.89180  0.6042031  1.3616450
15.7750  2.25493  0.89198  0.6035503  1.3609636
15.8250  2.25628  0.89216  0.6028765  1.3602601
15.8750  2.25768  0.89235  0.6021821  1.3595357
15.9250  2.25913  0.89255  0.6014670  1.3587892
15.9750  2.26062  0.89274  0.6007310  1.3580217
16.0250  2.26215  0.89295  0.5999749  1.3572322
16.0750  2.26373  0.89316  0.5991981  1.3564202
16.1250  2.26535  0.89337  0.5984012  1.3555872
16.1750  2.26701  0.89358  0.5975844  1.3547318
16.2250  2.26872  0.89381  0.5967478  1.3538554
16.2750  2.27047  0.89403  0.5958918  1.3529564
16.3250  2.27227  0.89426  0.5950167  1.3520365
16.3750  2.27410  0.89450  0.5941232  1.3510958
16.4250  2.27598  0.89473  0.5932119  1.3501358
16.4750  2.27789  0.89498  0.5922837  1.3491569
16.5250  2.27984  0.89522  0.5913393  1.3481591
16.5750  2.28183  0.89547  0.5903795  1.3471434
16.6250  2.28385  0.89572  0.5894052  1.3461109
16.6750  2.28590  0.89598  0.5884171  1.3450613
16.7250  2.28798  0.89624  0.5874159  1.3439960
16.7750  2.29009  0.89650  0.5864026  1.3429151
16.8250  2.29223  0.89676  0.5853781  1.3418201
16.8750  2.29439  0.89702  0.5843439  1.3407122
16.9250  2.29657  0.89729  0.5833009  1.3395931
16.9750  2.29878  0.89756  0.5822505  1.3384632
17.0250  2.30100  0.89783  0.5811940  1.3373252
17.0750  2.30323  0.89810  0.5801328  1.3361803
17.1250  2.30548  0.89837  0.5790682  1.3350286
17.1750  2.30773  0.89864  0.5780010  1.3338708
17.2250  2.30999  0.89891  0.5769325  1.3327093
17.2750  2.31226  0.89918  0.5758642  1.3315451
17.3250  2.31452  0.89945  0.5747972  1.3303791
17.3750  2.31678  0.89971  0.5737327  1.3292133
17.4250  2.31904  0.89998  0.5726720  1.3280488
17.4750  2.32129  0.90025  0.5716164  1.3268865
17.5250  2.32353  0.90051  0.5705670  1.3257290
17.5750  2.32576  0.90077  0.5695251  1.3245770
17.6250  2.32797  0.90103  0.5684921  1.3234316
17.6750  2.33016  0.90129  0.5674689  1.3222954
17.7250  2.33234  0.90154  0.5664567  1.3211682
17.7750  2.33449  0.90179  0.5654564  1.3200516
17.8250  2.33661  0.90204  0.5644692  1.3189467
17.8750  2.33871  0.90228  0.5634958  1.3178548
17.9250  2.34078  0.90252  0.5625373  1.3167769
17.9750  2.34282  0.90275  0.5615941  1.3157135
18.0250  2.34482  0.90299  0.5606672  1.3146658
18.0750  2.34680  0.90321  0.5597572  1.3136357
18.1250  2.34873  0.90344  0.5588648  1.3126217
18.1750  2.35062  0.90365  0.5579902  1.3116252
18.2250  2.35248  0.90387  0.5571339  1.3106472
18.2750  2.35430  0.90408  0.5562964  1.3096886
18.3250  2.35608  0.90428  0.5554783  1.3087507
18.3750  2.35782  0.90448  0.5546805  1.3078345
18.4250  2.35951  0.90468  0.5539026  1.3069388
18.4750  2.36116  0.90487  0.5531446  1.3060635
18.5250  2.36277  0.90505  0.5524068  1.3052104
18.5750  2.36434  0.90523  0.5516897  1.3043797
18.6250  2.36586  0.90540  0.5509931  1.3035703
18.6750  2.36733  0.90557  0.5503170  1.3027829
18.7250  2.36876  0.90574  0.5496610  1.3020172
18.7750  2.37015  0.90590  0.5490251  1.3012735
18.8250  2.37150  0.90605  0.5484092  1.3005514
18.8750  2.37280  0.90621  0.5478134  1.2998520
18.9250  2.37406  0.90635  0.5472372  1.2991743
18.9750  2.37528  0.90649  0.5466808  1.2985188
19.0250  2.37645  0.90663  0.5461441  1.2978866
19.0750  2.37759  0.90676  0.5456263  1.2972751
19.1250  2.37868  0.90689  0.5451272  1.2966838
19.1750  2.37973  0.90701  0.5446459  1.2961122
19.2250  2.38075  0.90713  0.5441825  1.2955617
19.2750  2.38172  0.90724  0.5437367  1.2950300
19.3250  2.38266  0.90735  0.5433078  1.2945174
19.3750  2.38356  0.90746  0.5428954  1.2940234
19.4250  2.38442  0.90756  0.5424992  1.2935474
19.4750  2.38525  0.90766  0.5421187  1.2930894
19.5250  2.38605  0.90776  0.5417535  1.2926488
19.5750  2.38681  0.90785  0.5414033  1.2922255
19.6250  2.38754  0.90794  0.5410678  1.2918196
19.6750  2.38824  0.90802  0.5407465  1.2914302
19.7250  2.38890  0.90810  0.5404392  1.2910577
19.7750  2.38954  0.90818  0.5401454  1.2907004
19.8250  2.39015  0.90826  0.5398644  1.2903577
19.8750  2.39073  0.90833  0.5395957  1.2900294
19.9250  2.39129  0.90840  0.5393388  1.2897146
19.9750  2.39182  0.90847  0.5390934  1.2894130
20.0250  2.39232  0.90853  0.5388592  1.2891239
20.0750  2.39280  0.90860  0.5386357  1.2888472
20.1250  2.39326  0.90866  0.5384221  1.2885820
20.1750  2.39369  0.90871  0.5382183  1.2883278
20.2250  2.39410  0.90877  0.5380239  1.2880847
20.2750  2.39449  0.90882  0.5378387  1.2878519
20.3250  2.39487  0.90887  0.5376622  1.2876303
20.3750  2.39522  0.90892  0.5374944  1.2874188
20.4250  2.39556  0.90897  0.5373347  1.2872170
20.4750  2.39588  0.90901  0.5371832  1.2870256
20.5250  2.39618  0.90906  0.5370393  1.2868427
20.5750  2.39646  0.90910  0.5369024  1.2866676
20.6250  2.39673  0.90914  0.5367723  1.2865003
20.6750  2.39699  0.90918  0.5366486  1.2863411
20.7250  2.39723  0.90922  0.5365313  1.2861890
20.7750  2.39746  0.90925  0.5364200  1.2860438
20.8250  2.39767  0.90929  0.5363142  1.2859045
20.8750  2.39787  0.90932  0.5362139  1.2857717
20.9250  2.39806  0.90935  0.5361186  1.2856441
20.9750  2.39824  0.90938  0.5360278  1.2855225
21.0250  2.39841  0.90941  0.5359420  1.2854069
21.0750  2.39856  0.90944  0.5358606  1.2852963
21.1250  2.39871  0.90947  0.5357836  1.2851913
21.1750  2.39885  0.90950  0.5357107  1.2850919
21.2250  2.39899  0.90952  0.5356420  1.2849978
21.2750  2.39911  0.90955  0.5355773  1.2849075
21.3250  2.39922  0.90957  0.5355160  1.2848214
21.3750  2.39933  0.90960  0.5354577  1.2847384
21.4250  2.39943  0.90962  0.5354028  1.2846600
21.4750  2.39952  0.90964  0.5353510  1.2845851
21.5250  2.39960  0.90966  0.5353019  1.2845129
21.5750  2.39968  0.90968  0.5352556  1.2844437
21.6250  2.39976  0.90970  0.5352116  1.2843777
21.6750  2.39982  0.90972  0.5351700  1.2843142
21.7250  2.39989  0.90974  0.5351306  1.2842525
21.7750  2.39994  0.90976  0.5350932  1.2841940
21.8250  2.40000  0.90978  0.5350581  1.2841384
21.8750  2.40005  0.90980  0.5350250  1.2840853
21.9250  2.40009  0.90981  0.5349939  1.2840348
21.9750  2.40013  0.90983  0.5349649  1.2839879
22.0250  2.40017  0.90985  0.5349377  1.2839428
22.0750  2.40021  0.90986  0.5349121  1.2838993
22.1250  2.40024  0.90988  0.5348880  1.2838577
22.1750  2.40026  0.90989  0.5348651  1.2838176
22.2250  2.40029  0.90991  0.5348434  1.2837797
22.2750  2.40031  0.90992  0.5348231  1.2837427
22.3250  2.40033  0.90993  0.5348039  1.2837068
22.3750  2.40035  0.90995  0.5347855  1.2836715
22.4250  2.40036  0.90996  0.5347682  1.2836370
22.4750  2.40037  0.90997  0.5347518  1.2836039
22.5250  2.40038  0.90999  0.5347363  1.2835717
22.5750  2.40039  0.91000  0.5347215  1.2835406
22.6250  2.40040  0.91001  0.5347077  1.2835108
22.6750  2.40040  0.91002  0.5346948  1.2834824
22.7250  2.40041  0.91004  0.5346831  1.2834563
22.7750  2.40041  0.91005  0.5346723  1.2834307
22.8250  2.40040  0.91006  0.5346622  1.2834057
22.8750  2.40040  0.91007  0.5346527  1.2833811
22.9250  2.40040  0.91008  0.5346437  1.2833573
22.9750  2.40039  0.91009  0.5346354  1.2833343
23.0250  2.40038  0.91011  0.5346274  1.2833115
23.0750  2.40038  0.91012  0.5346200  1.2832894
23.1250  2.40037  0.91013  0.5346131  1.2832679
23.1750  2.40036  0.91014  0.5346066  1.2832469
23.2250  2.40035  0.91015  0.5346006  1.2832266
23.2750  2.40033  0.91016  0.5345951  1.2832068
23.3250  2.40032  0.91017  0.5345898  1.2831867
23.3750  2.40031  0.91018  0.5345849  1.2831669
23.4250  2.40029  0.91019  0.5345801  1.2831466
23.4750  2.40027  0.91020  0.5345754  1.2831264
23.5250  2.40025  0.91022  0.5345709  1.2831060
23.5750  2.40024  0.91023  0.5345663  1.2830858
23.6250  2.40022  0.91024  0.5345620  1.2830656
23.6750  2.40020  0.91025  0.5345579  1.2830459
23.7250  2.40018  0.91026  0.5345541  1.2830271
23.7750  2.40016  0.91027  0.5345505  1.2830091
23.8250  2.40015  0.91028  0.5345474  1.2829922
23.8750  2.40013  0.91029  0.5345446  1.2829758
23.9250  2.40011  0.91030  0.5345423  1.2829595
23.9750  2.40009  0.91031  0.5345402  1.2829435
24.0250  2.40007  0.91032  0.5345380  1.2829274
24.0750  2.40005  0.91033  0.5345359  1.2829109
24.1250  2.40003  0.91034  0.5345342  1.2828958
24.1750  2.40000  0.91035  0.5345326  1.2828803
24.2250  2.39998  0.91036  0.5345312  1.2828647
24.2750  2.39996  0.91037  0.5345296  1.2828490
24.3250  2.39994  0.91037  0.5345279  1.2828329
24.3750  2.39991  0.91038  0.5345262  1.2828163
24.4250  2.39989  0.91039  0.5345244  1.2828000
24.4750  2.39987  0.91040  0.5345227  1.2827841
24.5250  2.39985  0.91041  0.5345212  1.2827686
24.5750  2.39983  0.91042  0.5345201  1.2827549
24.6250  2.39980  0.91043  0.5345193  1.2827410
24.6750  2.39978  0.91044  0.5345184  1.2827268
24.7250  2.39976  0.91045  0.5345175  1.2827126
24.7750  2.39973  0.91046  0.5345169  1.2826989
24.8250  2.39971  0.91047  0.5345160  1.2826844
24.8750  2.39969  0.91048  0.5345153  1.2826701
24.9250  2.39967  0.91049  0.5345145  1.2826562
24.9750  2.39964  0.91050  0.5345137  1.2826418
25.0250  2.39962  0.91051  0.5345127  1.2826270
25.0750  2.39960  0.91051  0.5345115  1.2826111
25.1250  2.39957  0.91052  0.5345103  1.2825955
25.1750  2.39955  0.91053  0.5345089  1.2825798
25.2250  2.39953  0.91054  0.5345076  1.2825649
25.2750  2.39950  0.91055  0.5345064  1.2825506
25.3250  2.39948  0.91056  0.5345057  1.2825377
25.3750  2.39946  0.91057  0.5345052  1.2825257
25.4250  2.39944  0.91058  0.5345050  1.2825128
25.4750  2.39942  0.91059  0.5345047  1.2824997
25.5250  2.39939  0.91060  0.5345044  1.2824862
25.5750  2.39937  0.91061  0.5345037  1.2824720
25.6250  2.39935  0.91061  0.5345031  1.2824585
25.6750  2.39932  0.91062  0.5345026  1.2824450
25.7250  2.39930  0.91063  0.5345020  1.2824310
25.7750  2.39928  0.91064  0.5345014  1.2824168
25.8250  2.39925  0.91065  0.5345006  1.2824026
25.8750  2.39923  0.91066  0.5344998  1.2823883
25.9250  2.39921  0.91067  0.5344987  1.2823735
25.9750  2.39918  0.91068  0.5344976  1.2823586
26.0250  2.39916  0.91069  0.5344965  1.2823449
26.0750  2.39914  0.91069  0.5344957  1.2823313
26.1250  2.39912  0.91070  0.5344952  1.2823198
26.1750  2.39910  0.91071  0.5344951  1.2823077
26.2250  2.39908  0.91072  0.5344949  1.2822957
26.2750  2.39906  0.91073  0.5344946  1.2822833
26.3250  2.39903  0.91074  0.5344944  1.2822708
26.3750  2.39901  0.91075  0.5344940  1.2822577
26.4250  2.39899  0.91076  0.5344937  1.2822452
26.4750  2.39897  0.91077  0.5344931  1.2822318
26.5250  2.39894  0.91077  0.5344926  1.2822177
26.5750  2.39892  0.91078  0.5344918  1.2822033
26.6250  2.39890  0.91079  0.5344911  1.2821891
26.6750  2.39887  0.91080  0.5344902  1.2821749
26.7250  2.39885  0.91081  0.5344891  1.2821603
26.7750  2.39883  0.91082  0.5344878  1.2821460
26.8250  2.39881  0.91083  0.5344867  1.2821324
26.8750  2.39879  0.91084  0.5344858  1.2821198
26.9250  2.39877  0.91084  0.5344854  1.2821082
26.9750  2.39875  0.91085  0.5344852  1.2820965
27.0250  2.39873  0.91086  0.5344850  1.2820843
27.0750  2.39871  0.91087  0.5344847  1.2820714
27.1250  2.39868  0.91088  0.5344840  1.2820578
27.1750  2.39866  0.91089  0.5344834  1.2820444
27.2250  2.39864  0.91090  0.5344827  1.2820313
27.2750  2.39862  0.91091  0.5344821  1.2820183
27.3250  2.39860  0.91092  0.5344812  1.2820045
27.3750  2.39857  0.91092  0.5344802  1.2819902
27.4250  2.39855  0.91093  0.5344791  1.2819759
27.4750  2.39853  0.91094  0.5344777  1.2819607
27.5250  2.39851  0.91095  0.5344762  1.2819459
27.5750  2.39849  0.91096  0.5344746  1.2819312
27.6250  2.39847  0.91097  0.5344732  1.2819173
27.6750  2.39845  0.91098  0.5344720  1.2819046
27.7250  2.39843  0.91099  0.5344712  1.2818921
27.7750  2.39841  0.91100  0.5344704  1.2818795
27.8250  2.39839  0.91100  0.5344694  1.2818662
27.8750  2.39837  0.91101  0.5344684  1.2818527
27.9250  2.39835  0.91102  0.5344671  1.2818390
27.9750  2.39833  0.91103  0.5344657  1.2818251
28.0250  2.39831  0.91104  0.5344643  1.2818116
28.0750  2.39829  0.91105  0.5344629  1.2817980
28.1250  2.39827  0.91106  0.5344614  1.2817841
28.1750  2.39825  0.91107  0.5344598  1.2817695
28.2250  2.39823  0.91108  0.5344580  1.2817545
28.2750  2.39821  0.91109  0.5344561  1.2817392
28.3250  2.39819  0.91109  0.5344542  1.2817241
28.3750  2.39817  0.91110  0.5344520  1.2817086
28.4250  2.39816  0.91111  0.5344500  1.2816943
28.4750  2.39814  0.91112  0.5344483  1.2816811
28.5250  2.39812  0.91113  0.5344467  1.2816677
28.5750  2.39810  0.91114  0.5344452  1.2816539
28.6250  2.39808  0.91115  0.5344436  1.2816402
28.6750  2.39806  0.91116  0.5344419  1.2816262
28.7250  2.39805  0.91117  0.5344403  1.2816123
28.7750  2.39803  0.91118  0.5344387  1.2815981
28.8250  2.39801  0.91118  0.5344370  1.2815845
28.8750  2.39799  0.91119  0.5344354  1.2815704
28.9250  2.39797  0.91120  0.5344336  1.2815558
28.9750  2.39795  0.91121  0.5344319  1.2815410
29.0250  2.39793  0.91122  0.5344301  1.2815264
29.0750  2.39791  0.91123  0.5344282  1.2815118
29.1250  2.39789  0.91124  0.5344265  1.2814969
29.1750  2.39787  0.91125  0.5344245  1.2814814
29.2250  2.39785  0.91126  0.5344225  1.2814658
29.2750  2.39783  0.91127  0.5344203  1.2814509
29.3250  2.39781  0.91128  0.5344183  1.2814357
29.3750  2.39779  0.91129  0.5344163  1.2814201
29.4250  2.39777  0.91130  0.5344141  1.2814044
29.4750  2.39775  0.91131  0.5344118  1.2813885
29.5250  2.39773  0.91132  0.5344093  1.2813717
29.5750  2.39772  0.91133  0.5344065  1.2813550
29.6250  2.39770  0.91134  0.5344037  1.2813382
29.6750  2.39768  0.91135  0.5344008  1.2813218
29.7250  2.39766  0.91135  0.5343980  1.2813054
29.7750  2.39764  0.91136  0.5343951  1.2812885
29.8250  2.39762  0.91137  0.5343921  1.2812710
29.8750  2.39761  0.91138  0.5343886  1.2812531
29.9250  2.39759  0.91139  0.5343850  1.2812352
29.9750  2.39757  0.91140  0.5343813  1.2812179
30.0250  2.39756  0.91141  0.5343780  1.2812030
30.0750  2.39754  0.91142  0.5343751  1.2811882
30.1250  2.39753  0.91143  0.5343723  1.2811729
30.1750  2.39751  0.91144  0.5343693  1.2811570
30.2250  2.39750  0.91145  0.5343661  1.2811408
30.2750  2.39748  0.91146  0.5343626  1.2811234
30.3250  2.39746  0.91147  0.5343589  1.2811061
30.3750  2.39745  0.91148  0.5343549  1.2810887
30.4250  2.39743  0.91149  0.5343510  1.2810717
30.4750  2.39742  0.91150  0.5343471  1.2810540
30.5250  2.39740  0.91151  0.5343429  1.2810360
30.5750  2.39739  0.91152  0.5343384  1.2810175
30.6250  2.39738  0.91152  0.5343335  1.2809989
30.6750  2.39737  0.91153  0.5343285  1.2809806
30.7250  2.39735  0.91154  0.5343235  1.2809622
30.7750  2.39734  0.91155  0.5343184  1.2809446
30.8250  2.39733  0.91156  0.5343138  1.2809283
30.8750  2.39732  0.91157  0.5343092  1.2809112
30.9250  2.39731  0.91158  0.5343044  1.2808939
30.9750  2.39730  0.91159  0.5342996  1.2808769
31.0250  2.39729  0.91160  0.5342946  1.2808596
31.0750  2.39728  0.91161  0.5342895  1.2808415
31.1250  2.39727  0.91162  0.5342842  1.2808235
31.1750  2.39726  0.91163  0.5342789  1.2808052
31.2250  2.39725  0.91164  0.5342735  1.2807869
31.2750  2.39724  0.91165  0.5342681  1.2807686
31.3250  2.39723  0.91166  0.5342625  1.2807500
31.3750  2.39722  0.91167  0.5342567  1.2807305
31.4250  2.39721  0.91167  0.5342507  1.2807111
31.4750  2.39720  0.91168  0.5342444  1.2806913
31.5250  2.39719  0.91169  0.5342381  1.2806717
31.5750  2.39719  0.91170  0.5342321  1.2806536
31.6250  2.39718  0.91171  0.5342265  1.2806369
31.6750  2.39717  0.91172  0.5342211  1.2806200
31.7250  2.39716  0.91173  0.5342156  1.2806026
31.7750  2.39716  0.91174  0.5342100  1.2805849
31.8250  2.39715  0.91175  0.5342042  1.2805667
31.8750  2.39714  0.91176  0.5341981  1.2805479
31.9250  2.39713  0.91177  0.5341917  1.2805287
31.9750  2.39713  0.91178  0.5341853  1.2805097
32.0250  2.39712  0.91179  0.5341788  1.2804903
32.0750  2.39711  0.91180  0.5341721  1.2804704
32.1250  2.39711  0.91181  0.5341653  1.2804507
32.1750  2.39710  0.91182  0.5341581  1.2804296
32.2250  2.39709  0.91183  0.5341507  1.2804087
32.2750  2.39709  0.91184  0.5341431  1.2803873
32.3250  2.39708  0.91185  0.5341352  1.2803662
32.3750  2.39708  0.91185  0.5341273  1.2803460
32.4250  2.39708  0.91186  0.5341198  1.2803271
32.4750  2.39708  0.91187  0.5341123  1.2803073
32.5250  2.39707  0.91188  0.5341048  1.2802873
32.5750  2.39707  0.91189  0.5340968  1.2802663
32.6250  2.39706  0.91190  0.5340887  1.2802451
32.6750  2.39706  0.91191  0.5340802  1.2802233
32.7250  2.39706  0.91192  0.5340713  1.2802008
32.7750  2.39706  0.91193  0.5340622  1.2801785
32.8250  2.39706  0.91194  0.5340532  1.2801566
32.8750  2.39706  0.91195  0.5340440  1.2801340
32.9250  2.39706  0.91196  0.5340347  1.2801111
32.9750  2.39706  0.91197  0.5340252  1.2800878
33.0250  2.39705  0.91198  0.5340154  1.2800641
33.0750  2.39706  0.91199  0.5340053  1.2800404
33.1250  2.39706  0.91201  0.5339950  1.2800161
33.1750  2.39706  0.91202  0.5339848  1.2799932
33.2250  2.39706  0.91203  0.5339748  1.2799715
33.2750  2.39707  0.91204  0.5339651  1.2799494
33.3250  2.39707  0.91205  0.5339553  1.2799270
33.3750  2.39707  0.91206  0.5339452  1.2799037
33.4250  2.39707  0.91207  0.5339348  1.2798798
33.4750  2.39707  0.91208  0.5339240  1.2798555
33.5250  2.39708  0.91209  0.5339131  1.2798308
33.5750  2.39708  0.91210  0.5339020  1.2798061
33.6250  2.39708  0.91211  0.5338908  1.2797817
33.6750  2.39709  0.91212  0.5338793  1.2797559
33.7250  2.39709  0.91213  0.5338675  1.2797296
33.7750  2.39710  0.91214  0.5338553  1.2797029
33.8250  2.39710  0.91215  0.5338428  1.2796761
33.8750  2.39711  0.91216  0.5338300  1.2796488
33.9250  2.39712  0.91217  0.5338171  1.2796211
33.9750  2.39712  0.91218  0.5338040  1.2795941
34.0250  2.39713  0.91220  0.5337911  1.2795683
34.0750  2.39714  0.91221  0.5337785  1.2795430
34.1250  2.39715  0.91222  0.5337657  1.2795165
34.1750  2.39716  0.91223  0.5337528  1.2794898
34.2250  2.39717  0.91224  0.5337396  1.2794627
34.2750  2.39717  0.91225  0.5337264  1.2794353
34.3250  2.39718  0.91226  0.5337127  1.2794071
34.3750  2.39719  0.91227  0.5336987  1.2793785
34.4250  2.39720  0.91229  0.5336845  1.2793500
34.4750  2.39721  0.91230  0.5336702  1.2793216
34.5250  2.39722  0.91231  0.5336557  1.2792923
34.5750  2.39724  0.91232  0.5336408  1.2792625
34.6250  2.39725  0.91233  0.5336255  1.2792319
34.6750  2.39726  0.91234  0.5336098  1.2792010
34.7250  2.39727  0.91236  0.5335938  1.2791694
34.7750  2.39729  0.91237  0.5335774  1.2791380
34.8250  2.39730  0.91238  0.5335611  1.2791078
34.8750  2.39732  0.91239  0.5335453  1.2790781
34.9250  2.39733  0.91240  0.5335293  1.2790477
34.9750  2.39735  0.91241  0.5335131  1.2790173
35.0250  2.39736  0.91243  0.5334967  1.2789861
35.0750  2.39738  0.91244  0.5334801  1.2789543
35.1250  2.39739  0.91245  0.5334632  1.2789217
35.1750  2.39741  0.91246  0.5334460  1.2788891
35.2250  2.39743  0.91248  0.5334284  1.2788558
35.2750  2.39745  0.91249  0.5334105  1.2788227
35.3250  2.39746  0.91250  0.5333926  1.2787888
35.3750  2.39748  0.91252  0.5333743  1.2787545
35.4250  2.39750  0.91253  0.5333556  1.2787193
35.4750  2.39752  0.91254  0.5333365  1.2786843
35.5250  2.39754  0.91255  0.5333174  1.2786490
35.5750  2.39756  0.91257  0.5332978  1.2786125
35.6250  2.39758  0.91258  0.5332778  1.2785759
35.6750  2.39760  0.91259  0.5332575  1.2785386
35.7250  2.39762  0.91261  0.5332368  1.2785007
35.7750  2.39765  0.91262  0.5332156  1.2784619
35.8250  2.39767  0.91264  0.5331939  1.2784224
35.8750  2.39769  0.91265  0.5331718  1.2783823
35.9250  2.39772  0.91266  0.5331493  1.2783420
35.9750  2.39775  0.91268  0.5331266  1.2783017
36.0250  2.39777  0.91269  0.5331038  1.2782625
36.0750  2.39780  0.91270  0.5330809  1.2782238
36.1250  2.39783  0.91272  0.5330579  1.2781845
36.1750  2.39786  0.91273  0.5330347  1.2781451
36.2250  2.39789  0.91274  0.5330112  1.2781048
36.2750  2.39793  0.91276  0.5329871  1.2780635
36.3250  2.39796  0.91277  0.5329626  1.2780217
36.3750  2.39799  0.91279  0.5329377  1.2779791
36.4250  2.39802  0.91280  0.5329123  1.2779357
36.4750  2.39806  0.91282  0.5328864  1.2778919
36.5250  2.39809  0.91283  0.5328602  1.2778480
36.5750  2.39813  0.91284  0.5328335  1.2778035
36.6250  2.39817  0.91286  0.5328063  1.2777580
36.6750  2.39820  0.91287  0.5327787  1.2777115
36.7250  2.39824  0.91289  0.5327505  1.2776655
36.7750  2.39828  0.91290  0.5327221  1.2776191
36.8250  2.39833  0.91292  0.5326933  1.2775730
36.8750  2.39837  0.91293  0.5326647  1.2775275
36.9250  2.39841  0.91295  0.5326356  1.2774810
36.9750  2.39846  0.91296  0.5326060  1.2774336
37.0250  2.39850  0.91298  0.5325760  1.2773857
37.0750  2.39855  0.91299  0.5325455  1.2773364
37.1250  2.39859  0.91301  0.5325146  1.2772865
37.1750  2.39864  0.91302  0.5324829  1.2772362
37.2250  2.39869  0.91304  0.5324506  1.2771847
37.2750  2.39874  0.91306  0.5324178  1.2771327
37.3250  2.39879  0.91307  0.5323848  1.2770805
37.3750  2.39885  0.91309  0.5323509  1.2770274
37.4250  2.39890  0.91310  0.5323163  1.2769724
37.4750  2.39895  0.91312  0.5322813  1.2769175
37.5250  2.39901  0.91314  0.5322457  1.2768618
37.5750  2.39907  0.91315  0.5322096  1.2768064
37.6250  2.39913  0.91317  0.5321733  1.2767514
37.6750  2.39919  0.91319  0.5321367  1.2766958
37.7250  2.39925  0.91320  0.5320997  1.2766397
37.7750  2.39931  0.91322  0.5320622  1.2765826
37.8250  2.39937  0.91324  0.5320239  1.2765242
37.8750  2.39944  0.91326  0.5319850  1.2764648
37.9250  2.39950  0.91327  0.5319452  1.2764040
37.9750  2.39957  0.91329  0.5319046  1.2763422
38.0250  2.39964  0.91331  0.5318634  1.2762794
38.0750  2.39971  0.91333  0.5318215  1.2762163
38.1250  2.39978  0.91335  0.5317792  1.2761524
38.1750  2.39985  0.91337  0.5317363  1.2760873
38.2250  2.39992  0.91338  0.5316926  1.2760216
38.2750  2.40000  0.91340  0.5316482  1.2759542
38.3250  2.40007  0.91342  0.5316027  1.2758862
38.3750  2.40015  0.91344  0.5315567  1.2758182
38.4250  2.40024  0.91346  0.5315103  1.2757503
38.4750  2.40032  0.91348  0.5314636  1.2756823
38.5250  2.40040  0.91350  0.5314163  1.2756128
38.5750  2.40049  0.91352  0.5313681  1.2755417
38.6250  2.40057  0.91354  0.5313191  1.2754693
38.6750  2.40066  0.91356  0.5312696  1.2753961
38.7250  2.40075  0.91358  0.5312189  1.2753215
38.7750  2.40084  0.91360  0.5311676  1.2752463
38.8250  2.40093  0.91363  0.5311154  1.2751693
38.8750  2.40102  0.91365  0.5310624  1.2750916
38.9250  2.40111  0.91367  0.5310088  1.2750129
38.9750  2.40121  0.91369  0.5309542  1.2749320
39.0250  2.40131  0.91371  0.5308986  1.2748501
39.0750  2.40140  0.91374  0.5308421  1.2747666
39.1250  2.40151  0.91376  0.5307846  1.2746820
39.1750  2.40161  0.91378  0.5307265  1.2745968
39.2250  2.40171  0.91381  0.5306677  1.2745119
39.2750  2.40182  0.91383  0.5306084  1.2744261
39.3250  2.40193  0.91386  0.5305485  1.2743399
39.3750  2.40204  0.91388  0.5304877  1.2742518
39.4250  2.40215  0.91391  0.5304261  1.2741621
39.4750  2.40226  0.91393  0.5303636  1.2740713
39.5250  2.40237  0.91396  0.5302999  1.2739786
39.5750  2.40249  0.91398  0.5302351  1.2738838
39.6250  2.40261  0.91401  0.5301694  1.2737877
39.6750  2.40272  0.91404  0.5301027  1.2736905
39.7250  2.40284  0.91406  0.5300352  1.2735924
39.7750  2.40297  0.91409  0.5299666  1.2734919
39.8250  2.40309  0.91412  0.5298970  1.2733901
39.8750  2.40321  0.91415  0.5298266  1.2732863
39.9250  2.40334  0.91418  0.5297549  1.2731810
39.9750  2.40347  0.91421  0.5296823  1.2730746
40.0250  2.40360  0.91424  0.5296086  1.2729672
40.0750  2.40373  0.91427  0.5295345  1.2728598
40.1250  2.40387  0.91430  0.5294597  1.2727515
40.1750  2.40400  0.91433  0.5293838  1.2726406
40.2250  2.40414  0.91436  0.5293072  1.2725284
40.2750  2.40428  0.91439  0.5292294  1.2724142
40.3250  2.40442  0.91443  0.5291507  1.2722985
40.3750  2.40456  0.91446  0.5290707  1.2721801
40.4250  2.40470  0.91449  0.5289896  1.2720608
40.4750  2.40484  0.91453  0.5289074  1.2719389
40.5250  2.40499  0.91456  0.5288242  1.2718154
40.5750  2.40513  0.91460  0.5287399  1.2716902
40.6250  2.40528  0.91464  0.5286547  1.2715640
40.6750  2.40543  0.91467  0.5285684  1.2714350
40.7250  2.40558  0.91471  0.5284809  1.2713041
40.7750  2.40573  0.91475  0.5283923  1.2711718
40.8250  2.40589  0.91479  0.5283027  1.2710373
40.8750  2.40604  0.91483  0.5282117  1.2709002
40.9250  2.40620  0.91487  0.5281196  1.2707615
40.9750  2.40636  0.91491  0.5280269  1.2706225
41.0250  2.40652  0.91495  0.5279334  1.2704822
41.0750  2.40668  0.91499  0.5278391  1.2703408
41.1250  2.40684  0.91503  0.5277440  1.2701974
41.1750  2.40701  0.91508  0.5276476  1.2700517
41.2250  2.40717  0.91512  0.5275499  1.2699032
41.2750  2.40734  0.91517  0.5274510  1.2697527
41.3250  2.40750  0.91521  0.5273510  1.2695991
41.3750  2.40767  0.91526  0.5272498  1.2694434
41.4250  2.40784  0.91531  0.5271473  1.2692852
41.4750  2.40801  0.91536  0.5270438  1.2691246
41.5250  2.40817  0.91541  0.5269390  1.2689608
41.5750  2.40834  0.91546  0.5268331  1.2687953
41.6250  2.40851  0.91551  0.5267262  1.2686279
41.6750  2.40869  0.91556  0.5266184  1.2684585
41.7250  2.40886  0.91562  0.5265096  1.2682867
41.7750  2.40903  0.91567  0.5263996  1.2681121
41.8250  2.40920  0.91573  0.5262886  1.2679346
41.8750  2.40937  0.91579  0.5261764  1.2677544
41.9250  2.40954  0.91585  0.5260631  1.2675718
41.9750  2.40971  0.91591  0.5259488  1.2673862
42.0250  2.40989  0.91597  0.5258331  1.2671976
42.0750  2.41006  0.91603  0.5257165  1.2670066
42.1250  2.41023  0.91610  0.5255991  1.2668130
42.1750  2.41040  0.91616  0.5254806  1.2666172
42.2250  2.41057  0.91623  0.5253609  1.2664179
42.2750  2.41074  0.91630  0.5252401  1.2662157
42.3250  2.41091  0.91637  0.5251184  1.2660105
42.3750  2.41107  0.91644  0.5249955  1.2658026
42.4250  2.41124  0.91651  0.5248716  1.2655917
42.4750  2.41141  0.91659  0.5247470  1.2653781
42.5250  2.41157  0.91666  0.5246214  1.2651613
42.5750  2.41173  0.91674  0.5244946  1.2649411
42.6250  2.41190  0.91682  0.5243670  1.2647185
42.6750  2.41206  0.91690  0.5242383  1.2644922
42.7250  2.41221  0.91699  0.5241088  1.2642628
42.7750  2.41237  0.91707  0.5239784  1.2640302
42.8250  2.41253  0.91716  0.5238471  1.2637944
42.8750  2.41268  0.91725  0.5237150  1.2635552
42.9250  2.41283  0.91734  0.5235819  1.2633126
42.9750  2.41297  0.91743  0.5234481  1.2630669
43.0250  2.41312  0.91753  0.5233133  1.2628170
43.0750  2.41326  0.91763  0.5231778  1.2625642
43.1250  2.41340  0.91773  0.5230414  1.2623076
43.1750  2.41353  0.91783  0.5229042  1.2620461
43.2250  2.41366  0.91794  0.5227660  1.2617804
43.2750  2.41379  0.91805  0.5226269  1.2615118
43.3250  2.41391  0.91816  0.5224872  1.2612394
43.3750  2.41403  0.91827  0.5223470  1.2609634
43.4250  2.41415  0.91839  0.5222062  1.2606835
43.4750  2.41426  0.91851  0.5220646  1.2603989
43.5250  2.41436  0.91863  0.5219222  1.2601093
43.5750  2.41446  0.91875  0.5217785  1.2598133
43.6250  2.41455  0.91888  0.5216338  1.2595130
43.6750  2.41464  0.91901  0.5214885  1.2592094
43.7250  2.41473  0.91915  0.5213428  1.2589006
43.7750  2.41480  0.91929  0.5211961  1.2585869
43.8250  2.41488  0.91943  0.5210488  1.2582685
43.8750  2.41494  0.91957  0.5209011  1.2579458
43.9250  2.41500  0.91972  0.5207530  1.2576185
43.9750  2.41505  0.91988  0.5206041  1.2572842
44.0250  2.41509  0.92003  0.5204540  1.2569444
44.0750  2.41513  0.92019  0.5203036  1.2566004
44.1250  2.41516  0.92036  0.5201525  1.2562509
44.1750  2.41518  0.92052  0.5200010  1.2558962
44.2250  2.41519  0.92070  0.5198491  1.2555361
44.2750  2.41520  0.92087  0.5196964  1.2551687
44.3250  2.41519  0.92105  0.5195429  1.2547958
44.3750  2.41518  0.92124  0.5193892  1.2544172
44.4250  2.41516  0.92143  0.5192351  1.2540333
44.4750  2.41512  0.92162  0.5190805  1.2536430
44.5250  2.41508  0.92182  0.5189252  1.2532464
44.5750  2.41503  0.92202  0.5187694  1.2528429
44.6250  2.41497  0.92223  0.5186132  1.2524335
44.6750  2.41489  0.92244  0.5184567  1.2520171
44.7250  2.41481  0.92266  0.5182998  1.2515948
44.7750  2.41471  0.92288  0.5181424  1.2511655
44.8250  2.41461  0.92311  0.5179848  1.2507296
44.8750  2.41449  0.92335  0.5178267  1.2502859
44.9250  2.41436  0.92359  0.5176682  1.2498358
44.9750  2.41421  0.92383  0.5175096  1.2493787
45.0250  2.41406  0.92408  0.5173507  1.2489142
45.0750  2.41389  0.92434  0.5171917  1.2484432
45.1250  2.41371  0.92460  0.5170327  1.2479655
45.1750  2.41351  0.92487  0.5168736  1.2474799
45.2250  2.41330  0.92514  0.5167142  1.2469862
45.2750  2.41307  0.92543  0.5165547  1.2464850
45.3250  2.41283  0.92571  0.5163950  1.2459754
45.3750  2.41258  0.92601  0.5162352  1.2454578
45.4250  2.41231  0.92631  0.5160752  1.2449322
45.4750  2.41202  0.92661  0.5159151  1.2443979
45.5250  2.41172  0.92693  0.5157549  1.2438562
45.5750  2.41140  0.92725  0.5155947  1.2433051
45.6250  2.41106  0.92758  0.5154341  1.2427452
45.6750  2.41071  0.92791  0.5152738  1.2421768
45.7250  2.41034  0.92825  0.5151134  1.2415994
45.7750  2.40995  0.92860  0.5149529  1.2410131
45.8250  2.40955  0.92896  0.5147923  1.2404177
45.8750  2.40913  0.92933  0.5146319  1.2398126
45.9250  2.40868  0.92970  0.5144714  1.2391990
45.9750  2.40822  0.93008  0.5143113  1.2385765
46.0250  2.40774  0.93047  0.5141516  1.2379444
46.0750  2.40724  0.93087  0.5139920  1.2373030
46.1250  2.40672  0.93127  0.5138326  1.2366520
46.1750  2.40618  0.93168  0.5136734  1.2359911
46.2250  2.40562  0.93211  0.5135142  1.2353191
46.2750  2.40504  0.93254  0.5133550  1.2346367
46.3250  2.40443  0.93297  0.5131960  1.2339441
46.3750  2.40381  0.93342  0.5130371  1.2332412
46.4250  2.40316  0.93388  0.5128784  1.2325281
46.4750  2.40249  0.93434  0.5127201  1.2318046
46.5250  2.40180  0.93482  0.5125622  1.2310708
46.5750  2.40109  0.93530  0.5124047  1.2303272
46.6250  2.40035  0.93580  0.5122477  1.2295730
46.6750  2.39959  0.93630  0.5120913  1.2288085
46.7250  2.39880  0.93681  0.5119351  1.2280319
46.7750  2.39800  0.93733  0.5117792  1.2272449
46.8250  2.39717  0.93787  0.5116237  1.2264465
46.8750  2.39631  0.93841  0.5114686  1.2256370
46.9250  2.39543  0.93896  0.5113139  1.2248156
46.9750  2.39452  0.93952  0.5111596  1.2239832
47.0250  2.39359  0.94009  0.5110057  1.2231390
47.0750  2.39264  0.94068  0.5108523  1.2222837
47.1250  2.39166  0.94127  0.5106995  1.2214173
47.1750  2.39065  0.94187  0.5105473  1.2205392
47.2250  2.38961  0.94249  0.5103956  1.2196487
47.2750  2.38856  0.94311  0.5102443  1.2187468
47.3250  2.38747  0.94375  0.5100936  1.2178327
47.3750  2.38636  0.94439  0.5099434  1.2169065
47.4250  2.38522  0.94505  0.5097938  1.2159683
47.4750  2.38405  0.94572  0.5096446  1.2150182
47.5250  2.38286  0.94640  0.5094960  1.2140561
47.5750  2.38164  0.94709  0.5093483  1.2130831
47.6250  2.38039  0.94779  0.5092015  1.2120981
47.6750  2.37911  0.94850  0.5090553  1.2111002
47.7250  2.37781  0.94922  0.5089097  1.2100905
47.7750  2.37648  0.94996  0.5087646  1.2090683
47.8250  2.37512  0.95070  0.5086200  1.2080332
47.8750  2.37373  0.95146  0.5084762  1.2069864
47.9250  2.37232  0.95223  0.5083333  1.2059277
47.9750  2.37087  0.95301  0.5081911  1.2048570
48.0250  2.36940  0.95381  0.5080497  1.2037735
48.0750  2.36790  0.95461  0.5079089  1.2026780
48.1250  2.36637  0.95543  0.5077688  1.2015700
48.1750  2.36481  0.95626  0.5076299  1.2004504
48.2250  2.36323  0.95710  0.5074917  1.1993185
48.2750  2.36161  0.95795  0.5073544  1.1981735
48.3250  2.35997  0.95882  0.5072181  1.1970171
48.3750  2.35829  0.95970  0.5070829  1.1958486
48.4250  2.35658  0.96059  0.5069489  1.1946672
48.4750  2.35485  0.96149  0.5068162  1.1934745
48.5250  2.35308  0.96241  0.5066850  1.1922688
48.5750  2.35127  0.96334  0.5065554  1.1910504
48.6250  2.34943  0.96429  0.5064278  1.1898186
48.6750  2.34756  0.96525  0.5063025  1.1885742
48.7250  2.34564  0.96623  0.5061803  1.1873169
48.7750  2.34368  0.96723  0.5060626  1.1860484
48.8250  2.34168  0.96825  0.5059525  1.1847768
48.8750  2.33967  0.96929  0.5058624  1.1835508
48.9250  2.33790  0.97037  0.5058524  1.1826319
48.9750  2.33766  0.97152  0.5062262  1.1833824
