      xx/10.        Omega0        Omega1        Omega2           C_l         r_avg
         [-]       [kg^-1]     [m kg^-1]   [m^2 kg^-1]           [-]           [m]
 1.02500E+00   1.92969E+20   6.51269E+10   2.70327E+01   4.21975E-05   3.37499E-10
 1.07500E+00   3.04257E+20   9.68065E+10   4.26425E+01   6.65793E-05   3.18173E-10
 1.12500E+00   4.14037E+20   1.13855E+11   5.80594E+01   9.06745E-05   2.74989E-10
 1.17500E+00   5.22357E+20   1.50206E+11   7.32895E+01   1.14492E-04   2.87554E-10
 1.22500E+00   6.29262E+20   1.89944E+11   8.83381E+01   1.38039E-04   3.01852E-10
 1.27500E+00   7.34789E+20   2.29943E+11   1.03210E+02   1.61323E-04   3.12938E-10
 1.32500E+00   8.38971E+20   2.69599E+11   1.17908E+02   1.84349E-04   3.21345E-10
 1.37500E+00   9.41839E+20   3.08801E+11   1.32438E+02   2.07123E-04   3.27871E-10
 1.42500E+00   1.04342E+21   3.47537E+11   1.46802E+02   2.29650E-04   3.33074E-10
 1.47500E+00   1.14375E+21   3.85812E+11   1.61004E+02   2.51935E-04   3.37321E-10
 1.52500E+00   1.24285E+21   4.23634E+11   1.75047E+02   2.73982E-04   3.40856E-10
 1.57500E+00   1.34074E+21   4.61011E+11   1.88935E+02   2.95796E-04   3.43847E-10
 1.62500E+00   1.43746E+21   4.97952E+11   2.02669E+02   3.17382E-04   3.46412E-10
 1.67500E+00   1.53301E+21   5.34466E+11   2.16253E+02   3.38743E-04   3.48637E-10
 1.72500E+00   1.62744E+21   5.70561E+11   2.29691E+02   3.59884E-04   3.50588E-10
 1.77500E+00   1.72076E+21   6.06245E+11   2.42984E+02   3.80809E-04   3.52313E-10
 1.82500E+00   1.81299E+21   6.41528E+11   2.56136E+02   4.01522E-04   3.53851E-10
 1.87500E+00   1.90416E+21   6.76418E+11   2.69150E+02   4.22028E-04   3.55232E-10
 1.92500E+00   1.99428E+21   7.10921E+11   2.82027E+02   4.42329E-04   3.56480E-10
 1.97500E+00   2.08338E+21   7.45044E+11   2.94771E+02   4.62430E-04   3.57613E-10
 2.02500E+00   2.17148E+21   7.78796E+11   3.07385E+02   4.82334E-04   3.58647E-10
 2.07500E+00   2.25860E+21   8.12185E+11   3.19869E+02   5.02046E-04   3.59596E-10
 2.12500E+00   2.34476E+21   8.45216E+11   3.32228E+02   5.21567E-04   3.60471E-10
 2.17500E+00   2.42997E+21   8.77897E+11   3.44463E+02   5.40902E-04   3.61279E-10
 2.22500E+00   2.51426E+21   9.10233E+11   3.56576E+02   5.60054E-04   3.62028E-10
 2.27500E+00   2.59764E+21   9.42230E+11   3.68570E+02   5.79026E-04   3.62726E-10
 2.32500E+00   2.68012E+21   9.73898E+11   3.80447E+02   5.97822E-04   3.63378E-10
 2.37500E+00   2.76174E+21   1.00524E+12   3.92209E+02   6.16444E-04   3.63989E-10
 2.42500E+00   2.84249E+21   1.03627E+12   4.03857E+02   6.34895E-04   3.64563E-10
 2.47500E+00   2.92240E+21   1.06698E+12   4.15395E+02   6.53178E-04   3.65104E-10
 2.52500E+00   3.00149E+21   1.09739E+12   4.26823E+02   6.71297E-04   3.65616E-10
 2.57500E+00   3.07977E+21   1.12751E+12   4.38145E+02   6.89254E-04   3.66101E-10
 2.62500E+00   3.15725E+21   1.15733E+12   4.49361E+02   7.07051E-04   3.66561E-10
 2.67500E+00   3.23395E+21   1.18686E+12   4.60474E+02   7.24692E-04   3.66998E-10
 2.72500E+00   3.30989E+21   1.21610E+12   4.71484E+02   7.42179E-04   3.67414E-10
 2.77500E+00   3.38506E+21   1.24506E+12   4.82395E+02   7.59515E-04   3.67811E-10
 2.82500E+00   3.45950E+21   1.27375E+12   4.93207E+02   7.76700E-04   3.68189E-10
 2.87500E+00   3.53320E+21   1.30216E+12   5.03922E+02   7.93738E-04   3.68549E-10
 2.92500E+00   3.60619E+21   1.33030E+12   5.14541E+02   8.10632E-04   3.68894E-10
 2.97500E+00   3.67847E+21   1.35818E+12   5.25066E+02   8.27383E-04   3.69224E-10
 3.02500E+00   3.75006E+21   1.38580E+12   5.35499E+02   8.43993E-04   3.69540E-10
 3.07500E+00   3.82096E+21   1.41316E+12   5.45840E+02   8.60465E-04   3.69844E-10
 3.12500E+00   3.89119E+21   1.44027E+12   5.56092E+02   8.76801E-04   3.70136E-10
 3.17500E+00   3.96076E+21   1.46714E+12   5.66256E+02   8.93002E-04   3.70417E-10
 3.22500E+00   4.02969E+21   1.49376E+12   5.76332E+02   9.09071E-04   3.70689E-10
 3.27500E+00   4.09797E+21   1.52015E+12   5.86323E+02   9.25010E-04   3.70951E-10
 3.32500E+00   4.16562E+21   1.54630E+12   5.96229E+02   9.40820E-04   3.71205E-10
 3.37500E+00   4.23265E+21   1.57222E+12   6.06053E+02   9.56504E-04   3.71450E-10
 3.42500E+00   4.29908E+21   1.59791E+12   6.15794E+02   9.72063E-04   3.71688E-10
 3.47500E+00   4.36490E+21   1.62339E+12   6.25456E+02   9.87500E-04   3.71918E-10
 3.52500E+00   4.43014E+21   1.64863E+12   6.35038E+02   1.00282E-03   3.72141E-10
 3.57500E+00   4.49479E+21   1.67367E+12   6.44542E+02   1.01801E-03   3.72356E-10
 3.62500E+00   4.55888E+21   1.69848E+12   6.53968E+02   1.03309E-03   3.72566E-10
 3.67500E+00   4.62240E+21   1.72309E+12   6.63319E+02   1.04805E-03   3.72769E-10
 3.72500E+00   4.68537E+21   1.74749E+12   6.72595E+02   1.06290E-03   3.72967E-10
 3.77500E+00   4.74779E+21   1.77169E+12   6.81798E+02   1.07764E-03   3.73160E-10
 3.82500E+00   4.80967E+21   1.79568E+12   6.90927E+02   1.09226E-03   3.73348E-10
 3.87500E+00   4.87102E+21   1.81948E+12   6.99985E+02   1.10678E-03   3.73532E-10
 3.92500E+00   4.93186E+21   1.84309E+12   7.08973E+02   1.12119E-03   3.73711E-10
 3.97500E+00   4.99218E+21   1.86650E+12   7.17890E+02   1.13549E-03   3.73886E-10
 4.02500E+00   5.05199E+21   1.88973E+12   7.26739E+02   1.14968E-03   3.74057E-10
 4.07500E+00   5.11130E+21   1.91278E+12   7.35521E+02   1.16378E-03   3.74225E-10
 4.12500E+00   5.17012E+21   1.93564E+12   7.44234E+02   1.17776E-03   3.74390E-10
 4.17500E+00   5.22845E+21   1.95831E+12   7.52882E+02   1.19165E-03   3.74550E-10
 4.22500E+00   5.28630E+21   1.98081E+12   7.61464E+02   1.20544E-03   3.74706E-10
 4.27500E+00   5.34367E+21   2.00312E+12   7.69982E+02   1.21913E-03   3.74859E-10
 4.32500E+00   5.40058E+21   2.02526E+12   7.78437E+02   1.23272E-03   3.75008E-10
 4.37500E+00   5.45703E+21   2.04722E+12   7.86828E+02   1.24621E-03   3.75153E-10
 4.42500E+00   5.51302E+21   2.06901E+12   7.95157E+02   1.25961E-03   3.75295E-10
 4.47500E+00   5.56856E+21   2.09063E+12   8.03425E+02   1.27291E-03   3.75435E-10
 4.52500E+00   5.62366E+21   2.11209E+12   8.11632E+02   1.28613E-03   3.75571E-10
 4.57500E+00   5.67833E+21   2.13338E+12   8.19781E+02   1.29925E-03   3.75705E-10
 4.62500E+00   5.73256E+21   2.15450E+12   8.27870E+02   1.31228E-03   3.75836E-10
 4.67500E+00   5.78637E+21   2.17547E+12   8.35900E+02   1.32522E-03   3.75965E-10
 4.72500E+00   5.83976E+21   2.19628E+12   8.43874E+02   1.33807E-03   3.76091E-10
 4.77500E+00   5.89273E+21   2.21693E+12   8.51790E+02   1.35083E-03   3.76215E-10
 4.82500E+00   5.94530E+21   2.23743E+12   8.59651E+02   1.36351E-03   3.76336E-10
 4.87500E+00   5.99747E+21   2.25778E+12   8.67456E+02   1.37610E-03   3.76456E-10
 4.92500E+00   6.04924E+21   2.27798E+12   8.75207E+02   1.38861E-03   3.76574E-10
 4.97500E+00   6.10061E+21   2.29804E+12   8.82904E+02   1.40103E-03   3.76689E-10
 5.02500E+00   6.15160E+21   2.31794E+12   8.90547E+02   1.41338E-03   3.76803E-10
 5.07500E+00   6.20221E+21   2.33771E+12   8.98138E+02   1.42564E-03   3.76915E-10
 5.12500E+00   6.25244E+21   2.35733E+12   9.05677E+02   1.43782E-03   3.77026E-10
 5.17500E+00   6.30230E+21   2.37682E+12   9.13165E+02   1.44992E-03   3.77136E-10
 5.22500E+00   6.35180E+21   2.39617E+12   9.20603E+02   1.46195E-03   3.77243E-10
 5.27500E+00   6.40093E+21   2.41539E+12   9.27991E+02   1.47390E-03   3.77349E-10
 5.32500E+00   6.44971E+21   2.43446E+12   9.35329E+02   1.48577E-03   3.77453E-10
 5.37500E+00   6.49813E+21   2.45340E+12   9.42618E+02   1.49756E-03   3.77555E-10
 5.42500E+00   6.54620E+21   2.47220E+12   9.49859E+02   1.50928E-03   3.77655E-10
 5.47500E+00   6.59392E+21   2.49088E+12   9.57052E+02   1.52093E-03   3.77754E-10
 5.52500E+00   6.64130E+21   2.50942E+12   9.64198E+02   1.53250E-03   3.77850E-10
 5.57500E+00   6.68835E+21   2.52783E+12   9.71296E+02   1.54401E-03   3.77945E-10
 5.62500E+00   6.73507E+21   2.54611E+12   9.78349E+02   1.55544E-03   3.78038E-10
 5.67500E+00   6.78146E+21   2.56426E+12   9.85357E+02   1.56680E-03   3.78128E-10
 5.72500E+00   6.82754E+21   2.58230E+12   9.92321E+02   1.57809E-03   3.78218E-10
 5.77500E+00   6.87329E+21   2.60021E+12   9.99240E+02   1.58931E-03   3.78307E-10
 5.82500E+00   6.91873E+21   2.61800E+12   1.00612E+03   1.60047E-03   3.78394E-10
 5.87500E+00   6.96385E+21   2.63568E+12   1.01295E+03   1.61155E-03   3.78480E-10
 5.92500E+00   7.00866E+21   2.65324E+12   1.01974E+03   1.62257E-03   3.78566E-10
 5.97500E+00   7.05318E+21   2.67068E+12   1.02648E+03   1.63353E-03   3.78650E-10
 6.02500E+00   7.09740E+21   2.68802E+12   1.03319E+03   1.64442E-03   3.78733E-10
 6.07500E+00   7.14133E+21   2.70525E+12   1.03985E+03   1.65525E-03   3.78817E-10
 6.12500E+00   7.18496E+21   2.72238E+12   1.04648E+03   1.66601E-03   3.78900E-10
 6.17500E+00   7.22830E+21   2.73940E+12   1.05306E+03   1.67671E-03   3.78982E-10
 6.22500E+00   7.27136E+21   2.75631E+12   1.05961E+03   1.68735E-03   3.79064E-10
 6.27500E+00   7.31415E+21   2.77312E+12   1.06611E+03   1.69793E-03   3.79144E-10
 6.32500E+00   7.35665E+21   2.78983E+12   1.07258E+03   1.70845E-03   3.79225E-10
 6.37500E+00   7.39889E+21   2.80643E+12   1.07901E+03   1.71891E-03   3.79304E-10
 6.42500E+00   7.44085E+21   2.82293E+12   1.08540E+03   1.72931E-03   3.79383E-10
 6.47500E+00   7.48254E+21   2.83932E+12   1.09175E+03   1.73966E-03   3.79460E-10
 6.52500E+00   7.52397E+21   2.85561E+12   1.09806E+03   1.74994E-03   3.79535E-10
 6.57500E+00   7.56513E+21   2.87179E+12   1.10434E+03   1.76016E-03   3.79609E-10
 6.62500E+00   7.60603E+21   2.88788E+12   1.11058E+03   1.77033E-03   3.79683E-10
 6.67500E+00   7.64667E+21   2.90387E+12   1.11679E+03   1.78045E-03   3.79755E-10
 6.72500E+00   7.68707E+21   2.91976E+12   1.12295E+03   1.79050E-03   3.79827E-10
 6.77500E+00   7.72720E+21   2.93555E+12   1.12909E+03   1.80050E-03   3.79899E-10
 6.82500E+00   7.76709E+21   2.95126E+12   1.13519E+03   1.81045E-03   3.79969E-10
 6.87500E+00   7.80674E+21   2.96687E+12   1.14125E+03   1.82034E-03   3.80040E-10
 6.92500E+00   7.84614E+21   2.98239E+12   1.14728E+03   1.83018E-03   3.80109E-10
 6.97500E+00   7.88530E+21   2.99781E+12   1.15328E+03   1.83997E-03   3.80177E-10
 7.02500E+00   7.92422E+21   3.01315E+12   1.15924E+03   1.84970E-03   3.80245E-10
 7.07500E+00   7.96291E+21   3.02839E+12   1.16517E+03   1.85938E-03   3.80312E-10
 7.12500E+00   8.00136E+21   3.04354E+12   1.17106E+03   1.86901E-03   3.80378E-10
 7.17500E+00   8.03958E+21   3.05861E+12   1.17693E+03   1.87859E-03   3.80444E-10
 7.22500E+00   8.07758E+21   3.07359E+12   1.18276E+03   1.88812E-03   3.80508E-10
 7.27500E+00   8.11535E+21   3.08848E+12   1.18856E+03   1.89760E-03   3.80572E-10
 7.32500E+00   8.15290E+21   3.10329E+12   1.19433E+03   1.90703E-03   3.80636E-10
 7.37500E+00   8.19022E+21   3.11801E+12   1.20006E+03   1.91641E-03   3.80699E-10
 7.42500E+00   8.22733E+21   3.13265E+12   1.20577E+03   1.92574E-03   3.80762E-10
 7.47500E+00   8.26422E+21   3.14721E+12   1.21144E+03   1.93502E-03   3.80823E-10
 7.52500E+00   8.30090E+21   3.16168E+12   1.21709E+03   1.94426E-03   3.80884E-10
 7.57500E+00   8.33737E+21   3.17608E+12   1.22270E+03   1.95345E-03   3.80945E-10
 7.62500E+00   8.37362E+21   3.19039E+12   1.22829E+03   1.96259E-03   3.81005E-10
 7.67500E+00   8.40967E+21   3.20463E+12   1.23384E+03   1.97169E-03   3.81064E-10
 7.72500E+00   8.44552E+21   3.21878E+12   1.23937E+03   1.98074E-03   3.81123E-10
 7.77500E+00   8.48116E+21   3.23286E+12   1.24487E+03   1.98975E-03   3.81182E-10
 7.82500E+00   8.51661E+21   3.24687E+12   1.25034E+03   1.99871E-03   3.81240E-10
 7.87500E+00   8.55185E+21   3.26081E+12   1.25578E+03   2.00762E-03   3.81298E-10
 7.92500E+00   8.58690E+21   3.27467E+12   1.26119E+03   2.01649E-03   3.81356E-10
 7.97500E+00   8.62176E+21   3.28846E+12   1.26658E+03   2.02532E-03   3.81414E-10
 8.02500E+00   8.65642E+21   3.30218E+12   1.27193E+03   2.03411E-03   3.81472E-10
 8.07500E+00   8.69089E+21   3.31582E+12   1.27726E+03   2.04285E-03   3.81529E-10
 8.12500E+00   8.72517E+21   3.32939E+12   1.28257E+03   2.05155E-03   3.81585E-10
 8.17500E+00   8.75926E+21   3.34289E+12   1.28784E+03   2.06021E-03   3.81641E-10
 8.22500E+00   8.79316E+21   3.35632E+12   1.29309E+03   2.06883E-03   3.81696E-10
 8.27500E+00   8.82688E+21   3.36967E+12   1.29832E+03   2.07740E-03   3.81751E-10
 8.32500E+00   8.86042E+21   3.38295E+12   1.30351E+03   2.08594E-03   3.81805E-10
 8.37500E+00   8.89379E+21   3.39616E+12   1.30869E+03   2.09443E-03   3.81858E-10
 8.42500E+00   8.92697E+21   3.40931E+12   1.31383E+03   2.10289E-03   3.81911E-10
 8.47500E+00   8.95997E+21   3.42239E+12   1.31895E+03   2.11130E-03   3.81964E-10
 8.52500E+00   8.99280E+21   3.43539E+12   1.32405E+03   2.11967E-03   3.82016E-10
 8.57500E+00   9.02545E+21   3.44834E+12   1.32912E+03   2.12801E-03   3.82069E-10
 8.62500E+00   9.05793E+21   3.46122E+12   1.33416E+03   2.13630E-03   3.82120E-10
 8.67500E+00   9.09024E+21   3.47403E+12   1.33918E+03   2.14456E-03   3.82171E-10
 8.72500E+00   9.12238E+21   3.48677E+12   1.34418E+03   2.15277E-03   3.82221E-10
 8.77500E+00   9.15435E+21   3.49945E+12   1.34915E+03   2.16095E-03   3.82271E-10
 8.82500E+00   9.18616E+21   3.51206E+12   1.35410E+03   2.16910E-03   3.82321E-10
 8.87500E+00   9.21780E+21   3.52461E+12   1.35903E+03   2.17720E-03   3.82370E-10
 8.92500E+00   9.24927E+21   3.53710E+12   1.36393E+03   2.18527E-03   3.82420E-10
 8.97500E+00   9.28058E+21   3.54953E+12   1.36880E+03   2.19330E-03   3.82469E-10
 9.02500E+00   9.31173E+21   3.56190E+12   1.37366E+03   2.20129E-03   3.82518E-10
 9.07500E+00   9.34273E+21   3.57420E+12   1.37849E+03   2.20925E-03   3.82565E-10
 9.12500E+00   9.37356E+21   3.58644E+12   1.38330E+03   2.21717E-03   3.82613E-10
 9.17500E+00   9.40423E+21   3.59863E+12   1.38808E+03   2.22506E-03   3.82660E-10
 9.22500E+00   9.43475E+21   3.61075E+12   1.39285E+03   2.23291E-03   3.82707E-10
 9.27500E+00   9.46512E+21   3.62281E+12   1.39759E+03   2.24072E-03   3.82754E-10
 9.32500E+00   9.49533E+21   3.63482E+12   1.40231E+03   2.24850E-03   3.82800E-10
 9.37500E+00   9.52540E+21   3.64677E+12   1.40701E+03   2.25625E-03   3.82847E-10
 9.42500E+00   9.55532E+21   3.65866E+12   1.41168E+03   2.26396E-03   3.82892E-10
 9.47500E+00   9.58508E+21   3.67050E+12   1.41634E+03   2.27164E-03   3.82939E-10
 9.52500E+00   9.61470E+21   3.68228E+12   1.42097E+03   2.27928E-03   3.82984E-10
 9.57500E+00   9.64417E+21   3.69400E+12   1.42558E+03   2.28689E-03   3.83029E-10
 9.62500E+00   9.67350E+21   3.70565E+12   1.43017E+03   2.29447E-03   3.83073E-10
 9.67500E+00   9.70269E+21   3.71725E+12   1.43474E+03   2.30201E-03   3.83116E-10
 9.72500E+00   9.73173E+21   3.72880E+12   1.43929E+03   2.30952E-03   3.83159E-10
 9.77500E+00   9.76064E+21   3.74029E+12   1.44382E+03   2.31701E-03   3.83201E-10
 9.82500E+00   9.78940E+21   3.75173E+12   1.44833E+03   2.32445E-03   3.83244E-10
 9.87500E+00   9.81803E+21   3.76311E+12   1.45282E+03   2.33187E-03   3.83286E-10
 9.92500E+00   9.84652E+21   3.77445E+12   1.45729E+03   2.33926E-03   3.83328E-10
 9.97500E+00   9.87488E+21   3.78573E+12   1.46174E+03   2.34661E-03   3.83369E-10
 1.00250E+01   9.90311E+21   3.79696E+12   1.46618E+03   2.35393E-03   3.83411E-10
 1.00750E+01   9.93120E+21   3.80814E+12   1.47059E+03   2.36123E-03   3.83452E-10
 1.01250E+01   9.95916E+21   3.81926E+12   1.47498E+03   2.36849E-03   3.83493E-10
 1.01750E+01   9.98699E+21   3.83034E+12   1.47935E+03   2.37572E-03   3.83533E-10
 1.02250E+01   1.00147E+22   3.84136E+12   1.48371E+03   2.38292E-03   3.83573E-10
 1.02750E+01   1.00423E+22   3.85234E+12   1.48804E+03   2.39010E-03   3.83613E-10
 1.03250E+01   1.00697E+22   3.86327E+12   1.49236E+03   2.39724E-03   3.83652E-10
 1.03750E+01   1.00970E+22   3.87415E+12   1.49666E+03   2.40436E-03   3.83692E-10
 1.04250E+01   1.01242E+22   3.88498E+12   1.50094E+03   2.41144E-03   3.83731E-10
 1.04750E+01   1.01513E+22   3.89577E+12   1.50521E+03   2.41850E-03   3.83770E-10
 1.05250E+01   1.01783E+22   3.90651E+12   1.50945E+03   2.42553E-03   3.83808E-10
 1.05750E+01   1.02051E+22   3.91720E+12   1.51368E+03   2.43253E-03   3.83847E-10
 1.06250E+01   1.02318E+22   3.92785E+12   1.51789E+03   2.43950E-03   3.83885E-10
 1.06750E+01   1.02584E+22   3.93845E+12   1.52208E+03   2.44645E-03   3.83924E-10
 1.07250E+01   1.02849E+22   3.94901E+12   1.52626E+03   2.45337E-03   3.83962E-10
 1.07750E+01   1.03113E+22   3.95952E+12   1.53042E+03   2.46026E-03   3.84000E-10
 1.08250E+01   1.03375E+22   3.96999E+12   1.53456E+03   2.46713E-03   3.84038E-10
 1.08750E+01   1.03636E+22   3.98042E+12   1.53869E+03   2.47396E-03   3.84075E-10
 1.09250E+01   1.03897E+22   3.99080E+12   1.54279E+03   2.48077E-03   3.84113E-10
 1.09750E+01   1.04155E+22   4.00113E+12   1.54688E+03   2.48755E-03   3.84150E-10
 1.10250E+01   1.04413E+22   4.01143E+12   1.55096E+03   2.49431E-03   3.84188E-10
 1.10750E+01   1.04670E+22   4.02168E+12   1.55501E+03   2.50104E-03   3.84225E-10
 1.11250E+01   1.04925E+22   4.03189E+12   1.55905E+03   2.50774E-03   3.84262E-10
 1.11750E+01   1.05180E+22   4.04206E+12   1.56308E+03   2.51442E-03   3.84299E-10
 1.12250E+01   1.05433E+22   4.05219E+12   1.56709E+03   2.52107E-03   3.84336E-10
 1.12750E+01   1.05686E+22   4.06227E+12   1.57108E+03   2.52770E-03   3.84373E-10
 1.13250E+01   1.05937E+22   4.07232E+12   1.57505E+03   2.53430E-03   3.84410E-10
 1.13750E+01   1.06187E+22   4.08232E+12   1.57901E+03   2.54087E-03   3.84447E-10
 1.14250E+01   1.06436E+22   4.09228E+12   1.58296E+03   2.54742E-03   3.84483E-10
 1.14750E+01   1.06684E+22   4.10220E+12   1.58689E+03   2.55395E-03   3.84519E-10
 1.15250E+01   1.06931E+22   4.11208E+12   1.59080E+03   2.56045E-03   3.84554E-10
 1.15750E+01   1.07177E+22   4.12192E+12   1.59470E+03   2.56693E-03   3.84590E-10
 1.16250E+01   1.07422E+22   4.13171E+12   1.59859E+03   2.57338E-03   3.84625E-10
 1.16750E+01   1.07666E+22   4.14146E+12   1.60245E+03   2.57981E-03   3.84659E-10
 1.17250E+01   1.07909E+22   4.15117E+12   1.60631E+03   2.58621E-03   3.84693E-10
 1.17750E+01   1.08150E+22   4.16084E+12   1.61015E+03   2.59259E-03   3.84727E-10
 1.18250E+01   1.08391E+22   4.17047E+12   1.61397E+03   2.59894E-03   3.84761E-10
 1.18750E+01   1.08631E+22   4.18007E+12   1.61778E+03   2.60528E-03   3.84795E-10
 1.19250E+01   1.08870E+22   4.18962E+12   1.62157E+03   2.61159E-03   3.84829E-10
 1.19750E+01   1.09108E+22   4.19914E+12   1.62535E+03   2.61787E-03   3.84862E-10
 1.20250E+01   1.09344E+22   4.20862E+12   1.62911E+03   2.62413E-03   3.84896E-10
 1.20750E+01   1.09580E+22   4.21806E+12   1.63286E+03   2.63036E-03   3.84929E-10
 1.21250E+01   1.09815E+22   4.22746E+12   1.63659E+03   2.63658E-03   3.84962E-10
 1.21750E+01   1.10049E+22   4.23682E+12   1.64031E+03   2.64277E-03   3.84995E-10
 1.22250E+01   1.10281E+22   4.24615E+12   1.64402E+03   2.64893E-03   3.85028E-10
 1.22750E+01   1.10513E+22   4.25543E+12   1.64771E+03   2.65507E-03   3.85061E-10
 1.23250E+01   1.10744E+22   4.26468E+12   1.65138E+03   2.66119E-03   3.85094E-10
 1.23750E+01   1.10974E+22   4.27390E+12   1.65504E+03   2.66728E-03   3.85127E-10
 1.24250E+01   1.11202E+22   4.28307E+12   1.65868E+03   2.67335E-03   3.85160E-10
 1.24750E+01   1.11430E+22   4.29221E+12   1.66231E+03   2.67940E-03   3.85193E-10
 1.25250E+01   1.11657E+22   4.30132E+12   1.66593E+03   2.68542E-03   3.85226E-10
 1.25750E+01   1.11883E+22   4.31038E+12   1.66953E+03   2.69142E-03   3.85259E-10
 1.26250E+01   1.12107E+22   4.31940E+12   1.67312E+03   2.69740E-03   3.85291E-10
 1.26750E+01   1.12331E+22   4.32839E+12   1.67669E+03   2.70335E-03   3.85324E-10
 1.27250E+01   1.12554E+22   4.33734E+12   1.68024E+03   2.70928E-03   3.85356E-10
 1.27750E+01   1.12776E+22   4.34624E+12   1.68379E+03   2.71518E-03   3.85388E-10
 1.28250E+01   1.12997E+22   4.35511E+12   1.68731E+03   2.72106E-03   3.85420E-10
 1.28750E+01   1.13216E+22   4.36394E+12   1.69082E+03   2.72692E-03   3.85451E-10
 1.29250E+01   1.13435E+22   4.37273E+12   1.69432E+03   2.73275E-03   3.85483E-10
 1.29750E+01   1.13653E+22   4.38148E+12   1.69780E+03   2.73856E-03   3.85514E-10
 1.30250E+01   1.13870E+22   4.39019E+12   1.70127E+03   2.74434E-03   3.85546E-10
 1.30750E+01   1.14085E+22   4.39887E+12   1.70472E+03   2.75010E-03   3.85577E-10
 1.31250E+01   1.14300E+22   4.40750E+12   1.70815E+03   2.75584E-03   3.85609E-10
 1.31750E+01   1.14514E+22   4.41610E+12   1.71157E+03   2.76155E-03   3.85640E-10
 1.32250E+01   1.14726E+22   4.42465E+12   1.71498E+03   2.76724E-03   3.85671E-10
 1.32750E+01   1.14938E+22   4.43316E+12   1.71837E+03   2.77290E-03   3.85701E-10
 1.33250E+01   1.15148E+22   4.44163E+12   1.72174E+03   2.77854E-03   3.85731E-10
 1.33750E+01   1.15358E+22   4.45006E+12   1.72510E+03   2.78415E-03   3.85761E-10
 1.34250E+01   1.15566E+22   4.45843E+12   1.72844E+03   2.78973E-03   3.85790E-10
 1.34750E+01   1.15774E+22   4.46676E+12   1.73177E+03   2.79529E-03   3.85819E-10
 1.35250E+01   1.15980E+22   4.47506E+12   1.73508E+03   2.80083E-03   3.85848E-10
 1.35750E+01   1.16185E+22   4.48331E+12   1.73838E+03   2.80634E-03   3.85877E-10
 1.36250E+01   1.16389E+22   4.49152E+12   1.74166E+03   2.81182E-03   3.85905E-10
 1.36750E+01   1.16592E+22   4.49969E+12   1.74492E+03   2.81728E-03   3.85933E-10
 1.37250E+01   1.16794E+22   4.50781E+12   1.74816E+03   2.82271E-03   3.85961E-10
 1.37750E+01   1.16995E+22   4.51588E+12   1.75139E+03   2.82811E-03   3.85988E-10
 1.38250E+01   1.17195E+22   4.52390E+12   1.75461E+03   2.83349E-03   3.86015E-10
 1.38750E+01   1.17394E+22   4.53188E+12   1.75780E+03   2.83884E-03   3.86042E-10
 1.39250E+01   1.17591E+22   4.53982E+12   1.76098E+03   2.84416E-03   3.86068E-10
 1.39750E+01   1.17788E+22   4.54771E+12   1.76415E+03   2.84946E-03   3.86094E-10
 1.40250E+01   1.17983E+22   4.55556E+12   1.76729E+03   2.85472E-03   3.86121E-10
 1.40750E+01   1.18177E+22   4.56336E+12   1.77042E+03   2.85996E-03   3.86146E-10
 1.41250E+01   1.18370E+22   4.57112E+12   1.77353E+03   2.86517E-03   3.86173E-10
 1.41750E+01   1.18561E+22   4.57883E+12   1.77662E+03   2.87036E-03   3.86199E-10
 1.42250E+01   1.18752E+22   4.58650E+12   1.77969E+03   2.87551E-03   3.86225E-10
 1.42750E+01   1.18941E+22   4.59411E+12   1.78275E+03   2.88064E-03   3.86250E-10
 1.43250E+01   1.19129E+22   4.60168E+12   1.78579E+03   2.88573E-03   3.86276E-10
 1.43750E+01   1.19316E+22   4.60920E+12   1.78881E+03   2.89080E-03   3.86301E-10
 1.44250E+01   1.19502E+22   4.61667E+12   1.79181E+03   2.89583E-03   3.86326E-10
 1.44750E+01   1.19686E+22   4.62408E+12   1.79479E+03   2.90084E-03   3.86350E-10
 1.45250E+01   1.19869E+22   4.63144E+12   1.79775E+03   2.90581E-03   3.86374E-10
 1.45750E+01   1.20051E+22   4.63875E+12   1.80070E+03   2.91075E-03   3.86398E-10
 1.46250E+01   1.20232E+22   4.64600E+12   1.80362E+03   2.91566E-03   3.86421E-10
 1.46750E+01   1.20411E+22   4.65321E+12   1.80652E+03   2.92054E-03   3.86444E-10
 1.47250E+01   1.20589E+22   4.66037E+12   1.80940E+03   2.92538E-03   3.86468E-10
 1.47750E+01   1.20765E+22   4.66747E+12   1.81227E+03   2.93019E-03   3.86491E-10
 1.48250E+01   1.20940E+22   4.67452E+12   1.81511E+03   2.93497E-03   3.86514E-10
 1.48750E+01   1.21114E+22   4.68151E+12   1.81793E+03   2.93972E-03   3.86537E-10
 1.49250E+01   1.21287E+22   4.68846E+12   1.82073E+03   2.94443E-03   3.86560E-10
 1.49750E+01   1.21458E+22   4.69535E+12   1.82351E+03   2.94910E-03   3.86583E-10
 1.50250E+01   1.21627E+22   4.70218E+12   1.82627E+03   2.95374E-03   3.86606E-10
 1.50750E+01   1.21795E+22   4.70896E+12   1.82900E+03   2.95835E-03   3.86629E-10
 1.51250E+01   1.21962E+22   4.71568E+12   1.83171E+03   2.96291E-03   3.86652E-10
 1.51750E+01   1.22127E+22   4.72234E+12   1.83440E+03   2.96745E-03   3.86674E-10
 1.52250E+01   1.22291E+22   4.72894E+12   1.83707E+03   2.97194E-03   3.86696E-10
 1.52750E+01   1.22453E+22   4.73548E+12   1.83972E+03   2.97640E-03   3.86718E-10
 1.53250E+01   1.22614E+22   4.74195E+12   1.84234E+03   2.98082E-03   3.86739E-10
 1.53750E+01   1.22773E+22   4.74837E+12   1.84493E+03   2.98520E-03   3.86760E-10
 1.54250E+01   1.22931E+22   4.75472E+12   1.84751E+03   2.98954E-03   3.86781E-10
 1.54750E+01   1.23087E+22   4.76102E+12   1.85006E+03   2.99384E-03   3.86801E-10
 1.55250E+01   1.23241E+22   4.76724E+12   1.85258E+03   2.99811E-03   3.86822E-10
 1.55750E+01   1.23394E+22   4.77341E+12   1.85509E+03   3.00233E-03   3.86842E-10
 1.56250E+01   1.23546E+22   4.77952E+12   1.85756E+03   3.00651E-03   3.86862E-10
 1.56750E+01   1.23696E+22   4.78556E+12   1.86002E+03   3.01066E-03   3.86882E-10
 1.57250E+01   1.23844E+22   4.79155E+12   1.86245E+03   3.01476E-03   3.86902E-10
 1.57750E+01   1.23991E+22   4.79746E+12   1.86485E+03   3.01883E-03   3.86921E-10
 1.58250E+01   1.24136E+22   4.80332E+12   1.86723E+03   3.02285E-03   3.86940E-10
 1.58750E+01   1.24280E+22   4.80911E+12   1.86959E+03   3.02683E-03   3.86959E-10
 1.59250E+01   1.24422E+22   4.81484E+12   1.87192E+03   3.03077E-03   3.86978E-10
 1.59750E+01   1.24562E+22   4.82051E+12   1.87422E+03   3.03467E-03   3.86996E-10
 1.60250E+01   1.24701E+22   4.82612E+12   1.87650E+03   3.03854E-03   3.87015E-10
 1.60750E+01   1.24839E+22   4.83166E+12   1.87876E+03   3.04235E-03   3.87033E-10
 1.61250E+01   1.24974E+22   4.83715E+12   1.88099E+03   3.04613E-03   3.87051E-10
 1.61750E+01   1.25109E+22   4.84258E+12   1.88320E+03   3.04987E-03   3.87069E-10
 1.62250E+01   1.25242E+22   4.84794E+12   1.88539E+03   3.05358E-03   3.87087E-10
 1.62750E+01   1.25373E+22   4.85325E+12   1.88755E+03   3.05724E-03   3.87104E-10
 1.63250E+01   1.25503E+22   4.85850E+12   1.88969E+03   3.06086E-03   3.87122E-10
 1.63750E+01   1.25632E+22   4.86369E+12   1.89180E+03   3.06445E-03   3.87139E-10
 1.64250E+01   1.25759E+22   4.86883E+12   1.89389E+03   3.06799E-03   3.87156E-10
 1.64750E+01   1.25884E+22   4.87391E+12   1.89596E+03   3.07150E-03   3.87174E-10
 1.65250E+01   1.26009E+22   4.87894E+12   1.89801E+03   3.07496E-03   3.87191E-10
 1.65750E+01   1.26132E+22   4.88390E+12   1.90003E+03   3.07840E-03   3.87207E-10
 1.66250E+01   1.26253E+22   4.88882E+12   1.90203E+03   3.08179E-03   3.87224E-10
 1.66750E+01   1.26373E+22   4.89369E+12   1.90401E+03   3.08515E-03   3.87240E-10
 1.67250E+01   1.26493E+22   4.89851E+12   1.90597E+03   3.08848E-03   3.87257E-10
 1.67750E+01   1.26610E+22   4.90330E+12   1.90792E+03   3.09177E-03   3.87274E-10
 1.68250E+01   1.26727E+22   4.90803E+12   1.90984E+03   3.09503E-03   3.87292E-10
 1.68750E+01   1.26843E+22   4.91273E+12   1.91174E+03   3.09825E-03   3.87309E-10
 1.69250E+01   1.26957E+22   4.91738E+12   1.91362E+03   3.10145E-03   3.87326E-10
 1.69750E+01   1.27070E+22   4.92198E+12   1.91548E+03   3.10461E-03   3.87343E-10
 1.70250E+01   1.27182E+22   4.92654E+12   1.91733E+03   3.10774E-03   3.87361E-10
 1.70750E+01   1.27293E+22   4.93107E+12   1.91916E+03   3.11084E-03   3.87378E-10
 1.71250E+01   1.27403E+22   4.93555E+12   1.92097E+03   3.11391E-03   3.87396E-10
 1.71750E+01   1.27512E+22   4.94000E+12   1.92276E+03   3.11695E-03   3.87413E-10
 1.72250E+01   1.27621E+22   4.94441E+12   1.92454E+03   3.11997E-03   3.87430E-10
 1.72750E+01   1.27728E+22   4.94879E+12   1.92631E+03   3.12296E-03   3.87448E-10
 1.73250E+01   1.27834E+22   4.95313E+12   1.92805E+03   3.12593E-03   3.87465E-10
 1.73750E+01   1.27940E+22   4.95745E+12   1.92979E+03   3.12887E-03   3.87483E-10
 1.74250E+01   1.28045E+22   4.96175E+12   1.93151E+03   3.13179E-03   3.87501E-10
 1.74750E+01   1.28149E+22   4.96601E+12   1.93322E+03   3.13468E-03   3.87519E-10
 1.75250E+01   1.28252E+22   4.97024E+12   1.93492E+03   3.13755E-03   3.87537E-10
 1.75750E+01   1.28355E+22   4.97444E+12   1.93660E+03   3.14041E-03   3.87554E-10
 1.76250E+01   1.28457E+22   4.97861E+12   1.93827E+03   3.14324E-03   3.87572E-10
 1.76750E+01   1.28558E+22   4.98276E+12   1.93993E+03   3.14604E-03   3.87589E-10
 1.77250E+01   1.28658E+22   4.98687E+12   1.94158E+03   3.14884E-03   3.87605E-10
 1.77750E+01   1.28758E+22   4.99095E+12   1.94321E+03   3.15161E-03   3.87622E-10
 1.78250E+01   1.28858E+22   4.99501E+12   1.94484E+03   3.15436E-03   3.87638E-10
 1.78750E+01   1.28957E+22   4.99904E+12   1.94646E+03   3.15710E-03   3.87653E-10
 1.79250E+01   1.29055E+22   5.00305E+12   1.94807E+03   3.15982E-03   3.87669E-10
 1.79750E+01   1.29153E+22   5.00704E+12   1.94967E+03   3.16253E-03   3.87684E-10
 1.80250E+01   1.29250E+22   5.01101E+12   1.95126E+03   3.16522E-03   3.87699E-10
 1.80750E+01   1.29347E+22   5.01497E+12   1.95284E+03   3.16790E-03   3.87715E-10
 1.81250E+01   1.29444E+22   5.01892E+12   1.95442E+03   3.17057E-03   3.87730E-10
 1.81750E+01   1.29540E+22   5.02285E+12   1.95599E+03   3.17323E-03   3.87746E-10
 1.82250E+01   1.29635E+22   5.02676E+12   1.95756E+03   3.17587E-03   3.87761E-10
 1.82750E+01   1.29731E+22   5.03066E+12   1.95911E+03   3.17850E-03   3.87777E-10
 1.83250E+01   1.29826E+22   5.03454E+12   1.96066E+03   3.18111E-03   3.87793E-10
 1.83750E+01   1.29920E+22   5.03842E+12   1.96220E+03   3.18372E-03   3.87808E-10
 1.84250E+01   1.30015E+22   5.04227E+12   1.96374E+03   3.18632E-03   3.87824E-10
 1.84750E+01   1.30109E+22   5.04611E+12   1.96527E+03   3.18890E-03   3.87839E-10
 1.85250E+01   1.30202E+22   5.04993E+12   1.96680E+03   3.19148E-03   3.87853E-10
 1.85750E+01   1.30295E+22   5.05373E+12   1.96831E+03   3.19404E-03   3.87867E-10
 1.86250E+01   1.30389E+22   5.05752E+12   1.96983E+03   3.19660E-03   3.87881E-10
 1.86750E+01   1.30481E+22   5.06130E+12   1.97134E+03   3.19915E-03   3.87895E-10
 1.87250E+01   1.30574E+22   5.06507E+12   1.97285E+03   3.20169E-03   3.87908E-10
 1.87750E+01   1.30666E+22   5.06883E+12   1.97435E+03   3.20422E-03   3.87922E-10
 1.88250E+01   1.30758E+22   5.07259E+12   1.97584E+03   3.20675E-03   3.87936E-10
 1.88750E+01   1.30850E+22   5.07633E+12   1.97734E+03   3.20926E-03   3.87950E-10
 1.89250E+01   1.30942E+22   5.08008E+12   1.97882E+03   3.21177E-03   3.87965E-10
 1.89750E+01   1.31033E+22   5.08381E+12   1.98030E+03   3.21427E-03   3.87980E-10
 1.90250E+01   1.31124E+22   5.08754E+12   1.98178E+03   3.21676E-03   3.87995E-10
 1.90750E+01   1.31214E+22   5.09125E+12   1.98325E+03   3.21925E-03   3.88010E-10
 1.91250E+01   1.31305E+22   5.09496E+12   1.98473E+03   3.22173E-03   3.88025E-10
 1.91750E+01   1.31395E+22   5.09866E+12   1.98619E+03   3.22420E-03   3.88039E-10
 1.92250E+01   1.31486E+22   5.10236E+12   1.98766E+03   3.22667E-03   3.88054E-10
 1.92750E+01   1.31576E+22   5.10605E+12   1.98912E+03   3.22913E-03   3.88069E-10
 1.93250E+01   1.31666E+22   5.10975E+12   1.99058E+03   3.23159E-03   3.88085E-10
 1.93750E+01   1.31756E+22   5.11344E+12   1.99204E+03   3.23404E-03   3.88101E-10
 1.94250E+01   1.31845E+22   5.11713E+12   1.99349E+03   3.23649E-03   3.88117E-10
 1.94750E+01   1.31935E+22   5.12081E+12   1.99494E+03   3.23894E-03   3.88132E-10
 1.95250E+01   1.32024E+22   5.12449E+12   1.99639E+03   3.24138E-03   3.88148E-10
 1.95750E+01   1.32113E+22   5.12815E+12   1.99783E+03   3.24381E-03   3.88164E-10
 1.96250E+01   1.32202E+22   5.13180E+12   1.99927E+03   3.24624E-03   3.88179E-10
 1.96750E+01   1.32291E+22   5.13545E+12   2.00071E+03   3.24866E-03   3.88194E-10
 1.97250E+01   1.32379E+22   5.13908E+12   2.00215E+03   3.25107E-03   3.88209E-10
 1.97750E+01   1.32468E+22   5.14271E+12   2.00358E+03   3.25349E-03   3.88223E-10
 1.98250E+01   1.32556E+22   5.14632E+12   2.00501E+03   3.25590E-03   3.88237E-10
 1.98750E+01   1.32644E+22   5.14992E+12   2.00644E+03   3.25830E-03   3.88250E-10
 1.99250E+01   1.32732E+22   5.15352E+12   2.00786E+03   3.26070E-03   3.88263E-10
 1.99750E+01   1.32821E+22   5.15711E+12   2.00929E+03   3.26310E-03   3.88277E-10
 2.00250E+01   1.32908E+22   5.16070E+12   2.01071E+03   3.26550E-03   3.88290E-10
 2.00750E+01   1.32996E+22   5.16429E+12   2.01214E+03   3.26789E-03   3.88303E-10
 2.01250E+01   1.33084E+22   5.16786E+12   2.01355E+03   3.27028E-03   3.88315E-10
 2.01750E+01   1.33172E+22   5.17143E+12   2.01497E+03   3.27267E-03   3.88328E-10
 2.02250E+01   1.33259E+22   5.17498E+12   2.01639E+03   3.27505E-03   3.88340E-10
 2.02750E+01   1.33346E+22   5.17853E+12   2.01780E+03   3.27742E-03   3.88352E-10
 2.03250E+01   1.33433E+22   5.18207E+12   2.01921E+03   3.27979E-03   3.88364E-10
 2.03750E+01   1.33520E+22   5.18561E+12   2.02061E+03   3.28216E-03   3.88376E-10
 2.04250E+01   1.33607E+22   5.18913E+12   2.02202E+03   3.28452E-03   3.88387E-10
 2.04750E+01   1.33694E+22   5.19264E+12   2.02342E+03   3.28688E-03   3.88399E-10
 2.05250E+01   1.33780E+22   5.19616E+12   2.02482E+03   3.28924E-03   3.88410E-10
 2.05750E+01   1.33867E+22   5.19966E+12   2.02622E+03   3.29159E-03   3.88421E-10
 2.06250E+01   1.33953E+22   5.20316E+12   2.02762E+03   3.29394E-03   3.88431E-10
 2.06750E+01   1.34039E+22   5.20666E+12   2.02901E+03   3.29629E-03   3.88442E-10
 2.07250E+01   1.34126E+22   5.21016E+12   2.03040E+03   3.29864E-03   3.88454E-10
 2.07750E+01   1.34212E+22   5.21365E+12   2.03180E+03   3.30098E-03   3.88465E-10
 2.08250E+01   1.34298E+22   5.21714E+12   2.03319E+03   3.30332E-03   3.88476E-10
 2.08750E+01   1.34384E+22   5.22063E+12   2.03458E+03   3.30566E-03   3.88487E-10
 2.09250E+01   1.34470E+22   5.22412E+12   2.03596E+03   3.30799E-03   3.88498E-10
 2.09750E+01   1.34555E+22   5.22760E+12   2.03735E+03   3.31032E-03   3.88510E-10
 2.10250E+01   1.34641E+22   5.23108E+12   2.03873E+03   3.31264E-03   3.88521E-10
 2.10750E+01   1.34726E+22   5.23454E+12   2.04011E+03   3.31496E-03   3.88532E-10
 2.11250E+01   1.34811E+22   5.23800E+12   2.04149E+03   3.31728E-03   3.88543E-10
 2.11750E+01   1.34896E+22   5.24145E+12   2.04286E+03   3.31960E-03   3.88554E-10
 2.12250E+01   1.34981E+22   5.24489E+12   2.04424E+03   3.32191E-03   3.88564E-10
 2.12750E+01   1.35066E+22   5.24833E+12   2.04561E+03   3.32421E-03   3.88574E-10
 2.13250E+01   1.35151E+22   5.25175E+12   2.04698E+03   3.32652E-03   3.88584E-10
 2.13750E+01   1.35236E+22   5.25518E+12   2.04835E+03   3.32883E-03   3.88594E-10
 2.14250E+01   1.35320E+22   5.25859E+12   2.04972E+03   3.33113E-03   3.88603E-10
 2.14750E+01   1.35405E+22   5.26200E+12   2.05108E+03   3.33342E-03   3.88612E-10
 2.15250E+01   1.35490E+22   5.26540E+12   2.05245E+03   3.33572E-03   3.88621E-10
 2.15750E+01   1.35574E+22   5.26879E+12   2.05381E+03   3.33801E-03   3.88629E-10
 2.16250E+01   1.35658E+22   5.27219E+12   2.05517E+03   3.34031E-03   3.88637E-10
 2.16750E+01   1.35742E+22   5.27557E+12   2.05653E+03   3.34259E-03   3.88645E-10
 2.17250E+01   1.35827E+22   5.27894E+12   2.05789E+03   3.34488E-03   3.88653E-10
 2.17750E+01   1.35910E+22   5.28230E+12   2.05925E+03   3.34716E-03   3.88660E-10
 2.18250E+01   1.35994E+22   5.28565E+12   2.06060E+03   3.34943E-03   3.88667E-10
 2.18750E+01   1.36078E+22   5.28899E+12   2.06195E+03   3.35171E-03   3.88674E-10
 2.19250E+01   1.36161E+22   5.29232E+12   2.06330E+03   3.35398E-03   3.88680E-10
 2.19750E+01   1.36245E+22   5.29564E+12   2.06465E+03   3.35624E-03   3.88686E-10
 2.20250E+01   1.36328E+22   5.29895E+12   2.06600E+03   3.35851E-03   3.88691E-10
 2.20750E+01   1.36411E+22   5.30227E+12   2.06734E+03   3.36077E-03   3.88696E-10
 2.21250E+01   1.36495E+22   5.30558E+12   2.06869E+03   3.36303E-03   3.88702E-10
 2.21750E+01   1.36578E+22   5.30889E+12   2.07003E+03   3.36529E-03   3.88708E-10
 2.22250E+01   1.36661E+22   5.31220E+12   2.07137E+03   3.36754E-03   3.88714E-10
 2.22750E+01   1.36744E+22   5.31552E+12   2.07271E+03   3.36980E-03   3.88721E-10
 2.23250E+01   1.36827E+22   5.31884E+12   2.07405E+03   3.37205E-03   3.88728E-10
 2.23750E+01   1.36910E+22   5.32217E+12   2.07539E+03   3.37430E-03   3.88736E-10
 2.24250E+01   1.36993E+22   5.32551E+12   2.07672E+03   3.37655E-03   3.88744E-10
 2.24750E+01   1.37075E+22   5.32884E+12   2.07806E+03   3.37879E-03   3.88753E-10
 2.25250E+01   1.37158E+22   5.33217E+12   2.07939E+03   3.38103E-03   3.88762E-10
 2.25750E+01   1.37240E+22   5.33551E+12   2.08072E+03   3.38327E-03   3.88772E-10
 2.26250E+01   1.37322E+22   5.33884E+12   2.08205E+03   3.38550E-03   3.88781E-10
 2.26750E+01   1.37405E+22   5.34217E+12   2.08337E+03   3.38773E-03   3.88791E-10
 2.27250E+01   1.37487E+22   5.34549E+12   2.08470E+03   3.38996E-03   3.88801E-10
 2.27750E+01   1.37569E+22   5.34880E+12   2.08602E+03   3.39219E-03   3.88810E-10
 2.28250E+01   1.37650E+22   5.35211E+12   2.08734E+03   3.39441E-03   3.88819E-10
 2.28750E+01   1.37732E+22   5.35542E+12   2.08867E+03   3.39663E-03   3.88828E-10
 2.29250E+01   1.37814E+22   5.35874E+12   2.08999E+03   3.39885E-03   3.88838E-10
 2.29750E+01   1.37896E+22   5.36206E+12   2.09131E+03   3.40107E-03   3.88848E-10
 2.30250E+01   1.37978E+22   5.36538E+12   2.09262E+03   3.40329E-03   3.88859E-10
 2.30750E+01   1.38059E+22   5.36870E+12   2.09394E+03   3.40551E-03   3.88869E-10
 2.31250E+01   1.38141E+22   5.37201E+12   2.09526E+03   3.40772E-03   3.88879E-10
 2.31750E+01   1.38222E+22   5.37531E+12   2.09657E+03   3.40993E-03   3.88889E-10
 2.32250E+01   1.38304E+22   5.37861E+12   2.09789E+03   3.41214E-03   3.88898E-10
 2.32750E+01   1.38385E+22   5.38189E+12   2.09920E+03   3.41435E-03   3.88906E-10
 2.33250E+01   1.38467E+22   5.38517E+12   2.10052E+03   3.41656E-03   3.88914E-10
 2.33750E+01   1.38548E+22   5.38845E+12   2.10183E+03   3.41877E-03   3.88922E-10
 2.34250E+01   1.38630E+22   5.39172E+12   2.10314E+03   3.42097E-03   3.88930E-10
 2.34750E+01   1.38711E+22   5.39498E+12   2.10446E+03   3.42317E-03   3.88937E-10
 2.35250E+01   1.38792E+22   5.39822E+12   2.10576E+03   3.42537E-03   3.88943E-10
 2.35750E+01   1.38873E+22   5.40147E+12   2.10707E+03   3.42757E-03   3.88950E-10
 2.36250E+01   1.38954E+22   5.40471E+12   2.10838E+03   3.42977E-03   3.88956E-10
 2.36750E+01   1.39035E+22   5.40794E+12   2.10968E+03   3.43196E-03   3.88963E-10
 2.37250E+01   1.39116E+22   5.41117E+12   2.11098E+03   3.43414E-03   3.88969E-10
 2.37750E+01   1.39196E+22   5.41438E+12   2.11228E+03   3.43633E-03   3.88975E-10
 2.38250E+01   1.39277E+22   5.41758E+12   2.11358E+03   3.43851E-03   3.88980E-10
 2.38750E+01   1.39357E+22   5.42077E+12   2.11488E+03   3.44068E-03   3.88984E-10
 2.39250E+01   1.39437E+22   5.42395E+12   2.11617E+03   3.44286E-03   3.88989E-10
 2.39750E+01   1.39518E+22   5.42714E+12   2.11746E+03   3.44504E-03   3.88993E-10
 2.40250E+01   1.39598E+22   5.43034E+12   2.11875E+03   3.44721E-03   3.88999E-10
 2.40750E+01   1.39678E+22   5.43354E+12   2.12005E+03   3.44938E-03   3.89005E-10
 2.41250E+01   1.39758E+22   5.43675E+12   2.12134E+03   3.45155E-03   3.89012E-10
 2.41750E+01   1.39838E+22   5.43996E+12   2.12263E+03   3.45371E-03   3.89019E-10
 2.42250E+01   1.39918E+22   5.44317E+12   2.12392E+03   3.45588E-03   3.89026E-10
 2.42750E+01   1.39998E+22   5.44637E+12   2.12520E+03   3.45804E-03   3.89033E-10
 2.43250E+01   1.40078E+22   5.44957E+12   2.12649E+03   3.46020E-03   3.89039E-10
 2.43750E+01   1.40157E+22   5.45278E+12   2.12777E+03   3.46236E-03   3.89047E-10
 2.44250E+01   1.40237E+22   5.45599E+12   2.12905E+03   3.46452E-03   3.89055E-10
 2.44750E+01   1.40316E+22   5.45920E+12   2.13033E+03   3.46667E-03   3.89063E-10
 2.45250E+01   1.40396E+22   5.46240E+12   2.13161E+03   3.46882E-03   3.89071E-10
 2.45750E+01   1.40475E+22   5.46559E+12   2.13289E+03   3.47097E-03   3.89079E-10
 2.46250E+01   1.40554E+22   5.46876E+12   2.13417E+03   3.47311E-03   3.89086E-10
 2.46750E+01   1.40633E+22   5.47190E+12   2.13544E+03   3.47525E-03   3.89091E-10
 2.47250E+01   1.40712E+22   5.47505E+12   2.13671E+03   3.47739E-03   3.89096E-10
 2.47750E+01   1.40791E+22   5.47819E+12   2.13799E+03   3.47953E-03   3.89100E-10
 2.48250E+01   1.40870E+22   5.48132E+12   2.13926E+03   3.48167E-03   3.89104E-10
 2.48750E+01   1.40949E+22   5.48447E+12   2.14053E+03   3.48380E-03   3.89110E-10
 2.49250E+01   1.41028E+22   5.48762E+12   2.14180E+03   3.48594E-03   3.89115E-10
 2.49750E+01   1.41107E+22   5.49078E+12   2.14307E+03   3.48807E-03   3.89122E-10
 2.50250E+01   1.41186E+22   5.49394E+12   2.14434E+03   3.49020E-03   3.89129E-10
 2.50750E+01   1.41264E+22   5.49710E+12   2.14561E+03   3.49233E-03   3.89136E-10
 2.51250E+01   1.41343E+22   5.50025E+12   2.14688E+03   3.49446E-03   3.89142E-10
 2.51750E+01   1.41422E+22   5.50340E+12   2.14814E+03   3.49659E-03   3.89148E-10
 2.52250E+01   1.41500E+22   5.50654E+12   2.14940E+03   3.49871E-03   3.89155E-10
 2.52750E+01   1.41578E+22   5.50969E+12   2.15066E+03   3.50082E-03   3.89162E-10
 2.53250E+01   1.41656E+22   5.51283E+12   2.15192E+03   3.50294E-03   3.89169E-10
 2.53750E+01   1.41735E+22   5.51598E+12   2.15318E+03   3.50505E-03   3.89177E-10
 2.54250E+01   1.41813E+22   5.51914E+12   2.15443E+03   3.50716E-03   3.89185E-10
 2.54750E+01   1.41891E+22   5.52229E+12   2.15569E+03   3.50927E-03   3.89194E-10
 2.55250E+01   1.41969E+22   5.52544E+12   2.15695E+03   3.51138E-03   3.89201E-10
 2.55750E+01   1.42047E+22   5.52858E+12   2.15821E+03   3.51349E-03   3.89208E-10
 2.56250E+01   1.42125E+22   5.53171E+12   2.15946E+03   3.51560E-03   3.89215E-10
 2.56750E+01   1.42203E+22   5.53485E+12   2.16072E+03   3.51770E-03   3.89223E-10
 2.57250E+01   1.42281E+22   5.53800E+12   2.16197E+03   3.51981E-03   3.89231E-10
 2.57750E+01   1.42358E+22   5.54117E+12   2.16322E+03   3.52191E-03   3.89240E-10
 2.58250E+01   1.42436E+22   5.54434E+12   2.16447E+03   3.52401E-03   3.89250E-10
 2.58750E+01   1.42514E+22   5.54751E+12   2.16572E+03   3.52611E-03   3.89261E-10
 2.59250E+01   1.42591E+22   5.55069E+12   2.16697E+03   3.52821E-03   3.89273E-10
 2.59750E+01   1.42669E+22   5.55385E+12   2.16822E+03   3.53030E-03   3.89283E-10
 2.60250E+01   1.42746E+22   5.55699E+12   2.16946E+03   3.53238E-03   3.89292E-10
 2.60750E+01   1.42823E+22   5.56011E+12   2.17070E+03   3.53447E-03   3.89300E-10
 2.61250E+01   1.42900E+22   5.56321E+12   2.17194E+03   3.53655E-03   3.89307E-10
 2.61750E+01   1.42977E+22   5.56630E+12   2.17318E+03   3.53863E-03   3.89313E-10
 2.62250E+01   1.43055E+22   5.56940E+12   2.17442E+03   3.54071E-03   3.89320E-10
 2.62750E+01   1.43132E+22   5.57251E+12   2.17566E+03   3.54279E-03   3.89328E-10
 2.63250E+01   1.43209E+22   5.57563E+12   2.17690E+03   3.54488E-03   3.89336E-10
 2.63750E+01   1.43286E+22   5.57874E+12   2.17814E+03   3.54696E-03   3.89344E-10
 2.64250E+01   1.43363E+22   5.58185E+12   2.17938E+03   3.54903E-03   3.89352E-10
 2.64750E+01   1.43440E+22   5.58494E+12   2.18061E+03   3.55111E-03   3.89358E-10
 2.65250E+01   1.43517E+22   5.58801E+12   2.18185E+03   3.55318E-03   3.89363E-10
 2.65750E+01   1.43593E+22   5.59107E+12   2.18308E+03   3.55525E-03   3.89368E-10
 2.66250E+01   1.43670E+22   5.59414E+12   2.18432E+03   3.55732E-03   3.89374E-10
 2.66750E+01   1.43747E+22   5.59721E+12   2.18555E+03   3.55939E-03   3.89379E-10
 2.67250E+01   1.43823E+22   5.60028E+12   2.18678E+03   3.56146E-03   3.89386E-10
 2.67750E+01   1.43900E+22   5.60335E+12   2.18800E+03   3.56352E-03   3.89392E-10
 2.68250E+01   1.43976E+22   5.60641E+12   2.18923E+03   3.56557E-03   3.89399E-10
 2.68750E+01   1.44052E+22   5.60946E+12   2.19045E+03   3.56763E-03   3.89405E-10
 2.69250E+01   1.44128E+22   5.61248E+12   2.19167E+03   3.56968E-03   3.89409E-10
 2.69750E+01   1.44204E+22   5.61548E+12   2.19289E+03   3.57173E-03   3.89412E-10
 2.70250E+01   1.44280E+22   5.61847E+12   2.19412E+03   3.57378E-03   3.89414E-10
 2.70750E+01   1.44357E+22   5.62146E+12   2.19534E+03   3.57584E-03   3.89415E-10
 2.71250E+01   1.44433E+22   5.62445E+12   2.19656E+03   3.57789E-03   3.89417E-10
 2.71750E+01   1.44509E+22   5.62744E+12   2.19778E+03   3.57994E-03   3.89419E-10
 2.72250E+01   1.44585E+22   5.63043E+12   2.19900E+03   3.58199E-03   3.89421E-10
 2.72750E+01   1.44660E+22   5.63343E+12   2.20022E+03   3.58403E-03   3.89424E-10
 2.73250E+01   1.44736E+22   5.63644E+12   2.20144E+03   3.58608E-03   3.89428E-10
 2.73750E+01   1.44812E+22   5.63946E+12   2.20265E+03   3.58812E-03   3.89433E-10
 2.74250E+01   1.44888E+22   5.64249E+12   2.20387E+03   3.59016E-03   3.89438E-10
 2.74750E+01   1.44964E+22   5.64551E+12   2.20509E+03   3.59220E-03   3.89442E-10
 2.75250E+01   1.45040E+22   5.64852E+12   2.20630E+03   3.59424E-03   3.89447E-10
 2.75750E+01   1.45115E+22   5.65151E+12   2.20751E+03   3.59627E-03   3.89450E-10
 2.76250E+01   1.45190E+22   5.65449E+12   2.20872E+03   3.59830E-03   3.89454E-10
 2.76750E+01   1.45266E+22   5.65747E+12   2.20993E+03   3.60033E-03   3.89457E-10
 2.77250E+01   1.45341E+22   5.66044E+12   2.21114E+03   3.60236E-03   3.89460E-10
 2.77750E+01   1.45416E+22   5.66341E+12   2.21234E+03   3.60438E-03   3.89463E-10
 2.78250E+01   1.45491E+22   5.66640E+12   2.21355E+03   3.60640E-03   3.89467E-10
 2.78750E+01   1.45566E+22   5.66940E+12   2.21475E+03   3.60843E-03   3.89472E-10
 2.79250E+01   1.45642E+22   5.67241E+12   2.21596E+03   3.61045E-03   3.89477E-10
 2.79750E+01   1.45717E+22   5.67541E+12   2.21717E+03   3.61247E-03   3.89482E-10
 2.80250E+01   1.45792E+22   5.67841E+12   2.21837E+03   3.61449E-03   3.89487E-10
 2.80750E+01   1.45867E+22   5.68141E+12   2.21958E+03   3.61651E-03   3.89492E-10
 2.81250E+01   1.45942E+22   5.68442E+12   2.22078E+03   3.61853E-03   3.89498E-10
 2.81750E+01   1.46017E+22   5.68744E+12   2.22199E+03   3.62055E-03   3.89505E-10
 2.82250E+01   1.46092E+22   5.69047E+12   2.22319E+03   3.62256E-03   3.89513E-10
 2.82750E+01   1.46167E+22   5.69352E+12   2.22439E+03   3.62457E-03   3.89522E-10
 2.83250E+01   1.46242E+22   5.69658E+12   2.22558E+03   3.62658E-03   3.89532E-10
 2.83750E+01   1.46316E+22   5.69963E+12   2.22678E+03   3.62859E-03   3.89542E-10
 2.84250E+01   1.46391E+22   5.70268E+12   2.22798E+03   3.63059E-03   3.89552E-10
 2.84750E+01   1.46465E+22   5.70570E+12   2.22917E+03   3.63260E-03   3.89560E-10
 2.85250E+01   1.46540E+22   5.70869E+12   2.23037E+03   3.63460E-03   3.89566E-10
 2.85750E+01   1.46614E+22   5.71167E+12   2.23156E+03   3.63660E-03   3.89571E-10
 2.86250E+01   1.46689E+22   5.71464E+12   2.23275E+03   3.63860E-03   3.89576E-10
 2.86750E+01   1.46763E+22   5.71761E+12   2.23394E+03   3.64059E-03   3.89581E-10
 2.87250E+01   1.46837E+22   5.72058E+12   2.23514E+03   3.64259E-03   3.89586E-10
 2.87750E+01   1.46912E+22   5.72357E+12   2.23633E+03   3.64458E-03   3.89592E-10
 2.88250E+01   1.46986E+22   5.72655E+12   2.23751E+03   3.64658E-03   3.89599E-10
 2.88750E+01   1.47060E+22   5.72955E+12   2.23870E+03   3.64857E-03   3.89606E-10
 2.89250E+01   1.47135E+22   5.73256E+12   2.23989E+03   3.65057E-03   3.89613E-10
 2.89750E+01   1.47209E+22   5.73556E+12   2.24108E+03   3.65256E-03   3.89620E-10
 2.90250E+01   1.47283E+22   5.73855E+12   2.24227E+03   3.65455E-03   3.89627E-10
 2.90750E+01   1.47357E+22   5.74153E+12   2.24345E+03   3.65654E-03   3.89633E-10
 2.91250E+01   1.47432E+22   5.74450E+12   2.24464E+03   3.65853E-03   3.89639E-10
 2.91750E+01   1.47506E+22   5.74748E+12   2.24583E+03   3.66052E-03   3.89644E-10
 2.92250E+01   1.47580E+22   5.75045E+12   2.24702E+03   3.66250E-03   3.89650E-10
 2.92750E+01   1.47654E+22   5.75342E+12   2.24820E+03   3.66449E-03   3.89656E-10
 2.93250E+01   1.47728E+22   5.75638E+12   2.24939E+03   3.66647E-03   3.89661E-10
 2.93750E+01   1.47802E+22   5.75934E+12   2.25057E+03   3.66846E-03   3.89666E-10
 2.94250E+01   1.47876E+22   5.76232E+12   2.25175E+03   3.67044E-03   3.89672E-10
 2.94750E+01   1.47950E+22   5.76529E+12   2.25294E+03   3.67242E-03   3.89678E-10
 2.95250E+01   1.48024E+22   5.76825E+12   2.25412E+03   3.67440E-03   3.89683E-10
 2.95750E+01   1.48098E+22   5.77119E+12   2.25530E+03   3.67638E-03   3.89687E-10
 2.96250E+01   1.48172E+22   5.77413E+12   2.25648E+03   3.67836E-03   3.89691E-10
 2.96750E+01   1.48246E+22   5.77706E+12   2.25766E+03   3.68034E-03   3.89695E-10
 2.97250E+01   1.48319E+22   5.77999E+12   2.25884E+03   3.68231E-03   3.89699E-10
 2.97750E+01   1.48393E+22   5.78293E+12   2.26002E+03   3.68428E-03   3.89704E-10
 2.98250E+01   1.48466E+22   5.78586E+12   2.26119E+03   3.68625E-03   3.89708E-10
 2.98750E+01   1.48540E+22   5.78880E+12   2.26237E+03   3.68821E-03   3.89713E-10
 2.99250E+01   1.48613E+22   5.79173E+12   2.26354E+03   3.69018E-03   3.89718E-10
 2.99750E+01   1.48687E+22   5.79466E+12   2.26470E+03   3.69213E-03   3.89724E-10
 3.00250E+01   1.48760E+22   5.79758E+12   2.26587E+03   3.69409E-03   3.89728E-10
 3.00750E+01   1.48833E+22   5.80047E+12   2.26704E+03   3.69604E-03   3.89731E-10
 3.01250E+01   1.48906E+22   5.80335E+12   2.26820E+03   3.69800E-03   3.89733E-10
 3.01750E+01   1.48979E+22   5.80622E+12   2.26937E+03   3.69995E-03   3.89735E-10
 3.02250E+01   1.49052E+22   5.80909E+12   2.27054E+03   3.70191E-03   3.89737E-10
 3.02750E+01   1.49125E+22   5.81196E+12   2.27170E+03   3.70386E-03   3.89739E-10
 3.03250E+01   1.49198E+22   5.81483E+12   2.27287E+03   3.70581E-03   3.89740E-10
 3.03750E+01   1.49270E+22   5.81770E+12   2.27403E+03   3.70776E-03   3.89742E-10
 3.04250E+01   1.49343E+22   5.82058E+12   2.27519E+03   3.70970E-03   3.89745E-10
 3.04750E+01   1.49416E+22   5.82347E+12   2.27635E+03   3.71165E-03   3.89748E-10
 3.05250E+01   1.49489E+22   5.82636E+12   2.27751E+03   3.71360E-03   3.89752E-10
 3.05750E+01   1.49562E+22   5.82927E+12   2.27867E+03   3.71554E-03   3.89756E-10
 3.06250E+01   1.49634E+22   5.83216E+12   2.27983E+03   3.71747E-03   3.89761E-10
 3.06750E+01   1.49707E+22   5.83507E+12   2.28099E+03   3.71941E-03   3.89766E-10
 3.07250E+01   1.49779E+22   5.83797E+12   2.28214E+03   3.72134E-03   3.89771E-10
 3.07750E+01   1.49851E+22   5.84086E+12   2.28330E+03   3.72327E-03   3.89777E-10
 3.08250E+01   1.49924E+22   5.84374E+12   2.28445E+03   3.72520E-03   3.89781E-10
 3.08750E+01   1.49996E+22   5.84661E+12   2.28560E+03   3.72713E-03   3.89785E-10
 3.09250E+01   1.50068E+22   5.84948E+12   2.28676E+03   3.72905E-03   3.89789E-10
 3.09750E+01   1.50140E+22   5.85235E+12   2.28791E+03   3.73098E-03   3.89792E-10
 3.10250E+01   1.50212E+22   5.85522E+12   2.28906E+03   3.73291E-03   3.89796E-10
 3.10750E+01   1.50285E+22   5.85809E+12   2.29021E+03   3.73483E-03   3.89800E-10
 3.11250E+01   1.50357E+22   5.86096E+12   2.29136E+03   3.73676E-03   3.89803E-10
 3.11750E+01   1.50429E+22   5.86382E+12   2.29251E+03   3.73868E-03   3.89807E-10
 3.12250E+01   1.50501E+22   5.86668E+12   2.29366E+03   3.74060E-03   3.89810E-10
 3.12750E+01   1.50573E+22   5.86956E+12   2.29480E+03   3.74252E-03   3.89815E-10
 3.13250E+01   1.50645E+22   5.87245E+12   2.29595E+03   3.74444E-03   3.89821E-10
 3.13750E+01   1.50717E+22   5.87535E+12   2.29710E+03   3.74635E-03   3.89827E-10
 3.14250E+01   1.50789E+22   5.87826E+12   2.29825E+03   3.74827E-03   3.89834E-10
 3.14750E+01   1.50860E+22   5.88117E+12   2.29939E+03   3.75018E-03   3.89841E-10
 3.15250E+01   1.50932E+22   5.88407E+12   2.30053E+03   3.75209E-03   3.89848E-10
 3.15750E+01   1.51004E+22   5.88696E+12   2.30167E+03   3.75400E-03   3.89855E-10
 3.16250E+01   1.51075E+22   5.88984E+12   2.30281E+03   3.75590E-03   3.89861E-10
 3.16750E+01   1.51147E+22   5.89271E+12   2.30395E+03   3.75781E-03   3.89866E-10
 3.17250E+01   1.51218E+22   5.89557E+12   2.30509E+03   3.75971E-03   3.89871E-10
 3.17750E+01   1.51290E+22   5.89841E+12   2.30623E+03   3.76162E-03   3.89875E-10
 3.18250E+01   1.51362E+22   5.90125E+12   2.30737E+03   3.76352E-03   3.89878E-10
 3.18750E+01   1.51433E+22   5.90409E+12   2.30851E+03   3.76543E-03   3.89881E-10
 3.19250E+01   1.51505E+22   5.90692E+12   2.30965E+03   3.76733E-03   3.89884E-10
 3.19750E+01   1.51576E+22   5.90975E+12   2.31078E+03   3.76923E-03   3.89887E-10
 3.20250E+01   1.51647E+22   5.91259E+12   2.31192E+03   3.77114E-03   3.89890E-10
 3.20750E+01   1.51719E+22   5.91543E+12   2.31306E+03   3.77304E-03   3.89894E-10
 3.21250E+01   1.51790E+22   5.91827E+12   2.31420E+03   3.77493E-03   3.89898E-10
 3.21750E+01   1.51862E+22   5.92113E+12   2.31533E+03   3.77683E-03   3.89902E-10
 3.22250E+01   1.51933E+22   5.92398E+12   2.31647E+03   3.77872E-03   3.89907E-10
 3.22750E+01   1.52004E+22   5.92683E+12   2.31760E+03   3.78062E-03   3.89912E-10
 3.23250E+01   1.52075E+22   5.92965E+12   2.31873E+03   3.78251E-03   3.89915E-10
 3.23750E+01   1.52146E+22   5.93247E+12   2.31985E+03   3.78439E-03   3.89919E-10
 3.24250E+01   1.52217E+22   5.93527E+12   2.32098E+03   3.78628E-03   3.89921E-10
 3.24750E+01   1.52288E+22   5.93806E+12   2.32211E+03   3.78816E-03   3.89923E-10
 3.25250E+01   1.52359E+22   5.94085E+12   2.32324E+03   3.79005E-03   3.89924E-10
 3.25750E+01   1.52430E+22   5.94364E+12   2.32437E+03   3.79194E-03   3.89926E-10
 3.26250E+01   1.52501E+22   5.94644E+12   2.32550E+03   3.79382E-03   3.89927E-10
 3.26750E+01   1.52572E+22   5.94924E+12   2.32663E+03   3.79571E-03   3.89929E-10
 3.27250E+01   1.52643E+22   5.95204E+12   2.32776E+03   3.79759E-03   3.89931E-10
 3.27750E+01   1.52714E+22   5.95486E+12   2.32888E+03   3.79947E-03   3.89934E-10
 3.28250E+01   1.52785E+22   5.95767E+12   2.33001E+03   3.80135E-03   3.89938E-10
 3.28750E+01   1.52856E+22   5.96050E+12   2.33113E+03   3.80323E-03   3.89941E-10
 3.29250E+01   1.52927E+22   5.96332E+12   2.33226E+03   3.80511E-03   3.89945E-10
 3.29750E+01   1.52998E+22   5.96614E+12   2.33338E+03   3.80698E-03   3.89949E-10
 3.30250E+01   1.53069E+22   5.96897E+12   2.33450E+03   3.80886E-03   3.89953E-10
 3.30750E+01   1.53139E+22   5.97179E+12   2.33563E+03   3.81073E-03   3.89958E-10
 3.31250E+01   1.53210E+22   5.97460E+12   2.33675E+03   3.81260E-03   3.89961E-10
 3.31750E+01   1.53281E+22   5.97740E+12   2.33787E+03   3.81447E-03   3.89965E-10
 3.32250E+01   1.53351E+22   5.98020E+12   2.33898E+03   3.81633E-03   3.89968E-10
 3.32750E+01   1.53421E+22   5.98299E+12   2.34010E+03   3.81820E-03   3.89971E-10
 3.33250E+01   1.53492E+22   5.98578E+12   2.34122E+03   3.82007E-03   3.89973E-10
 3.33750E+01   1.53563E+22   5.98858E+12   2.34234E+03   3.82193E-03   3.89976E-10
 3.34250E+01   1.53633E+22   5.99137E+12   2.34346E+03   3.82380E-03   3.89979E-10
 3.34750E+01   1.53704E+22   5.99417E+12   2.34457E+03   3.82566E-03   3.89982E-10
 3.35250E+01   1.53774E+22   5.99695E+12   2.34569E+03   3.82753E-03   3.89984E-10
 3.35750E+01   1.53845E+22   5.99974E+12   2.34681E+03   3.82939E-03   3.89987E-10
 3.36250E+01   1.53915E+22   6.00252E+12   2.34792E+03   3.83125E-03   3.89989E-10
 3.36750E+01   1.53986E+22   6.00531E+12   2.34904E+03   3.83312E-03   3.89992E-10
 3.37250E+01   1.54056E+22   6.00811E+12   2.35015E+03   3.83498E-03   3.89995E-10
 3.37750E+01   1.54127E+22   6.01091E+12   2.35127E+03   3.83684E-03   3.89998E-10
 3.38250E+01   1.54197E+22   6.01371E+12   2.35238E+03   3.83870E-03   3.90002E-10
 3.38750E+01   1.54267E+22   6.01652E+12   2.35350E+03   3.84056E-03   3.90006E-10
 3.39250E+01   1.54338E+22   6.01932E+12   2.35461E+03   3.84241E-03   3.90010E-10
 3.39750E+01   1.54408E+22   6.02212E+12   2.35572E+03   3.84426E-03   3.90014E-10
 3.40250E+01   1.54478E+22   6.02492E+12   2.35683E+03   3.84611E-03   3.90018E-10
 3.40750E+01   1.54548E+22   6.02770E+12   2.35793E+03   3.84796E-03   3.90021E-10
 3.41250E+01   1.54618E+22   6.03047E+12   2.35904E+03   3.84981E-03   3.90024E-10
 3.41750E+01   1.54688E+22   6.03324E+12   2.36015E+03   3.85166E-03   3.90026E-10
 3.42250E+01   1.54758E+22   6.03601E+12   2.36125E+03   3.85351E-03   3.90028E-10
 3.42750E+01   1.54828E+22   6.03878E+12   2.36236E+03   3.85535E-03   3.90030E-10
 3.43250E+01   1.54899E+22   6.04155E+12   2.36347E+03   3.85720E-03   3.90032E-10
 3.43750E+01   1.54969E+22   6.04431E+12   2.36458E+03   3.85905E-03   3.90034E-10
 3.44250E+01   1.55039E+22   6.04708E+12   2.36569E+03   3.86090E-03   3.90036E-10
 3.44750E+01   1.55109E+22   6.04985E+12   2.36680E+03   3.86274E-03   3.90038E-10
 3.45250E+01   1.55179E+22   6.05262E+12   2.36791E+03   3.86459E-03   3.90040E-10
 3.45750E+01   1.55250E+22   6.05541E+12   2.36901E+03   3.86643E-03   3.90043E-10
 3.46250E+01   1.55320E+22   6.05819E+12   2.37012E+03   3.86827E-03   3.90047E-10
 3.46750E+01   1.55390E+22   6.06098E+12   2.37122E+03   3.87011E-03   3.90050E-10
 3.47250E+01   1.55460E+22   6.06376E+12   2.37233E+03   3.87196E-03   3.90054E-10
 3.47750E+01   1.55530E+22   6.06654E+12   2.37343E+03   3.87379E-03   3.90057E-10
 3.48250E+01   1.55599E+22   6.06931E+12   2.37453E+03   3.87563E-03   3.90060E-10
 3.48750E+01   1.55669E+22   6.07207E+12   2.37563E+03   3.87746E-03   3.90063E-10
 3.49250E+01   1.55739E+22   6.07483E+12   2.37673E+03   3.87929E-03   3.90065E-10
 3.49750E+01   1.55809E+22   6.07758E+12   2.37783E+03   3.88112E-03   3.90066E-10
 3.50250E+01   1.55879E+22   6.08034E+12   2.37894E+03   3.88296E-03   3.90068E-10
 3.50750E+01   1.55949E+22   6.08309E+12   2.38004E+03   3.88479E-03   3.90070E-10
 3.51250E+01   1.56019E+22   6.08585E+12   2.38114E+03   3.88663E-03   3.90071E-10
 3.51750E+01   1.56089E+22   6.08861E+12   2.38225E+03   3.88846E-03   3.90073E-10
 3.52250E+01   1.56159E+22   6.09135E+12   2.38335E+03   3.89030E-03   3.90074E-10
 3.52750E+01   1.56229E+22   6.09410E+12   2.38445E+03   3.89213E-03   3.90075E-10
 3.53250E+01   1.56299E+22   6.09685E+12   2.38555E+03   3.89397E-03   3.90076E-10
 3.53750E+01   1.56369E+22   6.09959E+12   2.38666E+03   3.89580E-03   3.90077E-10
 3.54250E+01   1.56439E+22   6.10234E+12   2.38776E+03   3.89764E-03   3.90077E-10
 3.54750E+01   1.56509E+22   6.10509E+12   2.38886E+03   3.89947E-03   3.90078E-10
 3.55250E+01   1.56580E+22   6.10784E+12   2.38997E+03   3.90131E-03   3.90079E-10
 3.55750E+01   1.56650E+22   6.11060E+12   2.39107E+03   3.90314E-03   3.90080E-10
 3.56250E+01   1.56720E+22   6.11337E+12   2.39218E+03   3.90498E-03   3.90082E-10
 3.56750E+01   1.56790E+22   6.11615E+12   2.39328E+03   3.90681E-03   3.90085E-10
 3.57250E+01   1.56860E+22   6.11894E+12   2.39439E+03   3.90864E-03   3.90088E-10
 3.57750E+01   1.56931E+22   6.12174E+12   2.39549E+03   3.91048E-03   3.90092E-10
 3.58250E+01   1.57001E+22   6.12454E+12   2.39659E+03   3.91231E-03   3.90097E-10
 3.58750E+01   1.57071E+22   6.12735E+12   2.39769E+03   3.91414E-03   3.90101E-10
 3.59250E+01   1.57141E+22   6.13016E+12   2.39879E+03   3.91596E-03   3.90106E-10
 3.59750E+01   1.57211E+22   6.13296E+12   2.39989E+03   3.91779E-03   3.90111E-10
 3.60250E+01   1.57280E+22   6.13575E+12   2.40098E+03   3.91961E-03   3.90115E-10
 3.60750E+01   1.57350E+22   6.13853E+12   2.40208E+03   3.92142E-03   3.90119E-10
 3.61250E+01   1.57420E+22   6.14130E+12   2.40318E+03   3.92324E-03   3.90122E-10
 3.61750E+01   1.57490E+22   6.14408E+12   2.40427E+03   3.92506E-03   3.90125E-10
 3.62250E+01   1.57560E+22   6.14685E+12   2.40537E+03   3.92688E-03   3.90128E-10
 3.62750E+01   1.57630E+22   6.14962E+12   2.40647E+03   3.92870E-03   3.90131E-10
 3.63250E+01   1.57700E+22   6.15238E+12   2.40756E+03   3.93052E-03   3.90133E-10
 3.63750E+01   1.57769E+22   6.15514E+12   2.40865E+03   3.93234E-03   3.90135E-10
 3.64250E+01   1.57839E+22   6.15791E+12   2.40975E+03   3.93416E-03   3.90138E-10
 3.64750E+01   1.57909E+22   6.16067E+12   2.41084E+03   3.93598E-03   3.90140E-10
 3.65250E+01   1.57979E+22   6.16343E+12   2.41194E+03   3.93780E-03   3.90143E-10
 3.65750E+01   1.58049E+22   6.16620E+12   2.41303E+03   3.93961E-03   3.90145E-10
 3.66250E+01   1.58118E+22   6.16896E+12   2.41412E+03   3.94143E-03   3.90148E-10
 3.66750E+01   1.58188E+22   6.17172E+12   2.41521E+03   3.94324E-03   3.90151E-10
 3.67250E+01   1.58258E+22   6.17448E+12   2.41630E+03   3.94504E-03   3.90153E-10
 3.67750E+01   1.58327E+22   6.17721E+12   2.41739E+03   3.94685E-03   3.90155E-10
 3.68250E+01   1.58396E+22   6.17993E+12   2.41848E+03   3.94865E-03   3.90156E-10
 3.68750E+01   1.58466E+22   6.18264E+12   2.41956E+03   3.95046E-03   3.90156E-10
 3.69250E+01   1.58535E+22   6.18534E+12   2.42065E+03   3.95226E-03   3.90156E-10
 3.69750E+01   1.58605E+22   6.18804E+12   2.42173E+03   3.95407E-03   3.90155E-10
 3.70250E+01   1.58674E+22   6.19073E+12   2.42282E+03   3.95587E-03   3.90153E-10
 3.70750E+01   1.58744E+22   6.19344E+12   2.42391E+03   3.95768E-03   3.90153E-10
 3.71250E+01   1.58814E+22   6.19614E+12   2.42500E+03   3.95949E-03   3.90152E-10
 3.71750E+01   1.58883E+22   6.19885E+12   2.42608E+03   3.96129E-03   3.90151E-10
 3.72250E+01   1.58953E+22   6.20156E+12   2.42717E+03   3.96309E-03   3.90152E-10
 3.72750E+01   1.59022E+22   6.20428E+12   2.42826E+03   3.96489E-03   3.90152E-10
 3.73250E+01   1.59092E+22   6.20700E+12   2.42934E+03   3.96669E-03   3.90153E-10
 3.73750E+01   1.59161E+22   6.20972E+12   2.43042E+03   3.96848E-03   3.90154E-10
 3.74250E+01   1.59230E+22   6.21246E+12   2.43151E+03   3.97028E-03   3.90155E-10
 3.74750E+01   1.59300E+22   6.21519E+12   2.43259E+03   3.97208E-03   3.90157E-10
 3.75250E+01   1.59369E+22   6.21793E+12   2.43367E+03   3.97387E-03   3.90159E-10
 3.75750E+01   1.59438E+22   6.22066E+12   2.43475E+03   3.97566E-03   3.90161E-10
 3.76250E+01   1.59507E+22   6.22339E+12   2.43582E+03   3.97745E-03   3.90163E-10
 3.76750E+01   1.59576E+22   6.22612E+12   2.43690E+03   3.97923E-03   3.90165E-10
 3.77250E+01   1.59646E+22   6.22884E+12   2.43798E+03   3.98102E-03   3.90167E-10
 3.77750E+01   1.59715E+22   6.23155E+12   2.43906E+03   3.98280E-03   3.90168E-10
 3.78250E+01   1.59784E+22   6.23427E+12   2.44014E+03   3.98459E-03   3.90169E-10
 3.78750E+01   1.59853E+22   6.23699E+12   2.44122E+03   3.98637E-03   3.90170E-10
 3.79250E+01   1.59922E+22   6.23970E+12   2.44229E+03   3.98816E-03   3.90171E-10
 3.79750E+01   1.59992E+22   6.24242E+12   2.44337E+03   3.98995E-03   3.90172E-10
 3.80250E+01   1.60061E+22   6.24514E+12   2.44445E+03   3.99173E-03   3.90173E-10
 3.80750E+01   1.60130E+22   6.24786E+12   2.44552E+03   3.99352E-03   3.90174E-10
 3.81250E+01   1.60199E+22   6.25058E+12   2.44660E+03   3.99530E-03   3.90176E-10
 3.81750E+01   1.60268E+22   6.25332E+12   2.44768E+03   3.99708E-03   3.90178E-10
 3.82250E+01   1.60337E+22   6.25606E+12   2.44875E+03   3.99885E-03   3.90181E-10
 3.82750E+01   1.60406E+22   6.25879E+12   2.44982E+03   4.00063E-03   3.90184E-10
 3.83250E+01   1.60475E+22   6.26153E+12   2.45089E+03   4.00240E-03   3.90187E-10
 3.83750E+01   1.60544E+22   6.26426E+12   2.45196E+03   4.00416E-03   3.90190E-10
 3.84250E+01   1.60613E+22   6.26698E+12   2.45303E+03   4.00593E-03   3.90192E-10
 3.84750E+01   1.60681E+22   6.26970E+12   2.45409E+03   4.00769E-03   3.90194E-10
 3.85250E+01   1.60750E+22   6.27241E+12   2.45516E+03   4.00946E-03   3.90196E-10
 3.85750E+01   1.60819E+22   6.27512E+12   2.45623E+03   4.01122E-03   3.90198E-10
 3.86250E+01   1.60888E+22   6.27784E+12   2.45729E+03   4.01298E-03   3.90200E-10
 3.86750E+01   1.60956E+22   6.28055E+12   2.45836E+03   4.01475E-03   3.90202E-10
 3.87250E+01   1.61025E+22   6.28325E+12   2.45943E+03   4.01651E-03   3.90203E-10
 3.87750E+01   1.61094E+22   6.28595E+12   2.46049E+03   4.01826E-03   3.90205E-10
 3.88250E+01   1.61162E+22   6.28866E+12   2.46155E+03   4.02002E-03   3.90207E-10
 3.88750E+01   1.61231E+22   6.29136E+12   2.46261E+03   4.02177E-03   3.90209E-10
 3.89250E+01   1.61299E+22   6.29407E+12   2.46367E+03   4.02352E-03   3.90211E-10
 3.89750E+01   1.61368E+22   6.29679E+12   2.46473E+03   4.02527E-03   3.90214E-10
 3.90250E+01   1.61436E+22   6.29952E+12   2.46579E+03   4.02702E-03   3.90218E-10
 3.90750E+01   1.61504E+22   6.30226E+12   2.46684E+03   4.02876E-03   3.90223E-10
 3.91250E+01   1.61572E+22   6.30500E+12   2.46790E+03   4.03049E-03   3.90229E-10
 3.91750E+01   1.61640E+22   6.30773E+12   2.46895E+03   4.03223E-03   3.90234E-10
 3.92250E+01   1.61708E+22   6.31046E+12   2.46999E+03   4.03395E-03   3.90239E-10
 3.92750E+01   1.61775E+22   6.31318E+12   2.47104E+03   4.03568E-03   3.90244E-10
 3.93250E+01   1.61843E+22   6.31591E+12   2.47208E+03   4.03740E-03   3.90249E-10
 3.93750E+01   1.61910E+22   6.31863E+12   2.47312E+03   4.03912E-03   3.90255E-10
 3.94250E+01   1.61978E+22   6.32135E+12   2.47417E+03   4.04084E-03   3.90260E-10
 3.94750E+01   1.62045E+22   6.32407E+12   2.47521E+03   4.04255E-03   3.90266E-10
 3.95250E+01   1.62112E+22   6.32679E+12   2.47624E+03   4.04426E-03   3.90272E-10
 3.95750E+01   1.62179E+22   6.32950E+12   2.47728E+03   4.04597E-03   3.90278E-10
 3.96250E+01   1.62246E+22   6.33220E+12   2.47831E+03   4.04767E-03   3.90283E-10
 3.96750E+01   1.62313E+22   6.33490E+12   2.47934E+03   4.04936E-03   3.90288E-10
 3.97250E+01   1.62380E+22   6.33759E+12   2.48036E+03   4.05105E-03   3.90294E-10
 3.97750E+01   1.62446E+22   6.34028E+12   2.48139E+03   4.05274E-03   3.90300E-10
 3.98250E+01   1.62512E+22   6.34298E+12   2.48241E+03   4.05442E-03   3.90307E-10
 3.98750E+01   1.62578E+22   6.34568E+12   2.48342E+03   4.05609E-03   3.90315E-10
 3.99250E+01   1.62644E+22   6.34838E+12   2.48443E+03   4.05775E-03   3.90323E-10
 3.99750E+01   1.62710E+22   6.35107E+12   2.48544E+03   4.05941E-03   3.90332E-10
 4.00250E+01   1.62775E+22   6.35376E+12   2.48644E+03   4.06105E-03   3.90340E-10
 4.00750E+01   1.62840E+22   6.35643E+12   2.48743E+03   4.06269E-03   3.90349E-10
 4.01250E+01   1.62904E+22   6.35909E+12   2.48842E+03   4.06432E-03   3.90358E-10
 4.01750E+01   1.62968E+22   6.36174E+12   2.48941E+03   4.06594E-03   3.90366E-10
 4.02250E+01   1.63033E+22   6.36439E+12   2.49039E+03   4.06756E-03   3.90376E-10
 4.02750E+01   1.63096E+22   6.36704E+12   2.49137E+03   4.06916E-03   3.90385E-10
 4.03250E+01   1.63160E+22   6.36968E+12   2.49235E+03   4.07076E-03   3.90395E-10
 4.03750E+01   1.63223E+22   6.37232E+12   2.49331E+03   4.07235E-03   3.90406E-10
 4.04250E+01   1.63286E+22   6.37497E+12   2.49427E+03   4.07393E-03   3.90418E-10
 4.04750E+01   1.63348E+22   6.37762E+12   2.49523E+03   4.07550E-03   3.90430E-10
 4.05250E+01   1.63410E+22   6.38025E+12   2.49617E+03   4.07705E-03   3.90444E-10
 4.05750E+01   1.63472E+22   6.38289E+12   2.49711E+03   4.07859E-03   3.90458E-10
 4.06250E+01   1.63533E+22   6.38553E+12   2.49804E+03   4.08012E-03   3.90474E-10
 4.06750E+01   1.63593E+22   6.38817E+12   2.49896E+03   4.08163E-03   3.90491E-10
 4.07250E+01   1.63653E+22   6.39083E+12   2.49988E+03   4.08313E-03   3.90510E-10
 4.07750E+01   1.63713E+22   6.39350E+12   2.50078E+03   4.08461E-03   3.90531E-10
 4.08250E+01   1.63772E+22   6.39617E+12   2.50167E+03   4.08607E-03   3.90555E-10
 4.08750E+01   1.63830E+22   6.39884E+12   2.50255E+03   4.08751E-03   3.90579E-10
 4.09250E+01   1.63887E+22   6.40150E+12   2.50342E+03   4.08894E-03   3.90605E-10
 4.09750E+01   1.63943E+22   6.40415E+12   2.50428E+03   4.09034E-03   3.90632E-10
 4.10250E+01   1.63999E+22   6.40678E+12   2.50512E+03   4.09172E-03   3.90660E-10
 4.10750E+01   1.64054E+22   6.40940E+12   2.50596E+03   4.09308E-03   3.90689E-10
 4.11250E+01   1.64108E+22   6.41201E+12   2.50678E+03   4.09442E-03   3.90718E-10
 4.11750E+01   1.64162E+22   6.41461E+12   2.50758E+03   4.09574E-03   3.90750E-10
 4.12250E+01   1.64214E+22   6.41720E+12   2.50837E+03   4.09703E-03   3.90782E-10
 4.12750E+01   1.64266E+22   6.41978E+12   2.50915E+03   4.09830E-03   3.90817E-10
 4.13250E+01   1.64317E+22   6.42238E+12   2.50991E+03   4.09954E-03   3.90854E-10
 4.13750E+01   1.64366E+22   6.42497E+12   2.51066E+03   4.10076E-03   3.90894E-10
 4.14250E+01   1.64415E+22   6.42756E+12   2.51139E+03   4.10194E-03   3.90935E-10
 4.14750E+01   1.64462E+22   6.43013E+12   2.51209E+03   4.10310E-03   3.90979E-10
 4.15250E+01   1.64508E+22   6.43269E+12   2.51278E+03   4.10422E-03   3.91025E-10
 4.15750E+01   1.64553E+22   6.43525E+12   2.51345E+03   4.10530E-03   3.91074E-10
 4.16250E+01   1.64597E+22   6.43779E+12   2.51409E+03   4.10635E-03   3.91125E-10
 4.16750E+01   1.64639E+22   6.44032E+12   2.51472E+03   4.10735E-03   3.91179E-10
 4.17250E+01   1.64679E+22   6.44284E+12   2.51531E+03   4.10832E-03   3.91236E-10
 4.17750E+01   1.64718E+22   6.44534E+12   2.51588E+03   4.10924E-03   3.91296E-10
 4.18250E+01   1.64755E+22   6.44784E+12   2.51643E+03   4.11012E-03   3.91359E-10
 4.18750E+01   1.64791E+22   6.45034E+12   2.51695E+03   4.11096E-03   3.91426E-10
 4.19250E+01   1.64825E+22   6.45282E+12   2.51743E+03   4.11174E-03   3.91496E-10
 4.19750E+01   1.64856E+22   6.45529E+12   2.51789E+03   4.11247E-03   3.91571E-10
 4.20250E+01   1.64886E+22   6.45775E+12   2.51832E+03   4.11315E-03   3.91650E-10
 4.20750E+01   1.64914E+22   6.46020E+12   2.51871E+03   4.11377E-03   3.91733E-10
 4.21250E+01   1.64939E+22   6.46264E+12   2.51906E+03   4.11433E-03   3.91821E-10
 4.21750E+01   1.64962E+22   6.46507E+12   2.51938E+03   4.11483E-03   3.91913E-10
 4.22250E+01   1.64982E+22   6.46748E+12   2.51966E+03   4.11526E-03   3.92010E-10
 4.22750E+01   1.65000E+22   6.46988E+12   2.51989E+03   4.11563E-03   3.92113E-10
 4.23250E+01   1.65015E+22   6.47226E+12   2.52009E+03   4.11592E-03   3.92222E-10
 4.23750E+01   1.65028E+22   6.47463E+12   2.52024E+03   4.11614E-03   3.92335E-10
 4.24250E+01   1.65037E+22   6.47697E+12   2.52034E+03   4.11628E-03   3.92455E-10
 4.24750E+01   1.65044E+22   6.47929E+12   2.52039E+03   4.11635E-03   3.92580E-10
 4.25250E+01   1.65047E+22   6.48158E+12   2.52040E+03   4.11632E-03   3.92712E-10
 4.25750E+01   1.65047E+22   6.48384E+12   2.52035E+03   4.11621E-03   3.92849E-10
 4.26250E+01   1.65043E+22   6.48607E+12   2.52024E+03   4.11601E-03   3.92992E-10
 4.26750E+01   1.65036E+22   6.48827E+12   2.52008E+03   4.11571E-03   3.93143E-10
 4.27250E+01   1.65025E+22   6.49044E+12   2.51985E+03   4.11531E-03   3.93301E-10
 4.27750E+01   1.65010E+22   6.49257E+12   2.51957E+03   4.11481E-03   3.93465E-10
 4.28250E+01   1.64991E+22   6.49465E+12   2.51922E+03   4.11421E-03   3.93637E-10
 4.28750E+01   1.64968E+22   6.49669E+12   2.51881E+03   4.11349E-03   3.93815E-10
 4.29250E+01   1.64940E+22   6.49867E+12   2.51833E+03   4.11266E-03   3.94001E-10
 4.29750E+01   1.64908E+22   6.50060E+12   2.51777E+03   4.11171E-03   3.94195E-10
 4.30250E+01   1.64872E+22   6.50248E+12   2.51714E+03   4.11064E-03   3.94396E-10
 4.30750E+01   1.64830E+22   6.50430E+12   2.51644E+03   4.10944E-03   3.94605E-10
 4.31250E+01   1.64784E+22   6.50607E+12   2.51566E+03   4.10811E-03   3.94824E-10
 4.31750E+01   1.64732E+22   6.50778E+12   2.51479E+03   4.10664E-03   3.95052E-10
 4.32250E+01   1.64675E+22   6.50943E+12   2.51384E+03   4.10504E-03   3.95289E-10
 4.32750E+01   1.64612E+22   6.51102E+12   2.51280E+03   4.10328E-03   3.95536E-10
 4.33250E+01   1.64544E+22   6.51256E+12   2.51167E+03   4.10138E-03   3.95794E-10
 4.33750E+01   1.64470E+22   6.51403E+12   2.51045E+03   4.09932E-03   3.96062E-10
 4.34250E+01   1.64390E+22   6.51543E+12   2.50914E+03   4.09711E-03   3.96340E-10
 4.34750E+01   1.64303E+22   6.51676E+12   2.50772E+03   4.09473E-03   3.96630E-10
 4.35250E+01   1.64210E+22   6.51801E+12   2.50621E+03   4.09219E-03   3.96931E-10
 4.35750E+01   1.64111E+22   6.51917E+12   2.50458E+03   4.08947E-03   3.97243E-10
 4.36250E+01   1.64004E+22   6.52024E+12   2.50285E+03   4.08656E-03   3.97566E-10
 4.36750E+01   1.63890E+22   6.52120E+12   2.50101E+03   4.08348E-03   3.97901E-10
 4.37250E+01   1.63769E+22   6.52206E+12   2.49905E+03   4.08020E-03   3.98247E-10
 4.37750E+01   1.63641E+22   6.52282E+12   2.49697E+03   4.07672E-03   3.98607E-10
 4.38250E+01   1.63504E+22   6.52348E+12   2.49477E+03   4.07304E-03   3.98979E-10
 4.38750E+01   1.63360E+22   6.52404E+12   2.49245E+03   4.06915E-03   3.99366E-10
 4.39250E+01   1.63207E+22   6.52452E+12   2.48999E+03   4.06505E-03   3.99769E-10
 4.39750E+01   1.63047E+22   6.52491E+12   2.48741E+03   4.06073E-03   4.00187E-10
 4.40250E+01   1.62877E+22   6.52520E+12   2.48468E+03   4.05619E-03   4.00621E-10
 4.40750E+01   1.62699E+22   6.52538E+12   2.48182E+03   4.05142E-03   4.01072E-10
 4.41250E+01   1.62511E+22   6.52543E+12   2.47882E+03   4.04641E-03   4.01537E-10
 4.41750E+01   1.62314E+22   6.52540E+12   2.47567E+03   4.04115E-03   4.02023E-10
 4.42250E+01   1.62108E+22   6.52540E+12   2.47237E+03   4.03566E-03   4.02534E-10
 4.42750E+01   1.61892E+22   6.52525E+12   2.46892E+03   4.02991E-03   4.03062E-10
 4.43250E+01   1.61666E+22   6.52459E+12   2.46531E+03   4.02390E-03   4.03584E-10
 4.43750E+01   1.61430E+22   6.52362E+12   2.46154E+03   4.01762E-03   4.04115E-10
 4.44250E+01   1.61183E+22   6.52247E+12   2.45761E+03   4.01108E-03   4.04661E-10
 4.44750E+01   1.60926E+22   6.52115E+12   2.45352E+03   4.00426E-03   4.05226E-10
 4.45250E+01   1.60658E+22   6.51969E+12   2.44925E+03   3.99716E-03   4.05811E-10
 4.45750E+01   1.60379E+22   6.51805E+12   2.44481E+03   3.98978E-03   4.06415E-10
 4.46250E+01   1.60089E+22   6.51620E+12   2.44019E+03   3.98210E-03   4.07037E-10
 4.46750E+01   1.59787E+22   6.51413E+12   2.43539E+03   3.97413E-03   4.07676E-10
 4.47250E+01   1.59473E+22   6.51179E+12   2.43041E+03   3.96585E-03   4.08332E-10
 4.47750E+01   1.59148E+22   6.50918E+12   2.42525E+03   3.95726E-03   4.09003E-10
 4.48250E+01   1.58810E+22   6.50629E+12   2.41989E+03   3.94837E-03   4.09690E-10
 4.48750E+01   1.58460E+22   6.50309E+12   2.41434E+03   3.93915E-03   4.10393E-10
 4.49250E+01   1.58097E+22   6.49958E+12   2.40860E+03   3.92961E-03   4.11112E-10
 4.49750E+01   1.57722E+22   6.49574E+12   2.40266E+03   3.91975E-03   4.11847E-10
 4.50250E+01   1.57334E+22   6.49156E+12   2.39652E+03   3.90955E-03   4.12597E-10
 4.50750E+01   1.56933E+22   6.48702E+12   2.39017E+03   3.89902E-03   4.13363E-10
 4.51250E+01   1.56518E+22   6.48210E+12   2.38362E+03   3.88815E-03   4.14143E-10
 4.51750E+01   1.56091E+22   6.47680E+12   2.37686E+03   3.87693E-03   4.14939E-10
 4.52250E+01   1.55649E+22   6.47110E+12   2.36988E+03   3.86537E-03   4.15749E-10
 4.52750E+01   1.55194E+22   6.46499E+12   2.36270E+03   3.85346E-03   4.16574E-10
 4.53250E+01   1.54726E+22   6.45847E+12   2.35530E+03   3.84119E-03   4.17414E-10
 4.53750E+01   1.54243E+22   6.45152E+12   2.34769E+03   3.82856E-03   4.18270E-10
 4.54250E+01   1.53746E+22   6.44412E+12   2.33985E+03   3.81558E-03   4.19140E-10
 4.54750E+01   1.53235E+22   6.43626E+12   2.33180E+03   3.80223E-03   4.20025E-10
 4.55250E+01   1.52710E+22   6.42792E+12   2.32352E+03   3.78851E-03   4.20924E-10
 4.55750E+01   1.52170E+22   6.41908E+12   2.31502E+03   3.77443E-03   4.21837E-10
 4.56250E+01   1.51615E+22   6.40972E+12   2.30629E+03   3.75997E-03   4.22762E-10
 4.56750E+01   1.51046E+22   6.39982E+12   2.29734E+03   3.74514E-03   4.23700E-10
 4.57250E+01   1.50462E+22   6.38935E+12   2.28815E+03   3.72994E-03   4.24649E-10
 4.57750E+01   1.49863E+22   6.37827E+12   2.27874E+03   3.71436E-03   4.25606E-10
 4.58250E+01   1.49249E+22   6.36657E+12   2.26909E+03   3.69840E-03   4.26572E-10
 4.58750E+01   1.48621E+22   6.35423E+12   2.25921E+03   3.68206E-03   4.27547E-10
 4.59250E+01   1.47977E+22   6.34123E+12   2.24910E+03   3.66534E-03   4.28527E-10
 4.59750E+01   1.47319E+22   6.32753E+12   2.23876E+03   3.64824E-03   4.29514E-10
 4.60250E+01   1.46645E+22   6.31314E+12   2.22819E+03   3.63076E-03   4.30505E-10
 4.60750E+01   1.45956E+22   6.29803E+12   2.21739E+03   3.61290E-03   4.31501E-10
 4.61250E+01   1.45253E+22   6.28217E+12   2.20636E+03   3.59466E-03   4.32500E-10
 4.61750E+01   1.44534E+22   6.26557E+12   2.19509E+03   3.57604E-03   4.33502E-10
 4.62250E+01   1.43800E+22   6.24819E+12   2.18360E+03   3.55704E-03   4.34505E-10
 4.62750E+01   1.43052E+22   6.23002E+12   2.17187E+03   3.53766E-03   4.35508E-10
 4.63250E+01   1.42288E+22   6.21102E+12   2.15992E+03   3.51791E-03   4.36511E-10
 4.63750E+01   1.41509E+22   6.19119E+12   2.14774E+03   3.49779E-03   4.37511E-10
 4.64250E+01   1.40716E+22   6.17050E+12   2.13533E+03   3.47729E-03   4.38507E-10
 4.64750E+01   1.39908E+22   6.14892E+12   2.12269E+03   3.45642E-03   4.39497E-10
 4.65250E+01   1.39085E+22   6.12643E+12   2.10983E+03   3.43519E-03   4.40481E-10
 4.65750E+01   1.38248E+22   6.10302E+12   2.09675E+03   3.41359E-03   4.41456E-10
 4.66250E+01   1.37396E+22   6.07868E+12   2.08345E+03   3.39163E-03   4.42422E-10
 4.66750E+01   1.36529E+22   6.05338E+12   2.06992E+03   3.36931E-03   4.43376E-10
 4.67250E+01   1.35649E+22   6.02713E+12   2.05618E+03   3.34664E-03   4.44319E-10
 4.67750E+01   1.34754E+22   5.99991E+12   2.04223E+03   3.32363E-03   4.45248E-10
 4.68250E+01   1.33846E+22   5.97170E+12   2.02807E+03   3.30026E-03   4.46163E-10
 4.68750E+01   1.32923E+22   5.94248E+12   2.01369E+03   3.27656E-03   4.47061E-10
 4.69250E+01   1.31987E+22   5.91226E+12   1.99912E+03   3.25253E-03   4.47941E-10
 4.69750E+01   1.31038E+22   5.88100E+12   1.98433E+03   3.22816E-03   4.48801E-10
 4.70250E+01   1.30075E+22   5.84870E+12   1.96935E+03   3.20347E-03   4.49639E-10
 4.70750E+01   1.29100E+22   5.81535E+12   1.95417E+03   3.17846E-03   4.50454E-10
 4.71250E+01   1.28111E+22   5.78095E+12   1.93880E+03   3.15313E-03   4.51245E-10
 4.71750E+01   1.27110E+22   5.74550E+12   1.92324E+03   3.12750E-03   4.52010E-10
 4.72250E+01   1.26097E+22   5.70898E+12   1.90750E+03   3.10158E-03   4.52747E-10
 4.72750E+01   1.25071E+22   5.67140E+12   1.89157E+03   3.07535E-03   4.53454E-10
 4.73250E+01   1.24034E+22   5.63275E+12   1.87547E+03   3.04885E-03   4.54131E-10
 4.73750E+01   1.22985E+22   5.59302E+12   1.85919E+03   3.02206E-03   4.54774E-10
 4.74250E+01   1.21924E+22   5.55220E+12   1.84275E+03   2.99500E-03   4.55381E-10
 4.74750E+01   1.20853E+22   5.51028E+12   1.82614E+03   2.96768E-03   4.55951E-10
 4.75250E+01   1.19770E+22   5.46729E+12   1.80937E+03   2.94010E-03   4.56481E-10
 4.75750E+01   1.18677E+22   5.42320E+12   1.79245E+03   2.91227E-03   4.56970E-10
 4.76250E+01   1.17574E+22   5.37802E+12   1.77537E+03   2.88420E-03   4.57414E-10
 4.76750E+01   1.16462E+22   5.33176E+12   1.75816E+03   2.85590E-03   4.57813E-10
 4.77250E+01   1.15339E+22   5.28440E+12   1.74080E+03   2.82738E-03   4.58162E-10
 4.77750E+01   1.14207E+22   5.23595E+12   1.72331E+03   2.79864E-03   4.58460E-10
 4.78250E+01   1.13067E+22   5.18641E+12   1.70569E+03   2.76970E-03   4.58703E-10
 4.78750E+01   1.11918E+22   5.13577E+12   1.68794E+03   2.74056E-03   4.58888E-10
 4.79250E+01   1.10760E+22   5.08403E+12   1.67008E+03   2.71123E-03   4.59012E-10
 4.79750E+01   1.09595E+22   5.03119E+12   1.65211E+03   2.68172E-03   4.59071E-10
 4.80250E+01   1.08422E+22   4.97725E+12   1.63402E+03   2.65205E-03   4.59062E-10
 4.80750E+01   1.07242E+22   4.92220E+12   1.61584E+03   2.62221E-03   4.58981E-10
 4.81250E+01   1.06055E+22   4.86605E+12   1.59756E+03   2.59223E-03   4.58823E-10
 4.81750E+01   1.04862E+22   4.80879E+12   1.57919E+03   2.56210E-03   4.58584E-10
 4.82250E+01   1.03662E+22   4.75041E+12   1.56074E+03   2.53185E-03   4.58258E-10
 4.82750E+01   1.02457E+22   4.69090E+12   1.54221E+03   2.50147E-03   4.57839E-10
 4.83250E+01   1.01247E+22   4.63025E+12   1.52360E+03   2.47099E-03   4.57323E-10
 4.83750E+01   1.00032E+22   4.56846E+12   1.50493E+03   2.44040E-03   4.56702E-10
 4.84250E+01   9.88119E+21   4.50552E+12   1.48621E+03   2.40973E-03   4.55969E-10
 4.84750E+01   9.75882E+21   4.44141E+12   1.46743E+03   2.37898E-03   4.55118E-10
 4.85250E+01   9.63612E+21   4.37614E+12   1.44861E+03   2.34817E-03   4.54139E-10
 4.85750E+01   9.51317E+21   4.30971E+12   1.42976E+03   2.31732E-03   4.53026E-10
 4.86250E+01   9.39010E+21   4.24218E+12   1.41091E+03   2.28647E-03   4.51772E-10
 4.86750E+01   9.26716E+21   4.17336E+12   1.39208E+03   2.25567E-03   4.50338E-10
 4.87250E+01   9.14480E+21   4.10252E+12   1.37335E+03   2.22504E-03   4.48618E-10
 4.87750E+01   9.02393E+21   4.03170E+12   1.35486E+03   2.19480E-03   4.46778E-10
 4.88250E+01   8.90639E+21   3.96758E+12   1.33688E+03   2.16542E-03   4.45476E-10
 4.88750E+01   8.79594E+21   3.89011E+12   1.32000E+03   2.13782E-03   4.42262E-10
 4.89250E+01   8.70039E+21   3.73416E+12   1.30540E+03   2.11396E-03   4.29194E-10
 4.89750E+01   8.63589E+21   3.69439E+12   1.29554E+03   2.09785E-03   4.27794E-10
