      xx/10.      ss_ratio
         [-]           [-]
 1.02500E+00   2.63079E+01
 1.07500E+00   2.62426E+01
 1.12500E+00   2.61797E+01
 1.17500E+00   2.61188E+01
 1.22500E+00   2.60594E+01
 1.27500E+00   2.60011E+01
 1.32500E+00   2.59441E+01
 1.37500E+00   2.58879E+01
 1.42500E+00   2.58324E+01
 1.47500E+00   2.57778E+01
 1.52500E+00   2.57240E+01
 1.57500E+00   2.56708E+01
 1.62500E+00   2.56183E+01
 1.67500E+00   2.55664E+01
 1.72500E+00   2.55152E+01
 1.77500E+00   2.54647E+01
 1.82500E+00   2.54150E+01
 1.87500E+00   2.53657E+01
 1.92500E+00   2.53170E+01
 1.97500E+00   2.52688E+01
 2.02500E+00   2.52211E+01
 2.07500E+00   2.51741E+01
 2.12500E+00   2.51274E+01
 2.17500E+00   2.50812E+01
 2.22500E+00   2.50357E+01
 2.27500E+00   2.49907E+01
 2.32500E+00   2.49461E+01
 2.37500E+00   2.49022E+01
 2.42500E+00   2.48586E+01
 2.47500E+00   2.48157E+01
 2.52500E+00   2.47731E+01
 2.57500E+00   2.47311E+01
 2.62500E+00   2.46894E+01
 2.67500E+00   2.46480E+01
 2.72500E+00   2.46071E+01
 2.77500E+00   2.45667E+01
 2.82500E+00   2.45267E+01
 2.87500E+00   2.44871E+01
 2.92500E+00   2.44480E+01
 2.97500E+00   2.44092E+01
 3.02500E+00   2.43707E+01
 3.07500E+00   2.43327E+01
 3.12500E+00   2.42952E+01
 3.17500E+00   2.42580E+01
 3.22500E+00   2.42211E+01
 3.27500E+00   2.41845E+01
 3.32500E+00   2.41482E+01
 3.37500E+00   2.41124E+01
 3.42500E+00   2.40770E+01
 3.47500E+00   2.40418E+01
 3.52500E+00   2.40067E+01
 3.57500E+00   2.39720E+01
 3.62500E+00   2.39378E+01
 3.67500E+00   2.39037E+01
 3.72500E+00   2.38701E+01
 3.77500E+00   2.38367E+01
 3.82500E+00   2.38037E+01
 3.87500E+00   2.37710E+01
 3.92500E+00   2.37385E+01
 3.97500E+00   2.37064E+01
 4.02500E+00   2.36744E+01
 4.07500E+00   2.36430E+01
 4.12500E+00   2.36117E+01
 4.17500E+00   2.35809E+01
 4.22500E+00   2.35502E+01
 4.27500E+00   2.35196E+01
 4.32500E+00   2.34893E+01
 4.37500E+00   2.34592E+01
 4.42500E+00   2.34293E+01
 4.47500E+00   2.33997E+01
 4.52500E+00   2.33704E+01
 4.57500E+00   2.33413E+01
 4.62500E+00   2.33125E+01
 4.67500E+00   2.32840E+01
 4.72500E+00   2.32555E+01
 4.77500E+00   2.32274E+01
 4.82500E+00   2.31994E+01
 4.87500E+00   2.31717E+01
 4.92500E+00   2.31442E+01
 4.97500E+00   2.31169E+01
 5.02500E+00   2.30898E+01
 5.07500E+00   2.30628E+01
 5.12500E+00   2.30362E+01
 5.17500E+00   2.30098E+01
 5.22500E+00   2.29835E+01
 5.27500E+00   2.29575E+01
 5.32500E+00   2.29315E+01
 5.37500E+00   2.29057E+01
 5.42500E+00   2.28800E+01
 5.47500E+00   2.28545E+01
 5.52500E+00   2.28294E+01
 5.57500E+00   2.28043E+01
 5.62500E+00   2.27795E+01
 5.67500E+00   2.27549E+01
 5.72500E+00   2.27304E+01
 5.77500E+00   2.27060E+01
 5.82500E+00   2.26818E+01
 5.87500E+00   2.26579E+01
 5.92500E+00   2.26341E+01
 5.97500E+00   2.26105E+01
 6.02500E+00   2.25870E+01
 6.07500E+00   2.25636E+01
 6.12500E+00   2.25405E+01
 6.17500E+00   2.25175E+01
 6.22500E+00   2.24947E+01
 6.27500E+00   2.24720E+01
 6.32500E+00   2.24495E+01
 6.37500E+00   2.24272E+01
 6.42500E+00   2.24048E+01
 6.47500E+00   2.23827E+01
 6.52500E+00   2.23608E+01
 6.57500E+00   2.23389E+01
 6.62500E+00   2.23173E+01
 6.67500E+00   2.22957E+01
 6.72500E+00   2.22743E+01
 6.77500E+00   2.22530E+01
 6.82500E+00   2.22319E+01
 6.87500E+00   2.22109E+01
 6.92500E+00   2.21901E+01
 6.97500E+00   2.21696E+01
 7.02500E+00   2.21490E+01
 7.07500E+00   2.21285E+01
 7.12500E+00   2.21083E+01
 7.17500E+00   2.20882E+01
 7.22500E+00   2.20681E+01
 7.27500E+00   2.20483E+01
 7.32500E+00   2.20285E+01
 7.37500E+00   2.20087E+01
 7.42500E+00   2.19891E+01
 7.47500E+00   2.19697E+01
 7.52500E+00   2.19503E+01
 7.57500E+00   2.19310E+01
 7.62500E+00   2.19118E+01
 7.67500E+00   2.18927E+01
 7.72500E+00   2.18738E+01
 7.77500E+00   2.18549E+01
 7.82500E+00   2.18362E+01
 7.87500E+00   2.18175E+01
 7.92500E+00   2.17990E+01
 7.97500E+00   2.17807E+01
 8.02500E+00   2.17625E+01
 8.07500E+00   2.17442E+01
 8.12500E+00   2.17261E+01
 8.17500E+00   2.17083E+01
 8.22500E+00   2.16905E+01
 8.27500E+00   2.16727E+01
 8.32500E+00   2.16550E+01
 8.37500E+00   2.16374E+01
 8.42500E+00   2.16200E+01
 8.47500E+00   2.16027E+01
 8.52500E+00   2.15855E+01
 8.57500E+00   2.15685E+01
 8.62500E+00   2.15513E+01
 8.67500E+00   2.15342E+01
 8.72500E+00   2.15172E+01
 8.77500E+00   2.15003E+01
 8.82500E+00   2.14836E+01
 8.87500E+00   2.14669E+01
 8.92500E+00   2.14503E+01
 8.97500E+00   2.14338E+01
 9.02500E+00   2.14174E+01
 9.07500E+00   2.14010E+01
 9.12500E+00   2.13848E+01
 9.17500E+00   2.13685E+01
 9.22500E+00   2.13524E+01
 9.27500E+00   2.13364E+01
 9.32500E+00   2.13204E+01
 9.37500E+00   2.13043E+01
 9.42500E+00   2.12885E+01
 9.47500E+00   2.12730E+01
 9.52500E+00   2.12575E+01
 9.57500E+00   2.12419E+01
 9.62500E+00   2.12264E+01
 9.67500E+00   2.12110E+01
 9.72500E+00   2.11957E+01
 9.77500E+00   2.11804E+01
 9.82500E+00   2.11652E+01
 9.87500E+00   2.11500E+01
 9.92500E+00   2.11349E+01
 9.97500E+00   2.11199E+01
 1.00250E+01   2.11051E+01
 1.00750E+01   2.10901E+01
 1.01250E+01   2.10752E+01
 1.01750E+01   2.10604E+01
 1.02250E+01   2.10458E+01
 1.02750E+01   2.10312E+01
 1.03250E+01   2.10167E+01
 1.03750E+01   2.10022E+01
 1.04250E+01   2.09877E+01
 1.04750E+01   2.09733E+01
 1.05250E+01   2.09590E+01
 1.05750E+01   2.09448E+01
 1.06250E+01   2.09305E+01
 1.06750E+01   2.09161E+01
 1.07250E+01   2.09017E+01
 1.07750E+01   2.08875E+01
 1.08250E+01   2.08734E+01
 1.08750E+01   2.08593E+01
 1.09250E+01   2.08452E+01
 1.09750E+01   2.08313E+01
 1.10250E+01   2.08173E+01
 1.10750E+01   2.08032E+01
 1.11250E+01   2.07893E+01
 1.11750E+01   2.07754E+01
 1.12250E+01   2.07614E+01
 1.12750E+01   2.07475E+01
 1.13250E+01   2.07335E+01
 1.13750E+01   2.07197E+01
 1.14250E+01   2.07058E+01
 1.14750E+01   2.06920E+01
 1.15250E+01   2.06781E+01
 1.15750E+01   2.06642E+01
 1.16250E+01   2.06504E+01
 1.16750E+01   2.06365E+01
 1.17250E+01   2.06227E+01
 1.17750E+01   2.06090E+01
 1.18250E+01   2.05952E+01
 1.18750E+01   2.05812E+01
 1.19250E+01   2.05674E+01
 1.19750E+01   2.05535E+01
 1.20250E+01   2.05394E+01
 1.20750E+01   2.05255E+01
 1.21250E+01   2.05113E+01
 1.21750E+01   2.04971E+01
 1.22250E+01   2.04827E+01
 1.22750E+01   2.04683E+01
 1.23250E+01   2.04539E+01
 1.23750E+01   2.04395E+01
 1.24250E+01   2.04249E+01
 1.24750E+01   2.04101E+01
 1.25250E+01   2.03952E+01
 1.25750E+01   2.03802E+01
 1.26250E+01   2.03651E+01
 1.26750E+01   2.03498E+01
 1.27250E+01   2.03345E+01
 1.27750E+01   2.03189E+01
 1.28250E+01   2.03031E+01
 1.28750E+01   2.02872E+01
 1.29250E+01   2.02711E+01
 1.29750E+01   2.02548E+01
 1.30250E+01   2.02385E+01
 1.30750E+01   2.02218E+01
 1.31250E+01   2.02048E+01
 1.31750E+01   2.01876E+01
 1.32250E+01   2.01700E+01
 1.32750E+01   2.01521E+01
 1.33250E+01   2.01339E+01
 1.33750E+01   2.01155E+01
 1.34250E+01   2.00966E+01
 1.34750E+01   2.00775E+01
 1.35250E+01   2.00579E+01
 1.35750E+01   2.00380E+01
 1.36250E+01   2.00177E+01
 1.36750E+01   1.99967E+01
 1.37250E+01   1.99752E+01
 1.37750E+01   1.99534E+01
 1.38250E+01   1.99312E+01
 1.38750E+01   1.99083E+01
 1.39250E+01   1.98847E+01
 1.39750E+01   1.98606E+01
 1.40250E+01   1.98359E+01
 1.40750E+01   1.98107E+01
 1.41250E+01   1.97848E+01
 1.41750E+01   1.97583E+01
 1.42250E+01   1.97309E+01
 1.42750E+01   1.97027E+01
 1.43250E+01   1.96737E+01
 1.43750E+01   1.96439E+01
 1.44250E+01   1.96132E+01
 1.44750E+01   1.95817E+01
 1.45250E+01   1.95493E+01
 1.45750E+01   1.95159E+01
 1.46250E+01   1.94814E+01
 1.46750E+01   1.94459E+01
 1.47250E+01   1.94093E+01
 1.47750E+01   1.93715E+01
 1.48250E+01   1.93328E+01
 1.48750E+01   1.92928E+01
 1.49250E+01   1.92516E+01
 1.49750E+01   1.92093E+01
 1.50250E+01   1.91658E+01
 1.50750E+01   1.91211E+01
 1.51250E+01   1.90751E+01
 1.51750E+01   1.90277E+01
 1.52250E+01   1.89791E+01
 1.52750E+01   1.89292E+01
 1.53250E+01   1.88779E+01
 1.53750E+01   1.88252E+01
 1.54250E+01   1.87711E+01
 1.54750E+01   1.87157E+01
 1.55250E+01   1.86589E+01
 1.55750E+01   1.86007E+01
 1.56250E+01   1.85410E+01
 1.56750E+01   1.84800E+01
 1.57250E+01   1.84175E+01
 1.57750E+01   1.83536E+01
 1.58250E+01   1.82883E+01
 1.58750E+01   1.82218E+01
 1.59250E+01   1.81540E+01
 1.59750E+01   1.80849E+01
 1.60250E+01   1.80145E+01
 1.60750E+01   1.79428E+01
 1.61250E+01   1.78701E+01
 1.61750E+01   1.77961E+01
 1.62250E+01   1.77211E+01
 1.62750E+01   1.76450E+01
 1.63250E+01   1.75680E+01
 1.63750E+01   1.74900E+01
 1.64250E+01   1.74111E+01
 1.64750E+01   1.73316E+01
 1.65250E+01   1.72514E+01
 1.65750E+01   1.71706E+01
 1.66250E+01   1.70891E+01
 1.66750E+01   1.70072E+01
 1.67250E+01   1.69251E+01
 1.67750E+01   1.68426E+01
 1.68250E+01   1.67599E+01
 1.68750E+01   1.66771E+01
 1.69250E+01   1.65943E+01
 1.69750E+01   1.65116E+01
 1.70250E+01   1.64290E+01
 1.70750E+01   1.63469E+01
 1.71250E+01   1.62651E+01
 1.71750E+01   1.61837E+01
 1.72250E+01   1.61028E+01
 1.72750E+01   1.60226E+01
 1.73250E+01   1.59431E+01
 1.73750E+01   1.58643E+01
 1.74250E+01   1.57864E+01
 1.74750E+01   1.57095E+01
 1.75250E+01   1.56337E+01
 1.75750E+01   1.55589E+01
 1.76250E+01   1.54852E+01
 1.76750E+01   1.54127E+01
 1.77250E+01   1.53415E+01
 1.77750E+01   1.52716E+01
 1.78250E+01   1.52029E+01
 1.78750E+01   1.51355E+01
 1.79250E+01   1.50697E+01
 1.79750E+01   1.50053E+01
 1.80250E+01   1.49422E+01
 1.80750E+01   1.48807E+01
 1.81250E+01   1.48205E+01
 1.81750E+01   1.47619E+01
 1.82250E+01   1.47048E+01
 1.82750E+01   1.46492E+01
 1.83250E+01   1.45951E+01
 1.83750E+01   1.45426E+01
 1.84250E+01   1.44915E+01
 1.84750E+01   1.44420E+01
 1.85250E+01   1.43939E+01
 1.85750E+01   1.43473E+01
 1.86250E+01   1.43020E+01
 1.86750E+01   1.42583E+01
 1.87250E+01   1.42160E+01
 1.87750E+01   1.41750E+01
 1.88250E+01   1.41355E+01
 1.88750E+01   1.40971E+01
 1.89250E+01   1.40603E+01
 1.89750E+01   1.40247E+01
 1.90250E+01   1.39902E+01
 1.90750E+01   1.39572E+01
 1.91250E+01   1.39253E+01
 1.91750E+01   1.38946E+01
 1.92250E+01   1.38649E+01
 1.92750E+01   1.38364E+01
 1.93250E+01   1.38087E+01
 1.93750E+01   1.37822E+01
 1.94250E+01   1.37566E+01
 1.94750E+01   1.37320E+01
 1.95250E+01   1.37083E+01
 1.95750E+01   1.36856E+01
 1.96250E+01   1.36637E+01
 1.96750E+01   1.36427E+01
 1.97250E+01   1.36225E+01
 1.97750E+01   1.36032E+01
 1.98250E+01   1.35845E+01
 1.98750E+01   1.35666E+01
 1.99250E+01   1.35494E+01
 1.99750E+01   1.35327E+01
 2.00250E+01   1.35167E+01
 2.00750E+01   1.35013E+01
 2.01250E+01   1.34865E+01
 2.01750E+01   1.34722E+01
 2.02250E+01   1.34585E+01
 2.02750E+01   1.34454E+01
 2.03250E+01   1.34328E+01
 2.03750E+01   1.34207E+01
 2.04250E+01   1.34090E+01
 2.04750E+01   1.33977E+01
 2.05250E+01   1.33869E+01
 2.05750E+01   1.33764E+01
 2.06250E+01   1.33664E+01
 2.06750E+01   1.33567E+01
 2.07250E+01   1.33473E+01
 2.07750E+01   1.33382E+01
 2.08250E+01   1.33294E+01
 2.08750E+01   1.33209E+01
 2.09250E+01   1.33127E+01
 2.09750E+01   1.33048E+01
 2.10250E+01   1.32971E+01
 2.10750E+01   1.32897E+01
 2.11250E+01   1.32826E+01
 2.11750E+01   1.32757E+01
 2.12250E+01   1.32691E+01
 2.12750E+01   1.32625E+01
 2.13250E+01   1.32562E+01
 2.13750E+01   1.32501E+01
 2.14250E+01   1.32441E+01
 2.14750E+01   1.32383E+01
 2.15250E+01   1.32327E+01
 2.15750E+01   1.32271E+01
 2.16250E+01   1.32218E+01
 2.16750E+01   1.32165E+01
 2.17250E+01   1.32115E+01
 2.17750E+01   1.32065E+01
 2.18250E+01   1.32017E+01
 2.18750E+01   1.31970E+01
 2.19250E+01   1.31925E+01
 2.19750E+01   1.31880E+01
 2.20250E+01   1.31837E+01
 2.20750E+01   1.31795E+01
 2.21250E+01   1.31754E+01
 2.21750E+01   1.31715E+01
 2.22250E+01   1.31676E+01
 2.22750E+01   1.31638E+01
 2.23250E+01   1.31600E+01
 2.23750E+01   1.31563E+01
 2.24250E+01   1.31526E+01
 2.24750E+01   1.31490E+01
 2.25250E+01   1.31455E+01
 2.25750E+01   1.31420E+01
 2.26250E+01   1.31386E+01
 2.26750E+01   1.31352E+01
 2.27250E+01   1.31318E+01
 2.27750E+01   1.31285E+01
 2.28250E+01   1.31252E+01
 2.28750E+01   1.31220E+01
 2.29250E+01   1.31187E+01
 2.29750E+01   1.31155E+01
 2.30250E+01   1.31122E+01
 2.30750E+01   1.31090E+01
 2.31250E+01   1.31058E+01
 2.31750E+01   1.31026E+01
 2.32250E+01   1.30994E+01
 2.32750E+01   1.30963E+01
 2.33250E+01   1.30931E+01
 2.33750E+01   1.30900E+01
 2.34250E+01   1.30869E+01
 2.34750E+01   1.30838E+01
 2.35250E+01   1.30807E+01
 2.35750E+01   1.30776E+01
 2.36250E+01   1.30746E+01
 2.36750E+01   1.30716E+01
 2.37250E+01   1.30687E+01
 2.37750E+01   1.30658E+01
 2.38250E+01   1.30629E+01
 2.38750E+01   1.30601E+01
 2.39250E+01   1.30572E+01
 2.39750E+01   1.30543E+01
 2.40250E+01   1.30514E+01
 2.40750E+01   1.30486E+01
 2.41250E+01   1.30458E+01
 2.41750E+01   1.30429E+01
 2.42250E+01   1.30400E+01
 2.42750E+01   1.30372E+01
 2.43250E+01   1.30344E+01
 2.43750E+01   1.30316E+01
 2.44250E+01   1.30288E+01
 2.44750E+01   1.30261E+01
 2.45250E+01   1.30233E+01
 2.45750E+01   1.30206E+01
 2.46250E+01   1.30178E+01
 2.46750E+01   1.30151E+01
 2.47250E+01   1.30124E+01
 2.47750E+01   1.30097E+01
 2.48250E+01   1.30070E+01
 2.48750E+01   1.30043E+01
 2.49250E+01   1.30016E+01
 2.49750E+01   1.29989E+01
 2.50250E+01   1.29963E+01
 2.50750E+01   1.29936E+01
 2.51250E+01   1.29909E+01
 2.51750E+01   1.29883E+01
 2.52250E+01   1.29857E+01
 2.52750E+01   1.29830E+01
 2.53250E+01   1.29804E+01
 2.53750E+01   1.29779E+01
 2.54250E+01   1.29753E+01
 2.54750E+01   1.29726E+01
 2.55250E+01   1.29699E+01
 2.55750E+01   1.29673E+01
 2.56250E+01   1.29646E+01
 2.56750E+01   1.29619E+01
 2.57250E+01   1.29593E+01
 2.57750E+01   1.29566E+01
 2.58250E+01   1.29540E+01
 2.58750E+01   1.29515E+01
 2.59250E+01   1.29488E+01
 2.59750E+01   1.29462E+01
 2.60250E+01   1.29437E+01
 2.60750E+01   1.29412E+01
 2.61250E+01   1.29387E+01
 2.61750E+01   1.29362E+01
 2.62250E+01   1.29337E+01
 2.62750E+01   1.29311E+01
 2.63250E+01   1.29286E+01
 2.63750E+01   1.29260E+01
 2.64250E+01   1.29234E+01
 2.64750E+01   1.29208E+01
 2.65250E+01   1.29182E+01
 2.65750E+01   1.29155E+01
 2.66250E+01   1.29129E+01
 2.66750E+01   1.29103E+01
 2.67250E+01   1.29077E+01
 2.67750E+01   1.29052E+01
 2.68250E+01   1.29027E+01
 2.68750E+01   1.29002E+01
 2.69250E+01   1.28977E+01
 2.69750E+01   1.28953E+01
 2.70250E+01   1.28927E+01
 2.70750E+01   1.28902E+01
 2.71250E+01   1.28876E+01
 2.71750E+01   1.28851E+01
 2.72250E+01   1.28825E+01
 2.72750E+01   1.28799E+01
 2.73250E+01   1.28773E+01
 2.73750E+01   1.28747E+01
 2.74250E+01   1.28721E+01
 2.74750E+01   1.28696E+01
 2.75250E+01   1.28670E+01
 2.75750E+01   1.28645E+01
 2.76250E+01   1.28620E+01
 2.76750E+01   1.28594E+01
 2.77250E+01   1.28570E+01
 2.77750E+01   1.28544E+01
 2.78250E+01   1.28519E+01
 2.78750E+01   1.28494E+01
 2.79250E+01   1.28468E+01
 2.79750E+01   1.28442E+01
 2.80250E+01   1.28417E+01
 2.80750E+01   1.28391E+01
 2.81250E+01   1.28365E+01
 2.81750E+01   1.28339E+01
 2.82250E+01   1.28313E+01
 2.82750E+01   1.28287E+01
 2.83250E+01   1.28261E+01
 2.83750E+01   1.28236E+01
 2.84250E+01   1.28211E+01
 2.84750E+01   1.28186E+01
 2.85250E+01   1.28161E+01
 2.85750E+01   1.28135E+01
 2.86250E+01   1.28110E+01
 2.86750E+01   1.28083E+01
 2.87250E+01   1.28058E+01
 2.87750E+01   1.28032E+01
 2.88250E+01   1.28006E+01
 2.88750E+01   1.27980E+01
 2.89250E+01   1.27954E+01
 2.89750E+01   1.27927E+01
 2.90250E+01   1.27900E+01
 2.90750E+01   1.27874E+01
 2.91250E+01   1.27847E+01
 2.91750E+01   1.27819E+01
 2.92250E+01   1.27792E+01
 2.92750E+01   1.27766E+01
 2.93250E+01   1.27739E+01
 2.93750E+01   1.27712E+01
 2.94250E+01   1.27685E+01
 2.94750E+01   1.27658E+01
 2.95250E+01   1.27631E+01
 2.95750E+01   1.27604E+01
 2.96250E+01   1.27577E+01
 2.96750E+01   1.27550E+01
 2.97250E+01   1.27523E+01
 2.97750E+01   1.27496E+01
 2.98250E+01   1.27468E+01
 2.98750E+01   1.27441E+01
 2.99250E+01   1.27414E+01
 2.99750E+01   1.27388E+01
 3.00250E+01   1.27362E+01
 3.00750E+01   1.27336E+01
 3.01250E+01   1.27310E+01
 3.01750E+01   1.27283E+01
 3.02250E+01   1.27257E+01
 3.02750E+01   1.27231E+01
 3.03250E+01   1.27204E+01
 3.03750E+01   1.27178E+01
 3.04250E+01   1.27152E+01
 3.04750E+01   1.27125E+01
 3.05250E+01   1.27099E+01
 3.05750E+01   1.27072E+01
 3.06250E+01   1.27046E+01
 3.06750E+01   1.27020E+01
 3.07250E+01   1.26994E+01
 3.07750E+01   1.26968E+01
 3.08250E+01   1.26942E+01
 3.08750E+01   1.26916E+01
 3.09250E+01   1.26891E+01
 3.09750E+01   1.26865E+01
 3.10250E+01   1.26839E+01
 3.10750E+01   1.26814E+01
 3.11250E+01   1.26788E+01
 3.11750E+01   1.26762E+01
 3.12250E+01   1.26736E+01
 3.12750E+01   1.26710E+01
 3.13250E+01   1.26684E+01
 3.13750E+01   1.26657E+01
 3.14250E+01   1.26631E+01
 3.14750E+01   1.26605E+01
 3.15250E+01   1.26579E+01
 3.15750E+01   1.26553E+01
 3.16250E+01   1.26528E+01
 3.16750E+01   1.26503E+01
 3.17250E+01   1.26477E+01
 3.17750E+01   1.26452E+01
 3.18250E+01   1.26426E+01
 3.18750E+01   1.26400E+01
 3.19250E+01   1.26374E+01
 3.19750E+01   1.26349E+01
 3.20250E+01   1.26322E+01
 3.20750E+01   1.26296E+01
 3.21250E+01   1.26270E+01
 3.21750E+01   1.26244E+01
 3.22250E+01   1.26218E+01
 3.22750E+01   1.26191E+01
 3.23250E+01   1.26165E+01
 3.23750E+01   1.26140E+01
 3.24250E+01   1.26114E+01
 3.24750E+01   1.26088E+01
 3.25250E+01   1.26062E+01
 3.25750E+01   1.26035E+01
 3.26250E+01   1.26008E+01
 3.26750E+01   1.25981E+01
 3.27250E+01   1.25954E+01
 3.27750E+01   1.25927E+01
 3.28250E+01   1.25900E+01
 3.28750E+01   1.25873E+01
 3.29250E+01   1.25845E+01
 3.29750E+01   1.25818E+01
 3.30250E+01   1.25790E+01
 3.30750E+01   1.25763E+01
 3.31250E+01   1.25735E+01
 3.31750E+01   1.25709E+01
 3.32250E+01   1.25682E+01
 3.32750E+01   1.25655E+01
 3.33250E+01   1.25627E+01
 3.33750E+01   1.25600E+01
 3.34250E+01   1.25572E+01
 3.34750E+01   1.25544E+01
 3.35250E+01   1.25516E+01
 3.35750E+01   1.25487E+01
 3.36250E+01   1.25459E+01
 3.36750E+01   1.25431E+01
 3.37250E+01   1.25402E+01
 3.37750E+01   1.25374E+01
 3.38250E+01   1.25345E+01
 3.38750E+01   1.25316E+01
 3.39250E+01   1.25288E+01
 3.39750E+01   1.25259E+01
 3.40250E+01   1.25231E+01
 3.40750E+01   1.25203E+01
 3.41250E+01   1.25173E+01
 3.41750E+01   1.25144E+01
 3.42250E+01   1.25115E+01
 3.42750E+01   1.25085E+01
 3.43250E+01   1.25055E+01
 3.43750E+01   1.25025E+01
 3.44250E+01   1.24995E+01
 3.44750E+01   1.24965E+01
 3.45250E+01   1.24935E+01
 3.45750E+01   1.24904E+01
 3.46250E+01   1.24874E+01
 3.46750E+01   1.24844E+01
 3.47250E+01   1.24813E+01
 3.47750E+01   1.24783E+01
 3.48250E+01   1.24752E+01
 3.48750E+01   1.24722E+01
 3.49250E+01   1.24691E+01
 3.49750E+01   1.24660E+01
 3.50250E+01   1.24628E+01
 3.50750E+01   1.24596E+01
 3.51250E+01   1.24564E+01
 3.51750E+01   1.24532E+01
 3.52250E+01   1.24500E+01
 3.52750E+01   1.24467E+01
 3.53250E+01   1.24434E+01
 3.53750E+01   1.24401E+01
 3.54250E+01   1.24367E+01
 3.54750E+01   1.24334E+01
 3.55250E+01   1.24300E+01
 3.55750E+01   1.24266E+01
 3.56250E+01   1.24232E+01
 3.56750E+01   1.24197E+01
 3.57250E+01   1.24163E+01
 3.57750E+01   1.24128E+01
 3.58250E+01   1.24093E+01
 3.58750E+01   1.24059E+01
 3.59250E+01   1.24025E+01
 3.59750E+01   1.23990E+01
 3.60250E+01   1.23956E+01
 3.60750E+01   1.23922E+01
 3.61250E+01   1.23887E+01
 3.61750E+01   1.23852E+01
 3.62250E+01   1.23817E+01
 3.62750E+01   1.23782E+01
 3.63250E+01   1.23746E+01
 3.63750E+01   1.23710E+01
 3.64250E+01   1.23674E+01
 3.64750E+01   1.23638E+01
 3.65250E+01   1.23602E+01
 3.65750E+01   1.23566E+01
 3.66250E+01   1.23530E+01
 3.66750E+01   1.23493E+01
 3.67250E+01   1.23457E+01
 3.67750E+01   1.23421E+01
 3.68250E+01   1.23385E+01
 3.68750E+01   1.23348E+01
 3.69250E+01   1.23311E+01
 3.69750E+01   1.23274E+01
 3.70250E+01   1.23236E+01
 3.70750E+01   1.23198E+01
 3.71250E+01   1.23160E+01
 3.71750E+01   1.23121E+01
 3.72250E+01   1.23082E+01
 3.72750E+01   1.23043E+01
 3.73250E+01   1.23004E+01
 3.73750E+01   1.22965E+01
 3.74250E+01   1.22925E+01
 3.74750E+01   1.22885E+01
 3.75250E+01   1.22845E+01
 3.75750E+01   1.22806E+01
 3.76250E+01   1.22766E+01
 3.76750E+01   1.22725E+01
 3.77250E+01   1.22684E+01
 3.77750E+01   1.22642E+01
 3.78250E+01   1.22600E+01
 3.78750E+01   1.22558E+01
 3.79250E+01   1.22515E+01
 3.79750E+01   1.22472E+01
 3.80250E+01   1.22428E+01
 3.80750E+01   1.22385E+01
 3.81250E+01   1.22341E+01
 3.81750E+01   1.22296E+01
 3.82250E+01   1.22250E+01
 3.82750E+01   1.22205E+01
 3.83250E+01   1.22160E+01
 3.83750E+01   1.22114E+01
 3.84250E+01   1.22068E+01
 3.84750E+01   1.22022E+01
 3.85250E+01   1.21974E+01
 3.85750E+01   1.21927E+01
 3.86250E+01   1.21878E+01
 3.86750E+01   1.21828E+01
 3.87250E+01   1.21778E+01
 3.87750E+01   1.21728E+01
 3.88250E+01   1.21678E+01
 3.88750E+01   1.21626E+01
 3.89250E+01   1.21574E+01
 3.89750E+01   1.21521E+01
 3.90250E+01   1.21468E+01
 3.90750E+01   1.21414E+01
 3.91250E+01   1.21359E+01
 3.91750E+01   1.21304E+01
 3.92250E+01   1.21249E+01
 3.92750E+01   1.21193E+01
 3.93250E+01   1.21136E+01
 3.93750E+01   1.21078E+01
 3.94250E+01   1.21019E+01
 3.94750E+01   1.20960E+01
 3.95250E+01   1.20899E+01
 3.95750E+01   1.20838E+01
 3.96250E+01   1.20775E+01
 3.96750E+01   1.20712E+01
 3.97250E+01   1.20649E+01
 3.97750E+01   1.20584E+01
 3.98250E+01   1.20518E+01
 3.98750E+01   1.20452E+01
 3.99250E+01   1.20384E+01
 3.99750E+01   1.20316E+01
 4.00250E+01   1.20247E+01
 4.00750E+01   1.20177E+01
 4.01250E+01   1.20105E+01
 4.01750E+01   1.20033E+01
 4.02250E+01   1.19959E+01
 4.02750E+01   1.19883E+01
 4.03250E+01   1.19806E+01
 4.03750E+01   1.19729E+01
 4.04250E+01   1.19650E+01
 4.04750E+01   1.19570E+01
 4.05250E+01   1.19488E+01
 4.05750E+01   1.19405E+01
 4.06250E+01   1.19320E+01
 4.06750E+01   1.19235E+01
 4.07250E+01   1.19148E+01
 4.07750E+01   1.19059E+01
 4.08250E+01   1.18969E+01
 4.08750E+01   1.18877E+01
 4.09250E+01   1.18784E+01
 4.09750E+01   1.18690E+01
 4.10250E+01   1.18593E+01
 4.10750E+01   1.18496E+01
 4.11250E+01   1.18397E+01
 4.11750E+01   1.18296E+01
 4.12250E+01   1.18194E+01
 4.12750E+01   1.18089E+01
 4.13250E+01   1.17983E+01
 4.13750E+01   1.17873E+01
 4.14250E+01   1.17761E+01
 4.14750E+01   1.17648E+01
 4.15250E+01   1.17532E+01
 4.15750E+01   1.17414E+01
 4.16250E+01   1.17294E+01
 4.16750E+01   1.17170E+01
 4.17250E+01   1.17044E+01
 4.17750E+01   1.16917E+01
 4.18250E+01   1.16786E+01
 4.18750E+01   1.16653E+01
 4.19250E+01   1.16516E+01
 4.19750E+01   1.16377E+01
 4.20250E+01   1.16234E+01
 4.20750E+01   1.16089E+01
 4.21250E+01   1.15940E+01
 4.21750E+01   1.15788E+01
 4.22250E+01   1.15633E+01
 4.22750E+01   1.15475E+01
 4.23250E+01   1.15314E+01
 4.23750E+01   1.15148E+01
 4.24250E+01   1.14980E+01
 4.24750E+01   1.14807E+01
 4.25250E+01   1.14631E+01
 4.25750E+01   1.14451E+01
 4.26250E+01   1.14267E+01
 4.26750E+01   1.14079E+01
 4.27250E+01   1.13887E+01
 4.27750E+01   1.13691E+01
 4.28250E+01   1.13489E+01
 4.28750E+01   1.13284E+01
 4.29250E+01   1.13074E+01
 4.29750E+01   1.12858E+01
 4.30250E+01   1.12638E+01
 4.30750E+01   1.12413E+01
 4.31250E+01   1.12183E+01
 4.31750E+01   1.11947E+01
 4.32250E+01   1.11706E+01
 4.32750E+01   1.11460E+01
 4.33250E+01   1.11207E+01
 4.33750E+01   1.10948E+01
 4.34250E+01   1.10684E+01
 4.34750E+01   1.10413E+01
 4.35250E+01   1.10136E+01
 4.35750E+01   1.09852E+01
 4.36250E+01   1.09562E+01
 4.36750E+01   1.09265E+01
 4.37250E+01   1.08962E+01
 4.37750E+01   1.08653E+01
 4.38250E+01   1.08335E+01
 4.38750E+01   1.08011E+01
 4.39250E+01   1.07680E+01
 4.39750E+01   1.07341E+01
 4.40250E+01   1.06995E+01
 4.40750E+01   1.06641E+01
 4.41250E+01   1.06280E+01
 4.41750E+01   1.05912E+01
 4.42250E+01   1.05535E+01
 4.42750E+01   1.05149E+01
 4.43250E+01   1.04756E+01
 4.43750E+01   1.04355E+01
 4.44250E+01   1.03945E+01
 4.44750E+01   1.03527E+01
 4.45250E+01   1.03101E+01
 4.45750E+01   1.02666E+01
 4.46250E+01   1.02223E+01
 4.46750E+01   1.01770E+01
 4.47250E+01   1.01310E+01
 4.47750E+01   1.00841E+01
 4.48250E+01   1.00362E+01
 4.48750E+01   9.98745E+00
 4.49250E+01   9.93781E+00
 4.49750E+01   9.88725E+00
 4.50250E+01   9.83577E+00
 4.50750E+01   9.78342E+00
 4.51250E+01   9.73011E+00
 4.51750E+01   9.67588E+00
 4.52250E+01   9.62077E+00
 4.52750E+01   9.56473E+00
 4.53250E+01   9.50771E+00
 4.53750E+01   9.44981E+00
 4.54250E+01   9.39092E+00
 4.54750E+01   9.33111E+00
 4.55250E+01   9.27041E+00
 4.55750E+01   9.20883E+00
 4.56250E+01   9.14630E+00
 4.56750E+01   9.08288E+00
 4.57250E+01   9.01852E+00
 4.57750E+01   8.95326E+00
 4.58250E+01   8.88713E+00
 4.58750E+01   8.82014E+00
 4.59250E+01   8.75228E+00
 4.59750E+01   8.68354E+00
 4.60250E+01   8.61396E+00
 4.60750E+01   8.54354E+00
 4.61250E+01   8.47228E+00
 4.61750E+01   8.40026E+00
 4.62250E+01   8.32744E+00
 4.62750E+01   8.25385E+00
 4.63250E+01   8.17946E+00
 4.63750E+01   8.10436E+00
 4.64250E+01   8.02854E+00
 4.64750E+01   7.95205E+00
 4.65250E+01   7.87483E+00
 4.65750E+01   7.79700E+00
 4.66250E+01   7.71852E+00
 4.66750E+01   7.63944E+00
 4.67250E+01   7.55971E+00
 4.67750E+01   7.47945E+00
 4.68250E+01   7.39865E+00
 4.68750E+01   7.31737E+00
 4.69250E+01   7.23556E+00
 4.69750E+01   7.15331E+00
 4.70250E+01   7.07067E+00
 4.70750E+01   6.98759E+00
 4.71250E+01   6.90416E+00
 4.71750E+01   6.82038E+00
 4.72250E+01   6.73629E+00
 4.72750E+01   6.65191E+00
 4.73250E+01   6.56728E+00
 4.73750E+01   6.48244E+00
 4.74250E+01   6.39744E+00
 4.74750E+01   6.31228E+00
 4.75250E+01   6.22701E+00
 4.75750E+01   6.14165E+00
 4.76250E+01   6.05626E+00
 4.76750E+01   5.97084E+00
 4.77250E+01   5.88545E+00
 4.77750E+01   5.80012E+00
 4.78250E+01   5.71487E+00
 4.78750E+01   5.62974E+00
 4.79250E+01   5.54475E+00
 4.79750E+01   5.45995E+00
 4.80250E+01   5.37537E+00
 4.80750E+01   5.29102E+00
 4.81250E+01   5.20696E+00
 4.81750E+01   5.12317E+00
 4.82250E+01   5.03973E+00
 4.82750E+01   4.95666E+00
 4.83250E+01   4.87392E+00
 4.83750E+01   4.79160E+00
 4.84250E+01   4.70967E+00
 4.84750E+01   4.62813E+00
 4.85250E+01   4.54700E+00
 4.85750E+01   4.46625E+00
 4.86250E+01   4.38587E+00
 4.86750E+01   4.30581E+00
 4.87250E+01   4.22598E+00
 4.87750E+01   4.14633E+00
 4.88250E+01   4.06672E+00
 4.88750E+01   3.98699E+00
 4.89250E+01   3.90694E+00
 4.89750E+01   3.82653E+00
